Areal values from HadUK-Grid 1km gridded climate data from land surface network
Source: Met Office National Climate Information Centre
Monthly, seasonal and annual number of days in the month with air frost (minimum temperature below zero) for Wales
Areal series, starting in 1931
Last updated 01-Apr-2026 11:34
    jan  year    feb  year    mar  year    apr  year    may  year    jun  year    jul  year    aug  year    sep  year    oct  year    nov  year    dec  year     win  year     spr  year     sum  year     aut  year     ann  year
   28.9  1963   27.2  1947   22.2  1962   11.5  2021    5.4  1941    0.6  1991    0.0  1965    0.0  1976    0.8  1986    6.6  1993   12.0  2005   24.1  2010    71.6  1963    29.9  2013     0.6  1991    16.9  1993    93.5  2010
   25.5  1940   26.3  1963   22.2  1955    9.5  1968    4.7  1996    0.2  1962    0.0  1984    0.0  1971    0.7  1969    5.7  1931   11.9  1965   20.9  1981    59.0  1979    25.9  1962     0.2  1962    13.7  1988    82.2  1979
   25.4  1979   25.5  1986   19.9  2013    9.0  1936    4.4  1979    0.2  1969    0.0  1973    0.0  1932    0.5  1932    5.5  2003   11.4  1988   20.3  1950    55.0  1947    25.4  1955     0.2  1969    13.6  1952    81.9  1963
   24.0  1985   22.8  1942   19.1  1937    9.0  1938    3.7  1982    0.2  1989    0.0  1971    0.0  1987    0.4  1975    4.6  1997   11.2  1952   19.8  1933    52.0  1940    23.7  1969     0.2  1973    12.7  2010    80.6  1955
   21.0  1941   22.8  1956   16.5  1958    9.0  1956    3.1  1935    0.2  1973    0.0  2001    0.0  1934    0.3  2018    4.4  1955   10.7  1985   18.4  1961    50.9  2010    23.7  1958     0.2  1989    12.7  1955    75.7  1969
   20.4  1945   21.3  1968   16.1  1931    8.9  2013    2.7  1945    0.2  2011    0.0  2020    0.0  1964    0.3  1979    4.2  1992   10.4  1996   18.0  1976    48.4  1942    23.3  1970     0.2  2011    12.0  2005    75.7  1996
   19.8  1942   20.9  1979   15.6  1969    8.4  1970    2.6  2021    0.2  1985    0.0  1996    0.0  1977    0.3  1974    3.7  2018   10.3  1993   17.3  1996    46.2  1996    22.9  1941     0.2  1985    11.9  1965    72.0  1947
   19.4  2010   19.4  1955   14.9  1970    8.2  1986    2.3  1984    0.2  1971    0.0  1986    0.0  1966    0.3  1936    2.9  2010    9.6  2010   17.2  1995    45.7  1991    21.7  1979     0.2  1971    11.3  1985    70.4  1985
   19.0  1980   19.2  1996   14.7  1951    8.1  1989    2.3  1932    0.1  1975    0.0  1964    0.0  2018    0.2  1939    2.8  1983    9.4  1969   16.4  1962    45.6  1986    20.7  2021     0.1  1975    10.4  1996    68.9  1941
   18.9  1987   19.1  1991   14.5  1947    7.4  1978    2.2  2020    0.1  1977    0.0  1959    0.0  1983    0.2  2025    2.5  1939    9.0  1971   16.3  2008    43.4  1985    20.5  2010     0.1  1977    10.1  1969    68.7  1968
   18.5  1959   19.0  1983   13.6  1987    7.1  1975    2.2  1995    0.1  1941    0.0  1954    0.0  2010    0.2  1942    2.3  1952    8.3  1955   16.1  1963    43.2  2011    20.1  1937     0.1  1941     9.7  1971    68.7  1942
   18.4  1997   18.3  1969   13.4  1946    7.1  1969    2.0  2010    0.1  1972    0.0  1934    0.0  1931    0.2  2010    2.3  1988    8.3  1942   16.1  1969    43.0  1965    20.0  1951     0.1  1972     9.2  1942    68.5  1933
   18.3  1933   17.0  1981   13.1  2010    7.1  1958    1.8  1967    0.1  1999    0.0  1935    0.0  1967    0.2  1972    2.3  1951    8.0  1967   15.7  2001    42.9  1982    19.6  1956     0.1  1999     9.1  1973    67.5  1962
   16.8  1955   16.8  2010   12.9  1932    7.0  1941    1.6  1938    0.0  1978    0.0  1932    0.0  1965    0.1  1987    2.2  1987    7.8  1972   15.3  1937    42.6  2009    19.4  1932     0.0  1987     9.0  2003    67.5  2013
   16.0  1977   15.9  1960   12.7  1976    6.9  1984    1.6  2019    0.0  1939    0.0  1931    0.0  1972    0.1  1962    2.0  1941    7.7  1980   14.8  1964    42.2  1956    19.0  1996     0.0  1978     9.0  1983    66.6  1956
   16.0  1952   15.2  1978   12.6  1953    6.7  1990    1.6  1968    0.0  1987    0.0  1945    0.0  1993    0.1  1959    2.0  1946    7.7  1937   14.7  2009    42.1  1951    18.4  1953     0.0  1939     9.0  1972    65.1  1952
   15.7  1946   14.8  1933   12.2  1985    5.9  1983    1.5  1942    0.0  1956    0.0  1944    0.0  1974    0.1  1952    1.9  2008    7.7  1977   13.6  1968    41.9  1941    18.4  1968     0.0  2001     8.7  1962    64.4  1986
   15.6  1947   14.5  1936   12.0  1964    5.8  1979    1.5  1946    0.0  2001    0.0  1946    0.0  1946    0.1  2003    1.9  1981    7.7  1962   13.3  1992    41.6  1968    18.1  1975     0.0  1956     8.6  1936    64.3  1965
   15.6  1992   14.5  1970   11.8  2006    5.6  1966    1.5  1993    0.0  2008    0.0  1947    0.0  1947    0.1  2024    1.9  1973    7.2  1973   13.3  2022    41.2  1970    17.8  1984     0.0  1976     8.4  1980    63.9  1940
   15.6  2011   14.2  1965   11.5  1979    5.6  1977    1.5  1944    0.0  1951    0.0  1950    0.0  1933    0.1  2007    1.8  1950    6.8  1947   13.0  1952    40.1  1959    17.7  1931     0.0  2008     8.1  1967    63.8  1970
   15.2  1991   14.2  2018   11.5  1995    5.6  2008    1.4  1971    0.0  1932    0.0  1951    0.0  1935    0.1  1957    1.7  1964    6.7  1936   13.0  1939    40.1  1977    17.4  1976     0.0  1951     7.8  1937    63.0  1987
   15.1  2013   14.2  1932   11.4  1965    5.6  2016    1.4  1956    0.0  1996    0.0  1948    0.0  1936    0.1  2020    1.6  1932    6.5  2016   13.0  1960    39.8  1997    17.3  1973     0.0  1984     7.7  1977    62.6  2001
   15.0  2021   14.1  1987   11.1  1973    5.5  1954    1.4  1974    0.0  1984    0.0  1933    0.0  1937    0.0  1931    1.6  1936    6.3  1933   12.8  1978    39.4  1955    16.9  1995     0.0  1932     7.3  1933    60.5  1981
   14.8  2009   14.1  2001   11.1  1942    5.4  1981    1.3  1965    0.0  1967    0.0  1938    0.0  1938    0.0  1944    1.6  2002    6.2  1983   12.8  1970    39.4  1987    16.8  1946     0.0  1965     7.0  1947    59.6  1964
   14.1  1954   13.8  2013   10.9  2018    5.4  1953    1.3  1981    0.0  1957    0.0  1939    0.0  1939    0.0  1993    1.6  1974    5.6  2017   12.5  1935    39.4  1934    16.8  1965     0.0  1996     6.9  2018    59.4  1958
   13.9  1965   13.6  1940   10.8  1944    5.3  2022    1.3  1977    0.0  1961    0.0  1940    0.0  1940    0.0  1990    1.5  1948    5.6  1990   12.1  1946    39.2  1969    16.3  1986     0.0  1967     6.8  2012    59.1  1976
   13.9  1966   13.2  1952   10.4  1941    5.3  2010    1.3  1948    0.0  1933    0.0  1941    0.0  1941    0.0  1977    1.5  1975    5.6  1979   12.1  1943    39.1  1953    16.0  1947     0.0  1934     6.8  1975    56.1  1991
   13.9  1953   13.1  1941   10.1  1940    5.3  2000    1.3  2005    0.0  2024    0.0  1942    0.0  1942    0.0  1948    1.5  1966    5.5  1968   11.8  1982    38.6  2013    15.9  1964     0.0  1957     6.6  1950    55.7  1973
   13.7  2001   12.9  2003   10.1  1949    5.1  1973    1.2  1975    0.0  1981    0.0  1943    0.0  1943    0.0  1961    1.5  2012    5.4  2024   11.5  1990    38.5  1964    15.8  1987     0.0  1961     6.6  2016    55.3  1937
   13.3  1960   12.8  1984   10.0  2001    5.1  1996    1.1  1997    0.0  2022    0.0  1936    0.0  1944    0.0  1988    1.4  1935    5.4  2013   11.4  2007    38.4  1936    15.7  2006     0.0  1933     6.5  1964    55.3  1936
   13.1  2025   12.6  2004   10.0  1974    5.1  2012    1.1  2013    0.0  1968    0.0  1937    0.0  1945    0.0  1940    1.2  1994    5.4  2007   10.4  1967    37.6  1933    15.3  1985     0.0  2024     6.3  2024    55.2  2021
   13.0  1956   12.5  2015    9.8  1975    4.9  1998    1.0  1961    0.0  1934    0.0  1961    0.0  1961    0.0  2012    1.1  1940    5.3  2012   10.4  1957    35.3  2001    15.2  2001     0.0  1981     6.2  1966    55.2  1978
   13.0  1961   12.5  1934    9.6  2011    4.5  2001    1.0  1969    0.0  1935    0.0  1960    0.0  1960    0.0  2015    1.1  2019    5.3  2025   10.2  2003    35.2  1981    15.0  1974     0.0  2022     6.2  2017    54.3  1960
   12.9  1986   12.4  1985    9.2  2025    4.4  1951    1.0  1973    0.0  1936    0.0  1958    0.0  1959    0.0  1934    1.0  1972    5.2  1989    9.9  1989    35.2  1952    14.1  1942     0.0  1964     6.1  1931    54.3  2003
   12.9  2006   12.3  1953    9.2  1956    4.3  1934    1.0  1987    0.0  1959    0.0  1957    0.0  1958    0.0  1965    1.0  1956    5.0  1943    9.7  2005    34.8  1983    14.1  1940     0.0  1968     6.1  1941    52.7  1980
   12.8  1950   12.2  1959    9.2  1996    4.3  1999    0.9  1980    0.0  2015    0.0  1955    0.0  1957    0.0  1996    1.0  1933    4.9  1976    9.7  2012    34.7  1962    14.0  2016     0.0  1935     6.1  2008    52.7  1984
   12.3  1982   12.0  2005    9.1  1980    4.3  1976    0.9  1951    0.0  2004    0.0  1956    0.0  1956    0.0  1982    0.9  1962    4.9  1975    9.5  1958    34.2  2006    13.7  1936     0.0  1959     6.0  1979    51.8  1950
   12.2  1984   12.0  1994    9.0  1934    4.2  1932    0.8  1957    0.0  1965    0.0  1952    0.0  1955    0.0  1984    0.9  1998    4.9  2021    9.4  1973    32.5  2021    13.6  2018     0.0  1936     5.9  1997    51.8  1946
   12.0  2019   11.6  2006    8.6  1984    4.2  1994    0.7  1959    0.0  1954    0.0  1953    0.0  1954    0.0  1960    0.9  1949    4.9  1978    9.4  2017    31.9  2015    13.4  1934     0.0  2015     5.8  2007    51.4  1995
   11.9  1958   11.6  2012    8.2  2015    4.2  2002    0.7  2001    0.0  1988    0.0  1949    0.0  1953    0.0  1976    0.8  2024    4.9  1957    9.3  2014    31.9  2004    13.2  1938     0.0  2004     5.8  1992    51.0  1982
   11.6  2003   11.5  2009    8.1  2016    4.1  1965    0.7  2018    0.0  1946    0.0  1969    0.0  1952    0.0  1970    0.8  1986    4.8  1958    9.0  1987    31.9  1960    13.2  1980     0.0  1954     5.7  1990    51.0  1951
   11.6  1964   11.5  1951    8.1  1986    4.0  1988    0.6  1943    0.0  2019    0.0  1970    0.0  1951    0.0  2005    0.8  1982    4.8  1950    8.9  1938    31.7  1958    13.1  1971     0.0  1988     5.5  1968    50.3  2006
   11.4  1931   11.4  1944    8.1  1971    4.0  1964    0.6  1991    0.0  2021    0.0  1972    0.0  1950    0.0  1973    0.8  1942    4.8  1964    8.7  1998    31.6  1945    13.1  1989     0.0  2020     5.5  2025    49.4  2009
   11.4  1936   11.3  1976    8.1  2004    3.9  1940    0.6  1962    0.0  1993    0.0  1974    0.0  1949    0.0  1999    0.8  1954    4.8  1995    8.5  1944    31.6  1980    13.1  1944     0.0  1946     5.4  2013    49.1  2005
   11.2  2024   11.3  1954    7.9  2005    3.8  2006    0.5  1931    0.0  1974    0.0  1968    0.0  1948    0.0  2019    0.7  1960    4.6  1966    8.4  1991    31.5  2018    13.0  1954     0.0  2019     5.2  1976    48.1  1931
   11.0  2017   11.1  1948    7.4  1954    3.7  1933    0.5  1955    0.0  1953    0.0  1966    0.0  1969    0.0  2022    0.7  1971    4.3  2006    8.3  1979    31.4  1984    12.2  1982     0.0  2021     5.2  1989    47.8  1983
   11.0  1939   11.0  2008    7.3  1968    3.7  1974    0.5  1994    0.0  1964    0.0  1967    0.0  1968    0.0  1971    0.6  1980    4.3  1998    8.0  1948    30.7  2003    12.1  1978     0.0  1993     5.2  1987    47.8  2008
   10.6  1970   10.8  1964    7.3  1963    3.6  1971    0.5  2017    0.0  1979    0.0  1977    0.0  1975    0.0  1967    0.6  1934    4.2  1991    7.9  1980    30.6  2023    11.7  1935     0.0  1974     5.2  1998    47.1  1932
   10.5  2022   10.4  2021    7.1  1993    3.4  1991    0.5  1939    0.0  1986    0.0  1976    0.0  1973    0.0  1933    0.6  1985    4.2  2008    7.8  1940    29.4  1992    11.7  1949     0.0  1986     5.1  2019    46.5  1953
   10.4  1951   10.1  2016    6.8  2003    3.4  2003    0.5  2012    0.0  1949    0.0  1980    0.0  1970    0.0  1935    0.6  1944    4.1  1982    7.6  2000    28.7  1971    11.5  2005     0.0  1953     5.1  1943    45.1  2018
   10.3  1981    9.7  1982    6.8  1972    3.3  1982    0.4  2003    0.0  2005    0.0  1978    0.0  1978    0.0  1954    0.5  2017    4.1  1941    7.4  1965    28.5  1978    11.1  2008     0.0  1979     5.1  1978    44.9  1992
   10.3  1998    9.5  1973    6.6  1943    3.2  1995    0.4  1960    0.0  1995    0.0  1981    0.0  1981    0.0  1991    0.5  1984    4.1  1960    7.3  1985    28.3  1966    11.0  2020     0.0  1949     5.0  1958    44.7  1954
   10.3  1973    9.4  1958    6.6  2020    3.1  1980    0.4  1949    0.0  1955    0.0  1982    0.0  1982    0.0  1938    0.5  1970    4.0  2019    7.1  1997    27.6  2002    10.6  2003     0.0  2005     5.0  1957    44.2  1971
   10.2  2026    9.2  1962    6.6  1952    3.1  1962    0.4  1976    0.0  1938    0.0  1983    0.0  1980    0.0  1966    0.5  2009    3.9  2001    7.1  1936    27.6  1961    10.4  2000     0.0  1995     5.0  1982    43.9  2012
   10.2  2000    8.6  1971    6.6  2021    3.0  1997    0.4  1953    0.0  1970    0.0  1979    0.0  1979    0.0  1995    0.5  1991    3.9  1956    7.1  2020    26.9  1944    10.3  1990     0.0  1955     4.9  1956    43.5  1977
   10.1  2015    8.4  2023    6.5  1935    3.0  2023    0.4  2025    0.0  1994    0.0  1985    0.0  1985    0.0  1947    0.4  1961    3.8  1961    7.0  1984    26.9  1954    10.3  2025     0.0  2018     4.9  2021    43.5  1961
   10.0  1978    8.2  1957    6.4  2023    2.9  1945    0.4  2007    0.0  2009    0.0  1987    0.0  1984    0.0  1994    0.4  2007    3.8  1944    6.9  1993    25.8  1938    10.3  2022     0.0  1938     4.8  1995    43.5  2016
   10.0  1968    7.5  1938    6.0  1939    2.9  1950    0.4  1950    0.0  2002    0.0  1988    0.0  1988    0.0  1941    0.4  1999    3.6  2004    6.6  2016    25.7  1932    10.2  1977     0.0  1966     4.8  1960    43.3  1993
    9.8  1996    7.5  2007    5.7  2009    2.8  2017    0.3  1985    0.0  1976    0.0  1989    0.0  1986    0.0  1937    0.3  1959    3.5  1934    6.4  1955    25.7  1994    10.2  2015     0.0  1970     4.8  1948    42.9  1935
    9.6  1972    7.4  1975    5.5  2008    2.8  1948    0.3  1989    0.0  1937    0.0  1990    0.0  1989    0.0  1945    0.3  1953    3.5  2003    6.4  1983    25.7  2008    10.2  1966     0.0  1994     4.6  1991    42.6  1997
    9.2  1995    7.4  1967    5.2  1982    2.8  1985    0.3  2016    0.0  1998    0.0  1975    0.0  1990    0.0  1950    0.3  2000    3.4  2023    6.4  1986    25.4  1946     9.9  1993     0.0  2009     4.4  1944    42.0  1975
    9.1  2004    7.1  1966    5.2  2000    2.7  1952    0.3  1936    0.0  1982    0.0  1963    0.0  1963    0.0  1964    0.3  1976    3.3  1945    6.4  1999    25.4  1939     9.9  2011     0.0  2002     4.3  2006    41.8  1967
    9.0  2023    6.9  1988    4.9  2022    2.7  2019    0.3  1992    0.0  2018    0.0  1962    0.0  1962    0.0  2000    0.2  1947    3.2  1948    6.3  1956    24.5  1976     9.4  2023     0.0  1983     4.3  1961    41.2  1939
    8.8  1957    6.9  1935    4.8  2002    2.6  1955    0.2  1963    0.0  1942    0.0  1993    0.0  1992    0.0  1958    0.2  2023    3.0  1959    6.2  2002    24.2  1973     9.4  1983     0.0  1937     4.2  1934    40.8  1944
    8.6  1967    6.7  1931    4.7  1989    2.4  1939    0.2  1988    0.0  1980    0.0  1992    0.0  1991    0.0  1956    0.2  2011    3.0  1999    6.2  2004    23.8  2017     9.3  1952     0.0  1982     3.9  2001    40.7  1959
    8.5  1937    6.3  1989    4.6  1978    2.4  2005    0.2  1972    0.0  1958    0.0  1991    0.0  1994    0.0  1955    0.2  1978    2.9  1987    6.1  1931    23.5  2012     9.2  2002     0.0  2010     3.9  1974    40.6  2004
    8.3  2012    6.3  1974    4.6  1960    2.4  1967    0.2  1937    0.0  1952    0.0  1995    0.0  1995    0.0  1953    0.1  2015    2.8  2018    6.1  1947    23.4  1948     9.2  1945     0.0  1998     3.8  1935    40.6  1966
    8.0  1935    6.2  1950    4.5  1988    2.4  1960    0.2  2004    0.0  1947    0.0  1997    0.0  1998    0.0  1949    0.1  1979    2.8  2020    6.0  1951    23.2  1957     9.1  2004     0.0  1931     3.6  2023    40.3  1945
    7.9  2018    6.2  2017    4.5  1933    2.3  1992    0.1  1958    0.0  2020    0.0  1998    0.0  1999    0.0  1946    0.1  1937    2.7  1949    6.0  1975    23.1  1950     9.1  1981     0.0  1942     3.6  1932    38.6  1989
    7.3  1969    6.1  1999    4.5  1966    2.2  2020    0.1  1998    0.0  2016    0.0  1999    0.0  1996    0.0  1951    0.1  1958    2.4  1984    5.8  1941    23.0  1993     8.9  1939     0.0  1980     3.6  2004    38.2  2017
    7.3  1971    6.1  1977    4.5  1961    2.1  1935    0.1  1934    0.0  1948    0.0  1994    0.0  1997    0.0  1943    0.1  1943    2.4  2015    5.7  2006    22.0  2005     8.9  1963     0.0  1958     3.5  1949    37.8  2025
    7.2  2002    6.1  2019    4.4  2014    2.0  2018    0.1  2002    0.0  1960    0.0  2002    0.0  2002    0.0  1968    0.1  2016    2.4  1935    5.4  1971    21.5  1999     8.8  1988     0.0  1952     3.5  1959    37.2  1934
    7.1  1934    5.9  1949    4.4  1936    2.0  2024    0.1  1990    0.0  1950    0.0  2003    0.0  2003    0.0  1989    0.0  1995    2.4  2014    5.1  2019    21.3  1998     8.2  1933     0.0  2016     3.4  1999    36.8  1948
    7.1  1976    5.9  2025    4.2  1991    1.9  2009    0.1  1983    0.0  1944    0.0  2004    0.0  2004    0.0  1983    0.0  2022    2.2  1954    4.7  1945    21.2  2000     8.2  1991     0.0  1948     3.3  1986    36.5  2022
    7.0  1962    5.5  1972    4.1  2024    1.9  2015    0.1  1947    0.0  1931    0.0  2005    0.0  2005    0.0  1978    0.0  1938    2.0  1974    4.5  1972    20.8  1974     7.8  1972     0.0  1947     3.3  1945    36.4  1972
    7.0  1943    5.4  1939    3.7  2007    1.9  1946    0.1  2006    0.0  1940    0.0  2006    0.0  2006    0.0  1981    0.0  1957    2.0  1970    4.4  1932    20.5  2019     7.6  2009     0.0  1940     3.2  1981    35.4  2015
    6.9  1994    5.3  1992    3.6  1945    1.5  1942    0.1  1966    0.0  1943    0.0  2007    0.0  2007    0.0  1980    0.0  1967    1.9  1940    4.4  2023    20.4  1972     7.5  1943     0.0  1943     3.1  1951    35.3  2019
    6.6  1999    5.0  1946    3.5  1990    1.5  1957    0.0  1940    0.0  1945    0.0  2008    0.0  2000    0.0  1985    0.0  1969    1.8  1986    4.2  2021    20.0  2025     7.5  1999     0.0  1944     3.0  1954    35.1  1957
    6.2  1948    5.0  1993    3.4  1983    1.4  1963    0.0  2015    0.0  1966    0.0  2000    0.0  2001    0.0  1963    0.0  1990    1.7  1963    4.2  1994    19.2  1967     7.5  2012     0.0  1945     3.0  1940    34.8  2023
    6.1  2016    4.8  2002    3.3  1977    1.3  1947    0.0  1954    0.0  1992    0.0  2009    0.0  2009    0.0  1992    0.0  1965    1.5  1992    4.2  1949    19.2  1937     7.4  1960     0.0  1960     3.0  1984    34.6  1998
    5.5  1932    4.7  2000    3.2  1999    1.3  1993    0.0  1978    0.0  1990    0.0  2010    0.0  2008    0.0  2008    0.0  2014    1.5  1932    3.6  2011    18.9  2024     7.4  1967     0.0  1950     2.9  2020    34.3  2000
    5.1  1974    4.3  1980    3.2  1967    1.2  1987    0.0  2000    0.0  1983    0.0  2012    0.0  2012    0.0  2006    0.0  2025    1.3  1981    3.4  2013    18.7  1988     7.1  2019     0.0  1963     2.7  1939    34.1  2011
    4.6  1993    4.2  1997    2.9  1997    1.1  1949    0.0  2011    0.0  1963    0.0  2011    0.0  2011    0.0  2004    0.0  2013    1.3  1997    3.3  1977    18.5  1949     7.1  1997     0.0  1990     2.6  2015    33.8  1943
    4.6  1949    3.8  1998    2.7  1950    1.1  1931    0.0  1952    0.0  1997    0.0  2014    0.0  2014    0.0  2002    0.0  2020    1.1  2000    3.3  1966    17.3  2007     6.7  1948     0.0  1992     2.5  1970    33.8  2007
    4.2  2020    3.6  2026    2.7  2019    0.9  2004    0.0  1933    0.0  2007    0.0  2015    0.0  2015    0.0  1997    0.0  1977    1.1  2011    3.3  1954    16.9  2026     6.6  1998     0.0  1997     2.4  2014    33.6  1988
    4.1  2007    3.6  1937    2.6  1948    0.9  2007    0.0  1986    0.0  2003    0.0  2016    0.0  2016    0.0  1998    0.0  1989    0.8  1951    3.1  2025    16.7  1995     6.5  1994     0.0  2003     2.2  1946    33.3  1938
    4.1  2014    3.5  2011    2.6  1938    0.8  1944    0.0  2022    0.0  2000    0.0  2013    0.0  2013    0.0  2001    0.0  2004    0.7  2022    2.7  1942    16.5  2022     6.2  1961     0.0  2000     2.0  2002    32.6  1990
    4.0  1983    3.3  2024    2.4  1981    0.8  1972    0.0  1964    0.0  2006    0.0  2017    0.0  2017    0.0  2009    0.0  2021    0.6  1938    2.7  1959    16.3  2016     6.0  2024     0.0  2006     1.7  1963    31.3  1974
    3.9  1989    3.2  1995    2.4  1959    0.8  1959    0.0  2008    0.0  2017    0.0  2018    0.0  2019    0.0  2017    0.0  1996    0.4  2002    2.4  2018    15.1  1990     6.0  1950     0.0  2007     1.5  1994    31.2  1994
    3.8  2005    3.1  2020    2.3  1992    0.8  1937    0.0  2023    0.0  2012    0.0  2019    0.0  2020    0.0  2014    0.0  1963    0.4  1931    1.5  1953    14.9  1935     5.5  2017     0.0  2012     1.4  2000    30.1  1999
    3.5  1944    2.7  1945    2.2  2017    0.7  1961    0.0  1970    0.0  2013    0.0  2021    0.0  2021    0.0  2013    0.0  1945    0.4  1994    1.5  1988    12.4  2020     4.9  2007     0.0  2013     1.3  2011    30.0  1949
    3.4  1975    2.1  1943    1.9  2012    0.7  2025    0.0  2009    0.0  2010    0.0  2022    0.0  2022    0.0  2011    0.0  1968    0.3  2009    1.1  2024    11.9  1975     4.9  2014     0.0  2017     0.8  2009    29.4  2002
    3.4  1990    1.9  2014    1.8  1994    0.5  2014    0.0  2024    0.0  2014    0.0  2023    0.0  2023    0.0  2016    0.0  2006    0.2  1946    1.0  1974    11.9  1943     4.8  1992     0.0  2014     0.7  2022    28.3  2020
    3.3  2008    1.8  1990    1.7  2026    0.3  1943    0.0  2014    0.0  2023    0.0  2024    0.0  2024    0.0  2021    0.0  2001    0.2  1953    0.0  2015    11.6  1989     3.9  1959     0.0  2023     0.7  1938    28.0  2024
    3.0  1938    1.8  2022    1.6  1998    0.3  2011    0.0  1999    0.0  2025    0.0  2025    0.0  2025    0.0  2023    0.0  2005    0.0  1939    0.0  1934     9.3  2014     2.8  1957     0.0  2025     0.5  1953    22.6  2014
    2.8  1988    1.6  1961    0.6  1957    ---  2026    ---  2026    ---  2026    ---  2026    ---  2026    ---  2026    ---  2026    ---  2026    ---  2026     ---  1931     ---  2026     ---  2026     ---  2026     ---  2026
