Areal values from HadUK-Grid 1km gridded climate data from land surface network
Source: Met Office National Climate Information Centre
Monthly, seasonal and annual mean air temperature for Wales
Areal series, starting in 1884
Last updated 01-Apr-2026 11:34
    jan  year    feb  year    mar  year    apr  year    may  year    jun  year    jul  year    aug  year    sep  year    oct  year    nov  year    dec  year     win  year     spr  year     sum  year     aut  year     ann  year
    6.9  1916    6.9  2024    8.6  1957   10.9  2011   12.7  2024   16.2  2023   17.8  2006   17.9  1995   15.6  2023   12.3  1995    9.6  1994    9.2  2015    6.36  2016    9.69  2025   16.06  2025   11.55  2011   10.40  2023
    6.7  1921    6.8  1998    7.8  2012   10.4  2007   12.7  2008   15.3  2018   17.8  1983   17.2  1947   15.2  2006   12.3  2001    9.0  2011    7.5  1934    6.19  1989    9.66  1893   16.04  1995   11.53  2006   10.29  2025
    6.5  2007    6.7  1990    7.8  1948   10.0  2025   12.4  2017   15.3  2025   17.2  2018   17.2  1997   14.9  1949   12.2  1921    9.0  2015    7.2  1988    6.06  2024    9.44  2024   15.90  2018   11.45  2023   10.23  2022
    6.2  2008    6.4  2019    7.5  1938    9.9  2020   12.3  1992   14.9  1940   17.2  2013   17.1  1899   14.8  2021   12.1  1969    8.7  1938    7.2  1974    6.03  2007    9.34  2017   15.84  2006   11.33  2022   10.09  2014
    6.1  1990    6.4  2022    7.5  2017    9.9  1893   12.2  1893   14.8  1970   17.0  1921   17.0  1955   14.7  1895   12.0  2005    8.5  2022    7.0  1953    5.89  1975    9.31  2011   15.83  1976   11.18  2021    9.99  2024
    6.1  1975    6.2  2026    7.5  2026    9.2  1943   12.1  2025   14.8  1896   16.9  1995   16.9  1911   14.6  2016   12.0  2022    8.3  2002    7.0  1898    5.86  2022    9.26  2007   15.66  1899   11.11  2014    9.94  2006
    5.9  1983    6.2  1961    7.4  1998    9.2  2014   12.1  1998   14.8  1976   16.8  1934   16.9  2022   14.1  2014   11.9  2006    8.2  1997    7.0  2023    5.77  2019    9.13  2020   15.61  2003   10.85  1949    9.92  2020
    5.9  1989    6.2  1918    7.4  1990    9.2  1945   12.0  1989   14.7  2006   16.7  1989   16.6  2003   14.1  1933   11.8  2013    8.1  1939    6.9  2018    5.75  1943    9.10  2014   15.60  2022   10.84  1959    9.89  2011
    5.9  2005    6.2  2002    7.3  1997    9.2  2003   12.0  1919   14.6  2017   16.6  2021   16.4  1975   14.0  1999   11.8  1959    8.1  1899    6.8  1918    5.74  2020    9.04  2022   15.59  1983   10.74  2001    9.88  2017
    5.8  1932    6.1  1945    7.1  1961    9.2  1987   11.9  2023   14.6  1960   16.5  2025   16.4  1990   14.0  1929   11.7  2011    8.1  1953    6.7  1942    5.67  2014    8.90  1999   15.55  1911   10.64  1995    9.85  2007
    5.8  2020    6.1  1926    7.0  2022    9.0  1944   11.8  1952   14.6  1887   16.4  1976   16.3  2025   14.0  2005   11.7  1968    8.0  2009    6.7  1924    5.65  1935    8.90  1945   15.42  2023   10.62  2005    9.78  1949
    5.8  1944    6.0  2011    7.0  1981    8.9  1894   11.8  2018   14.5  2016   16.4  1911   16.3  1976   13.9  1961   11.7  1908    8.0  1913    6.6  2024    5.63  1998    8.89  2003   15.39  1955   10.59  2009    9.75  1990
    5.8  1884    6.0  1914    7.0  2024    8.9  1914   11.8  2022   14.5  1893   16.4  2022   16.3  1984   13.9  1958   11.5  2017    7.9  2020    6.6  1900    5.61  1995    8.87  1992   15.33  1893   10.58  1978    9.75  1999
    5.7  1898    6.0  1903    7.0  2025    8.8  1961   11.8  1990   14.4  1899   16.4  1955   16.1  1893   13.9  1898   11.5  2014    7.9  2025    6.5  1912    5.59  1990    8.83  1957   15.29  1933   10.54  1913    9.71  2018
    5.5  2002    5.9  1995    7.0  2019    8.8  2019   11.8  1999   14.4  1950   16.2  1999   16.1  2004   13.9  2011   11.5  2023    7.9  1978    6.5  2021    5.52  2026    8.82  1959   15.25  1975   10.41  2025    9.70  1921
    5.5  1993    5.8  2020    6.9  2003    8.8  1946   11.8  2016   14.4  2003   16.2  1901   16.0  2020   13.9  1941   11.4  2021    7.7  2014    6.3  1994    5.50  1925    8.80  1997   15.16  2013   10.40  1999    9.70  2005
    5.4  2012    5.8  2023    6.9  1893    8.7  2009   11.7  1964   14.2  2005   16.2  1949   16.0  1983   13.8  1959   11.2  1949    7.7  1946    6.3  2025    5.42  2017    8.78  1990   15.16  2021   10.39  1938    9.69  1997
    5.4  1974    5.8  1997    6.8  1945    8.6  1993   11.7  1960   14.2  2007   16.1  2014   16.0  1933   13.8  2004   11.2  1978    7.6  2003    6.3  1954    5.42  2008    8.76  1998   15.15  1947   10.37  2013    9.67  2019
    5.4  2016    5.6  2017    6.8  1991    8.6  1949   11.7  1959   14.2  1992   16.1  2019   15.9  1932   13.7  1971   11.0  1954    7.6  1951    6.2  2013    5.39  1923    8.73  2023   15.13  1949   10.35  1908    9.67  1995
    5.4  1938    5.6  1920    6.8  2014    8.6  2018   11.6  1911   14.2  2010   16.0  1933   15.9  2019   13.7  1890   11.0  1990    7.5  1917    6.2  1921    5.35  1899    8.72  1952   15.09  2016   10.33  1997    9.65  2004
    5.3  2014    5.6  2000    6.8  1950    8.5  2024   11.6  2020   14.1  2014   15.9  2003   15.6  2016   13.7  2000   11.0  1945    7.5  2006    6.2  2016    5.23  1920    8.63  2019   15.08  1997   10.30  1898    9.64  1959
    5.3  1890    5.6  1943    6.8  2002    8.5  1942   11.5  2001   14.1  2021   15.8  1990   15.5  1959   13.6  1985   11.0  1977    7.5  2018    6.1  2006    5.23  2012    8.60  1961   15.07  2019   10.29  1945    9.63  2002
    5.2  1925    5.5  1946    6.6  2005    8.5  2004   11.4  1953   14.1  2004   15.8  1926   15.5  2013   13.6  1998   10.9  2009    7.5  1948    6.1  1971    5.17  1916    8.58  1943   14.97  1984   10.29  2004    9.63  2021
    5.2  1923    5.5  1923    6.6  1933    8.5  1999   11.4  1947   14.1  1897   15.8  1975   15.5  1944   13.6  1991   10.9  1989    7.5  2004    6.1  2011    5.17  1949    8.58  1948   14.96  1989   10.28  2015    9.62  2016
    5.2  1949    5.4  2014    6.6  1994    8.4  1937   11.4  1970   14.1  1982   15.7  1991   15.4  1937   13.6  1947   10.8  1996    7.4  1970    5.9  1911    5.16  2005    8.55  2009   14.88  1990   10.28  1994    9.61  2003
    5.2  1999    5.4  2007    6.5  1959    8.4  1997   11.3  1917   14.0  2020   15.7  1900   15.4  2012   13.5  2022   10.8  1971    7.4  1963    5.8  1986    5.15  1999    8.53  1896   14.88  2005   10.28  2024    9.57  1989
    5.1  1976    5.4  1989    6.5  1992    8.4  2015   11.3  1896   14.0  2009   15.7  1923   15.4  2024   13.5  1926   10.7  2024    7.4  2007    5.8  1985    5.07  1913    8.52  2002   14.87  1921   10.27  2017    9.53  1998
    5.0  1988    5.4  1928    6.5  2000    8.4  1896   11.3  2014   13.9  1889   15.6  1994   15.4  1991   13.4  1980   10.6  2025    7.3  1928    5.7  2004    5.05  1937    8.49  2008   14.87  1897   10.26  2002    9.47  2015
    5.0  2023    5.4  1980    6.5  2021    8.3  1926   11.3  1918   13.9  1933   15.6  1971   15.3  1973   13.3  2019   10.5  1913    7.3  2021    5.7  1910    5.03  1957    8.43  1960   14.83  2004   10.26  2007    9.36  2000
    4.9  1943    5.3  1897    6.4  1999    8.2  2022   11.1  2011   13.9  1949   15.6  1897   15.3  1949   13.3  1884   10.4  2007    7.3  1908    5.7  1983    5.02  2002    8.41  2012   14.83  1959   10.20  1968    9.34  1893
    4.9  1906    5.2  1992    6.4  1912    8.2  1952   11.1  1940   13.9  1957   15.5  1935   15.3  1906   13.3  1956   10.4  1898    7.3  1931    5.7  1941    5.00  1974    8.41  1912   14.82  2017   10.20  2020    9.31  1945
    4.9  2004    5.2  1935    6.4  1921    8.2  1959   11.1  2006   13.8  1934   15.5  2005   15.2  1939   13.3  1970   10.3  1979    7.3  1982    5.6  1955    4.99  1921    8.39  2004   14.80  2020   10.19  1971    9.30  1957
    4.9  1969    5.1  1949    6.4  1989    8.2  1912   11.1  1922   13.7  1925   15.5  1887   15.2  1884   13.3  1891   10.3  1965    7.3  2023    5.6  1972    4.98  2025    8.36  2005   14.79  1934   10.16  1970    9.29  2008
    4.9  1957    5.1  2008    6.4  2007    8.1  2005   11.0  2000   13.7  1986   15.5  1899   15.2  2018   13.3  1936   10.2  1886    7.3  2024    5.6  2019    4.92  2000    8.34  1933   14.75  2014   10.15  1921    9.28  2009
    4.8  1930    5.1  1966    6.3  1927    8.1  1955   11.0  2004   13.7  1993   15.4  1893   15.2  2023   13.2  1981   10.2  1957    7.3  2001    5.6  1977    4.79  1898    8.23  1993   14.70  1887   10.12  1989    9.27  1994
    4.8  2022    5.1  1937    6.2  1977    8.1  2017   11.0  2007   13.6  1966   15.4  1984   15.2  2002   13.2  1955   10.2  1984    7.2  1999    5.6  1956    4.78  1922    8.14  2018   14.65  2009   10.12  1958    9.24  1911
    4.8  1937    4.9  1885    6.2  2023    8.1  1957   11.0  1895   13.6  1930   15.4  2010   15.1  2001   13.2  1907   10.1  1963    7.2  1981    5.5  1997    4.78  1988    8.13  2000   14.64  1999   10.10  1947    9.17  1943
    4.8  1948    4.9  1939    6.1  2009    8.1  2002   10.9  1908   13.6  1963   15.3  1959   15.1  1916   13.2  1934   10.1  1916    7.2  1894    5.5  1929    4.76  1950    8.09  1940   14.62  1935   10.10  1941    9.16  1898
    4.8  2018    4.9  1908    6.1  1936    8.1  2023   10.9  1889   13.6  1988   15.3  2017   15.1  1914   13.1  1913   10.1  2015    7.1  1995    5.5  1922    4.75  1967    8.07  1981   14.55  2010   10.05  1953    9.16  1983
    4.8  1928    4.9  1999    6.1  1943    8.0  1995   10.8  2012   13.6  1959   15.3  1941   15.1  2000   13.1  1945   10.1  1920    7.1  1986    5.5  1966    4.74  2004    8.04  1950   14.54  1932   10.01  2016    9.15  1938
    4.8  1994    4.9  1950    6.1  1952    8.0  2010   10.8  2009   13.6  2000   15.3  1925   15.1  1999   13.1  2013   10.0  1938    7.1  1888    5.5  1949    4.70  2023    8.03  1991   14.48  1925    9.99  1951    9.14  1948
    4.7  1920    4.8  2025    6.0  1902    7.9  2006   10.8  1937   13.6  1891   15.2  2016   15.1  1981   13.1  2002   10.0  1941    7.1  1964    5.5  1959    4.65  1914    8.03  1989   14.46  2001    9.96  1969    9.12  1953
    4.7  1998    4.8  1974    6.0  1903    7.9  1940   10.7  1901   13.5  1921   15.2  2001   15.1  1926   13.1  1951   10.0  1958    7.0  1992    5.4  1951    4.64  1932    8.03  1938   14.45  1982    9.91  1948    9.09  1914
    4.7  1995    4.7  1910    6.0  2011    7.8  1960   10.7  1933   13.5  1975   15.2  1904   15.0  1989   13.1  2003   10.0  2016    7.0  1897    5.4  1919    4.64  1976    8.01  1914   14.41  1901    9.90  1984    9.09  1975
    4.6  1926    4.7  1891    6.0  1967    7.7  1992   10.7  1997   13.5  1947   15.2  1997   15.0  1898   13.1  1997   10.0  1999    6.9  1984    5.3  1931    4.63  1973    7.97  2016   14.41  1957    9.89  1982    9.08  2012
    4.5  1924    4.7  1967    6.0  1920    7.7  1948   10.7  1945   13.5  1941   15.1  1952   15.0  2009   13.1  1989   10.0  1986    6.9  1983    5.3  1998    4.63  1912    7.95  1988   14.40  2000    9.88  1946    9.08  2001
    4.5  2017    4.7  1899    6.0  1896    7.7  1909   10.7  2002   13.5  2022   15.1  1982   15.0  1942   13.1  1973   10.0  1906    6.9  1959    5.3  1979    4.55  1948    7.91  1921   14.35  1896    9.87  1961    9.07  1934
    4.4  1927    4.6  1977    6.0  1894    7.7  1980   10.6  1988   13.4  1935   15.1  2008   15.0  2006   13.1  1921    9.9  1930    6.9  1920    5.3  1936    4.52  1993    7.89  1942   14.34  1914    9.87  1954    9.07  1913
    4.4  1981    4.6  1958    5.9  1905    7.7  1939   10.6  1912   13.3  1895   15.0  1905   14.9  2008   13.0  1964    9.9  1947    6.9  1947    5.3  1932    4.51  1926    7.88  1944   14.33  1926    9.86  1899    9.05  1899
    4.4  2000    4.6  1912    5.9  2020    7.7  1933   10.6  1978   13.3  1910   15.0  1896   14.9  1996   13.0  1911    9.9  1927    6.8  2008    5.3  1945    4.49  1903    7.88  2015   14.31  1940    9.85  1998    9.04  1971
    4.4  2015    4.6  1993    5.9  1923    7.6  1984   10.6  1890   13.3  1968   15.0  1992   14.9  1897   13.0  2020    9.9  1925    6.8  1895    5.3  2000    4.47  1946    7.86  1927   14.31  1970    9.83  2018    8.99  1988
    4.3  1899    4.6  1957    5.8  1966    7.6  1964   10.6  2003   13.3  1911   15.0  1957   14.9  1935   13.0  2007    9.9  1961    6.7  1945    5.2  1980    4.47  1972    7.85  1920   14.29  1992    9.82  1963    8.98  2013
    4.3  2024    4.6  1905    5.8  1993    7.5  1928   10.5  1950   13.3  1973   14.9  2023   14.9  2005   13.0  1939    9.8  1943    6.7  2017    5.2  2002    4.47  1911    7.81  1949   14.28  2024    9.80  2000    8.98  1992
    4.3  1913    4.6  2021    5.8  1960    7.5  1904   10.4  1943   13.3  1914   14.9  1944   14.8  1918   13.0  1982    9.8  1909    6.6  1898    5.2  1948    4.38  1992    7.79  1994   14.27  1973    9.79  1929    8.96  1982
    4.3  1902    4.6  1894    5.8  1983    7.5  1974   10.4  1936   13.2  1905   14.9  1917   14.8  1953   13.0  1917    9.8  1985    6.6  1954    5.2  2014    4.37  2015    7.77  1939   14.27  2008    9.73  1996    8.95  1961
    4.3  1971    4.5  2004    5.7  1988    7.5  1898   10.4  1971   13.2  2019   14.9  1943   14.7  2021   13.0  2010    9.8  1998    6.6  1940    5.1  1915    4.32  1939    7.77  2006   14.24  1944    9.70  1906    8.94  1926
    4.3  1968    4.5  1982    5.7  1972    7.5  1996   10.4  1956   13.2  1936   14.9  2009   14.7  1936   12.9  1953    9.8  1970    6.6  1979    5.1  1993    4.31  2003    7.76  1964   14.23  1900    9.69  1990    8.93  1984
    4.2  1973    4.5  1925    5.7  1956    7.5  1982   10.4  1995   13.2  1915   14.9  1969   14.7  1969   12.9  2009    9.7  1928    6.6  1906    5.0  1975    4.28  1906    7.71  1953   14.22  1950    9.69  1983    8.90  1976
    4.2  1935    4.4  1938    5.7  1978    7.5  1901   10.3  1980   13.2  1984   14.9  1996   14.6  1945   12.8  1966    9.7  1903    6.5  1889    5.0  1913    4.27  1994    7.71  1995   14.22  1996    9.67  1979    8.86  1939
    4.2  1896    4.4  2016    5.7  1935    7.5  1988   10.3  1976   13.2  1939   14.9  1977   14.6  1968   12.8  2024    9.7  1914    6.5  1960    5.0  1987    4.25  2021    7.70  1926   14.20  1994    9.66  1991    8.86  1933
    4.1  1934    4.4  1959    5.7  2004    7.4  1985   10.3  1939   13.2  1932   14.8  1967   14.6  1901   12.8  1946    9.7  1910    6.5  1924    5.0  1894    4.25  1938    7.67  1894   14.18  1937    9.65  1920    8.85  1935
    4.1  1967    4.4  1921    5.7  1926    7.4  1921   10.3  1920   13.2  1995   14.8  1951   14.6  1998   12.8  1968    9.7  1967    6.4  1949    5.0  1984    4.24  1961    7.67  2010   14.16  2007    9.65  1886    8.82  1918
    4.1  1996    4.3  1884    5.6  1929    7.4  1963   10.3  1993   13.1  1920   14.8  1912   14.5  1970   12.7  1914    9.7  2010    6.4  1886    5.0  2007    4.20  1960    7.67  1982   14.12  2012    9.63  2003    8.82  1944
    4.1  2003    4.3  1988    5.6  2008    7.3  1900   10.3  1927   13.1  1989   14.7  1985   14.5  1952   12.7  1969    9.7  1997    6.4  1958    4.9  2017    4.19  2018    7.64  1946   14.11  1941    9.62  1939    8.81  1973
    4.1  1900    4.3  1922    5.5  1897    7.3  1947   10.3  2005   13.0  1917   14.7  1947   14.5  2017   12.7  2025    9.7  1897    6.4  1929    4.9  2020    4.19  1980    7.62  1928   14.08  1952    9.59  1928    8.81  1920
    4.1  2026    4.3  1913    5.5  1910    7.3  1895   10.3  1915   13.0  1900   14.7  2024   14.5  1940   12.7  1930    9.7  2020    6.4  1941    4.9  1947    4.17  1944    7.57  1918   14.07  1969    9.58  1916    8.81  1960
    4.1  1962    4.2  1975    5.5  1914    7.3  1920   10.2  1973   13.0  2001   14.6  1914   14.4  1925   12.7  1915    9.7  1942    6.4  2000    4.9  1905    4.16  1954    7.55  2001   14.05  2002    9.57  1930    8.80  1928
    4.1  2019    4.2  1896    5.5  1907    7.2  1972   10.2  1965   13.0  1998   14.6  1927   14.4  1913   12.7  1901    9.6  1972    6.4  1989    4.8  2003    4.15  1958    7.53  1911   14.04  1917    9.57  2019    8.72  1897
    4.0  1950    4.1  1893    5.5  2015    7.2  2008   10.2  1982   13.0  1953   14.6  1894   14.4  1919   12.7  1948    9.6  1934    6.4  1892    4.8  1973    4.15  1984    7.50  1895   14.04  1939    9.55  1914    8.71  1884
    3.9  2006    4.1  2012    5.4  1913    7.2  1975   10.2  2019   13.0  2015   14.6  1945   14.4  1927   12.7  1978    9.6  2004    6.3  1943    4.8  1999    4.12  1981    7.48  1956   14.03  1991    9.54  1933    8.71  1937
    3.9  1904    4.1  1911    5.3  1939    7.2  1915   10.2  1948   13.0  1942   14.6  1987   14.4  1987   12.7  1996    9.6  1988    6.3  1955    4.8  2012    4.10  1930    7.48  1935   14.03  1943    9.53  1890    8.71  1967
    3.8  1922    4.0  1898    5.3  1973    7.2  1930   10.2  1928   12.9  1931   14.5  1932   14.4  1886   12.6  2001    9.6  1983    6.3  1907    4.8  2005    4.09  1918    7.47  1890   14.02  1945    9.52  1977    8.70  1991
    3.8  1960    4.0  1962    5.3  1940    7.2  1935   10.2  1910   12.9  1983   14.5  2000   14.4  2007   12.6  1942    9.6  1994    6.3  1973    4.6  1991    4.07  2001    7.45  1913   14.01  1960    9.48  1934    8.69  1970
    3.8  1918    4.0  1971    5.3  1954    7.2  1981   10.2  1892   12.8  1967   14.5  1979   14.4  1957   12.6  1899    9.6  1962    6.3  1902    4.6  1888    4.06  1927    7.44  1905   14.00  1942    9.46  1907    8.66  1958
    3.8  1939    4.0  1948    5.3  1968    7.2  1916   10.2  1924   12.8  1997   14.5  1886   14.4  1943   12.6  1935    9.6  1948    6.2  1900    4.6  1965    4.06  1971    7.41  1954   14.00  1953    9.45  2008    8.66  1908
    3.7  1915    4.0  1973    5.3  1982    7.1  1991   10.1  1929   12.8  1996   14.5  1908   14.4  2015   12.6  1984    9.6  1924    6.2  1991    4.6  1897    4.06  1966    7.38  1966   13.97  1898    9.42  1924    8.65  1977
    3.7  1956    3.9  2009    5.3  1890    7.1  1990   10.1  1991   12.8  1945   14.4  1956   14.3  1938   12.6  2017    9.5  2018    6.2  1903    4.6  1893    4.04  1905    7.38  1936   13.95  1967    9.42  1955    8.64  1993
    3.7  2013    3.9  2001    5.2  2016    7.1  1913   10.1  1954   12.8  1908   14.4  1885   14.3  1971   12.6  1983    9.5  1937    6.2  1932    4.5  1930    4.04  2006    7.37  1937   13.95  1884    9.40  1964    8.63  1955
    3.6  1970    3.8  1964    5.2  1953    7.1  1965   10.0  1944   12.8  2013   14.4  1937   14.3  1980   12.6  1987    9.5  1933    6.2  1987    4.5  1908    4.00  1894    7.37  1967   13.94  1906    9.40  1956    8.62  1966
    3.6  1903    3.8  1927    5.2  1963    7.1  1899   10.0  1925   12.8  2024   14.4  1929   14.3  1958   12.6  1906    9.4  2019    6.1  1914    4.5  1907    3.98  1910    7.36  1980   13.94  1968    9.36  1943    8.61  1950
    3.6  1958    3.8  2005    5.2  1942    7.1  1976   10.0  1942   12.8  2008   14.4  1950   14.3  1994   12.6  1900    9.4  1982    6.1  1998    4.4  1958    3.96  1928    7.36  1987   13.92  1936    9.33  1973    8.60  1912
    3.5  1905    3.7  1972    5.1  1884    7.0  1967   10.0  2010   12.8  1943   14.4  1958   14.2  1895   12.5  1916    9.4  2002    6.1  1912    4.3  1938    3.93  1896    7.35  1977   13.90  2015    9.29  1895    8.60  1930
    3.5  1911    3.7  1976    5.1  1918    7.0  1994   10.0  1981   12.7  1951   14.3  2015   14.2  1982   12.5  1938    9.4  2000    6.1  1990    4.3  1967    3.92  1924    7.35  1910   13.90  1930    9.29  1897    8.60  1932
    3.5  1972    3.6  1931    5.1  1928    7.0  1971    9.9  1921   12.7  2012   14.3  1898   14.2  1909   12.5  1995    9.3  1975    6.1  1916    4.3  1957    3.89  1908    7.34  1978   13.88  1998    9.28  1936    8.59  1936
    3.5  2025    3.6  1953    5.0  2010    7.0  1927    9.9  1958   12.7  2002   14.3  1964   14.2  1930   12.5  1967    9.3  1951    6.1  1968    4.3  1923    3.87  1983    7.30  2021   13.87  1905    9.27  1917    8.57  1947
    3.5  1951    3.6  2003    4.9  1949    6.9  1923    9.9  1966   12.7  1955   14.3  2004   14.2  1967   12.5  2018    9.3  1966    6.1  2013    4.2  1914    3.87  1885    7.30  1963   13.83  1895    9.27  1911    8.56  1964
    3.5  1909    3.6  1915    4.8  1974    6.9  2016    9.9  1916   12.7  1965   14.3  2020   14.1  1917   12.4  1937    9.2  1904    6.1  1944    4.1  1884    3.84  2013    7.30  1965   13.79  1971    9.26  1981    8.56  1974
    3.4  1910    3.5  2015    4.7  1995    6.9  1886    9.9  1949   12.7  1906   14.3  1928   14.1  1977   12.4  2008    9.2  1893    6.1  1930    4.1  1944    3.83  1915    7.29  1915   13.75  1886    9.26  1903    8.55  1894
    3.4  1984    3.4  2006    4.7  1899    6.8  1954    9.9  1934   12.6  1994   14.3  1884   14.1  2011   12.3  1886    9.2  1976    6.0  1974    4.1  1891    3.80  1931    7.29  1972   13.74  1889    9.24  1957    8.55  1946
    3.4  1907    3.4  1933    4.7  1944    6.8  1938    9.9  1961   12.6  1969   14.3  1972   14.1  1915   12.3  1932    9.2  1960    6.0  1971    4.1  1982    3.79  1901    7.29  1971   13.72  1958    9.22  1960    8.55  1978
    3.3  1964    3.3  1916    4.6  1965    6.8  2000    9.9  1913   12.6  1937   14.2  2002   14.1  2010   12.2  1924    9.2  1953    6.0  2012    4.0  1902    3.79  1919    7.29  1929   13.72  1981    9.21  1900    8.54  1942
    3.3  1992    3.3  1960    4.5  1911    6.8  1892    9.8  1969   12.6  1902   14.2  1953   14.1  1961   12.2  1893    9.2  2008    6.0  1972    4.0  1989    3.77  1952    7.27  1974   13.71  1923    9.17  1987    8.53  1900
    3.3  1912    3.3  1944    4.5  1941    6.8  1998    9.8  1985   12.6  1913   14.2  1948   14.1  1921   12.1  1889    9.2  1991    6.0  1975    4.0  1904    3.73  1890    7.25  1947   13.68  1951    9.16  1884    8.51  1980
    3.3  1936    3.2  1984    4.5  1930    6.8  1950    9.8  1909   12.6  2011   14.2  1916   14.0  1928   12.1  1992    9.2  1911    6.0  1956    4.0  1940    3.70  1978    7.21  1973   13.66  1913    9.14  1980    8.51  1910
    3.3  1986    3.2  1904    4.5  1946    6.7  1968    9.8  1931   12.6  1961   14.2  1973   14.0  1887   12.1  1896    9.1  1946    5.9  1935    3.9  1926    3.63  1909    7.20  1901   13.65  1908    9.14  1935    8.50  1896
    3.3  2021    3.2  1887    4.5  1971    6.7  1905    9.8  1994   12.6  1919   14.2  1986   14.0  1964   12.0  1979    9.1  1923    5.9  2019    3.9  1990    3.60  1959    7.20  1903   13.62  1918    9.13  1927    8.50  1906
    3.2  1931    3.2  1952    4.4  2001    6.7  2001    9.8  2015   12.5  1894   14.1  2012   14.0  2014   12.0  1908    9.1  1890    5.9  1980    3.9  1978    3.58  1933    7.14  1976   13.61  2011    9.13  1940    8.50  1968
    3.2  1978    3.2  1934    4.4  1915    6.6  1969    9.8  1903   12.5  1952   14.1  1918   14.0  1900   12.0  1988    9.0  1950    5.8  1976    3.9  1970    3.51  1945    7.11  1907   13.60  1966    9.12  1986    8.49  1924
    3.2  1961    3.1  1987    4.4  1986    6.6  1934    9.8  1986   12.5  1999   14.1  2011   13.9  1892   12.0  1920    9.0  1901    5.8  2005    3.9  1909    3.50  1889    7.10  1930   13.58  1904    9.11  2010    8.49  1954
    3.2  1953    3.1  1951    4.4  2006    6.6  1925    9.7  1957   12.5  1898   14.1  1946   13.9  1950   12.0  1960    9.0  1929    5.8  1927    3.9  1920    3.45  1904    7.08  1985   13.57  1964    9.11  1985    8.48  1927
    3.2  1889    3.1  1892    4.4  1925    6.6  1962    9.7  1946   12.5  1938   14.1  1998   13.8  1923   12.0  1976    9.0  2012    5.8  1890    3.6  1928    3.43  1997    7.05  1923   13.56  1915    9.06  1967    8.47  1951
    3.1  1914    3.0  1941    4.3  1934    6.6  1931    9.7  1938   12.5  1958   14.1  1981   13.8  1965   11.9  2012    9.0  1940    5.8  1961    3.5  1906    3.40  1962    7.02  1897   13.52  1993    9.05  1942    8.45  1925
    3.1  1965    3.0  2013    4.3  1895    6.6  1979    9.7  1884   12.4  1924   14.0  1942   13.8  1948   11.9  1943    9.0  1902    5.8  1957    3.5  2001    3.39  1968    7.00  1925   13.51  1910    9.05  1975    8.44  1981
    3.1  2011    2.9  1924    4.2  1906    6.5  1890    9.7  1905   12.4  1974   13.9  1895   13.8  1910   11.9  1963    9.0  1936    5.7  1996    3.5  1992    3.38  1953    6.97  1884   13.50  1963    9.04  1966    8.43  1923
    3.1  2001    2.9  1906    4.2  1996    6.5  2012    9.6  1914   12.4  1885   13.9  1913   13.8  1934   11.9  1954    9.0  1956    5.6  1934    3.5  1895    3.38  2009    6.95  1899   13.49  1987    9.03  1902    8.42  1916
    2.9  1901    2.9  1909    4.1  1975    6.5  1958    9.6  1977   12.4  1901   13.9  1889   13.7  1992   11.9  1977    8.9  1907    5.6  1936    3.4  1960    3.31  1955    6.94  1934   13.48  1977    9.01  1976    8.40  1940
    2.9  1894    2.8  1940    4.1  1922    6.5  1907    9.6  1930   12.4  1964   13.9  1968   13.7  1960   11.9  1990    8.9  1899    5.6  1911    3.4  2022    3.25  1987    6.93  1984   13.48  1927    8.99  1891    8.39  1969
    2.9  1954    2.8  1994    4.1  1932    6.5  1953    9.5  1888   12.4  1979   13.9  2007   13.7  1929   11.9  1975    8.9  1935    5.6  1977    3.4  1943    3.14  1964    6.91  1919   13.47  1988    8.98  1937    8.38  1996
    2.9  1919    2.7  2018    4.1  1980    6.4  1897    9.5  1935   12.4  1890   13.9  1930   13.7  1908   11.9  1950    8.9  1900    5.6  1922    3.4  2008    3.11  1970    6.91  1889   13.44  1961    8.97  1988    8.38  1952
    2.8  2009    2.6  1932    4.0  1984    6.4  1966    9.5  1974   12.3  1884   13.8  1906   13.6  1972   11.9  1910    8.8  1884    5.5  1918    3.3  1952    3.10  1907    6.88  1968   13.42  1894    8.96  2012    8.36  1941
    2.7  1946    2.6  1970    4.0  1985    6.4  1902    9.4  1886   12.3  1980   13.8  1936   13.6  1978   11.9  1902    8.8  1955    5.5  2016    3.3  1889    3.09  1897    6.81  1983   13.42  1979    8.90  1932    8.33  1903
    2.7  1952    2.6  1889    4.0  1976    6.4  2013    9.3  1963   12.3  1990   13.8  1993   13.6  1988   11.8  1919    8.8  1987    5.4  1884    3.3  1964    3.05  1956    6.81  1975   13.41  1919    8.89  1894    8.32  1905
    2.7  1991    2.6  1981    4.0  2018    6.4  1911    9.3  1907   12.3  1912   13.8  1960   13.6  1904   11.8  1940    8.7  1894    5.3  1926    3.2  1946    2.97  1892    6.81  1904   13.40  1928    8.86  1931    8.28  1931
    2.7  1982    2.5  1936    4.0  1964    6.3  1885    9.3  1898   12.3  1886   13.8  1924   13.5  1941   11.8  1903    8.7  1973    5.3  1904    3.2  1903    2.93  1965    6.78  1909   13.40  1931    8.83  1889    8.28  1915
    2.6  1885    2.5  2010    3.9  1924    6.3  1910    9.2  2021   12.3  1922   13.7  1931   13.5  1966   11.7  2015    8.6  1915    5.3  1885    3.2  1896    2.92  1936    6.76  1970   13.38  1938    8.79  1962    8.28  1987
    2.6  1888    2.5  1954    3.8  1889    6.3  1956    9.2  1987   12.3  1888   13.7  1963   13.5  1931   11.7  1928    8.6  1918    5.2  1950    3.2  1939    2.92  1969    6.76  1902   13.38  1916    8.78  1972    8.27  1929
    2.6  1966    2.4  1890    3.8  1987    6.3  1918    9.2  2013   12.2  1944   13.7  1939   13.5  1951   11.7  1957    8.6  1891    5.2  1988    3.2  1901    2.90  1902    6.71  1898   13.38  1948    8.77  1926    8.27  1901
    2.6  1955    2.4  1900    3.7  1885    6.2  1906    9.2  1904   12.2  1978   13.7  1962   13.4  1974   11.7  1994    8.5  1952    5.2  1891    3.0  1969    2.90  1977    6.71  1924   13.36  1980    8.75  1888    8.27  1972
    2.4  1887    2.4  1965    3.7  1908    6.2  2021    9.1  1926   12.2  1962   13.7  1961   13.4  1889   11.7  1904    8.5  1944    5.1  1921    3.0  1885    2.80  1996    6.70  1922   13.36  1986    8.74  1904    8.23  1956
    2.4  1908    2.3  1907    3.7  1904    6.1  1977    9.1  1984   12.2  1954   13.6  1966   13.3  1905   11.6  1962    8.3  1931    5.1  1962    3.0  1968    2.80  1900    6.70  1908   13.33  1891    8.72  1950    8.22  1904
    2.3  1977    2.2  1985    3.7  1979    6.1  1929    9.1  1975   12.1  1892   13.6  1970   13.3  1979   11.6  1927    8.3  1932    5.1  1933    3.0  1937    2.79  1893    6.68  1931   13.32  1929    8.71  1992    8.16  1889
    2.2  1959    2.1  1996    3.6  1931    6.1  1973    9.1  1899   12.1  1948   13.6  1940   13.3  1985   11.5  1944    8.2  2003    5.0  1937    2.9  1935    2.76  1934    6.60  1916   13.18  1885    8.71  1901    8.15  1907
    2.1  1997    2.1  1978    3.4  1951    6.1  1924    9.1  1897   12.0  1926   13.6  1891   13.2  1896   11.4  1993    8.2  1980    5.0  1967    2.9  2009    2.75  2011    6.58  1996   13.13  1985    8.70  1893    8.12  2010
    2.1  1933    1.7  1930    3.4  1901    6.0  1884    9.1  1967   12.0  1956   13.5  1907   13.2  1902   11.4  1922    8.1  1964    5.0  1966    2.9  1925    2.74  1942    6.55  1958   13.12  1974    8.69  1944    8.09  1965
    2.0  1947    1.7  1901    3.4  1891    6.0  1889    9.0  1983   12.0  1981   13.5  1974   13.2  1890   11.3  1888    7.9  1889    5.0  1969    2.6  1996    2.69  1991    6.52  1969   13.11  1965    8.55  1909    8.08  1890
    2.0  1942    1.4  1968    3.3  1898    5.9  1919    9.0  1932   11.9  1904   13.4  1910   13.1  1963   11.3  1923    7.9  1888    4.8  1942    2.6  1887    2.66  1951    6.49  1955   13.10  1892    8.49  1910    8.08  1985
    1.9  1980    1.4  1919    3.3  1958    5.9  1951    8.9  1951   11.9  1918   13.4  1903   13.1  1954   11.2  1909    7.8  1912    4.7  1893    2.5  1917    2.64  1986    6.45  1906   13.06  1924    8.48  1965    8.03  1902
    1.9  1893    1.4  1983    3.2  1970    5.8  1941    8.9  1962   11.9  1928   13.4  1980   13.1  1907   11.2  1892    7.8  1939    4.6  2010    2.4  1892    2.64  1985    6.35  1892   13.06  1902    8.42  1918    7.96  1922
    1.8  1892    1.3  1991    3.1  1969    5.8  1932    8.9  1972   11.8  1929   13.4  1915   13.1  1894   11.2  1918    7.8  1922    4.6  1905    2.3  1962    2.64  1887    6.31  1886   13.04  1978    8.23  1922    7.92  1909
    1.5  1929    1.2  1888    3.1  1947    5.8  1903    8.9  1906   11.5  1923   13.3  1978   13.1  1993   11.2  1897    7.6  1926    4.6  1909    2.3  1963    2.61  1982    6.30  1917   12.99  1956    8.15  1912    7.91  1891
    1.4  1891    1.1  1886    2.9  1937    5.6  1983    8.8  1900   11.4  1987   13.3  1902   13.0  1962   11.2  1885    7.6  1919    4.4  1993    2.3  1886    2.30  1941    6.29  1986   12.98  1920    8.01  1925    7.88  1986
    1.4  1886    1.1  1902    2.9  1909    5.6  1891    8.7  1955   11.4  1977   13.3  1909   13.0  1888   11.1  1905    7.5  1981    4.4  1901    2.2  1961    2.18  2010    6.29  1932   12.98  1912    7.99  1915    7.86  1886
    1.2  2010    0.9  1955    2.8  1887    5.6  1978    8.6  1968   11.4  1985   13.3  1938   13.0  1924   11.0  1931    7.4  1917    4.2  1965    2.1  1995    2.15  1888    6.23  1941   12.97  1962    7.95  1974    7.86  1979
    1.0  1897    0.7  1979    2.8  1917    5.6  1989    8.6  1891   11.4  1971   13.3  1988   12.9  1946   10.9  1965    7.2  1993    4.1  1952    2.0  1916    1.92  1929    6.18  1900   12.91  1890    7.94  1892    7.79  1962
    0.9  1917    0.7  1917    2.8  1916    5.6  1970    8.4  1887   11.4  1946   13.2  1919   12.9  1891   10.8  1894    7.2  1974    3.9  1985    1.9  1899    1.88  1886    6.12  1979   12.82  1909    7.93  1923    7.78  1919
    0.8  1987    0.6  1969    2.8  1919    5.5  1936    8.4  1941   11.4  1903   13.2  1890   12.9  1903   10.8  1925    7.1  1992    3.8  1887    1.9  1976    1.74  1940    6.09  1951   12.82  1946    7.67  1993    7.77  1917
    0.7  1985    0.5  1929    2.7  1886    5.5  1888    8.3  1923   11.3  1927   13.2  1892   12.8  1920   10.7  1974    6.8  1905    3.8  1910    1.8  1927    1.68  1891    5.97  2013   12.68  1954    7.66  1885    7.74  1895
    0.6  1945    0.4  1942    2.7  1955    5.4  1908    8.2  1894   11.0  1907   13.0  1920   12.7  1885   10.7  1972    6.6  1887    3.6  1896    1.4  1950    1.65  1979    5.87  1891   12.66  1888    7.59  1952    7.58  1963
    0.2  1979   -0.5  1956    2.5  1900    5.2  1887    8.1  1979   10.9  1909   12.9  1965   12.5  1956   10.7  1887    6.6  1885    3.3  1923    1.1  1933    1.19  1917    5.86  1885   12.64  1972    7.52  1905    7.57  1885
    0.0  1941   -1.1  1963    2.4  2013    4.8  1922    8.1  1996   10.9  1991   12.7  1954   12.3  1922   10.5  1912    6.5  1895    3.3  1925    0.8  1981    1.08  1947    5.86  1962   12.56  1903    7.43  1919    7.52  1887
   -0.4  1895   -1.5  1986    2.3  1888    4.7  1917    7.9  1902   10.7  1916   12.7  1888   12.2  1986   10.2  1986    6.3  1892    2.9  1919   -0.5  2010    0.70  1895    5.79  1888   12.54  1907    7.22  1896    7.52  1888
   -0.7  1940   -2.3  1947    2.1  1892    4.7  1986    7.5  1885   10.0  1972   12.3  1922   11.8  1912   10.2  1952    6.0  1896    2.6  1915   -0.8  1890   -0.45  1963    5.49  1887   12.30  1922    7.05  1887    7.46  1892
   -2.6  1963   -2.8  1895    2.1  1962    ---  2026    ---  2026    ---  2026    ---  2026    ---  2026    ---  2026    ---  2026    ---  2026    ---  2026     ---  1884     ---  2026     ---  2026     ---  2026     ---  2026
