Areal values from HadUK-Grid 1km gridded climate data from land surface network
Source: Met Office National Climate Information Centre
Monthly, seasonal and annual number of days in the month with precipitation amount >= 1mm for Wales
Areal series, starting in 1891
Last updated 01-Apr-2026 11:34
    jan  year    feb  year    mar  year    apr  year    may  year    jun  year    jul  year    aug  year    sep  year    oct  year    nov  year    dec  year     win  year     spr  year     sum  year     aut  year     ann  year
   26.2  1988   24.4  1910   25.8  1914   25.2  1920   23.9  1967   24.3  1907   24.0  1920   24.3  1917   27.5  1918   29.0  1903   26.2  2009   28.1  2015    70.2  2014    60.7  1920    61.1  1912    69.3  2000   207.4  1923
   26.2  1948   24.1  2014   25.2  1903   22.5  1950   22.5  1969   21.3  1912   23.9  1936   24.2  1912   25.1  1896   26.5  1967   26.1  2000   26.9  1959    67.2  1995    58.7  1983    60.6  1927    67.8  1935   206.4  2000
   25.8  2014   23.9  1925   24.3  1912   22.2  1998   22.2  1924   20.6  1998   23.0  2009   24.2  1985   24.8  1950   25.7  2000   25.7  1960   26.6  1911    67.2  2016    57.1  1913    58.1  1907    65.1  1954   205.6  1903
   25.5  1990   23.7  1937   24.0  1947   21.3  1932   22.1  1983   19.9  2012   22.3  1939   23.1  1891   23.4  1974   25.5  1916   25.2  2015   26.5  1993    67.1  1994    54.2  1947    57.2  2012    63.1  1974   202.7  1927
   25.4  1928   23.2  2020   23.4  1896   20.0  2012   21.6  1925   19.5  1935   22.0  1988   22.3  1927   22.3  1954   25.1  1917   24.8  1963   26.4  1934    65.0  1916    53.6  1979    53.6  1924    62.5  1950   200.9  1950
   24.3  1921   23.0  1923   22.8  2023   19.8  1961   20.9  2021   18.8  1948   21.1  2007   22.3  1897   21.1  1935   24.9  1907   24.8  1951   25.9  1999    64.3  1937    52.9  1932    53.4  1958    62.0  1967   200.3  1954
   24.3  1984   22.5  1916   22.4  1992   19.8  1905   20.0  1932   18.7  1991   20.8  1927   22.0  1924   20.8  1927   24.8  1906   24.1  1944   25.5  1929    64.1  1910    52.2  1986    53.4  1946    62.0  1960   198.9  1907
   23.8  1943   22.4  2026   22.1  1913   19.7  1899   19.6  1898   18.5  1928   20.7  1931   22.0  1950   20.5  2017   24.8  1930   23.8  1929   25.2  1918    63.5  1915    51.2  2024    52.7  1985    61.9  1903   197.7  1930
   23.7  1993   22.1  1995   21.8  1994   19.2  1897   19.5  1981   18.4  1972   20.7  1960   21.6  1951   20.3  1946   24.8  1923   23.6  1982   25.1  2011    63.0  2026    51.0  1903    51.0  1891    60.2  1918   197.2  1910
   23.5  1995   21.6  1977   21.7  1981   19.2  1935   19.5  1945   18.2  1945   19.1  2023   21.6  1946   20.0  1924   24.4  1935   23.5  1926   24.8  1919    62.5  1912    50.1  1897    51.0  1954    59.0  1923   197.0  1920
   23.5  2016   21.6  1904   21.5  2024   18.5  1970   19.0  1986   18.1  1946   19.1  1922   21.1  1956   19.3  1967   23.1  1909   23.3  1970   24.7  2020    62.2  1920    49.8  1963    51.0  1931    58.2  2019   196.7  1960
   23.3  2026   21.5  2024   21.1  1988   18.4  1931   18.9  1931   18.0  2020   18.5  2015   21.0  1943   19.0  1957   23.0  1934   23.2  1992   24.5  1965    61.8  1960    49.8  2006    50.8  1894    57.7  1930   195.9  2023
   23.2  1986   21.5  1893   21.1  1951   18.4  1983   18.9  1906   18.0  1980   18.3  1894   20.8  1910   19.0  1899   22.9  1928   22.6  1913   24.5  1915    61.5  1990    49.7  1994    50.3  1956    57.4  2022   194.5  1912
   23.2  1975   21.1  1990   20.8  1921   18.3  1910   18.8  1902   17.9  1987   18.3  1909   20.5  1941   18.7  1934   22.8  1981   22.5  2002   24.3  1912    61.0  1923    49.6  1925    49.9  1960    57.1  1944   194.3  1928
   23.2  1922   21.0  1915   20.3  1909   17.8  2000   18.7  1923   17.5  1927   18.2  1930   20.4  2012   18.6  1943   22.8  1976   22.4  1939   24.1  2023    60.9  1926    49.4  1951    49.6  1948    57.0  1981   193.9  1951
   23.1  1994   20.7  2000   20.3  1979   17.7  1966   18.4  2006   16.8  1966   18.1  1957   20.3  1958   18.3  1984   22.8  1932   22.3  1931   23.8  1986    60.2  1922    48.9  1981    49.3  1920    57.0  2023   193.8  1916
   23.1  1927   20.6  2002   20.3  1905   17.7  1907   18.3  1955   16.8  2007   18.1  1953   20.3  2008   18.1  1981   22.6  2020   22.3  1935   23.5  1914    60.0  2024    48.2  1992    49.3  1910    56.3  1984   192.4  2012
   22.9  1938   20.1  1931   20.2  1927   17.6  1999   18.1  1979   16.6  1990   17.8  1914   20.2  1992   18.1  1994   22.2  1954   22.1  1938   23.4  1955    59.8  1943    48.0  1908    49.1  2020    56.2  1938   191.9  1994
   22.8  1974   19.9  1966   20.0  1897   17.4  1940   18.0  1958   16.4  1982   17.8  1954   19.6  1903   18.1  1999   22.1  1891   21.8  1910   23.3  1910    59.6  2000    47.7  1914    48.1  2007    56.1  1976   191.5  1931
   22.7  1900   19.7  1997   19.7  1920   17.2  1913   17.8  1913   16.2  1963   17.7  1932   19.6  1905   17.9  2025   21.8  1961   21.6  1940   23.2  2012    59.3  2020    47.5  1907    48.0  1939    55.5  1992   191.5  1894
   22.5  1920   19.5  1935   19.7  1908   17.1  2008   17.8  1972   16.0  1900   17.6  1915   19.2  1930   17.9  1968   21.7  2022   21.6  2025   22.9  1942    59.0  1999    46.9  2008    47.9  1936    55.3  1891   190.3  1900
   22.5  1999   19.2  1954   19.4  2006   17.0  2001   17.7  2003   15.9  1910   17.5  1918   18.8  1954   17.5  2000   21.3  2013   21.6  1928   22.8  1900    58.9  1931    46.4  1923    47.7  2009    55.2  2025   189.5  1924
   22.5  1894   19.1  1957   19.3  2018   16.9  2024   17.6  1891   15.6  1958   17.5  1924   18.8  2014   17.1  1958   21.2  2004   21.5  2022   22.8  1966    58.7  1904    46.3  1902    47.5  1950    55.1  1916   189.2  1974
   22.4  1926   18.9  1926   19.3  1970   16.7  1925   16.9  1907   15.6  1931   17.5  1958   18.8  1942   17.1  1925   21.1  1987   21.2  1974   22.6  1908    58.3  2021    46.3  1966    47.3  2008    55.0  1917   189.1  1966
   22.3  1930   18.8  1951   19.1  1980   16.7  1959   16.8  2002   15.6  2019   17.1  1940   18.7  1960   17.1  2019   21.0  2014   21.1  1996   22.2  1923    58.3  1900    45.5  1930    47.0  1963    54.7  2017   188.9  1998
   22.2  2018   18.7  1941   19.0  1978   16.6  1922   16.8  1926   15.2  2016   16.9  2012   18.6  1921   17.0  1908   21.0  1938   21.0  1997   22.0  2017    58.1  1894    45.4  1972    46.9  1938    54.4  1943   188.2  2014
   22.0  1936   18.7  1945   18.9  2008   16.5  1994   16.8  2015   15.2  1997   16.6  1938   18.6  1923   17.0  1923   20.9  1998   21.0  1911   21.8  1901    58.1  1925    45.1  1916    46.8  1930    54.3  1998   187.3  2015
   21.9  2015   18.6  1912   18.2  1934   16.4  2005   16.7  2014   15.2  1902   16.5  2010   18.2  1934   16.9  1891   20.6  1900   20.9  1946   21.7  1896    57.5  2007    45.1  1905    46.4  1917    54.2  1982   187.2  2020
   21.6  1939   18.6  2022   18.2  1983   16.4  1963   16.6  1976   15.2  1985   16.3  1907   18.2  1894   16.9  1992   20.6  1960   20.9  1900   21.7  2000    57.2  1951    44.6  1931    46.3  1922    53.8  1932   187.1  2008
   21.6  2008   18.5  1958   18.1  1989   16.3  1993   16.4  1947   15.1  1920   16.1  2017   18.0  1929   16.8  2024   20.3  2019   20.8  1959   21.6  1994    57.2  2018    44.6  1970    46.2  2023    53.8  1892   187.1  1970
   21.3  2004   18.5  1894   18.1  1919   16.1  1975   16.3  2007   15.0  2025   16.0  1947   17.9  1925   16.8  2016   20.3  1892   20.8  1949   21.5  1985    57.0  1919    44.4  1967    46.1  1988    53.6  1970   186.6  1935
   21.3  1904   18.3  1918   18.1  1963   16.1  1986   16.3  1916   14.9  1916   15.9  1956   17.9  1902   16.7  1930   20.3  1901   20.8  1950   21.3  1974    56.6  1966    44.1  1959    45.6  1998    53.5  1963   186.3  1967
   21.2  1970   18.2  1950   18.0  1959   16.0  1992   16.2  1973   14.7  1936   15.8  2008   17.8  1963   16.6  1976   20.2  2023   20.8  2019   21.1  1922    56.1  1939    44.1  1934    45.5  1928    53.4  1928   186.1  1936
   21.2  1919   18.2  1900   17.8  1987   16.0  2016   16.1  1910   14.6  1896   15.6  1942   17.7  1948   16.6  1965   20.1  1929   20.7  1986   21.1  1979    56.1  1970    43.9  2023    45.4  1980    52.8  1934   186.0  1999
   21.2  1906   18.1  1906   17.6  2019   15.9  1923   15.9  1920   14.4  1954   15.6  1891   17.6  1926   16.6  1903   19.9  2001   20.6  1954   20.9  1909    56.1  1935    43.8  1921    45.3  1943    52.4  1926   185.9  1918
   21.1  1937   18.1  1922   17.5  1982   15.4  1901   15.8  1894   14.2  1894   15.6  1912   17.6  1907   16.6  1983   19.9  1898   20.4  1977   20.9  1998    56.1  1957    43.7  1999    44.8  2017    52.2  1913   185.9  2017
   20.9  1913   18.0  1970   17.4  2017   15.3  1909   15.8  2011   14.2  1965   15.4  1923   17.5  2023   16.4  1892   19.8  1896   20.4  2006   20.8  2021    56.0  1974    43.5  1969    44.1  1905    52.2  1927   184.7  1925
   20.9  1899   17.9  2007   17.3  1928   15.1  1977   15.7  1903   14.2  1955   15.4  1903   17.4  1982   16.4  2023   19.8  1980   20.4  2023   20.8  1945    54.7  1913    43.4  1924    43.9  1953    52.1  2006   184.7  1914
   20.5  1969   17.9  1898   17.3  1930   15.1  1979   15.6  1966   14.1  1924   15.4  1974   17.4  1971   16.1  1961   19.5  1996   20.1  2017   20.7  1949    54.6  1977    43.2  2018    43.5  1903    51.7  1980   184.7  1926
   20.4  1983   17.6  2011   17.2  2001   15.0  1930   15.5  1908   14.0  2011   15.4  1965   17.1  2020   16.0  1995   19.4  2006   19.9  1947   20.6  1951    54.1  1961    43.1  1899    43.4  1965    51.7  1961   184.2  2024
   20.2  1978   17.6  1989   17.2  1986   14.9  2018   15.4  2009   14.0  1938   15.1  1893   17.0  2019   15.9  1980   19.1  1949   19.8  1969   20.6  1952    54.1  1936    43.1  1909    43.1  1957    51.3  1896   184.2  1958
   19.9  2007   17.5  1914   17.1  1995   14.8  1894   15.4  1993   14.0  2017   14.9  1926   17.0  2015   15.8  1952   19.1  2012   19.7  1984   20.6  1978    53.7  1975    42.9  1940    43.1  1902    51.0  1900   182.6  1906
   19.9  1952   17.5  1908   17.1  1977   14.8  1919   15.3  1963   14.0  1905   14.8  1998   17.0  2001   15.8  1975   19.0  2008   19.7  1895   20.5  1980    53.7  1948    42.8  1891    42.9  1900    50.8  2012   182.6  1913
   19.8  1895   17.4  1994   17.0  1937   14.7  2023   15.3  1997   13.6  1898   14.6  1970   16.7  1928   15.8  1932   19.0  1966   19.6  1914   20.5  1930    53.0  1978    42.7  2001    42.9  1926    50.6  1929   182.2  1948
   19.8  1951   17.3  1980   16.7  1957   14.6  1965   14.9  1942   13.6  1943   14.5  1944   16.6  1898   15.8  1962   18.7  1989   19.5  1916   20.4  2013    52.8  1984    42.7  1998    42.8  1966    50.3  2020   182.0  1891
   19.6  1962   16.8  1933   16.6  1917   14.6  1951   14.7  1921   13.4  1947   14.5  1993   16.5  1895   15.7  2011   18.5  1974   19.5  1979   19.7  1895    52.8  1930    42.7  1927    42.6  2015    49.8  1987   181.9  1946
   19.4  1971   16.5  1969   16.2  1991   14.5  1934   14.6  1949   13.4  2002   14.5  1895   16.4  1986   15.7  1998   18.4  1982   19.1  1943   19.7  2006    52.8  2015    42.6  1977    42.5  1997    49.5  2008   180.4  2002
   19.2  1903   16.4  1939   16.1  1895   14.4  1937   14.5  1962   13.4  1971   14.3  1950   16.3  1957   15.7  1960   18.4  2021   18.5  1905   19.7  1954    52.5  1958    42.3  1910    42.5  1897    48.9  1940   179.9  2019
   19.2  1961   16.2  1974   16.0  1916   14.4  1985   14.4  1952   13.4  2000   14.1  2016   16.3  1900   15.6  1942   18.3  1984   18.0  1972   19.6  1925    52.5  1988    42.2  1950    42.3  1909    48.9  2013   179.5  1977
   19.0  1915   16.2  1960   15.9  1936   14.4  1939   14.2  1899   13.3  1968   14.0  2020   16.3  1938   15.5  1936   18.2  1893   18.0  1917   19.5  1936    52.4  1946    42.2  1937    42.2  1896    48.9  1979   179.0  1934
   19.0  2002   16.2  1972   15.7  1902   14.0  1904   14.1  1938   13.3  1956   13.9  1937   16.2  1962   15.3  1945   18.2  1918   17.8  2010   19.5  1984    52.2  2022    42.2  1894    41.9  1915    48.9  2004   178.1  1979
   18.9  1944   15.7  2017   15.3  1985   14.0  1948   14.0  1904   13.2  1944   13.8  2024   16.1  1980   15.2  1953   18.2  2005   17.7  1927   19.5  1960    52.2  1980    42.1  1985    41.7  2000    48.8  1946   177.9  1992
   18.8  1910   15.6  2016   15.1  1954   13.9  1924   13.8  1968   12.8  1978   13.8  1925   16.1  1892   15.2  1937   18.0  1990   17.7  1998   19.3  2018    52.1  1892    42.1  1906    41.6  1929    48.5  2001   177.5  2009
   18.6  1960   15.6  1999   15.1  1922   13.8  1962   13.7  1951   12.8  1917   13.8  2004   15.9  2009   15.2  1956   17.9  1895   17.7  2020   19.2  2019    52.0  2002    41.8  2002    41.5  1945    48.3  1977   177.3  1922
   18.5  2021   15.5  1961   14.7  1975   13.8  1947   13.7  2022   12.8  1977   13.7  1992   15.9  1997   15.2  1944   17.9  1944   17.2  1936   19.2  1946    51.7  1899    41.7  1917    41.4  2016    48.3  2005   177.0  1980
   18.4  1977   15.3  1978   14.7  1940   13.7  1972   13.6  1892   12.4  1909   13.7  1946   15.8  2004   15.0  1901   17.8  2002   17.2  1966   19.2  1907    51.1  1967    41.6  1965    41.2  1914    48.3  1952   177.0  1943
   18.4  1956   15.2  1911   14.4  1939   13.5  1917   13.2  2013   12.3  1929   13.6  1904   15.8  1988   14.8  1993   17.7  2011   17.2  2012   19.2  1924    51.1  1897    41.1  1988    41.0  1974    48.1  2011   176.6  1986
   18.4  1958   15.1  2021   14.3  1941   13.5  1927   13.2  1930   12.3  1891   13.4  2003   15.8  1896   14.7  1951   17.7  1979   17.2  1923   19.1  2009    50.9  2013    40.9  1919    40.8  1982    48.1  1924   176.6  1908
   18.4  1931   15.0  1897   14.1  1942   13.4  1989   13.1  1965   12.3  1892   13.3  1985   15.7  2000   14.7  2010   17.6  1970   17.1  1991   19.1  1891    50.9  1955    40.8  2009    40.8  1992    47.7  2010   176.1  1938
   18.3  1924   14.9  1920   14.0  1891   13.4  1926   12.9  1964   12.2  2022   13.2  1991   15.7  1922   14.7  1987   17.5  1913   17.1  1892   19.1  1982    50.8  1950    40.6  2014    40.5  2019    47.5  1907   175.8  1939
   18.3  2013   14.9  1946   13.9  1972   13.4  1964   12.8  2024   12.1  1999   13.1  1948   15.7  1952   14.6  2012   17.4  1933   17.0  2003   19.0  1921    50.5  2012    40.5  1987    40.4  2004    47.1  1994   175.6  1988
   18.3  1892   14.7  1892   13.9  2004   13.3  1991   12.7  1914   12.0  1939   13.1  1975   15.6  1979   14.5  1926   17.3  1983   16.7  1907   18.9  1906    50.1  1928    40.4  1898    40.0  1923    46.9  1968   174.8  1981
   18.2  2023   14.6  2001   13.9  1965   13.2  2009   12.6  1999   12.0  1897   13.0  1963   15.6  1915   14.5  1948   17.1  1942   16.7  1976   18.9  1956    50.1  1908    40.2  2005    39.8  1991    46.7  1996   174.6  1982
   18.1  1957   14.3  1928   13.7  2015   13.1  1996   12.6  1933   11.9  2003   13.0  1966   15.5  1906   14.5  2018   17.0  1924   16.5  1894   18.9  1897    50.0  1941    40.2  1922    39.7  1944    46.7  1906   174.4  1897
   18.0  1968   14.2  1955   13.6  1933   12.9  1968   12.4  1985   11.7  1959   12.8  1959   15.1  1904   14.4  1947   16.8  1950   16.4  1891   18.7  1928    50.0  2001    40.1  2000    39.6  2011    46.6  1911   173.0  2011
   18.0  1916   14.1  1903   13.5  2026   12.9  1916   12.2  1954   11.7  1911   12.8  1967   14.9  2006   14.4  2005   16.8  1952   16.4  1903   18.7  2014    49.8  1893    40.0  1993    39.4  1892    46.5  1949   172.2  1965
   17.9  1934   14.0  1940   13.5  1999   12.8  1953   12.0  2000   11.7  1933   12.7  1978   14.8  2017   14.3  1919   16.7  1943   16.3  2008   18.6  1950    49.7  1952    40.0  1904    39.4  1951    46.4  1999   172.0  1909
   17.7  1972   13.9  1936   13.2  1901   12.8  1908   11.9  2016   11.6  1952   12.6  2000   14.8  1961   14.2  2022   16.5  1977   16.2  1965   18.5  1904    49.4  1945    39.8  2016    38.7  1893    46.4  1909   171.8  1932
   17.5  1959   13.9  1992   13.1  2020   12.8  2002   11.6  1988   11.6  1953   12.6  1910   14.7  1931   14.1  1893   16.3  1968   16.2  1930   18.3  1964    49.4  1969    39.3  1968    38.7  1987    46.0  2009   171.6  1952
   17.4  1932   13.7  1899   13.1  1998   12.7  2004   11.6  2017   11.6  1922   12.4  1986   14.5  1999   14.1  2008   16.0  1988   16.1  1967   18.1  1935    48.5  1938    39.0  1952    38.5  1978    45.9  1951   171.3  1902
   17.2  1912   13.6  1996   12.9  1966   12.7  1952   11.6  1974   11.6  1937   12.2  1973   14.4  1901   13.6  2004   15.7  2025   16.1  2014   18.1  1938    48.5  1906    39.0  1912    38.4  1971    45.7  1936   171.2  1917
   17.1  1942   13.5  1927   12.8  1907   12.6  1900   11.6  1917   11.3  1974   12.1  2002   14.3  1974   13.5  1897   15.6  1963   16.1  1981   18.0  1972    48.2  1901    38.8  1978    38.3  1895    45.6  1901   171.2  2004
   17.1  1998   13.3  1948   12.8  1971   12.6  1949   11.5  2005   11.3  2008   12.0  2021   14.3  1967   13.3  2001   15.5  1992   16.0  1980   17.9  1967    48.1  1933    38.6  1896    38.3  2014    45.3  2002   170.9  2016
   16.9  1955   13.1  1973   12.7  1911   12.5  1987   11.5  1946   11.3  1950   12.0  1908   14.2  2011   13.1  1955   15.5  1986   16.0  2013   17.5  1977    48.0  1956    38.5  1926    37.4  1942    45.2  2015   170.6  1963
   16.9  1965   13.0  1982   12.6  1968   12.4  1896   11.4  1996   11.3  1964   11.9  1933   14.2  1953   13.1  1938   15.4  2024   15.9  1975   17.4  2002    47.6  1981    38.2  1962    37.3  1918    45.1  1895   170.5  1915
   16.8  2020   13.0  1943   12.5  2010   12.3  1895   11.4  1934   11.0  1901   11.9  1896   13.9  1914   13.1  1973   15.4  1959   15.8  2005   17.4  1899    47.5  1924    38.0  1964    37.2  1916    45.1  1966   170.4  1892
   16.8  1923   13.0  2018   12.4  1967   12.2  1955   11.4  1912   11.0  2013   11.4  1997   13.8  1965   13.0  1963   15.4  1925   15.7  1906   17.4  1958    47.2  2010    37.9  1945    37.1  1941    44.8  1893   170.1  1904
   16.8  1946   12.9  1988   12.4  1906   12.1  1936   11.3  1900   10.9  2005   11.4  2011   13.8  1994   12.7  1988   15.4  1902   15.7  1971   17.3  2025    47.2  2004    37.8  1942    37.1  1962    44.6  2024   170.1  1937
   16.7  1979   12.9  2010   12.2  2005   12.1  1915   11.3  1994   10.9  2004   11.3  2001   13.7  2024   12.7  1970   15.4  1991   15.7  1952   17.3  1983    46.9  1911    37.7  2019    37.1  1904    44.4  1948   170.0  1993
   16.7  1901   12.9  1905   12.2  2002   12.0  2006   11.1  1943   10.7  1970   11.3  2025   13.6  2010   12.6  1940   15.3  1958   15.7  1978   17.2  1893    46.9  1902    37.7  2021    36.9  1970    44.3  1925   169.6  1985
   16.6  1947   12.6  1967   12.2  2009   11.9  2014   11.0  1929   10.6  1919   11.2  1980   13.6  1939   12.6  1902   15.2  2010   15.4  1995   17.1  1898    46.9  1983    37.4  2015    36.8  1986    43.3  1902   169.4  2006
   16.2  1981   12.2  2015   12.1  2007   11.8  1928   11.0  2008   10.6  1960   11.2  1929   13.6  1893   12.4  1922   15.1  1894   15.3  1902   17.1  1940    46.9  1903    37.3  2003    36.5  1993    43.3  1991   169.4  1896
   16.1  2012   12.0  1907   12.0  2014   11.8  1902   11.0  1897   10.4  1993   11.1  1941   13.6  1908   12.3  2006   15.0  1948   15.3  1932   17.1  2022    46.8  1979    37.2  1955    36.5  1972    43.2  2021   168.5  1944
   15.9  2003   11.9  1987   12.0  1952   11.8  1973   10.9  1941   10.4  1926   11.1  1892   13.5  2018   12.3  1920   14.9  1939   15.2  2001   17.0  1973    46.5  1986    37.1  1936    36.3  2001    43.0  1931   168.3  1947
   15.8  2005   11.9  2025   11.9  1904   11.7  1969   10.9  1940   10.3  1913   11.0  1962   13.5  1996   12.1  1982   14.8  1994   15.2  1941   17.0  1894    46.2  1898    37.1  1973    36.3  2025    43.0  1995   168.2  2001
   15.7  1982   11.8  1953   11.9  2016   11.6  1978   10.8  1995   10.1  1906   10.8  1945   13.3  1916   12.1  1913   14.8  1964   15.2  1953   16.8  1969    46.1  1927    37.0  1949    36.3  2002    43.0  1905   168.0  1978
   15.6  1967   11.7  1949   11.8  1923   11.4  1990   10.8  1893   10.1  1981   10.7  1987   13.0  1966   11.9  1909   14.7  1940   15.1  1973   16.7  2024    45.6  2008    37.0  1928    36.0  1935    42.9  1939   167.5  1919
   15.6  1991   11.6  1976   11.8  2021   11.3  1960   10.7  1937   10.0  1893   10.7  2005   13.0  1978   11.9  1917   14.5  1957   15.1  1985   16.7  1997    45.5  1907    36.8  1989    35.8  1934    42.7  1958   167.3  2007
   15.4  1902   11.5  2019   11.8  1964   11.2  1911   10.6  1915    9.9  1962   10.7  1900   12.8  1969   11.8  1979   14.4  1926   15.1  1898   16.7  1948    45.2  1947    36.8  1901    35.7  2024    42.3  1990   167.2  1957
   15.2  2010   11.2  1944   11.6  1932   11.2  2019   10.5  1953    9.9  1969   10.6  1943   12.6  1989   11.7  2013   14.3  1912   14.9  2018   16.5  1932    45.2  1914    36.6  1975    35.7  1906    41.5  1898   166.8  1983
   15.2  2009   11.2  1984   11.6  1894   11.1  1891   10.5  2010    9.9  2014   10.6  1905   12.5  1945   11.6  2021   14.2  1999   14.9  2007   16.5  1990    44.7  1918    36.3  1939    35.4  2010    41.5  1947   166.1  1990
   15.2  1918   11.0  1981   11.4  1960   11.1  1918   10.5  1971    9.7  2023   10.3  1928   12.1  2016   11.6  1911   14.1  2017   14.8  1948   16.3  1944    44.5  1982    35.7  2012    35.1  1901    41.4  1953   166.1  2021
   14.9  1925   10.7  1991   11.3  1925   10.9  1944   10.4  1977    9.6  1989   10.2  1981   12.1  1911   11.4  1977   14.1  1911   14.6  2011   16.1  1937    43.9  1968    35.5  2004    34.6  1952    41.3  1965   165.5  1961
   14.8  1933   10.6  1919   11.1  1950   10.7  1906   10.2  1957    9.5  1914   10.1  1921   12.0  1944   11.2  1904   14.1  2009   14.5  1921   15.9  1916    43.9  1962    35.4  1941    34.6  1908    41.3  1899   165.4  1905
   14.8  2025   10.6  2004   10.8  1976   10.7  1898   10.2  1987    9.4  1983   10.0  1902   11.7  1909   11.2  1978   13.7  1927   14.5  1918   15.8  1903    43.9  1954    35.2  1996    34.5  1898    41.2  1914   164.6  1945
   14.7  2011   10.2  2005   10.6  1996   10.4  1943   10.0  1918    9.3  1930   10.0  1906   11.6  1970   11.0  2007   13.6  1956   14.3  1962   15.7  1981    43.8  1972    35.0  1935    34.2  1990    41.1  1957   164.6  1901
   14.7  1893   10.2  2006   10.4  2013   10.3  2013    9.7  1992    9.3  1994   10.0  1994   11.6  1993   10.9  1990   13.6  1905   14.3  1912   15.6  1957    43.6  1987    34.9  2017    33.8  1967    40.9  1983   164.6  2018
   14.6  1907   10.1  2003   10.3  1997   10.2  1941    9.7  2012    9.1  1934    9.9  1961   11.5  1977   10.9  1905   13.6  1941   14.2  1999   15.3  2003    43.5  2019    34.0  2013    33.1  1994    40.9  1975   164.2  1972
   14.5  2024    9.9  1962   10.3  2000   10.1  1903    9.4  1959    9.0  1908    9.8  1964   11.5  1968   10.8  1991   13.4  1910   14.2  1994   15.1  2007    43.5  2003    33.9  1958    32.7  1968    40.7  2014   163.1  2022
   14.5  1945    9.7  1902   10.2  1974   10.1  2003    9.1  1948    8.9  1951    9.7  1901   11.4  1919   10.7  1931   13.4  1915   14.1  2004   14.9  1941    43.4  2025    33.7  1933    32.6  1961    40.7  1894   162.9  1959
   14.4  1949    9.7  1971   10.1  1898    9.9  1945    9.1  1927    8.8  1915    9.7  2014   11.3  2021   10.4  1914   13.1  2003   14.1  1919   14.9  1989    42.8  1991    33.7  1995    32.4  1933    40.5  1908   162.3  1899
   14.3  1897    9.5  1979   10.0  1990    9.1  1914    9.0  1936    8.8  2009    9.5  1995   11.2  1949   10.2  1916   13.0  1936   14.1  1987   14.6  1962    42.8  1949    33.6  1895    32.4  1947    40.2  1973   162.0  1987
   14.3  1976    9.5  1938    9.9  1962    9.1  2022    9.0  2018    8.7  1918    9.3  1917   11.1  1918   10.0  2020   12.2  1955   14.0  1964   14.6  1976    42.7  1973    32.7  1991    32.3  1925    40.0  1997   161.3  1942
   14.2  1941    9.4  1913    9.8  1949    9.0  1946    9.0  2019    8.7  1957    9.3  1996   10.9  2013    9.8  2003   12.0  1973   13.8  1961   14.5  1920    42.6  2017    32.6  1900    32.3  1937    39.9  2003   161.1  1969
   14.1  1909    9.4  1964    9.6  2003    8.7  1942    8.8  2004    8.6  1996    9.3  1972   10.9  1964    9.7  2015   12.0  1920   13.7  2016   14.4  1931    42.5  1905    32.5  1976    32.0  1964    39.8  2018   160.9  1898
   13.8  1980    9.3  2013    9.6  1958    8.7  1956    8.7  1950    8.5  1903    9.0  1919   10.8  2002    9.7  1964   11.7  1995   13.4  1990   14.4  2004    42.2  1989    32.5  1954    31.9  1999    39.5  1942   160.4  1940
   13.7  2001    9.3  1947    9.2  1969    8.3  1988    8.6  1922    8.4  1904    9.0  1916   10.4  1973    9.6  1985   11.5  1993   13.2  2021   14.4  1961    42.1  1998    32.1  1961    31.6  1959    39.5  1956   160.3  2013
   13.6  2017    9.2  2012    9.2  1899    8.3  2025    8.5  2001    8.3  1988    9.0  1899   10.3  1984    9.5  1900   11.5  1971   13.1  1908   14.3  1947    41.8  1909    32.1  1948    31.5  1921    39.0  1910   159.5  1895
   13.6  1914    9.2  1952    9.2  1956    8.3  1921    8.4  1944    8.2  2024    8.9  1951   10.3  1920    9.1  1894   11.5  1899   12.8  1968   14.1  1913    41.7  2023    31.9  1911    31.4  1996    39.0  1919   158.6  1956
   13.6  1985    9.2  1975    9.1  1973    8.2  1892    8.3  1978    8.0  1986    8.4  1934   10.3  1913    9.0  1989   11.2  1914   12.5  1893   13.7  1892    41.7  1971    31.8  1982    31.2  2005    38.8  1986   158.0  1962
   13.5  1908    9.0  2008    9.0  1948    8.0  1967    8.2  1901    8.0  2001    8.2  1913   10.2  2007    8.9  1915   11.0  1953   12.4  2024   13.5  1902    41.4  1993    31.7  2022    31.1  1919    38.8  1989   157.8  2005
   13.2  1989    8.7  2009    8.9  2022    7.7  1981    8.1  1984    7.9  1961    8.1  1897   10.2  1990    8.9  1928   10.7  1937   11.8  1993   13.3  1987    41.2  1944    31.6  1915    31.0  1977    38.6  1962   157.4  1968
   12.9  2000    8.7  1917    8.9  1915    7.5  1933    8.1  1935    7.8  1984    8.1  2018   10.2  1998    8.9  1966   10.6  1919   11.8  1925   13.3  2016    40.9  1921    31.3  2007    30.8  2021    38.4  1964   157.3  1929
   12.8  1954    8.7  1901    8.7  1892    7.3  1929    8.1  1982    7.5  1899    8.0  1968   10.1  2025    8.8  1997   10.4  1908   11.5  1909   12.8  2008    40.8  2011    31.0  1997    30.2  1932    38.1  1993   157.2  1893
   12.7  2022    8.5  1929    8.7  1918    7.2  2010    8.0  1919    7.5  2021    7.9  2019   10.0  1987    8.8  1969   10.3  2018   11.2  1904   12.7  1970    40.6  1953    30.5  1892    29.4  2013    38.0  1959   156.5  2025
   12.7  1891    8.3  1998    8.6  1900    6.9  2015    8.0  1911    7.4  1895    7.6  1971    9.6  1975    8.3  1933   10.2  2015   11.1  1924   12.6  1992    40.4  2005    30.5  1960    29.2  2003    37.7  1988   156.3  1911
   12.7  2019    8.0  1968    8.6  1945    6.9  2020    7.9  2025    7.3  1979    7.5  2006    9.6  2005    7.5  1921   10.2  1997   11.1  1989   12.4  2001    39.9  1985    30.2  2010    29.0  1973    37.3  2016   155.3  1984
   12.4  1996    7.9  1963    8.3  1946    6.3  1958    7.9  1928    7.1  2015    7.5  2013    9.4  1899    7.5  1895   10.1  1931   11.1  1897   12.4  1968    39.8  1965    30.2  1957    29.0  2006    35.6  1969   154.2  1941
   12.2  1966    7.4  1983    8.3  1926    6.2  1982    7.8  1960    6.8  1992    7.4  1990    9.3  1935    6.8  1971   10.1  1945   11.1  1934   12.2  1995    39.7  1895    30.0  1953    28.8  1913    35.1  2007   154.2  1949
   11.8  1950    6.9  1924    8.3  1993    6.2  1971    7.5  1939    6.7  1967    7.3  1952    9.3  1936    6.7  1929    9.5  1921   10.8  1922   12.1  2005    39.6  1959    29.7  1918    28.3  1969    35.0  1920   154.1  1997
   11.6  1973    6.9  1896    8.3  1984    6.0  2017    7.5  1956    6.6  2006    7.3  1976    8.8  1933    6.6  1898    9.3  1904   10.8  1920   11.9  1953    38.5  1942    29.5  1971    28.2  1979    34.7  1937   153.2  1995
   11.2  1905    6.8  1985    7.9  1910    5.8  2011    7.4  1998    6.4  1973    7.3  1949    8.8  1972    6.5  1949    9.2  1975   10.8  1899   11.5  1988    38.3  1996    29.4  1943    27.8  1940    34.7  1955   152.3  1921
   10.2  1935    6.5  1942    7.9  1943    5.7  1995    7.4  1909    6.0  1923    7.2  1935    7.9  1932    6.1  1996    9.1  2007   10.7  1956   11.2  1917    36.7  2009    28.8  1946    27.6  1911    34.7  1978   151.7  1955
    9.7  1940    6.4  2023    7.7  1935    5.3  1997    7.0  1961    5.8  1940    6.9  1982    7.9  1991    6.1  1906    9.0  1897   10.3  1901   11.1  1943    36.0  1929    28.5  1980    27.2  1989    34.3  1912   150.6  1991
    9.4  1898    6.2  1956    7.3  1924    5.2  1954    6.9  1970    5.5  1941    6.7  1977    7.5  2022    5.9  1907    8.6  1962   10.2  1958   10.5  1939    35.8  1976    27.9  2011    27.2  1975    34.0  1933   149.9  2010
    8.8  1929    5.1  1909    7.3  1931    5.1  1976    6.4  1980    5.5  1995    5.9  1984    7.2  1983    5.8  2009    8.4  1965   10.1  1915   10.5  1927    35.4  1896    26.5  1990    27.1  2018    34.0  1971   148.4  1989
    8.7  1896    5.1  1993    6.7  1955    5.0  2021    6.4  2023    5.5  2018    5.9  2022    7.0  1959    5.7  1912    8.2  1985    9.4  1955    9.9  1975    34.3  1940    25.4  1956    26.1  1981    33.8  1941   148.1  1973
    8.6  2006    5.0  1930    6.6  1953    3.5  1984    5.8  1975    5.3  1949    5.6  1969    7.0  1955    5.6  1939    7.8  1972    8.9  1988    9.9  1971    32.8  1917    25.2  1944    26.0  1899    33.6  1897   148.0  1996
    8.4  1911    4.8  1959    6.6  1893    3.4  1957    5.2  1895    5.2  2010    5.5  1983    6.9  1937    5.0  1941    7.8  1978    8.9  1937    9.5  1926    32.8  1932    24.8  1974    25.6  2022    32.9  1985   147.8  2003
    8.3  1917    4.5  1965    6.3  2011    3.3  1912    5.2  1989    4.6  1932    5.4  1979    5.8  1981    5.0  2002    7.5  1946    8.3  1933    9.2  1905    32.6  1997    23.1  2020    25.2  1955    32.4  1915   147.2  1953
    8.2  1953    2.9  1895    6.2  1938    3.0  1893    5.1  1990    4.5  1975    5.3  1999    5.0  1940    4.5  1972    7.2  1947    7.6  1957    8.7  1996    30.8  2006    22.6  1938    24.0  1984    31.7  1904   146.9  1975
    7.9  1987    2.1  1921    6.1  2012    3.0  1980    5.0  1905    4.4  1976    5.1  1989    3.9  2003    3.8  1910    7.0  1969    7.0  1983    8.5  1991    29.4  1992    22.4  1929    23.8  1949    31.6  1921   144.0  1964
    7.8  1964    2.0  1934    5.9  1944    2.9  1974    3.2  1991    3.0  1942    4.3  1898    3.7  1995    3.6  2014    6.8  2016    6.9  1942    8.5  2010    28.3  1963    21.0  2025    22.2  1983    31.3  1945   143.2  1976
    7.0  1992    1.7  1986    5.4  1961    2.9  2007    3.1  2020    2.8  1921    4.0  1955    3.0  1947    2.6  1986    6.4  1951    6.5  1896    7.1  1933    27.0  1934    20.4  1893    18.7  1995    30.4  1972   140.8  1971
    5.8  1963    1.0  1891    4.8  2025    2.3  1938    2.8  1896    0.6  1925    3.8  1911    2.4  1976    1.8  1959    5.1  1922    6.0  1945    6.5  1963    23.7  1964    20.0  1984    14.1  1976    28.3  1922   138.8  1933
    4.2  1997    0.9  1932    4.0  1929    ---  2026    ---  2026    ---  2026    ---  2026    ---  2026    ---  2026    ---  2026    ---  2026    ---  2026     ---  1891     ---  2026     ---  2026     ---  2026     ---  2026
