Areal values from HadUK-Grid 1km gridded climate data from land surface network
Source: Met Office National Climate Information Centre
Monthly, seasonal and annual total precipitation amount for Wales
Areal series, starting in 1836
Last updated 01-Apr-2026 11:34
    jan  year    feb  year    mar  year    apr  year    may  year    jun  year    jul  year    aug  year    sep  year    oct  year    nov  year    dec  year     win  year     spr  year     sum  year     aut  year     ann  year
  297.4  1948  295.3  2020  287.5  1981  195.2  1920  213.9  2021  218.6  2012  246.7  1939  275.2  1917  279.1  1918  326.4  1903  333.8  1929  334.1  2015   725.4  2016   498.5  1920   574.7  1879   739.0  2000  1986.4  1872
  267.3  1928  267.7  2002  245.8  1947  171.6  1913  184.2  1967  208.3  1860  226.4  2009  248.1  1912  255.5  1866  313.5  1967  321.1  1852  319.0  1965   724.3  2014   462.4  1981   534.2  1912   694.1  1954  1885.9  2000
  267.2  1974  261.0  1923  215.9  1903  169.2  2012  164.9  2006  192.5  1998  216.3  1839  241.2  1860  245.5  1950  284.5  2000  318.7  2009  301.9  1929   713.9  1995   459.9  1947   520.7  1860   663.7  1872  1783.2  1852
  257.9  2014  241.6  2014  212.9  1912  162.3  1998  158.2  1969  185.4  1879  204.3  2007  235.1  1879  240.1  1974  280.0  1998  290.7  1960  297.1  1868   689.7  1990   454.9  1913   508.1  2012   628.0  1960  1766.1  1954
  255.3  1990  229.0  1990  210.5  2023  153.5  2000  156.9  1886  168.1  2007  198.4  1920  231.1  1992  236.4  1981  272.8  1870  287.2  2000  296.6  1993   658.7  1869   418.6  1979   497.8  1927   612.6  1935  1757.3  1903
  250.9  1995  225.7  1950  198.9  1994  152.9  1961  154.3  1979  161.5  1928  198.0  1880  223.3  1927  235.2  1869  261.9  1916  279.9  1940  283.2  1934   648.6  2024   407.2  2006   488.3  1839   603.8  1967  1746.7  2020
  250.9  1999  224.8  1997  189.2  1913  146.7  1867  153.5  1878  159.4  1872  195.4  1888  216.7  1950  230.7  1958  259.5  1954  277.5  1954  276.1  1979   635.7  2021   397.0  2024   463.5  1882   602.3  1852  1725.3  2023
  250.5  1988  224.4  1977  187.0  1919  142.9  1966  152.7  1942  157.9  1912  189.3  1936  213.3  1985  229.5  1957  259.5  1987  269.5  1842  272.1  1986   626.5  1994   391.5  1994   463.0  1985   600.2  1903  1723.5  1877
  246.2  2008  219.7  1925  186.4  1998  142.5  1882  149.2  2002  150.8  1955  180.7  1988  207.0  1891  217.1  1896  257.0  1891  267.5  1931  271.7  1915   626.1  2020   388.7  1886   448.0  2007   598.1  1981  1721.3  1960
  245.0  1851  215.4  2024  182.7  1920  142.3  1935  146.9  1924  147.5  1838  179.8  2023  206.3  1852  212.2  1935  257.0  2004  267.0  1939  270.9  1994   622.3  1960   385.1  1963   446.6  2020   594.2  2025  1714.9  1998
  243.8  2016  208.0  1937  181.1  1836  141.9  1970  144.5  1983  147.3  1907  178.2  1882  195.1  1956  207.8  1976  252.9  1843  261.1  1970  270.9  1959   619.3  1915   381.4  1998   441.5  1852   591.5  1929  1702.4  2012
  237.0  1872  205.7  2022  178.2  1914  141.4  2001  139.9  1993  147.2  1997  168.2  1957  194.7  1903  205.6  1839  234.9  1932  258.7  2025  266.9  1911   608.1  1877   378.6  1903   434.4  2008   586.7  1984  1699.4  1882
  228.7  1930  204.8  1915  178.1  1988  138.7  2024  139.1  1955  146.7  2019  164.6  1861  191.1  1946  204.3  1999  234.0  1981  252.2  1872  266.3  2023   607.1  2007   371.1  1983   431.3  1910   579.1  2019  1665.5  2008
  227.4  1984  198.8  1958  177.2  1989  134.7  1991  136.2  1932  145.4  1852  163.9  1871  189.7  2008  196.0  1946  230.8  1923  251.6  1951  264.9  2012   583.1  1966   370.4  1986   431.0  1848   566.2  1944  1656.6  2024
  226.9  1877  192.1  1995  177.1  1979  134.3  1850  136.1  1925  145.3  1985  160.2  1924  186.7  1878  193.7  2025  230.6  1872  250.5  1963  262.9  2020   578.9  1937   366.7  1972   431.0  1888   563.7  1841  1648.3  1928
  226.5  1975  180.6  1848  176.9  2019  134.2  1846  135.0  1865  144.4  1839  158.6  2010  186.6  1877  193.4  2019  229.9  1909  250.5  1926  262.5  1914   573.6  1974   356.4  1862   430.3  1917   558.3  1998  1640.7  1999
  226.3  1899  179.6  1966  175.3  1963  134.0  1843  134.9  2015  144.2  1935  154.2  1879  184.4  2020  190.1  1841  228.7  2008  245.9  2015  261.6  1999   567.2  1925   352.1  1951   419.7  1877   552.9  2023  1634.4  1994
  223.0  1943  178.6  2000  173.8  2006  133.5  1899  129.7  2007  142.9  1927  152.1  1922  183.5  1910  189.1  1967  226.3  1907  239.6  1986  258.5  2006   557.6  1923   346.7  1932   419.0  1939   546.6  1839  1629.2  2002
  220.8  1852  177.2  1974  172.6  1905  132.2  1858  129.6  2014  140.9  2020  150.5  2008  183.0  1848  189.0  1924  224.9  1949  238.1  1928  256.1  2000   551.4  2000   342.1  1867   418.9  1954   546.1  1982  1624.1  1841
  214.5  1873  175.7  1885  170.2  1982  129.7  1959  129.1  2003  140.1  1882  150.3  1953  179.4  1874  184.7  1885  224.9  2013  237.2  1840  243.0  1891   550.0  1980   340.7  1988   416.0  1924   541.2  1976  1617.3  1920
  214.5  1983  169.1  1922  165.4  1951  127.2  1963  127.6  1943  139.4  1948  149.3  1877  177.3  1951  184.0  1859  224.3  1928  235.4  1946  241.0  1852   549.4  1930   330.2  2023   409.2  1956   540.2  1974  1613.7  1974
  213.9  1939  169.0  1910  165.4  1897  126.6  1857  124.9  1898  138.8  1848  146.4  1895  171.2  1841  183.5  1983  219.8  2020  234.4  1877  240.8  1876   548.1  1916   329.3  2021   408.1  1950   537.3  1940  1604.6  2019
  213.3  2021  168.9  1883  161.6  2024  125.9  1972  124.8  1931  138.6  1980  144.4  1914  170.5  1962  180.9  1872  216.7  2005  231.2  2002  235.0  1919   540.9  2026   328.1  1897   404.3  1872   537.2  1930  1593.5  1967
  207.7  1998  167.4  1935  156.2  1896  125.6  1994  123.9  1986  134.6  1954  144.0  1875  169.7  1905  180.8  1863  216.5  1938  230.9  1944  235.0  1964   527.5  1883   326.1  1966   403.0  2009   531.6  1863  1572.1  1930
  205.1  1906  167.1  1916  155.1  2017  124.0  1947  122.3  1972  133.7  1982  143.9  1960  169.5  1845  180.3  1883  216.4  2023  226.3  1982  226.8  1872   524.1  2002   322.2  2019   401.1  1946   531.4  1875  1570.1  1927
  204.7  1993  165.5  1869  154.0  1980  123.6  1949  121.4  1981  133.1  1972  143.6  1853  167.5  1924  178.0  1984  215.2  2021  225.2  1836  224.9  2013   523.1  1899   321.3  1857   400.8  1931   524.7  1950  1568.8  1986
  204.6  1866  164.5  1893  153.3  1886  123.2  1932  120.6  1920  131.4  2016  143.0  1872  167.1  1865  174.1  1876  212.4  1906  225.2  1992  224.3  1910   519.7  1943   320.8  1969   389.0  1861   523.8  1885  1568.6  2015
  203.3  2007  163.9  1989  151.4  1851  122.7  1889  120.5  1906  130.8  2017  142.9  1932  165.5  1900  173.0  1927  211.8  1886  223.3  1888  223.8  1918   518.8  1910   320.4  1942   387.5  1928   520.9  1891  1567.3  1950
  203.2  1890  163.7  1872  150.8  1859  122.5  1999  119.6  1958  129.6  1946  139.6  1855  165.5  1881  172.4  1968  211.7  1976  221.2  1984  220.0  1924   517.5  1946   318.7  1905   386.0  1891   518.7  1918  1567.1  1924
  202.0  1932  163.4  1945  149.7  1842  121.5  1962  116.1  1869  129.3  1987  139.2  1958  164.2  1921  171.5  2017  211.2  1961  217.9  1959  217.6  1966   516.5  1920   317.7  2000   384.1  1992   514.0  1928  1564.5  1946
  198.2  2023  163.2  1884  147.3  2008  121.3  1871  115.6  1997  128.9  1931  138.6  1938  161.6  1897  167.3  2000  209.9  1930  213.2  1890  216.9  1978   514.1  1948   316.4  2018   382.3  1845   513.1  1883  1558.5  1923
  198.1  1960  162.9  1967  147.0  1987  121.0  1859  114.9  1973  128.2  1910  138.0  1915  161.1  1986  167.3  1965  209.3  1863  212.6  1882  214.9  1985   511.0  1999   316.2  2001   382.2  1988   512.8  1923  1556.1  1948
  197.6  1938  162.6  1876  141.7  1921  120.8  1862  113.3  2013  127.5  1945  136.6  1956  159.7  1957  165.8  1962  208.0  2019  210.9  1938  214.4  1847   510.5  2008   315.9  1992   381.6  1957   512.5  2022  1551.0  2014
  196.7  1875  162.6  2026  141.0  1927  118.8  1985  112.5  1996  127.4  1971  136.4  1918  157.8  1948  161.2  1903  207.3  2001  210.6  1838  214.3  1948   508.8  1872   315.2  2002   380.0  1958   511.4  2008  1549.6  1982
  196.4  1986  159.8  1946  140.9  2018  116.6  1993  108.0  1894  127.2  1936  135.0  1954  157.1  2004  161.2  2024  206.6  1917  210.1  2022  211.6  1897   506.5  1935   314.7  1968   378.5  1920   510.1  1870  1543.6  1886
  196.2  1869  159.6  2021  139.6  1992  116.3  1983  107.7  1916  127.0  1855  133.8  1930  156.8  2012  161.1  2023  204.2  1929  206.4  1977  211.1  2011   503.5  1984   312.5  1877   378.2  1948   507.3  1970  1543.5  1912
  195.4  1994  157.5  1914  137.7  1957  116.2  1905  106.8  1966  125.2  1965  132.7  2012  156.4  1941  157.1  1954  204.2  1935  198.0  2006  208.3  1909   502.3  1928   312.2  1967   374.8  1841   506.4  1886  1543.1  1839
  192.7  2004  156.7  1900  134.5  1986  115.4  1897  106.7  1945  120.9  1938  132.4  1974  156.2  1971  156.6  1960  200.3  1847  196.8  1997  208.1  1841   499.1  1988   311.7  1924   373.1  1875   503.8  2005  1541.1  1951
  188.4  1921  156.5  1980  134.4  1872  115.1  2018  106.1  1862  120.2  1866  131.5  1927  155.7  1988  154.8  2008  199.6  2002  196.2  1935  207.2  1896   494.8  1873   311.5  1882   371.0  1938   503.4  1877  1538.5  1981
  187.7  2015  156.0  1928  133.2  1908  115.1  1950  105.8  1877  119.0  1963  130.9  1908  153.6  1930  153.6  1875  194.3  1862  194.1  1839  205.4  1989   490.2  1912   310.5  1955   369.6  1838   502.6  1987  1526.9  1848
  186.1  1946  154.5  1904  131.4  1991  114.7  2005  104.0  1860  118.4  1853  128.7  1886  153.1  1898  153.1  1943  193.1  1944  191.9  1969  202.7  2025   488.7  1939   308.4  1889   369.1  1907   501.3  1836  1516.8  1891
  186.0  1962  154.5  1881  131.3  1978  112.0  1986  103.7  1968  118.2  1991  128.6  1926  150.2  1873  152.5  2010  191.2  1980  189.6  1875  201.9  1900   488.1  1967   307.8  1908   366.8  1998   500.7  2009  1514.5  1910
  185.6  1884  153.4  1960  129.6  1895  110.7  1931  103.4  1988  116.4  1958  128.2  1912  149.3  1954  152.1  1930  189.6  1885  189.2  1861  200.9  1972   488.0  2001   306.1  1999   366.8  1853   492.6  2004  1508.8  1966
  183.3  1937  149.2  1866  129.5  1862  110.5  1848  102.6  1949  114.2  1883  127.9  1862  149.0  1952  151.8  1864  189.1  1996  187.7  1841  196.4  1880   481.4  2013   306.0  1989   363.1  2017   491.7  1938  1497.5  2021
  182.7  1920  148.0  1970  128.3  1868  110.3  1909  100.1  1891  114.0  2025  125.9  1940  146.1  1931  151.4  1982  188.3  1875  185.9  1881  196.1  2024   474.8  1977   304.9  1859   361.0  1936   490.3  1916  1497.1  1965
  182.4  1883  147.5  2016  126.4  1848  110.1  1901   99.6  1838  113.4  1863  125.9  1950  146.0  1908  149.7  1874  188.0  2006  185.4  2005  195.9  1886   474.0  2004   302.2  1919   355.1  1903   490.2  1882  1496.8  2009
  182.3  1913  145.3  2007  125.9  1860  107.8  1924   99.5  1929  112.8  1966  125.8  1931  145.2  1882  146.9  1953  187.5  1984  185.0  1911  194.8  1942   474.0  1885   300.4  1914   353.1  1881   484.9  1876  1494.8  1979
  180.7  2002  144.1  1879  124.4  1876  107.1  1910   99.5  1843  112.2  1943  125.5  1854  144.0  2019  145.1  2004  187.2  1989  179.9  1895  194.3  1982   471.2  1848   299.0  1841   351.1  1855   481.0  1946  1494.3  1860
  179.3  1903  143.9  1837  123.7  1857  106.7  1856   98.7  1841  112.0  1968  125.0  2003  143.3  2014  145.0  1886  186.6  1855  179.6  1894  191.8  2021   468.2  1919   298.3  2008   350.9  2023   479.3  1869  1490.5  1958
  178.6  1926  142.7  1951  122.7  1884  106.7  1951   98.6  1849  111.3  1862  124.2  1836  143.1  1846  144.7  1897  186.6  1846  178.5  1910  191.0  1912   468.2  2022   296.8  1985   349.5  2019   478.2  1932  1486.9  1918
  177.7  1965  141.2  1894  122.0  1901  105.1  1849   98.6  1923  111.0  1843  124.0  1884  142.5  1928  143.9  1871  186.2  1867  178.3  1979  190.7  1951   466.2  1970   296.0  1846   347.1  1880   469.2  2006  1486.2  2004
  177.6  1971  140.4  1877  120.8  1968  104.8  1975   98.3  1962  110.0  2011  123.2  1978  140.9  1923  142.5  1956  185.9  1841  178.2  1972  189.5  1930   463.9  1983   295.9  1949   346.5  1960   467.2  1999  1485.9  2007
  177.2  1936  140.1  1852  120.7  1954  104.6  1953   98.2  1952  109.8  1851  122.9  1846  140.0  1979  142.2  1944  185.1  1933  178.0  2012  189.5  2018   462.5  1922   294.4  1860   345.6  1846   467.1  2002  1480.8  1988
  176.9  1867  136.3  1931  120.5  1841  103.0  1989   98.0  1847  108.5  1875  121.3  2020  139.8  1997  141.6  1951  182.5  1878  177.6  2019  188.3  1901   461.2  1961   293.2  1878   344.5  1878   466.4  1859  1479.5  1876
  175.6  2026  135.2  1954  120.5  1909  102.4  1992   98.0  1954  107.7  1881  121.1  2017  138.0  1999  140.5  1975  182.0  1898  177.4  1913  187.6  1936   460.8  1931   292.2  1993   344.5  1997   465.3  1980  1475.7  1957
  172.0  1970  135.1  1941  119.4  1861  101.9  1877   97.7  2000  106.3  1880  119.9  1894  137.9  1838  139.9  1879  180.7  1960  177.3  1974  184.6  2019   457.9  1894   290.9  1872   343.4  1980   464.6  1866  1472.4  1970
  170.3  1969  134.4  1994  118.6  1972  100.8  1937   96.7  1903  106.0  1836  119.6  1840  136.9  1943  138.6  1998  180.5  2022  176.6  1950  184.1  2007   456.9  1950   289.0  2014   341.8  1930   462.9  1927  1470.6  2006
  170.1  2018  133.7  1957  116.2  1977   99.8  2002   96.7  2024  105.8  1878  119.6  1910  136.7  1863  137.9  1861  179.1  1900  176.5  1883  183.7  1922   455.9  1957   288.1  1848   341.4  1971   459.2  1957  1469.9  1992
  169.6  1961  132.7  1996  116.0  1922   99.5  1960   96.5  1881  105.7  1977  119.0  1993  136.3  1888  137.0  1852  179.1  1925  176.5  1996  183.0  1884   450.9  1958   286.1  2003   340.7  1953   457.5  2012  1462.5  1977
  168.4  2009  131.3  2001  115.5  2001   99.2  1876   96.0  1907  104.8  1990  118.4  1867  135.6  1876  136.7  1856  177.9  1871  175.5  2023  179.9  1983   450.8  1866   286.1  1987   340.3  1943   457.3  1958  1461.0  1980
  167.0  2024  131.2  1939  113.8  1881   98.1  2019   95.6  1938   99.4  1993  117.6  1967  135.5  1960  135.9  1994  177.3  2014  175.3  1930  179.8  1960   448.8  1853   286.0  1899   337.5  1862   456.6  1842  1457.3  1866
  164.7  1904  130.9  1880  110.3  1866   95.0  1907   94.7  1917   99.3  1888  116.2  1841  135.3  1892  135.3  2016  176.5  1959  172.6  1949  176.2  1882   442.8  1975   284.7  1962   337.0  1908   456.1  1874  1455.6  1939
  164.3  1942  130.6  2011  110.2  1983   95.0  1930   94.1  1913   98.5  1920  115.8  1845  134.6  1925  134.6  2018  176.0  1882  168.5  1980  175.5  1955   441.9  1913   282.1  1843   333.6  1840   455.9  1949  1449.0  1931
  163.4  1968  130.0  1933  109.6  1873   94.8  1923   94.0  1889   97.0  1911  115.8  1942  134.5  1859  134.1  1923  175.4  1894  167.6  1880  174.7  1949   440.2  1884   282.0  1965   330.5  1926   453.7  1992  1446.1  1875
  163.3  1959  130.0  1918  109.3  1844   94.5  1922   93.9  2011   96.9  1845  115.6  1909  134.4  1934  133.1  1858  172.6  1940  164.4  2018  174.2  1845   439.3  1904   281.9  1991   328.3  1965   450.1  1924  1438.3  1914
  162.0  1886  125.5  1899  108.1  1928   94.1  1836   93.1  2009   95.7  1891  114.7  1851  134.4  1906  132.8  1932  172.6  1865  162.5  1947  173.7  1990   435.1  2015   281.9  1836   322.7  1873   443.9  1977  1438.3  1929
  161.4  1952  125.0  1861  107.8  1846   93.7  1853   93.1  1976   95.1  1900  113.9  2015  134.3  1942  132.7  1836  171.8  1966  160.9  1843  173.1  2002   433.2  2025   280.7  1959   321.4  2016   443.7  1926  1438.3  1836
  161.4  1957  123.8  1903  107.5  1970   92.3  1934   92.4  1965   94.6  1861  113.9  1965  134.0  1889  131.3  1973  169.9  1848  159.1  1936  171.6  1945   432.1  1991   279.8  1970   319.6  1900   440.6  1961  1428.3  1993
  160.9  1927  120.6  1906  106.7  1888   91.0  1973   92.1  1902   94.2  2008  113.1  1873  132.3  2001  131.2  1849  168.6  1874  158.4  1914  171.3  2017   431.9  1903   279.3  1909   319.6  1914   440.4  1843  1419.4  2025
  160.5  1944  120.3  1972  105.1  1906   90.2  1968   92.0  1867   91.7  1840  112.4  1968  132.1  1961  131.0  1891  168.4  1982  156.4  1927  171.2  1898   429.1  1851   277.9  1894   318.1  1922   437.6  2020  1415.4  2017
  160.3  1956  119.9  2004  104.7  1877   90.2  2008   91.3  1908   90.7  1952  111.1  2001  131.3  1926  130.9  1948  167.4  1858  155.6  1837  170.9  1869   428.0  1965   277.7  2012   315.9  1905   435.6  2024  1413.8  1972
  159.3  1840  119.2  1882  104.6  1894   90.1  1996   90.5  1899   90.5  1890  109.2  1848  130.6  1866  130.8  2012  164.6  1924  155.5  1865  169.0  2022   427.2  1837   277.6  2016   315.6  1871   435.4  1840  1413.7  1938
  159.0  1853  119.1  2017  104.5  1959   89.8  1925   90.1  1947   89.0  2000  106.2  1959  130.0  1982  129.2  2011  164.1  1952  152.5  1870  168.9  1893   426.3  1926   277.4  1858   315.3  1851   434.7  1951  1411.4  1913
  157.8  1978  118.5  1940  104.4  2016   89.1  1987   89.9  1840   88.6  1897  106.1  1883  129.7  1861  126.2  1848  163.4  1877  151.5  1876  166.4  1974   422.6  1852   277.1  1934   314.8  1894   434.3  2001  1410.3  1894
  157.7  1860  118.0  1844  104.1  2007   89.1  1965   86.4  1842   88.4  1857  105.9  1903  129.2  1890  125.5  1892  163.1  1896  151.3  2014  165.3  1980   422.2  1987   276.9  1912   314.8  1890   433.5  1963  1409.7  1883
  157.2  1991  117.4  1926  103.5  1867   88.8  1952   85.2  2016   88.3  1924  104.7  1975  128.9  2015  125.1  1995  162.7  1990  151.0  1991  161.4  2003   419.5  2018   275.5  1916   314.4  1966   432.1  1880  1409.6  1983
  156.3  1919  117.3  1978  103.3  1940   88.7  1939   85.2  1858   88.2  1902  104.4  1985  128.9  1907  123.6  1925  162.3  1983  150.7  1850  160.8  1956   419.5  1978   275.3  1952   312.0  1974   430.9  2018  1408.4  1985
  154.1  1874  116.4  1897  103.0  2020   88.6  1885   85.0  1941   87.9  1842  104.3  1973  128.8  1973  123.0  1961  161.0  1991  149.6  1886  159.9  1997   418.8  1986   275.0  1996   311.4  1843   429.7  1913  1407.9  1935
  154.1  1922  111.8  1961  102.4  1934   88.3  1977   84.6  1852   87.4  1841  103.8  1923  128.1  1980  122.4  2021  160.0  1934  149.4  1885  159.6  2014   416.0  1979   269.8  1925   311.2  1986   427.4  1996  1399.2  1869
  153.7  1868  111.0  1911  102.3  1985   88.0  1904   84.5  1946   87.4  1913  102.8  1991  127.5  1839  121.9  2022  159.4  1880  149.4  1953  158.9  1946   415.4  1875   268.6  1931   310.9  1897   426.7  2017  1398.6  1859
  152.0  1915  109.2  1870  102.0  1882   87.9  2016   84.5  1926   87.3  1864  101.7  1970  126.9  1868  121.1  1920  159.3  1876  148.2  1971  158.3  1848   414.5  1892   268.4  1953   310.0  2004   425.2  1896  1392.1  1936
  151.3  1951  108.9  1987  101.9  1941   87.7  1838   84.1  1879   86.0  1933  101.6  1857  126.3  1844  121.0  1988  159.2  1912  147.8  1923  158.0  1836   413.3  1867   268.3  1868   308.8  1982   424.8  1847  1391.9  1900
  150.7  1972  108.7  1856  100.5  1965   87.1  1979   83.6  1964   84.8  1999  100.8  1842  126.1  1953  120.7  1887  156.6  1837  145.9  2017  156.2  1856   412.2  1998   267.4  2015   306.8  1945   423.9  1878  1390.7  1990
  150.4  1900  108.4  1927  100.2  1999   86.8  1940   83.4  1999   84.7  1901  100.4  1964  124.7  1894  120.3  1993  156.2  1883  145.6  1900  156.0  1998   405.9  1945   265.5  1906   306.3  2010   422.1  1968  1376.9  1916
  149.3  2011  108.0  1874   99.6  2010   86.3  1916   83.1  1885   84.2  1969  100.2  1849  124.4  1901  120.2  1992  156.1  1849  144.2  1859  155.3  1907   405.2  2012   264.9  1901   305.3  1865   419.3  1931  1375.9  1897
  149.0  1863  104.6  1871   98.4  2021   85.9  1891   82.9  1854   84.1  1854   98.2  1947  124.3  1958  120.1  1936  155.9  1838  143.8  2024  155.2  1859   404.1  1900   262.5  1977   304.8  1866   418.4  1837  1374.5  1943
  147.8  1894  104.0  1999   98.3  1942   85.6  1895   82.7  1918   83.8  1877   97.6  1992  122.7  1895  117.1  1840  154.9  1892  143.3  1978  154.0  2009   403.2  1951   261.1  1851   302.5  2015   418.4  1983  1373.4  1932
  146.8  2025  103.5  1867   97.9  1933   85.5  1872   82.5  1963   82.5  1939   96.8  1889  122.6  1856  116.8  1922  153.4  1986  141.6  2003  152.1  1992   402.7  1882   261.1  1927   301.8  1968   416.9  1911  1371.0  2016
  146.5  1934  103.5  1865   97.4  2015   85.4  1955   82.4  1934   82.4  1944   96.6  1893  122.3  1840  116.0  1942  152.7  1968  141.5  1863  152.1  1954   401.4  1898   259.6  1973   301.8  1963   414.8  1994  1367.8  1925
  146.1  2020  102.9  1988   96.7  1874   84.1  1969   81.8  1875   82.0  1905   95.4  1859  121.8  2023  115.6  1908  151.8  1853  141.5  1905  150.9  1888   399.0  1952   259.4  1917   301.6  1895   413.7  1943  1367.2  2018
  145.5  1982  102.9  1840   96.0  1971   83.8  2023   81.7  1900   80.7  1929   95.1  2011  120.6  1875  115.4  1847  149.6  1957  140.9  1864  149.3  1874   394.4  1842   258.7  2007   299.8  1836   412.7  2013  1366.8  1874
  143.9  1924  101.9  1943   95.6  1864   83.8  1898   80.1  1953   80.6  1898   95.1  1890  119.4  1970  115.1  1909  149.2  1889  140.7  2010  148.4  1984   394.0  2023   258.7  1838   299.7  1857   412.4  1861  1365.7  1968
  143.5  1846  101.2  1991   95.1  2026   83.4  1908   80.0  1951   80.5  1974   94.8  1929  119.2  1837  114.4  1934  148.8  2012  139.7  1998  146.2  1969   392.5  1962   258.6  1907   298.2  1993   412.2  2010  1363.8  1961
  141.5  1910  100.2  1982   94.9  1936   81.5  2004   79.1  1890   79.8  1917   94.1  1966  118.3  1904  113.5  1845  148.6  1844  137.8  1874  145.9  1967   390.8  1870   258.4  1881   297.9  1883   411.3  1986  1362.5  1987
  140.3  2013   98.8  1920   94.9  1930   80.4  1919   77.6  1995   79.5  1846   92.9  1896  116.6  1963  112.7  1862  148.5  1860  137.0  2020  145.6  1987   388.8  1911   256.7  1869   296.2  1952   410.9  2021  1355.9  1959
  139.4  1845   97.5  1969   93.8  1995   79.7  1841   77.3  1914   79.5  1916   92.9  1907  114.7  1929  110.6  1987  148.3  1943  136.9  1866  144.7  1881   387.2  1897   256.0  1930   295.0  1863   409.3  1838  1354.7  1862
  138.7  1882   97.0  1898   93.3  1839   78.9  2003   77.0  2012   79.5  1847   92.7  2024  113.6  1911  109.7  1913  148.1  1895  136.8  1965  144.3  1977   386.9  1881   255.4  2013   294.3  1892   409.0  1909  1349.0  2001
  138.5  1977   96.2  1984   92.0  1937   78.9  2014   76.1  1915   77.8  1885   91.2  1943  112.6  1922  109.1  1842  147.8  1977  136.1  1994  143.6  1938   382.2  1993   255.3  1954   293.3  1854   407.3  1959  1348.8  1989
  137.6  1947   95.5  1868   91.7  1889   78.6  1911   75.8  1904   77.6  1892   91.1  1986  111.9  1843  108.7  1878  146.9  1839  135.5  1869  141.2  1923   381.1  1969   254.7  1982   292.3  1970   404.3  1917  1348.1  1880
  136.0  1849   95.0  1912   90.8  1964   78.4  1886   75.8  1985   77.4  1956   90.9  1998  111.5  1914  107.1  1911  144.1  1852  134.8  1897  141.1  1908   380.2  1840   253.6  1898   292.2  1859   400.7  1894  1343.1  2013
  134.9  1931   93.8  1839   90.3  1917   77.9  1845   75.4  1948   76.3  2002   90.7  1945  111.5  1938  106.6  1952  143.6  1893  133.0  1891  139.3  1921   376.7  1846   252.8  1922   290.9  1874   400.0  1991  1341.0  1878
  134.4  1895   92.0  1908   90.1  2004   77.3  1869   74.7  1892   76.3  1947   90.4  1865  111.3  2017  106.3  1837  143.4  1836  132.8  1878  138.8  1920   373.2  1906   252.6  2005   290.9  2001   397.5  1925  1340.2  1915
  133.3  1918   91.2  1981   88.4  1952   76.9  2009   73.9  1992   75.9  2022   89.8  1852  109.7  1857  105.6  1980  142.8  1994  132.5  1987  137.7  1862   370.7  1938   251.9  2017   290.2  1929   396.7  1849  1333.6  1984
  133.1  1958   91.1  1948   88.1  2013   76.9  1964   73.7  1873   75.2  1909   88.5  1944  108.6  2013  105.6  1877  142.6  1913  132.1  1916  136.3  1928   370.0  1982   251.3  1964   288.5  2011   392.7  1848  1328.1  1944
  131.3  1865   91.1  1850   87.2  1932   76.2  1868   73.1  1850   74.7  2009   88.5  1843  107.6  1966  105.6  1899  142.2  1970  131.9  1966  135.5  1858   369.7  1860   250.8  1923   285.8  1978   389.9  1892  1327.3  1879
  129.9  1854   90.3  2025   86.0  1955   75.2  1878   72.1  1910   74.6  2005   87.6  2000  107.3  1969  105.2  1880  141.8  2025  131.3  1995  135.3  1952   365.9  1936   250.0  1850   284.9  1962   389.4  1979  1327.1  1885
  129.9  2012   89.1  1973   85.8  1902   74.8  1936   71.5  1974   74.1  2004   87.6  2005  106.8  1919  104.0  1970  141.3  1945  130.0  2001  133.2  1961   365.7  1973   248.2  1842   283.4  2000   389.1  2015  1326.6  1906
  128.8  1933   88.1  1919   84.2  1855   74.4  1917   71.4  2017   73.6  1919   86.5  1933  106.8  2000  102.4  1884  139.7  1941  127.9  2008  132.9  2004   363.5  1949   247.1  1940   282.2  1972   388.2  1953  1325.5  1868
  128.3  1912   87.8  2015   83.8  1953   73.7  1948   71.0  1872   72.5  1989   86.3  2016  106.5  1996  101.7  2005  138.9  1958  127.7  1981  132.9  1866   361.2  1857   246.9  1847   280.9  1991   386.8  1939  1315.7  1997
  128.0  1979   87.6  2019   83.4  1939   72.6  1945   71.0  1857   72.3  1871   86.0  1925  106.2  1850  101.7  1882  138.3  1868  127.2  1912  132.1  1860   360.9  1849   246.5  1891   280.4  1915   386.5  1966  1305.4  1922
  127.8  1856   87.6  1857   83.0  1847   72.1  1880   70.9  1870   71.5  1978   85.9  1961  106.0  1977  101.1  1867  138.2  1859  125.5  1999  130.9  1944   360.7  1933   246.3  1884   279.7  1923   386.1  1900  1303.8  2005
  127.5  1925   86.8  1992   82.9  1870   71.7  1978   70.3  1855   71.5  1959   84.2  1838  105.5  2010  100.8  1873  137.4  1999  125.1  1975  130.3  1925   359.6  1968   245.9  1937   278.1  1987   380.7  1952  1300.3  1884
  125.2  1837   85.3  1847   82.6  1890   70.3  2025   70.1  1884   71.2  1970   83.8  1937  104.8  1853  100.2  1945  136.8  1873  123.6  1845  129.2  1973   358.7  2019   244.6  1921   277.9  1901   380.6  1864  1298.0  1940
  124.0  2005   83.9  1889   81.9  1950   69.4  1926   69.8  1957   71.2  2003   83.5  1850  103.7  2016   97.0  2001  134.8  1942  121.6  1976  128.8  1902   358.0  1868   243.4  1849   274.2  1856   374.7  1965  1297.9  1881
  123.2  1862   83.4  1838   81.7  1976   69.4  1942   69.4  1856   70.6  1926   83.5  1928  103.4  2024   96.3  1916  133.5  1927  120.0  1985  127.9  1894   356.9  1956   243.0  1950   271.2  1941   372.0  1871  1297.5  1847
  120.7  1836   83.1  1859   81.5  1916   69.0  1874   67.2  1893   70.5  1856   83.3  1891  103.0  2006   96.1  1868  132.0  2018  118.3  1990  126.3  1849   353.2  1901   242.9  1902   270.6  1876   371.8  1995  1297.0  1991
  118.6  1843   81.6  1953   80.8  1975   68.7  1944   67.1  1994   70.4  1981   82.4  2021  101.9  1967   95.9  1963  131.1  1988  118.1  2016  125.6  1947   352.1  1941   242.4  1945   269.7  1951   370.9  1990  1295.9  1952
  117.4  1980   80.3  2008   80.5  2014   68.5  2006   66.9  1882   70.3  1894   81.6  1844  101.9  1872   95.2  1857  130.7  2024  117.5  1902  125.3  1906   351.8  1947   241.2  1865   269.5  1918   370.7  1890  1295.8  1926
  117.4  1857   79.9  2006   78.7  1967   67.1  1927   66.5  2004   69.3  1837   81.4  1904  101.8  2009   93.5  1860  129.8  1851  116.7  1906  124.9  1958   350.5  2003   241.2  1876   269.1  1961   369.4  1936  1294.0  2022
  117.0  1842   78.7  1841   78.6  1969   66.0  1903   66.1  1930   68.3  1964   81.4  1892  101.2  1849   92.0  2007  129.7  1918  116.1  1898  124.4  1981   349.8  1887   240.2  1885   268.3  1898   367.8  1906  1292.0  1907
  115.4  1885   78.5  1936   78.0  2003   65.8  1847   65.4  1887   67.1  1906   81.1  1856   99.2  2018   91.4  1931  128.9  2009  116.1  1973  123.6  1904   349.4  1981   239.6  1961   266.6  1973   367.5  1862  1288.6  2011
  114.1  2003   78.3  2005   77.0  1948   65.3  1894   63.9  2022   67.1  1960   81.1  1948   99.0  1974   91.2  1893  127.7  1971  115.0  1917  121.8  1887   348.2  1908   238.1  2004   263.6  1942   367.1  1997  1286.3  1934
  114.1  1871   78.1  2018   76.4  1966   65.0  1902   63.9  1880   66.8  1858   80.8  1972   98.3  1862   90.3  1919  126.8  2011  114.6  1964  121.6  1837   343.7  1890   238.0  2009   263.1  1837   366.5  1895  1286.0  1911
  112.9  1923   76.5  1836   74.8  2005   64.7  1888   63.8  1868   66.0  1896   80.4  1946   97.4  1893   89.9  1990  126.4  1902  113.7  2013  120.6  1877   341.4  1914   237.5  1978   262.6  1944   363.1  1989  1277.4  1978
  112.7  1847   76.2  2013   73.7  1880   64.4  1860   63.0  2005   65.5  1950   79.9  1881   97.1  1916   89.6  1977  126.1  1979  113.3  1993  120.1  1903   341.0  1863   234.6  1904   261.3  1967   361.9  1858  1273.9  1861
  112.3  1891   76.1  1976   73.5  1871   63.8  1879   62.2  1944   64.3  1953   79.5  1941   96.5  1902   88.1  1991  124.7  1911  112.6  1903  119.0  1957   338.5  1989   233.7  1895   260.5  1909   361.6  1907  1272.2  1919
  111.7  1887   75.3  1955   72.4  1996   63.3  1875   61.9  1921   63.7  1914   78.8  1987   96.5  1994   87.5  1850  123.1  1910  112.6  1989  118.1  1839   338.5  1921   233.1  1941   258.0  2014   358.0  1898  1272.0  1969
  111.6  1945   75.2  1892   71.8  1918   63.2  1915   61.7  1883   62.6  1994   78.8  2004   94.8  1989   86.8  1844  122.8  1974  112.3  1943  117.4  1895   338.4  1972   232.1  1910   256.6  1893   354.3  1846  1270.0  1908
  111.1  2000   74.5  1878   71.4  1838   62.7  1839   60.9  2008   62.6  1893   76.9  1995   94.4  1915   85.0  1979  120.6  1920  111.8  1887  116.8  1850   338.3  1996   226.1  1948   255.9  1964   353.6  2011  1269.3  1863
  110.8  1955   73.3  1962   71.2  1911   62.1  1851   60.4  2018   62.4  2013   76.9  1858   91.6  1944   84.9  1937  119.5  1926  110.5  1932  116.1  1854   338.2  1955   226.1  1935   255.0  1904   351.3  1888  1268.2  1909
  110.8  1870   71.6  1971   70.8  1904   61.0  1971   60.3  1961   62.2  1859   76.7  1980   91.0  1978   84.8  1940  119.0  2010  110.0  1952  115.6  1940   335.2  2005   223.6  1871   250.8  1999   351.2  1881  1267.4  1867
  110.6  1954   71.2  1979   69.9  1865   60.9  1900   59.3  2001   60.1  1908   75.5  1887   90.7  1851   84.8  1870  117.6  1899  109.9  1918  113.7  1842   332.7  2011   223.5  1975   249.7  1902   348.9  1948  1259.6  1962
  109.4  1878   70.2  1907   69.7  1949   59.2  1988   58.0  1977   60.1  1983   75.2  1917   89.8  1939   84.5  1901  117.5  1948  109.5  1892  113.3  1968   323.0  1893   222.7  1888   248.9  1977   345.3  1897  1259.4  1945
  109.3  1916   69.4  1875   69.1  1879   57.2  1918   57.0  1940   60.1  1876   74.9  1876   89.2  1896   83.3  1978  116.6  1964  109.3  1849  113.3  2005   322.4  1940   220.8  1957   248.2  1896   344.9  2014  1258.9  1838
  108.8  1976   69.3  1842   68.5  1885   57.0  1837   56.2  1971   59.6  2015   74.6  1837   89.2  1965   83.2  2006  116.2  1901  109.1  1847  111.9  1976   322.3  1876   220.7  1943   248.1  1889   344.8  1865  1258.9  1942
  107.5  1967   68.6  1913   68.0  2009   54.0  2013   56.0  1863   59.4  1873   73.9  2002   88.7  1945   82.8  1966  115.4  1995  108.2  1899  110.7  1962   322.1  1971   219.1  1873   246.0  1921   338.1  1934  1255.5  1843
  105.9  1839   68.1  1949   67.6  1907   53.7  1863   55.4  1853   58.9  1986   72.9  1874   87.1  1964   82.8  1917  112.0  1937  108.1  1915  110.1  1935   321.6  1902   218.4  1936   245.6  2024   334.3  1844  1253.2  1846
  101.7  1996   67.9  1864   66.6  2000   53.6  1884   54.9  1911   57.9  1937   71.2  1860   85.3  1885   82.2  1904  111.0  1856  106.8  1907  109.3  1950   320.4  1865   217.0  1879   245.6  1884   333.5  1868  1252.6  1917
  101.6  1940   67.3  1851   66.1  2002   53.5  1981   54.7  1864   57.8  1899   70.0  1921   84.5  1855   81.3  1947  109.7  1857  106.4  1961  109.3  1941   318.5  1874   215.6  1856   243.7  1969   332.8  1893  1249.0  1995
  101.5  1901   66.6  1849   65.9  1887   52.6  1943   54.0  1933   57.5  2014   68.8  1901   84.1  1858   80.8  2020  109.3  2017  104.7  1853  109.2  1937   317.4  1856   215.6  1960   243.5  1844   332.7  1860  1248.4  1888
  101.4  1941   64.3  2012   65.6  1960   52.3  1990   53.9  1846   55.4  1992   68.1  1994   83.7  1854   76.7  1889  108.7  1869  104.0  1908  108.8  1867   316.3  1918   213.3  1971   242.6  1886   332.6  1975  1247.7  1947
  101.0  1908   63.9  1938   64.8  1962   49.3  1928   53.5  1984   55.3  1884   66.2  1963   83.4  1998   75.7  1955  108.3  1992  103.5  1901  108.1  1871   315.8  1879   213.0  1980   242.3  1906   331.8  1853  1243.9  1842
  100.6  2001   63.3  2003   64.6  1974   49.3  1967   53.4  2010   55.2  1904   66.1  1962   83.4  1949   75.3  1853  103.2  1881  101.7  1941  106.3  1889   315.5  1859   211.7  1918   241.4  1932   331.4  1899  1240.8  1898
  100.3  2010   63.2  1843   64.6  1878   49.0  1887   53.2  1937   55.2  1918   65.0  1902   83.4  2011   74.2  2013  102.7  1950  101.1  1967  104.0  1995   315.1  2010   210.3  1890   239.5  2025   328.5  1867  1238.0  1871
   99.8  1841   60.9  2010   63.3  1869   48.6  1890   52.9  1927   54.5  1903   64.2  1905   82.5  1847   73.7  1926  101.2  1854  100.4  1948  103.8  1861   310.9  1959   209.9  1995   239.1  1842   327.3  1887  1237.5  1899
   97.0  1859   60.8  1905   63.1  1945   48.1  1881   51.5  2025   54.4  1930   62.6  2013   81.5  1920   73.4  1914  100.6  1985  100.1  1921  102.3  1939   310.5  1924   209.6  1880   237.4  1850   327.2  1973  1235.9  1845
   96.9  1914   59.0  1846   63.0  1956   47.9  1866   51.3  1888   54.1  1934   62.6  2018   79.8  1993   73.2  1997   97.4  1915   99.0  1868  101.9  1932   309.8  1861   208.3  1874   235.8  1916   324.5  1988  1234.3  1963
   96.4  1892   56.7  1860   62.3  1845   47.5  2022   51.2  1848   53.7  1957   62.3  1899   79.4  1871   71.7  2015   97.0  1997   98.9  1844  101.6  1838   308.2  1942   207.5  1997   235.8  1935   323.6  1873  1233.7  1949
   94.8  1989   55.9  1854   62.0  1899   46.9  1956   50.5  1960   53.4  1922   60.7  1897   79.4  1983   70.1  1902   95.3  1890   98.1  1893   99.0  1916   304.4  1878   204.7  1911   233.6  2013   320.8  1971  1227.4  1837
   93.7  1864   55.3  1947   60.4  1891   46.3  1941   50.4  1837   51.1  1961   59.3  1916   79.1  1887   69.9  1846   94.8  1887   97.8  1846   97.0  1865   302.1  1927   203.5  1976   233.1  1911   320.1  1962  1223.1  1865
   93.4  1985   55.1  1944   59.9  1858   45.4  1864   49.9  1987   49.6  1932   59.1  1900   79.0  1984   69.2  1905   93.3  1905   97.6  2011   96.9  1899   301.2  1839   203.0  1896   232.8  1990   320.0  1920  1201.5  1849
   93.0  1981   55.1  1983   57.6  1883   44.9  1914   49.0  1912   49.6  2024   58.8  2019   78.0  1918   66.2  1985   91.8  1953   97.0  1968   95.5  1878   300.8  1871   202.5  1939   232.7  1849   318.1  1912  1199.2  1851
   92.7  1898   54.4  1863   57.4  1923   43.6  2010   48.9  1845   49.4  2023   58.4  1981   77.6  1883   66.1  1854   91.2  1955   96.7  1962   94.9  2008   299.1  1954   201.3  1866   231.8  2005   316.3  1910  1196.9  1996
   86.8  1844   53.5  1873   57.0  1924   43.4  1892   48.7  1936   48.6  1886   58.3  2025   77.6  2021   64.2  1938   91.0  2003   96.6  1848   91.5  1883   296.0  2009   196.5  2010   229.8  1919   313.9  1902  1195.6  1840
   84.7  1902   53.4  1985   53.8  1997   43.2  1946   48.5  1909   48.3  1962   57.8  1971   77.4  1968   63.3  1989   90.1  1936   96.5  1924   89.6  1975   295.4  1843   196.5  1853   227.8  1858   311.7  1856  1194.3  1856
   84.4  1966   50.3  1968   53.7  1973   41.1  1933   47.6  1851   48.2  1996   57.7  1990   75.5  2007   62.2  1890   89.2  1888   95.0  1955   89.1  1931   295.2  1985   196.5  1958   227.3  1994   311.2  1993  1192.1  1971
   83.3  2017   50.0  1975   52.8  1910   41.0  1921   47.2  1897   47.9  1915   57.4  1997   75.3  2002   62.1  1881   88.4  1939   94.8  1925   87.1  1913   295.1  1889   195.8  1864   226.9  1934   310.6  1850  1189.7  1873
   81.6  2019   49.9  1901   52.7  2022   40.9  1870   47.2  2019   47.9  1865   57.1  2014   73.2  1870   61.8  1996   88.0  1864   93.3  2007   85.7  1864   294.7  1850   195.2  1875   225.5  2002   304.2  1901  1189.0  1937
   81.1  1949   48.9  1853   51.1  1984   40.7  2020   46.9  1982   47.7  1850   56.5  1952   72.4  1975   61.3  1900   87.0  1963   92.2  1884   83.7  1879   294.5  1932   194.7  1870   222.9  1925   303.9  1905  1186.6  1901
   79.5  1876   48.6  1902   50.2  1863   40.4  1840   46.4  1959   47.5  2001   54.0  1866   70.3  1990   59.9  1898   85.3  1861   92.2  1904   82.4  2016   292.3  1997   193.0  1933   221.0  2003   302.7  1845  1186.4  1956
   78.4  1909   48.1  1845   50.1  1875   39.9  1906   46.1  1950   46.5  1984   53.8  1951   69.9  1987   58.7  1969   82.1  1884   90.7  1860   82.2  1870   290.6  1944   192.8  1926   219.4  1933   301.9  1889  1185.7  1953
   77.4  1850   48.0  1886   50.0  1946   39.0  1896   45.3  1935   45.9  1988   53.2  2022   69.7  1909   58.4  1964   81.9  1956   90.5  2004   81.3  1892   284.7  2017   191.0  1861   218.4  1955   301.5  1914  1180.5  1904
   77.3  1907   47.5  1855   48.6  1843   38.5  1995   43.0  1866   42.2  2010   52.9  1870   69.7  2005   58.4  1949   81.0  1840   90.2  1854   80.8  1855   274.4  1976   190.5  1839   215.6  1989   298.4  2016  1177.2  1896
   77.3  1893   47.0  1963   47.7  1837   38.1  1997   42.6  1874   41.8  1967   52.2  1969   69.7  1836   58.4  2003   80.7  1921   90.0  1919   80.2  1875   272.8  1907   189.1  1845   213.5  1847   293.5  1969  1175.9  1857
   77.2  1992   46.9  1952   47.5  1853   38.1  1958   42.3  1922   38.6  1874   51.9  1878   69.2  1864   56.0  1921   80.6  1919   87.7  1958   79.8  1988   272.3  1895   187.2  1928   212.9  1885   292.9  1972  1174.8  1890
   76.2  1848   45.9  1917   45.0  1898   37.6  1982   42.3  1861   38.6  1951   51.8  1949   68.4  1972   53.5  1929   79.8  1973   86.0  1873   79.4  1863   270.3  1953   182.9  1915   211.5  1979   291.1  1908  1164.1  1870
   76.2  1879   45.7  1964   44.1  1854   36.7  1883   41.7  1980   35.7  1844   51.7  2006   67.2  2025   53.1  2009   78.0  1842   80.1  1957   79.0  1927   269.1  1886   180.3  1887   211.1  1959   291.1  2003  1163.7  1895
   75.6  1973   44.6  1998   44.0  1925   36.6  1954   39.8  1956   35.4  2006   51.5  1847   66.3  1884   51.6  1928   77.6  1993   78.4  1920   78.1  1857   259.5  1862   178.1  1855   207.6  1867   289.6  1964  1152.5  1955
   70.7  2022   42.2  1887   43.6  1915   36.4  1865   37.8  1975   35.3  1941   49.9  1996   66.1  1913   47.9  1972   73.8  1904   76.1  1889   75.8  1991   258.7  2006   177.6  1946   204.6  1996   286.9  1985  1147.8  1853
   65.9  1905   40.0  1929   42.7  1850   35.8  1844   36.7  1990   35.0  1923   49.8  1885   65.3  1886   46.3  1933   72.4  1850   74.9  1851   75.7  2001   252.9  1847   177.2  1900   202.7  1864   285.3  1956  1147.4  1973
   65.5  2006   37.6  1896   41.1  1892   35.7  1873   35.9  2023   34.2  1979   49.4  1919   62.2  1867   45.7  1894   72.2  1866   73.3  2021   74.9  1943   252.1  1909   164.1  2022   200.1  1975   281.2  1942  1137.0  2003
   63.6  1897   34.6  1942   41.0  1938   35.1  2015   34.8  1919   33.5  1973   48.2  1989   62.1  1869   45.0  1971   71.5  2015   72.6  1983   73.0  1970   250.3  1905   159.9  1863   193.6  1947   276.7  1884  1128.9  2010
   60.2  1889   34.1  1890   40.5  1943   34.9  1852   34.5  1978   32.7  2021   46.3  1864   60.8  1935   44.5  1855   71.5  1908   72.4  1988   67.4  1971   246.6  1880   159.2  1892   192.7  2021   275.6  1947  1126.3  1976
   59.6  1917   33.1  1888   40.0  1990   30.8  2011   34.4  1839   32.5  1895   45.1  1982   59.9  1991   44.2  1851   70.6  1965   70.4  1922   61.7  1851   244.7  1844   158.2  2020   190.2  2006   274.8  1933  1123.7  1941
   59.5  1888   32.8  2009   39.6  1849   30.1  1929   33.0  1859   31.2  1849   45.0  1863   51.3  1899   42.9  1915   69.7  1914   66.9  1857   59.1  1885   241.3  1838   156.1  1929   188.8  1913   273.6  1941  1122.2  1975
   58.5  1929   32.6  1909   39.6  1856   29.4  1861   32.8  1901   31.2  1870   41.9  1976   50.4  1842   42.8  1838   67.0  1975   64.0  1909   56.4  1873   240.9  1864   156.0  1883   182.7  1937   271.8  1857  1115.9  1964
   56.4  1950   32.5  1862   38.9  1926   28.7  1976   32.7  1998   29.0  1995   40.8  1906   48.9  1932   38.8  1888   66.8  1972   64.0  1856   55.6  1996   239.9  1992   155.5  2011   182.2  2018   269.1  1855  1112.9  1905
   56.1  1896   31.7  1858   38.8  1958   25.5  2017   30.4  1970   28.6  1869   39.9  1869   47.0  1933   38.7  1906   65.9  1897   63.7  1934   54.9  1846   234.9  1929   155.1  1837   178.8  1887   263.5  1945  1110.6  1893
   55.9  1935   26.9  2023   38.5  1935   24.9  2007   30.3  1939   28.4  1940   38.4  1934   44.5  1936   38.5  1895   65.6  1845   62.9  1937   53.4  1953   230.5  1854   152.8  1944   177.9  1940   262.1  1978  1109.0  1889
   55.9  1858   25.4  1993   35.8  1993   23.6  1855   29.9  1905   27.0  1867   37.2  1979   42.9  2022   36.3  2002   61.3  2007   61.4  1858   53.1  1917   214.4  1888   150.6  1974   177.5  1868   261.9  1955  1096.1  1892
   53.5  1911   25.4  1924   34.6  1900   19.9  1854   29.8  1928   24.3  1976   37.1  1977   42.8  1880   32.2  1941   60.8  1879   60.9  1956   52.7  2010   213.1  1845   149.7  1956   172.0  2022   260.8  1919  1090.1  1858
   53.4  1953   22.7  1959   33.1  1931   17.4  1980   28.7  1871   24.2  1887   35.3  1913   41.0  1937   31.7  1912   60.4  1931   60.5  1862   47.6  1905   211.1  1896   149.2  1844   171.4  1899   259.9  1937  1083.3  1850
   52.7  1861   21.1  1956   31.4  2012   17.1  2021   25.9  1989   23.0  1975   35.3  1868   40.6  1981   31.3  1939   57.6  1962   50.3  1871   47.1  1933   208.1  1934   146.9  1854   170.6  1983   257.4  1854  1068.6  1902
   41.3  1987   18.9  1930   30.9  2011   14.9  1912   18.6  1895   22.8  1949   34.6  1898   39.2  1955   28.5  1907   49.5  1946   45.1  1896   44.8  1853   204.9  1841   146.0  1938   169.4  1981   248.8  1851  1066.5  1921
   38.4  1964   15.3  1965   29.8  1893   14.5  1974   17.6  1876   20.4  2018   32.6  1984   33.3  1959   26.6  1843   45.0  2016   43.4  1933   41.7  1890   204.4  1917   145.9  2025   158.0  1984   248.4  1915  1026.4  1864
   36.3  1838   14.5  1934   26.6  1929   13.5  1893   15.8  1991   17.2  1889   31.1  1983   24.8  2003   18.2  1986   42.9  1969   41.3  1867   39.9  1843   185.9  1963   138.0  1840   158.0  1949   248.2  1904   999.4  1854
   36.0  1881   11.3  1921   26.4  1961   13.3  1957   14.5  2020   15.4  1868   30.8  1935   23.6  1940   16.7  1865   41.5  1951   38.0  1855   38.7  1963   178.7  1855   137.5  1852   157.2  1870   246.5  2007   993.2  1933
   31.9  1880   10.0  1895   24.0  2025   12.3  1984    7.8  1896   13.6  1942   28.4  1955   19.1  1947   16.4  2014   40.6  1922   30.8  1879   32.8  1926   165.7  1858   129.0  1990   130.6  1869   236.8  1921   962.1  1887
   28.3  1963    8.1  1891   21.9  1944   12.2  1842    6.8  1836   11.8  1921   28.0  1999   18.8  1976   14.7  1910   35.5  1978   30.4  1942   26.5  1840   162.1  1891   116.8  1984   120.3  1995   231.6  1879   957.3  1844
   15.1  1855    7.5  1986   18.0  1852    9.4  1938    4.1  1844    2.4  1925   22.6  1911   14.3  1995   12.9  1959   31.8  1947   21.9  1945   25.5  1844   122.9  1964   110.5  1893    85.0  1976   227.7  1922   941.7  1855
   12.0  1997    3.3  1932    7.7  1840    ---  2026    ---  2026    ---  2026    ---  2026    ---  2026    ---  2026    ---  2026    ---  2026    ---  2026     ---  1836     ---  2026     ---  2026     ---  2026     ---  2026
