Areal values from HadUK-Grid 1km gridded climate data from land surface network
Source: Met Office National Climate Information Centre
Monthly, seasonal and annual total duration of bright sunshine for Wales
Areal series, starting in 1910
Last updated 01-Apr-2026 11:34
    jan  year    feb  year    mar  year    apr  year    may  year    jun  year    jul  year    aug  year    sep  year    oct  year    nov  year    dec  year     win  year     spr  year     sum  year     aut  year     ann  year
   81.7  1933  107.2  2008  204.6  1929  233.9  2021  285.8  2020  286.7  1957  297.5  1955  274.7  1947  196.4  1959  122.4  1919   89.4  1925   73.1  2001   221.1  1963   660.4  2025   705.5  1911   354.5  1959  1652.9  1929
   76.7  1940  104.7  2019  168.1  2025  222.1  2025  270.2  2025  283.0  1925  285.4  2013  266.4  1995  175.9  1933  118.9  1975   88.8  1915   63.5  2008   209.6  1933   647.1  2020   684.7  1976   347.3  1971  1640.6  2025
   72.9  1963   98.2  1986  167.5  2003  221.5  2007  262.3  1948  278.4  1940  274.3  1911  257.3  1976  174.7  1914  118.1  1994   82.3  1923   63.2  1948   203.4  1934   608.7  1948   680.6  1989   328.2  1955  1628.3  1955
   69.5  1959   96.9  1934  167.5  1948  219.3  2020  251.1  1977  262.7  1975  269.5  1990  225.3  2022  169.6  1929  117.3  1965   81.6  1988   59.0  1962   199.0  1949   601.1  1929   679.1  1995   327.9  1921  1627.6  1911
   68.9  2001   96.5  2018  162.1  1955  216.8  2015  243.9  1990  261.0  2018  261.0  1984  218.5  1955  165.6  1971  117.2  1971   78.3  2006   58.0  1961   194.2  2003   544.6  2007   667.0  1949   326.9  1933  1626.9  1949
   68.4  2003   96.5  2004  159.3  2022  214.0  1984  243.5  2023  256.2  1949  254.6  1989  217.8  1911  165.5  2015  116.8  1962   76.8  1989   55.9  1963   190.8  2008   542.9  1956   648.0  1955   326.0  1911  1608.6  1995
   62.5  2009   91.4  1949  154.4  2011  213.8  1914  239.1  1989  247.9  1969  254.4  2006  215.2  1983  164.2  1991  116.1  2010   75.2  2005   54.7  1960   188.8  1952   541.3  2010   646.4  2018   321.5  1999  1590.8  1959
   62.1  1965   89.3  1963  153.3  2012  207.8  2011  233.9  1992  245.1  1960  246.9  2018  210.7  1989  163.4  1940  116.0  1921   74.9  1967   54.2  1996   186.2  2001   539.6  1953   640.6  1975   319.4  1975  1585.2  1921
   61.6  2025   88.6  1996  148.0  1924  206.2  1954  232.3  1975  238.9  2023  240.6  1983  201.5  2005  163.4  1911  116.0  1997   74.5  1918   53.0  1944   183.4  2018   536.3  1990   631.3  1940   319.2  1915  1577.0  1989
   61.6  1952   87.1  1975  147.7  1953  206.1  1938  232.2  2018  238.6  1921  239.5  1971  198.0  1975  161.0  1921  114.8  2018   71.3  1933   53.0  1957   182.4  2010   532.1  2011   629.7  1984   316.4  2010  1569.4  1975
   60.3  2006   87.1  1956  144.2  1956  202.2  2010  230.0  1921  236.6  2010  235.7  1934  196.6  1933  160.5  1928  114.3  1931   71.1  1965   53.0  1933   181.0  1985   527.5  2003   626.4  2013   315.9  1929  1566.8  1933
   60.2  1991   86.8  1970  142.1  2020  201.3  1921  228.3  1956  235.5  1942  232.5  2014  193.7  1937  159.8  1915  114.0  1947   70.7  2016   52.6  1929   178.6  2004   523.9  1921   625.7  1959   315.0  2006  1549.2  2018
   60.0  1931   86.7  2003  141.8  1933  198.6  1945  226.8  1929  234.3  1929  228.0  1921  192.3  1944  156.5  1964  114.0  1922   69.3  2010   52.5  1970   178.3  2023   513.0  2021   616.1  2014   312.2  1964  1543.0  2003
   59.1  2010   84.0  1933  141.4  1944  198.3  1912  225.5  1915  232.1  1930  226.4  1999  191.8  1959  155.4  1996  113.7  1959   69.0  1995   52.1  2025   177.2  2015   512.7  2016   611.3  2022   312.2  1986  1537.9  1990
   58.8  1945   83.5  1988  140.4  1973  189.2  1969  224.9  1971  229.6  1939  225.3  1949  189.5  1998  153.9  1955  109.4  1951   68.4  1986   51.9  1946   176.1  1959   510.7  1955   608.8  2006   312.0  1995  1531.1  2010
   58.7  1979   83.1  1952  139.4  1949  186.8  1953  223.2  1980  228.2  1959  220.8  1935  188.7  1919  153.7  2020  109.1  1999   66.9  1996   51.6  2014   175.1  1945   504.7  1946   605.9  1934   309.5  1919  1516.1  2022
   57.8  2024   82.9  2001  139.2  2007  186.1  2003  221.6  1949  227.4  1932  215.3  1918  186.3  2003  153.2  1954  108.6  1993   66.7  1910   51.2  2009   170.3  1962   503.6  1922   605.2  1925   307.9  1988  1494.6  1984
   57.4  1992   82.8  1985  137.9  1967  185.3  1990  221.5  1966  223.7  1918  214.2  1997  185.9  2025  152.3  2002  108.5  1955   65.8  1955   49.4  1916   169.3  2009   503.5  1949   603.7  1921   306.5  2003  1492.5  1940
   57.1  1980   81.4  1968  136.6  1910  185.2  1951  219.9  1959  222.8  1962  212.4  1976  185.4  1949  151.0  1986  108.3  2003   64.5  1971   49.0  2007   169.2  1930   501.7  1943   601.0  1983   305.9  1928  1487.1  2020
   56.9  1989   80.3  2000  133.9  1982  184.4  1942  218.9  1997  222.1  2006  210.4  1917  182.8  1984  150.5  2019  107.8  1995   64.2  2014   49.0  1943   166.0  2002   499.3  2015   598.2  1996   303.0  1914  1485.1  2006
   56.5  2022   80.0  1983  133.8  1943  181.1  1916  216.3  2016  221.4  1950  209.1  1928  181.6  1914  150.4  1949  107.0  1939   64.0  1998   48.8  1992   165.9  1986   497.7  1944   585.9  1918   302.6  1923  1483.7  2014
   56.5  2023   79.9  1957  132.2  1931  178.9  1948  216.2  1957  220.2  2015  206.4  1943  181.5  1991  149.1  1999  106.8  2016   64.0  1952   48.2  1995   165.5  2000   495.2  1982   584.6  1933   297.9  2016  1475.0  2007
   55.5  2011   79.7  1955  130.4  2009  178.0  1922  215.6  2017  220.2  2014  206.0  1996  181.3  2007  148.3  1939  106.0  2022   63.6  1977   48.2  1965   165.3  1988   485.3  1995   577.6  1969   297.7  2018  1468.2  2015
   54.9  1985   78.9  1910  129.1  2026  175.3  1995  213.5  1998  218.7  1996  205.7  1959  181.1  1935  148.0  2014  104.4  1920   63.4  1975   47.7  1935   165.2  2006   484.8  1997   575.2  1929   297.6  1996  1467.4  1953
   54.7  1987   78.5  1989  127.7  2010  174.2  1939  212.5  1911  218.1  1951  205.6  2021  181.0  1972  148.0  1966  103.4  1927   63.4  1969   47.6  1925   164.6  1998   481.6  2012   569.8  1947   297.5  1925  1463.6  1943
   54.2  1997   78.1  1932  127.4  1995  173.3  1946  212.3  1961  217.1  1995  203.3  1977  180.2  1964  147.6  1990  103.4  1953   63.3  1999   47.5  2022   164.5  1997   480.6  1938   566.0  1990   296.0  2002  1461.0  1925
   53.5  1934   77.5  1959  126.8  1972  172.9  1974  211.4  1935  215.3  1989  199.2  1933  177.4  1981  147.2  2006  102.7  2007   62.6  1985   46.7  1938   164.3  1991   479.3  1984   563.2  1935   294.6  1972  1460.8  1919
   53.3  1994   75.8  2016  126.5  2014  172.2  2016  211.4  2010  215.0  1976  198.3  2025  176.6  1940  144.6  1972  101.5  1911   62.4  1961   46.7  1967   161.4  1956   476.8  1989   562.9  1919   293.1  1990  1458.1  1918
   53.0  1946   74.6  1915  126.4  1946  171.7  1960  210.5  1943  213.4  1911  197.5  1929  176.4  2019  138.1  1923  101.1  1941   62.3  1990   46.7  1920   161.1  1920   475.5  2017   558.1  2025   292.3  1987  1448.6  1914
   52.5  2015   74.5  1967  126.3  1932  170.7  1925  209.2  1918  213.3  1961  195.6  1995  175.5  1923  138.0  1937  100.9  1952   62.2  1976   46.6  2004   160.3  2019   475.0  1915   551.4  1957   291.0  1947  1448.6  1976
   52.2  1911   74.4  2023  126.0  1965  170.7  1982  208.9  1922  213.2  1926  195.2  1994  175.1  1965  138.0  1987  100.7  1956   61.9  2025   45.8  1976   160.0  1915   474.9  2009   550.6  1928   290.1  1939  1446.7  2013
   51.1  1928   74.0  1928  124.1  2016  170.3  1956  208.0  2005  213.1  1914  191.5  1951  174.1  1990  137.0  1975  100.5  1943   61.7  1993   45.4  2010   160.0  1996   474.3  1935   550.0  1914   288.3  1991  1445.0  1948
   50.9  1978   73.9  1920  123.4  1962  169.8  1929  207.1  2012  212.7  1967  188.7  1941  173.5  1996  136.7  2003  100.5  2008   61.6  2011   45.1  1923   159.2  1979   473.4  2022   548.8  1926   288.1  1940  1439.7  1915
   50.6  1998   73.8  2014  120.7  1950  169.7  1980  206.1  2001  211.1  1917  187.9  1969  172.2  1953  136.6  1919   98.9  1917   61.6  1972   44.9  1917   158.9  2005   472.7  1977   548.4  1951   287.9  2014  1437.9  1996
   50.5  1929   73.2  2015  120.6  2015  167.4  1973  205.7  1944  210.7  1934  187.7  2022  171.1  1939  136.3  1979   98.8  1969   61.5  2003   44.6  1983   158.8  1989   472.4  1918   547.9  2005   287.1  2015  1434.6  2011
   50.2  2012   72.6  1954  119.8  1938  164.5  1962  205.0  1953  210.6  1970  184.9  1953  170.8  2016  135.2  1995   97.3  1936   61.5  1973   44.5  2003   157.1  1968   471.3  1954   544.6  1999   287.1  1966  1431.8  1935
   50.2  2026   72.1  2010  119.2  1918  163.7  2022  205.0  1946  199.1  2011  183.0  2000  170.5  1936  133.6  2005   97.1  2024   61.1  1911   44.0  1951   157.1  1940   471.3  1980   544.2  1950   286.0  1937  1430.9  1934
   49.7  1942   72.0  1930  116.7  2004  163.6  1936  204.8  2004  198.4  1973  182.4  1916  169.9  1926  132.3  1963   96.8  1912   60.9  1964   44.0  1932   157.0  1967   468.0  1945   543.7  1960   285.5  2007  1430.4  2016
   49.3  1918   71.9  1948  116.7  1922  162.9  2006  204.0  1978  198.3  2022  181.8  2019  169.0  1916  131.4  1934   96.8  1945   60.8  1948   44.0  2012   155.6  1987   464.6  1975   542.9  1917   285.2  1997  1418.1  2019
   49.2  1954   71.8  1998  115.6  1945  162.4  2002  203.2  1910  198.3  1992  179.9  1975  168.9  1966  131.2  2007   96.7  1929   60.5  2013   43.6  1973   154.7  1970   464.0  2019   540.1  1941   283.9  1949  1417.6  1997
   49.1  1967   71.6  1951  115.4  1935  161.7  2017  200.6  2000  197.5  2009  179.4  1919  168.5  2000  131.1  1988   96.7  1987   60.3  1937   43.3  1952   154.5  1941   463.7  1910   539.6  1961   283.1  1952  1416.3  2005
   49.0  2017   71.6  1944  114.6  1961  161.6  1955  200.1  1939  197.3  1915  178.6  1925  166.9  1997  131.1  2010   96.3  2001   60.2  1935   43.2  1984   153.9  1917   463.6  1914   533.3  2015   283.1  2005  1414.3  2001
   48.9  1962   70.7  2007  114.2  1968  161.2  1957  198.3  2019  195.9  1941  177.5  2011  166.4  1928  130.3  1973   95.2  1988   59.5  1957   43.2  1964   153.8  1936   463.6  1957   533.3  1943   282.2  1965  1412.3  1957
   48.2  1919   70.4  1939  114.1  1997  160.1  1968  197.7  1950  194.8  1919  177.1  1924  166.3  1913  130.1  1910   95.1  1928   59.1  1947   43.1  1979   152.9  2025   460.1  1973   531.7  1930   280.5  1993  1407.4  1928
   47.7  1910   69.3  1943  113.0  1985  159.4  2013  196.7  1919  193.5  1943  177.1  2017  163.3  2014  130.1  2004   94.7  1964   59.0  2017   42.8  1911   152.8  1954   456.8  1950   528.9  1977   275.9  1979  1405.6  1956
   47.7  2000   69.2  1936  111.3  2000  157.4  1965  196.6  1984  193.1  1922  176.3  1940  163.0  1945  129.5  2023   93.5  1977   59.0  1980   42.3  1914   151.7  2011   456.6  1942   527.0  1967   275.3  1953  1399.8  2021
   47.6  1941   69.0  2013  111.0  2019  157.4  1943  194.4  1988  190.1  2008  176.2  1985  163.0  1974  129.0  1978   93.5  1966   58.3  2012   42.2  1997   151.1  2020   456.4  1962   526.6  1942   275.2  1973  1399.7  1939
   47.5  2018   68.9  1921  110.7  1940  156.9  2009  193.8  1940  189.9  1913  175.5  1968  162.7  1973  129.0  2009   92.8  1986   58.2  2018   42.0  2005   150.3  2007   453.4  2000   525.6  1968   274.4  2019  1390.2  1973
   47.3  1988   68.5  1981  110.6  1958  156.4  2008  192.8  1937  189.1  2003  174.2  2005  161.2  1968  128.8  1944   91.0  1950   57.6  1987   41.9  1919   149.7  1932   452.7  1974   525.2  1953   274.1  1943  1387.7  1971
   47.2  1984   68.4  1960  109.9  2008  155.7  1976  191.5  1987  188.9  1933  172.5  1946  160.3  1961  127.6  1997   90.7  1926   57.6  1927   41.8  1939   149.5  1951   452.5  2023   520.9  1973   274.0  1918  1386.4  1977
   47.1  2007   68.3  1941  108.9  1937  154.7  2019  190.7  1942  188.8  1968  170.2  1979  160.2  1993  127.5  2025   90.5  2015   57.2  2022   41.1  1994   149.3  2013   451.9  1939   518.6  1913   274.0  1910  1385.7  1962
   46.9  1947   68.1  2025  108.6  1954  154.4  1994  190.6  1982  188.0  2013  170.0  1910  159.8  2004  127.4  1967   90.3  1979   57.0  1913   41.0  2019   149.0  1958   451.1  2008   514.0  1939   271.2  1961  1384.7  2009
   46.7  1982   67.5  2005  108.2  1915  153.6  1917  190.2  1927  186.7  1974  169.4  1942  159.4  1934  124.7  2018   90.2  1983   56.7  2002   40.3  1986   148.8  1931   442.8  2013   512.0  1916   271.1  2020  1382.0  1951
   46.5  1956   66.6  1922  107.7  2021  153.4  1988  187.6  2009  186.2  2004  166.6  1950  157.7  1987  124.6  1981   89.9  2004   55.8  1950   40.3  2016   148.7  2014   442.3  1924   510.7  1994   270.8  1920  1382.0  1922
   45.9  2020   66.5  2021  107.1  1986  151.8  1997  187.5  1936  185.9  1963  166.6  2015  157.3  1931  124.0  1925   89.9  1944   55.5  1938   39.9  1926   148.6  1944   442.1  1911   509.1  2003   270.6  1967  1379.7  1961
   45.8  1958   66.0  1919  107.1  1990  150.6  1944  187.0  1955  185.9  1984  166.4  2001  156.1  1950  123.8  1953   89.5  2006   55.0  1930   39.8  1924   148.6  1939   441.5  2002   507.3  2000   269.9  2012  1376.4  1950
   45.6  1950   65.6  1991  106.8  1974  150.0  1987  186.4  1952  181.9  1993  166.3  1972  155.5  2001  123.4  1942   89.2  1985   54.8  1963   39.4  2017   148.4  1964   441.5  2018   506.5  2021   268.6  1931  1375.6  1967
   45.4  1920   65.1  1917  106.8  1934  149.9  1977  185.4  1996  180.0  1988  166.0  1961  155.5  1941  123.3  2012   88.4  1972   54.5  1943   39.2  1936   148.3  1924   440.0  1927   504.9  2011   267.0  2022  1373.7  1917
   45.1  1990   64.9  1925  106.4  1927  149.2  1924  185.1  1934  179.2  2001  165.7  1926  153.8  1977  122.9  1960   88.4  2012   54.5  1936   39.1  1950   148.2  1955   438.4  1965   502.5  1915   266.4  1922  1373.7  1942
   44.8  2005   64.3  1913  105.3  1978  148.1  2014  184.8  2008  176.9  2021  164.5  1967  153.7  1930  122.2  1918   88.3  1913   54.2  2020   39.0  2002   147.8  1928   438.4  1951   501.1  2001   266.1  1985  1373.4  1960
   44.8  1935   64.2  2020  105.0  2002  147.5  1935  184.4  1923  176.7  1956  163.3  1966  153.1  1956  121.5  2021   87.8  1961   53.5  1978   38.6  1940   146.8  1919   438.4  2004   498.1  2019   263.7  1998  1370.0  2004
   44.5  1930   63.4  1962  104.7  1976  147.4  1972  184.0  2007  175.3  2024  163.1  1922  153.1  2013  121.2  1912   87.7  1937   53.4  1942   38.6  1990   146.6  1975   437.2  1959   497.1  1962   263.3  2023  1369.8  1999
   44.4  1949   63.3  1945  104.6  1917  145.8  1989  183.6  2013  175.1  1928  162.4  2007  151.3  1994  121.0  1961   87.3  1984   52.7  1924   38.2  1980   146.1  1965   436.7  1933   496.7  2010   263.3  2011  1366.5  1952
   44.1  1922   63.0  1979  103.8  1970  144.9  1933  182.6  1995  174.6  1952  162.3  1913  150.8  1960  120.7  1935   87.0  2002   52.7  2021   38.1  1968   145.5  1992   435.4  2001   496.0  1971   262.8  1927  1362.3  2023
   43.9  1999   62.9  2006  103.2  1913  144.8  1999  174.9  1986  174.6  1986  162.1  1987  150.2  1992  120.4  2016   87.0  1938   52.5  1914   37.8  2013   145.0  1922   434.6  1978   495.3  1932   260.9  1962  1356.1  1969
   43.7  1912   62.2  1942  102.0  1966  143.9  1918  174.4  1926  173.9  2025  161.1  1915  150.2  1979  119.0  1943   86.0  1981   52.5  1960   37.6  1999   144.9  1929   432.4  1919   495.3  1992   260.0  2008  1353.6  2008
   43.2  1915   61.2  1924  100.4  1994  143.5  1981  174.1  2002  173.3  1999  159.9  1973  149.7  2024  118.3  2011   85.9  1930   52.1  1949   37.5  1978   144.9  1984   431.0  2005   495.1  1997   258.1  1977  1351.2  1910
   42.0  1924   61.0  1927  100.3  1975  143.3  1927  173.9  2003  173.2  1938  159.7  1982  149.7  1967  118.2  1952   84.9  1998   52.0  2023   36.8  1928   144.5  2022   431.0  1988   494.7  2009   258.1  2009  1350.1  1944
   41.6  1923   60.6  1987  100.3  1920  143.0  1958  173.1  1974  172.2  2005  156.1  1948  149.5  2009  117.9  1947   84.2  1925   51.7  2007   36.6  1949   144.1  1981   429.9  1987   494.2  2004   258.0  1954  1346.9  1965
   41.5  1972   60.5  2022   99.9  1963  142.6  2023  172.3  1960  171.8  1977  155.4  2008  149.4  1952  116.6  1970   83.4  2009   51.3  1931   36.6  1937   143.9  1957   429.5  1917   493.0  2023   258.0  1994  1340.6  2000
   41.3  1953   59.8  1916   99.8  1941  142.6  1983  171.6  1951  171.7  1965  155.3  1914  149.2  1927  115.4  1920   83.4  1973   51.0  1920   35.9  1913   143.3  1946   428.5  1971   492.9  1993   256.8  2004  1340.2  1988
   40.7  1932   59.8  2012   99.7  2013  142.5  1949  171.4  2021  170.8  1920  155.0  1991  148.6  2002  115.3  1932   83.4  2011   51.0  1921   35.8  1991   143.1  1942   425.9  1960   492.3  1970   256.7  1912  1337.1  1947
   40.7  1957   59.2  1973   98.3  2017  141.6  1919  171.4  1985  169.7  1945  154.9  2016  147.5  2010  114.8  1998   83.4  1924   50.9  1968   35.8  1969   142.1  1974   424.6  1968   485.6  1974   256.2  1989  1325.5  1945
   40.3  1974   59.1  1911   97.9  1925  141.6  2005  171.3  1917  168.5  1927  154.2  1956  147.4  1988  114.5  1980   83.3  1948   50.4  1919   35.4  1981   142.0  1921   424.6  1961   484.5  2017   256.0  1963  1324.0  2017
   40.1  1927   59.1  1914   96.6  1952  141.5  2000  171.0  1963  168.0  1953  152.8  1923  146.9  1932  114.3  1985   83.2  1990   50.4  1951   34.6  1954   141.0  1927   423.1  1934   484.0  1956   255.9  1936  1323.9  1946
   39.7  1977   59.0  1990   94.9  1911  141.3  1915  169.9  2011  165.0  1910  152.8  1963  146.8  1918  114.0  1982   82.2  1923   50.2  1926   34.6  1987   140.9  1961   422.7  1952   478.1  2007   255.9  1978  1323.6  1941
   39.4  1917   58.5  2002   94.6  1923  140.9  1979  169.1  1928  164.3  1994  151.8  2024  146.7  2017  114.0  1917   82.1  1991   50.2  2008   34.4  2000   140.9  1977   422.6  1912   476.8  2024   255.0  1913  1318.1  1985
   38.7  1951   58.5  1931   94.0  1919  140.5  1928  168.4  1962  161.9  1985  150.8  1993  146.6  2015  112.0  1989   82.0  1970   50.2  1928   34.3  1921   139.8  1953   422.2  1966   475.6  1979   253.4  1941  1317.9  1983
   38.4  1966   58.5  1938   93.2  1959  140.2  1991  166.7  1941  161.3  1935  148.4  1952  146.1  1970  110.1  1993   81.9  2023   49.7  1932   33.6  1972   139.4  1947   419.3  1940   475.3  1965   253.4  1980  1316.5  1994
   38.2  1948   58.1  1974   93.2  1969  139.7  1952  164.0  1920  160.7  2017  148.2  2004  144.9  1999  109.8  1930   81.4  1949   49.5  1929   33.4  1966   139.4  1912   419.2  1998   473.8  1985   253.0  2001  1315.5  1963
   37.5  2004   58.0  1976   92.7  1921  139.6  1947  163.1  1913  160.6  1916  148.1  1964  144.1  1915  109.7  1913   80.8  1946   49.4  1979   33.4  1985   139.3  1983   417.3  2014   473.7  1966   252.0  1942  1315.1  1923
   37.4  1981   57.6  1929   92.4  1930  138.4  1950  162.8  1914  157.8  2020  147.8  1960  143.6  1925  109.5  1984   80.7  1958   49.3  1974   33.0  1945   138.5  1911   416.3  1958   472.5  1952   251.9  2021  1313.1  1986
   37.3  1926   57.4  1923   91.9  1989  137.4  2001  162.7  1958  157.5  1944  147.7  2009  143.4  1929  109.3  2008   80.4  1932   48.8  1945   32.5  1918   138.3  1918   414.5  1992   472.1  1922   251.8  1917  1305.4  1968
   37.1  1960   57.3  1946   91.9  1999  134.7  1911  162.4  1979  156.3  1982  147.1  1958  141.8  1969  108.8  1941   79.9  1980   48.3  1922   32.5  2006   138.3  1925   414.1  1969   469.3  1972   251.7  1981  1304.9  1982
   37.1  2014   56.0  1997   91.8  2001  133.4  1998  161.9  2015  156.1  1912  146.8  1992  138.9  1951  108.5  2001   79.6  1933   48.2  2001   31.6  1977   138.3  1980   412.2  1925   467.1  1923   251.5  1944  1303.2  2002
   37.0  1936   55.8  1964   90.8  1993  132.2  1926  161.6  2024  155.8  2000  146.3  1980  138.5  2018  108.2  1938   79.3  1940   48.1  1953   31.2  1998   138.0  2012   411.5  1976   467.0  2016   250.7  1930  1302.8  2012
   36.9  1913   55.7  1994   90.6  2024  132.0  1975  161.1  1964  155.3  1979  145.9  1930  137.1  1921  106.0  1968   79.3  2019   46.6  1982   31.2  1941   137.7  1948   410.8  1937   466.4  1991   250.7  1938  1302.2  1987
   36.7  1964   55.3  1977   88.4  1987  131.2  1934  159.3  1970  154.5  1937  144.4  2012  136.9  1962  105.8  1974   77.7  2021   46.2  1954   30.9  1953   137.7  1971   410.6  1936   466.2  1945   248.0  1935  1298.8  1991
   36.6  2016   55.2  1982   87.1  1914  127.6  1970  157.8  2006  153.1  1947  144.1  2002  136.3  1957  104.9  2024   77.3  1918   45.9  1956   30.9  1931   137.4  2026   407.8  1967   464.9  1937   245.9  1948  1298.3  1938
   36.5  1995   55.2  1953   86.2  1957  125.2  1978  157.1  1991  152.0  1936  143.5  2020  136.3  1938  104.1  1958   77.2  1974   45.7  1983   30.8  1971   137.2  1982   407.3  1972   459.8  1964   245.9  2024  1297.8  1970
   36.5  1976   54.2  1969   85.1  1991  124.9  1986  156.5  1954  149.9  1946  141.9  1947  135.7  1985  104.1  1936   77.1  1910   45.6  2009   30.3  1930   136.8  1994   407.1  1985   459.7  1963   245.4  1932  1297.7  1974
   36.4  2013   53.8  1935   85.0  2006  124.6  2018  155.0  1965  148.5  1958  138.3  1912  134.5  1982  104.0  1922   76.4  2000   45.6  1966   30.0  2020   135.1  2016   406.9  1986   459.7  1910   245.3  1969  1292.9  1979
   36.4  1943   53.7  1999   84.7  2018  124.3  1971  154.7  1938  146.5  1978  137.5  1962  134.1  2012  104.0  2017   75.8  1914   45.4  1940   29.7  1982   132.3  1943   405.6  2006   452.3  1998   243.7  1950  1291.9  1926
   36.0  2019   53.6  1971   83.3  1964  124.1  1959  154.2  1947  145.3  1954  135.9  1974  133.4  1943  103.7  2022   75.7  2014   45.3  1984   29.2  1922   132.2  2017   403.9  1916   450.6  1982   243.6  1960  1291.0  1972
   34.6  2008   53.0  1984   83.2  1988  123.9  1996  154.1  1993  145.2  1983  135.6  1970  132.8  1978  103.7  2000   75.3  1996   45.2  1962   29.1  1958   132.1  1990   401.3  1923   449.0  1946   243.4  1970  1290.5  1966
   34.5  2021   52.8  1912   82.0  1960  123.9  1910  153.9  1916  143.3  1948  133.7  2003  132.4  2006  103.0  1931   75.3  1942   44.7  1970   28.6  1974   131.9  1960   397.7  1994   448.2  1944   242.5  1926  1288.7  1998
   34.4  2002   52.2  1992   81.6  1951  122.7  1985  153.7  1945  142.5  1924  133.4  1945  128.3  2011  102.6  1994   74.3  2005   44.6  2019   28.1  1989   131.0  1978   390.7  1970   447.2  1988   242.1  1984  1285.8  1992
   34.3  1986   52.0  1961   81.5  2005  122.5  1964  152.3  1973  141.5  1966  133.2  1981  127.9  2023  101.8  1927   73.5  1992   44.4  1959   28.0  2011   130.9  2021   389.0  1928   446.2  1924   240.8  1951  1281.2  1913
   34.2  1961   50.8  2011   81.5  1912  122.3  1923  151.2  1976  141.3  2016  132.4  1978  127.4  2020  101.7  1948   73.4  1978   43.9  2024   27.8  1993   129.2  1950   384.2  1926   443.0  1927   240.3  2025  1275.2  1937
   34.1  1916   50.2  1958   81.4  1942  121.1  2012  150.4  2022  141.1  2002  128.5  1965  127.1  1920  101.6  2013   72.1  2013   43.5  1941   27.8  1955   129.1  1938   383.0  1941   439.9  1981   237.4  1924  1274.6  1964
   34.0  1938   48.5  1978   79.4  1928  121.0  1967  150.3  1968  139.9  2019  128.4  1957  126.6  1924  101.5  1926   70.6  1915   42.8  1992   27.6  1947   128.8  1999   382.4  1991   437.9  1936   236.2  1945  1272.4  1930
   33.8  1955   47.5  1995   79.3  1971  120.9  1993  150.0  1933  139.5  1931  127.1  1998  126.5  1946  101.3  1924   69.6  2017   42.0  1991   27.5  2021   128.1  1923   381.9  1931   437.2  2008   234.3  2013  1269.5  1927
   33.6  1925   47.0  1950   78.4  1980  120.4  1932  148.9  1967  138.8  1923  126.8  1986  125.8  1971  101.2  1992   69.6  1957   41.7  1997   27.2  1910   125.6  1914   381.8  1963   433.8  2002   232.7  2017  1269.0  1924
   32.1  1970   45.7  1937   77.7  1926  120.3  1930  148.2  1931  135.6  1998  126.2  2023  124.7  1910  101.0  1977   68.9  1963   41.1  1981   26.8  1975   125.2  1995   376.4  1979   430.0  1987   232.3  1974  1260.3  1932
   31.6  1971   44.8  1972   77.7  1939  116.9  2004  145.1  1924  134.4  2007  125.4  1931  124.0  2021   98.9  1962   68.3  1967   40.4  1916   26.6  1942   124.1  1973   376.0  1996   428.8  2020   231.4  1983  1259.6  1980
   31.4  1939   44.0  1918   73.1  1979  116.5  1941  143.6  1925  133.8  1980  125.3  1927  122.2  1954   96.9  1950   68.2  1960   40.1  1958   26.4  1959   124.0  1926   370.6  1913   427.8  1938   229.5  1934  1259.5  1954
   31.3  1973   43.7  1993   72.4  1998  116.1  1992  142.8  1994  132.0  1955  121.0  1932  121.8  1942   96.2  1916   67.4  1989   38.9  1917   25.2  1915   123.8  2024   368.6  1999   422.1  1931   227.6  1982  1257.4  1916
   31.2  1937   43.4  2009   71.7  1977  114.8  1940  142.8  1912  131.4  1964  120.8  1920  121.6  1980   95.6  1983   67.2  1935   38.7  1912   23.4  1988   122.2  1966   366.9  1964   421.3  1986   224.9  1958  1249.7  1936
   31.0  1975   43.4  2024   70.7  1981  114.8  2024  142.7  2014  130.7  1971  119.7  1988  121.4  1917   94.6  1957   67.0  1982   37.5  2000   23.4  1956   122.1  1913   366.9  2024   418.8  1920   223.7  1957  1239.1  1978
   30.7  1914   42.9  2017   68.8  1916  110.8  1963  133.0  1972  129.9  1991  118.4  1938  121.0  1963   93.8  1965   64.7  1976   37.2  1994   23.3  2024   121.4  1969   365.8  1993   417.0  1948   221.8  1956  1238.7  1993
   29.7  1983   40.8  1965   68.7  1984  109.1  1937  131.9  1999  129.2  1981  116.8  1937  119.9  1986   92.3  1946   64.3  1934   36.8  2004   22.7  1927   121.3  1976   361.2  1947   411.8  1978   217.6  2000  1222.0  1931
   29.1  1969   40.6  1947   67.4  1947  104.3  1913  131.7  1969  122.4  1990  115.4  1936  117.6  1948   90.7  1945   63.2  2020   34.9  1946   22.7  2015   120.6  1935   356.9  1932   401.7  1980   217.5  1992  1214.0  2024
   29.0  1968   39.1  1926   66.6  1996  101.4  1931  130.4  1930  122.0  1972  113.4  1939  116.0  1922   85.1  1976   61.6  1916   34.8  1939   22.7  2023   120.5  1993   343.1  1930   401.2  1958   212.0  1976  1196.3  1920
   28.1  1944   38.6  1940   66.4  2023   98.7  1966  125.8  1981  118.7  2012  112.5  2010  105.6  1958   83.1  1969   58.6  1954   33.8  1934   22.0  1934   119.1  1916   340.8  1920   397.3  2012   207.9  1946  1175.8  1912
   28.0  1993   38.1  1980   65.7  1983   97.7  1961  122.8  1983  114.0  1997  106.2  1954   91.7  2008   81.0  1951   50.9  2025   32.8  1944   21.0  1912   117.1  1972   339.9  1981   378.9  1912   206.8  1968  1172.8  1981
   26.4  1921   35.6  1966   64.5  1992   76.5  1920  110.2  1932  110.2  1987   98.4  1944   84.6  1912   75.2  1956   49.9  1968   31.1  2015   19.6  2018   116.1  1937   331.2  1983   373.7  1954   198.2  1916  1167.5  1958
   23.2  1996   35.1  2026   59.5  1936    ---  2026    ---  2026    ---  2026    ---  2026    ---  2026    ---  2026    ---  2026    ---  2026    ---  2026     ---  1910     ---  2026     ---  2026     ---  2026     ---  2026
