Areal values from HadUK-Grid 1km gridded climate data from land surface network
Source: Met Office National Climate Information Centre
Monthly, seasonal and annual mean of daily maximum air temperature for Wales
Areal series, starting in 1884
Last updated 01-Apr-2026 11:34
    jan  year    feb  year    mar  year    apr  year    may  year    jun  year    jul  year    aug  year    sep  year    oct  year    nov  year    dec  year     win  year     spr  year     sum  year     aut  year     ann  year
    9.1  1916   10.4  2019   12.1  1948   15.8  2011   17.6  2025   21.4  2023   23.1  2006   23.5  1995   19.9  1895   16.2  1921   11.9  2011   11.5  2015    9.04  2016   14.89  1893   21.33  1899   14.95  2006   14.07  2022
    9.1  2007    9.7  1998   12.0  2012   15.8  2007   17.3  1896   20.5  2018   23.1  1983   23.2  1899   19.4  2023   15.6  1959   11.9  2015    9.6  1898    8.75  1989   14.74  2025   21.04  1976   14.81  1959   14.02  2025
    8.9  2008    9.5  2024   11.8  1957   15.7  1893   17.3  1895   20.5  1899   22.6  2018   22.6  1947   19.3  1959   15.4  1995   11.8  1994    9.4  1934    8.64  2007   13.90  2020   20.91  1995   14.66  2022   13.85  2023
    8.8  1921    9.4  1990   11.8  1893   15.2  2025   17.2  2008   20.4  1887   22.4  2013   22.1  1976   19.1  2006   15.3  1969   11.2  2022    9.4  1988    8.63  2008   13.67  2007   20.69  2018   14.65  2023   13.69  2014
    8.7  1990    9.2  2008   11.5  2025   15.1  2020   17.2  1893   20.3  1896   22.3  1921   22.0  2022   18.9  1898   15.2  2022   11.2  1938    9.3  1974    8.59  2019   13.66  2011   20.40  2006   14.63  2011   13.52  2020
    8.5  1975    9.2  2022   11.4  2003   13.8  2003   17.2  1992   20.2  1940   21.7  1934   21.8  1955   18.9  1949   15.2  1908   11.0  2020    9.2  2023    8.57  2022   13.36  2017   20.39  2022   14.63  2014   13.45  2006
    8.5  1989    9.0  1891   11.4  2022   13.5  1945   17.0  2020   19.9  1893   21.6  1989   21.3  1911   18.8  2021   15.1  2001   11.0  2006    9.2  1953    8.55  2024   13.33  2022   20.36  1983   14.40  2021   13.45  2011
    8.4  1932    9.0  2002   11.1  1938   13.5  1894   17.0  2018   19.7  1976   21.6  1911   21.2  1997   18.7  1933   14.8  2006   10.9  2002    9.1  1900    8.37  1995   13.15  2003   20.29  2025   14.12  1949   13.45  2007
    8.4  1983    8.9  2023   11.0  2026   13.4  2015   16.9  1990   19.7  1895   21.5  1955   21.1  2003   18.7  2014   14.8  2011   10.8  1997    9.1  2013    8.37  1975   13.15  1948   20.25  1911   14.04  2005   13.44  1921
    8.4  2005    8.9  1945   10.9  2017   13.3  1987   16.9  2017   19.6  1970   21.3  1901   21.0  1975   18.5  1929   14.7  2005   10.7  1899    9.1  1994    8.37  1899   13.13  1896   20.20  1887   14.01  1995   13.42  1959
    8.3  2020    8.9  1961   10.8  1961   13.3  1914   16.8  1989   19.6  2006   21.3  1995   21.0  1984   18.2  1971   14.6  2023   10.7  2025    9.1  2018    8.35  1998   13.03  1990   19.96  1893   13.96  1921   13.41  1949
    8.3  1944    8.7  1914   10.7  2014   13.2  2014   16.8  2024   19.4  1957   21.3  1976   21.0  1983   18.1  1991   14.5  2014   10.7  1978    9.1  2016    8.34  2020   12.99  2014   19.93  1975   13.95  1971   13.41  2003
    8.3  2002    8.6  1997   10.6  1929   13.1  1943   16.8  2023   19.4  1960   21.1  2021   20.9  2025   18.1  1999   14.5  2013   10.7  2014    9.1  1918    8.31  2014   12.95  2024   19.88  1984   13.92  1898   13.40  1995
    8.3  1993    8.6  2011   10.6  1997   13.1  2019   16.8  1919   19.3  1992   21.1  2022   20.5  1990   18.0  2016   14.4  1971   10.6  1939    9.1  1942    8.29  1990   12.94  1945   19.86  1955   13.92  2015   13.40  2018
    8.3  1890    8.6  1903   10.6  1933   13.1  1946   16.7  1959   19.3  2010   20.9  1984   20.4  1893   18.0  2005   14.4  1945   10.6  1913    9.0  1912    8.22  1943   12.92  1997   19.84  2003   13.86  2009   13.38  1893
    8.1  2016    8.5  2020   10.5  1990   13.0  2009   16.6  1998   19.2  1897   20.9  1949   20.4  1933   18.0  1890   14.4  1949   10.6  2003    8.9  2024    8.11  2017   12.70  1957   19.79  1933   13.82  2001   13.32  1990
    8.1  1898    8.4  1995   10.4  1894   13.0  1944   16.4  1917   19.2  2025   20.8  2014   20.1  1937   17.8  1961   14.4  2009   10.5  2009    8.9  1924    7.98  1999   12.69  2019   19.75  1949   13.80  1999   13.28  2024
    8.1  1974    8.4  2000   10.4  1945   13.0  2010   16.3  1960   19.1  1889   20.8  1999   20.0  1959   17.8  2003   14.3  1978   10.4  2001    8.8  2021    7.97  2002   12.67  1943   19.73  1897   13.71  2002   13.26  2017
    8.0  1999    8.4  1926   10.4  1950   13.0  2022   16.3  1901   18.9  1925   20.8  2025   19.9  2004   17.6  1907   14.3  2017   10.4  1953    8.7  1921    7.93  1925   12.65  1959   19.65  2013   13.69  1978   13.26  1997
    8.0  2012    8.4  1920   10.3  2011   13.0  1942   16.3  1911   18.8  2014   20.7  1990   19.9  1944   17.5  1941   14.2  2021   10.4  2007    8.7  2025    7.92  2026   12.63  2023   19.64  1989   13.63  2007   13.26  1989
    7.9  1884    8.4  2007   10.3  2002   12.8  1997   16.3  2016   18.8  1949   20.7  1897   19.8  1884   17.5  1921   14.2  1968   10.3  1995    8.6  1986    7.89  1920   12.60  1992   19.58  1947   13.61  1913   13.24  1899
    7.9  2014    8.3  2026   10.2  1998   12.7  1896   16.3  2001   18.8  1950   20.7  1900   19.8  1932   17.5  2022   14.0  2024   10.2  2018    8.6  2011    7.88  1949   12.55  2009   19.53  1921   13.60  1997   13.22  2005
    7.8  2022    8.3  1989   10.1  2019   12.5  1984   16.2  1918   18.8  1975   20.6  1887   19.7  1991   17.5  2002   14.0  1977   10.2  1908    8.5  2004    7.86  1935   12.55  2012   19.41  2021   13.59  1908   13.20  1999
    7.8  1938    8.3  1918   10.1  2007   12.4  1912   16.1  1952   18.7  2009   20.4  1971   19.6  2020   17.4  1947   13.9  2007   10.2  2021    8.5  1983    7.85  2012   12.48  1952   19.40  2023   13.56  2020   13.20  2019
    7.8  2023    8.2  1899   10.1  1991   12.4  1952   15.9  1947   18.7  2003   20.4  2019   19.6  1949   17.3  1964   13.9  1965   10.2  1986    8.5  2006    7.84  2005   12.44  1961   19.31  1959   13.53  1947   13.19  2021
    7.7  1949    8.2  1943   10.0  2024   12.3  2002   15.8  1953   18.7  2021   20.4  1933   19.6  1887   17.3  1911   13.8  2015   10.2  1963    8.4  1998    7.74  1974   12.38  1933   19.29  1934   13.51  1899   13.11  2016
    7.7  1925    8.1  1949    9.9  2021   12.3  1926   15.8  1964   18.7  1921   20.3  1899   19.5  1973   17.3  1958   13.8  1989   10.2  2024    8.3  1954    7.73  2000   12.36  1998   19.22  1896   13.50  2013   13.06  2015
    7.6  1928    8.1  2017    9.9  2000   12.3  2017   15.8  1922   18.6  1933   20.2  1994   19.5  1898   17.3  2020   13.8  1990   10.2  1948    8.3  1955    7.70  1957   12.36  2002   19.15  1997   13.50  2025   13.04  2004
    7.6  2004    8.1  1928    9.9  1943   12.3  1961   15.7  2004   18.4  1982   20.1  1896   19.4  2019   17.3  1906   13.7  1996   10.1  1951    8.3  2019    7.69  2023   12.34  2008   19.10  2014   13.45  2024   13.03  2002
    7.6  1995    8.0  1980    9.8  2009   12.2  1974   15.7  1940   18.4  2005   19.9  1975   19.4  1981   17.2  2000   13.7  1947   10.1  1946    8.3  1985    7.62  1898   12.31  1960   19.10  2005   13.44  1938   13.01  1898
    7.5  1957    7.9  1992    9.8  1989   12.2  1892   15.7  2022   18.4  1930   19.9  1959   19.4  2016   17.2  1900   13.6  1954   10.0  1999    8.2  1972    7.62  1913   12.31  2004   19.09  1990   13.43  2003   12.81  2000
    7.5  1930    7.8  2014    9.7  2005   12.2  1949   15.7  1970   18.4  1934   19.8  1926   19.4  2013   17.2  2011   13.6  1979   10.0  1970    8.2  1971    7.61  2004   12.30  1999   18.96  1901   13.43  1945   12.80  1998
    7.5  1920    7.7  1939    9.6  1907   12.1  2018   15.6  1980   18.3  2017   19.8  1941   19.3  1935   17.2  2004   13.5  1913   10.0  2004    8.2  1997    7.57  1937   12.21  2010   18.93  2019   13.38  2016   12.78  2009
    7.5  2018    7.7  1923    9.6  2020   12.1  1995   15.5  2000   18.2  2016   19.7  1935   19.3  2005   17.1  1985   13.5  2016   10.0  1928    8.2  1911    7.57  1923   12.14  1938   18.88  1898   13.36  2017   12.75  2008
    7.5  1923    7.7  1885    9.6  1953   12.1  1993   15.4  1999   18.2  2004   19.7  1997   19.3  1897   17.1  1981   13.4  1957   10.0  1981    8.1  1966    7.55  1916   12.12  1895   18.88  1999   13.36  1941   12.75  1911
    7.4  1988    7.7  1950    9.6  1981   12.0  2023   15.4  1978   18.2  1891   19.7  2003   19.2  1939   17.1  2019   13.4  1898   10.0  1897    8.1  1951    7.51  2025   12.10  2005   18.85  1925   13.34  1989   12.75  1957
    7.4  1994    7.7  1894    9.6  1956   12.0  1999   15.4  1997   18.1  2007   19.5  1898   19.2  1916   17.1  1891   13.4  1997    9.9  1964    8.1  2014    7.44  1922   12.09  1894   18.83  1935   13.30  1929   12.74  1945
    7.4  1943    7.7  1957    9.5  1959   12.0  1957   15.4  1948   18.1  2020   19.5  1925   19.2  1989   17.1  1915   13.4  1943    9.9  2023    8.0  1929    7.43  1921   12.08  2018   18.83  1900   13.27  2004   12.70  1975
    7.4  1906    7.6  1935    9.4  1992   12.0  1955   15.3  2012   18.1  1932   19.5  2005   19.2  2000   17.0  1914   13.4  2010    9.9  1917    8.0  1980    7.33  1967   12.07  1944   18.79  1895   13.23  1970   12.66  1943
    7.3  1976    7.6  1897    9.4  1972   12.0  1898   15.3  1889   18.1  1915   19.5  1893   19.2  1914   17.0  1982   13.3  1920    9.9  1992    8.0  1941    7.33  1950   12.07  1942   18.78  2016   13.23  2018   12.65  1984
    7.3  1937    7.6  1946    9.4  1973   12.0  1980   15.2  1988   18.1  2022   19.5  1943   19.2  2002   17.0  1955   13.3  1897    9.9  1931    8.0  1959    7.27  1988   12.04  1989   18.76  1940   13.21  1906   12.62  1914
    7.2  1998    7.5  1974    9.4  1999   12.0  2004   15.2  1890   18.0  1993   19.4  1991   19.1  1996   17.0  1934   13.3  1962    9.8  2017    8.0  1936    7.26  1932   12.04  2000   18.73  1996   13.21  1895   12.62  2001
    7.2  1948    7.5  1958    9.4  1896   12.0  2024   15.2  2007   18.0  1959   19.4  1996   19.0  1999   16.9  1926   13.3  1986    9.8  1894    8.0  1949    7.25  2015   12.02  2016   18.68  2004   13.20  1994   12.60  1983
    7.2  1981    7.4  1999    9.4  1902   12.0  2005   15.2  1915   18.0  1986   19.4  1917   19.0  1906   16.9  1989   13.3  1999    9.7  1982    8.0  1910    7.15  1912   12.00  1912   18.64  2010   13.18  1969   12.58  1971
    7.2  1969    7.4  2021    9.3  1921   11.9  1901   15.1  1937   18.0  1989   19.4  2001   19.0  2024   16.9  1998   13.3  1925    9.7  1920    8.0  1979    7.13  1993   11.99  1940   18.61  2017   13.13  1953   12.54  1933
    7.2  1899    7.4  2004    9.3  1899   11.9  1921   15.1  1971   18.0  1941   19.4  2017   18.9  2018   16.9  1996   13.3  2018    9.7  1979    7.9  1956    7.10  1973   11.98  1953   18.56  1932   13.11  1961   12.54  1976
    7.2  2000    7.4  2016    9.2  1920   11.9  1948   15.1  2014   18.0  1988   19.3  1923   18.9  2001   16.9  1884   13.3  1927    9.6  1895    7.9  1948    7.05  1914   11.92  2015   18.56  1957   13.11  1890   12.54  1994
    7.2  2017    7.4  1896    9.2  1994   11.8  1937   15.1  2006   18.0  1942   19.3  1982   18.9  1926   16.8  2013   13.3  1899    9.6  1983    7.9  2007    7.04  1992   11.92  1921   18.55  2001   13.09  1982   12.53  1948
    7.1  2015    7.4  1959    9.2  2004   11.8  1909   15.1  1909   17.9  1939   19.2  1885   18.9  2012   16.8  1970   13.3  2025    9.5  1959    7.8  1919    7.02  1958   11.88  1929   18.52  2009   13.09  1996   12.53  1934
    7.1  1926    7.4  1967    9.2  1927   11.8  1982   15.0  1943   17.8  1911   19.2  1904   18.7  1942   16.8  1973   13.3  1984    9.5  1947    7.8  1984    6.99  1903   11.85  1982   18.52  1973   13.05  1991   12.52  1953
    7.0  1934    7.4  1937    9.1  1977   11.8  1959   15.0  1982   17.8  1995   19.2  1905   18.7  1945   16.8  1939   13.2  1941    9.5  1954    7.8  2003    6.97  1984   11.84  1950   18.51  2020   13.05  1958   12.51  1982
    7.0  2024    7.3  1912    9.1  1912   11.8  1960   14.9  1933   17.8  1973   19.1  1969   18.6  1886   16.7  1936   13.2  1963    9.5  1898    7.8  1977    6.96  1976   11.82  1914   18.50  1914   13.05  1979   12.49  2012
    6.8  1962    7.3  2001    9.0  1935   11.7  1900   14.9  1956   17.8  1905   19.1  1977   18.6  1998   16.7  1966   13.1  1972    9.5  2005    7.7  1915    6.95  1894   11.82  1946   18.49  2000   13.04  1914   12.49  2013
    6.8  1924    7.3  1982    9.0  2015   11.6  1990   14.9  2011   17.7  1963   19.0  1951   18.6  1913   16.7  2009   13.1  1994    9.4  1984    7.7  1931    6.94  1981   11.81  1993   18.48  1982   13.03  1963   12.48  1897
    6.8  2026    7.3  2025    9.0  2023   11.6  1939   14.9  1927   17.7  1914   19.0  1894   18.6  2009   16.7  1980   13.0  1985    9.4  1906    7.7  1993    6.94  1961   11.73  1949   18.42  1992   13.03  1951   12.46  1938
    6.8  1968    7.2  1908    9.0  1923   11.6  2006   14.9  1945   17.7  1984   18.9  1952   18.6  1936   16.7  1913   13.0  1961    9.4  1929    7.7  1945    6.94  1946   11.72  1956   18.38  1926   13.01  1964   12.44  1896
    6.8  1927    7.2  1966    9.0  2010   11.6  1933   14.9  1936   17.7  1996   18.9  1929   18.6  2023   16.6  1997   13.0  1906    9.4  1945    7.6  2012    6.93  2018   11.69  1995   18.37  1970   12.99  1933   12.43  1961
    6.7  1971    7.1  1977    9.0  1936   11.5  1938   14.9  2019   17.6  1968   18.8  2008   18.6  1940   16.6  2010   12.9  1886    9.3  2008    7.6  1973    6.92  1926   11.69  1918   18.31  1994   12.96  1920   12.39  1992
    6.7  1913    7.1  1925    8.9  1905   11.5  1940   14.8  1950   17.6  1947   18.8  1967   18.5  1970   16.6  2007   12.9  1914    9.3  1955    7.6  1897    6.91  1960   11.67  1991   18.29  1941   12.94  2000   12.34  1973
    6.6  1896    7.1  1975    8.9  1952   11.4  1928   14.8  1929   17.6  2000   18.8  2010   18.5  1953   16.5  1899   12.9  1975    9.3  1888    7.6  1999    6.89  1948   11.67  1988   18.28  1937   12.94  1907   12.30  1988
    6.6  1902    7.1  1910    8.9  1903   11.4  1996   14.8  2009   17.5  1917   18.8  1992   18.5  1901   16.5  2025   12.9  1916    9.3  1941    7.6  2005    6.88  1980   11.56  1901   18.28  1969   12.93  1928   12.29  1913
    6.6  2003    7.1  1898    8.9  1966   11.3  1988   14.8  1995   17.5  1898   18.7  2016   18.5  1909   16.5  1945   12.9  1938    9.3  1960    7.6  2017    6.88  2021   11.49  1890   18.22  2024   12.92  1998   12.28  1926
    6.6  1900    7.1  1988    8.9  1993   11.3  2021   14.8  1944   17.5  1966   18.7  2024   18.5  1968   16.4  1956   12.9  1970    9.3  1989    7.6  1893    6.87  1994   11.48  1939   18.21  1884   12.89  1968   12.28  1894
    6.5  1967    7.1  1922    8.9  1910   11.2  1895   14.8  1908   17.5  1967   18.7  1886   18.5  2007   16.3  1901   12.9  1928    9.2  1973    7.5  2000    6.86  2003   11.48  2021   18.19  1889   12.89  1955   12.27  1944
    6.5  1960    7.1  1913    8.9  2016   11.2  1916   14.7  1892   17.4  2015   18.7  2000   18.5  1895   16.3  1893   12.9  1998    9.2  2013    7.5  1888    6.83  2001   11.48  1981   18.19  1942   12.88  1948   12.26  1960
    6.5  1935    7.1  1921    8.8  1960   11.2  1954   14.7  1939   17.4  1900   18.7  1979   18.5  2006   16.3  1995   12.8  1893    9.2  1971    7.5  1922    6.81  1906   11.48  1980   18.17  1944   12.86  1939   12.25  1935
    6.5  2019    7.0  2012    8.8  1940   11.2  1981   14.7  2010   17.4  1908   18.6  1914   18.4  1919   16.2  1942   12.8  1958    9.2  1940    7.5  1932    6.78  1939   11.46  1927   18.11  1950   12.83  1990   12.24  1900
    6.5  1973    7.0  1938    8.8  1967   11.2  1992   14.7  1928   17.4  1969   18.6  1908   18.4  2021   16.2  1917   12.8  1953    9.1  1924    7.5  1894    6.77  1972   11.42  2001   18.08  1967   12.82  1900   12.24  1928
    6.5  1922    6.9  1893    8.8  1982   11.1  1976   14.6  2005   17.4  1935   18.5  1987   18.4  1900   16.2  1937   12.8  1951    9.1  1914    7.4  1965    6.77  1911   11.38  1928   18.07  1886   12.81  1897   12.23  1939
    6.5  2006    6.9  1971    8.7  2008   11.1  1965   14.6  1942   17.3  1936   18.5  1912   18.4  1977   16.2  1938   12.8  1937    9.1  1889    7.4  2020    6.72  1938   11.38  1935   18.07  1968   12.79  1984   12.22  1918
    6.4  1970    6.9  1993    8.7  1897   11.0  1886   14.6  1910   17.3  2001   18.5  2011   18.3  1969   16.2  1969   12.8  1988    9.1  1907    7.3  1975    6.69  1896   11.35  2006   18.06  1960   12.79  1954   12.20  1955
    6.4  1918    6.8  1905    8.7  1978   11.0  1964   14.5  1921   17.3  1920   18.5  1944   18.3  1918   16.2  1953   12.8  2002    9.1  1958    7.3  1987    6.68  2006   11.35  1926   18.04  1917   12.76  1986   12.15  1942
    6.4  1956    6.7  2003    8.7  1918   11.0  2008   14.5  1993   17.2  1894   18.5  1985   18.2  2015   16.2  1951   12.7  1942    9.1  1892    7.2  1905    6.68  1971   11.32  1974   18.04  1939   12.74  2019   12.13  1991
    6.4  1958    6.7  1884    8.7  1942   11.0  1906   14.5  1949   17.2  1953   18.5  1918   18.2  1952   16.2  1987   12.7  2004    9.1  1975    7.2  1957    6.67  1944   11.23  1899   18.02  1905   12.67  1943   12.09  1937
    6.4  1950    6.7  1927    8.6  1968   10.9  2016   14.5  2002   17.2  1910   18.4  1957   18.2  1987   16.2  2018   12.7  1909    9.1  1949    7.2  1991    6.67  1930   11.23  1964   18.01  1943   12.67  1973   12.04  1884
    6.3  2025    6.5  1887    8.6  1926   10.9  1969   14.5  1912   17.1  1951   18.4  1947   18.2  2017   16.1  1902   12.7  1948    9.1  2012    7.2  2002    6.65  1890   11.22  1915   17.99  1906   12.65  1983   12.04  1993
    6.3  1984    6.5  2015    8.6  1890   10.9  1968   14.4  1888   17.1  2013   18.3  2023   18.1  1964   16.1  2024   12.7  1930    9.0  1943    7.1  1891    6.62  1954   11.20  1965   17.96  2007   12.62  1886   12.02  1970
    6.2  1904    6.5  2009    8.6  1949   10.8  1985   14.4  1977   17.0  1961   18.3  1916   18.1  1938   16.1  2008   12.6  1890    9.0  1930    7.0  1913    6.59  1927   11.18  1973   17.90  1991   12.60  1946   12.02  1940
    6.1  1992    6.5  1911    8.5  1983   10.8  1971   14.4  1897   17.0  1885   18.3  1889   18.1  1927   16.1  1889   12.6  2019    9.0  1998    7.0  1958    6.58  1983   11.18  1954   17.90  1945   12.60  1911   12.02  1908
    6.1  1939    6.5  1973    8.5  1913   10.8  1902   14.3  2003   17.0  1901   18.3  1972   18.1  1925   16.1  1886   12.6  1983    9.0  1988    7.0  1982    6.51  1918   11.16  1920   17.89  1952   12.60  2008   12.01  1920
    6.0  1909    6.5  2005    8.5  1944   10.8  1915   14.3  1961   16.9  2008   18.3  1945   18.1  1994   16.1  1978   12.6  2000    9.0  2000    7.0  1947    6.49  1952   11.16  1994   17.89  2015   12.59  2010   12.00  1901
    6.0  1961    6.5  1962    8.4  1988   10.8  1935   14.3  1935   16.9  1906   18.3  1895   18.0  1967   16.1  2015   12.5  1982    9.0  1991    7.0  1930    6.48  1910   11.16  1911   17.88  2008   12.58  1975   11.99  1906
    6.0  1903    6.4  1948    8.4  1914   10.7  1975   14.3  1957   16.9  2011   18.2  2009   17.9  1957   16.1  1916   12.5  1910    9.0  1972    6.9  1914    6.46  2013   11.13  1984   17.87  1930   12.58  1916   11.99  1947
    6.0  2013    6.4  1915    8.4  1954   10.7  1947   14.3  1976   16.9  1884   18.2  1973   17.9  1943   16.0  1935   12.5  1966    8.9  1944    6.9  1989    6.45  1959   11.13  1971   17.85  1885   12.56  1936   11.98  1964
    5.9  1912    6.4  1964    8.4  1965   10.7  1991   14.2  1991   16.9  2024   18.2  1927   17.9  1980   16.0  2017   12.5  1924    8.9  1900    6.8  1923    6.42  1924   11.13  1978   17.83  1971   12.56  1981   11.97  1967
    5.9  2009    6.3  1934    8.3  1963   10.7  1963   14.2  1946   16.9  1983   18.2  1928   17.9  1971   16.0  1968   12.5  1933    8.9  1903    6.8  1967    6.41  1966   11.08  1987   17.83  1908   12.54  1930   11.97  1929
    5.9  2011    6.3  1933    8.2  1995   10.7  1890   14.2  1973   16.9  2019   18.1  1950   17.9  2010   15.9  1930   12.5  1936    8.9  1886    6.7  2001    6.40  1928   11.08  1897   17.83  2002   12.47  1977   11.95  1977
    5.9  1910    6.3  1953    8.2  1974   10.7  2000   14.2  1920   16.8  1902   18.1  1956   17.9  1930   15.9  1928   12.5  1904    8.8  1990    6.7  1907    6.40  1905   11.03  1910   17.78  1953   12.41  1940   11.94  1958
    5.9  1931    6.2  1931    8.2  1946   10.6  1967   14.2  1965   16.8  1892   18.1  1964   17.8  2008   15.9  2001   12.5  2020    8.8  1902    6.7  1908    6.40  1908   11.01  1907   17.77  1918   12.41  1934   11.93  2010
    5.9  2021    6.2  1976    8.1  1884   10.6  1956   14.2  1884   16.8  1965   18.1  1958   17.8  1928   15.9  1940   12.4  1900    8.8  1916    6.7  1944    6.38  1915   11.01  1936   17.75  2011   12.40  1972   11.90  1936
    5.9  1905    6.2  1987    8.1  1941   10.6  1994   14.1  1966   16.8  1886   18.0  1968   17.8  2011   15.9  1946   12.4  1911    8.8  1976    6.6  1990    6.37  1931   10.99  1977   17.67  1951   12.37  1988   11.88  1932
    5.9  1972    6.2  1972    8.1  1939   10.6  1899   14.1  1916   16.7  1919   18.0  2002   17.8  1961   15.8  1990   12.4  1967    8.7  1935    6.6  1938    6.35  1901   10.97  1937   17.66  1894   12.35  1956   11.88  1980
    5.8  1951    6.1  1960    8.1  1928   10.6  1972   14.1  1934   16.7  1937   18.0  1937   17.7  1934   15.8  1979   12.4  1955    8.7  1890    6.6  1904    6.28  2009   10.95  1892   17.66  1936   12.34  1960   11.88  1996
    5.8  1996    6.1  1984    7.9  1924   10.5  1904   14.0  1954   16.7  1999   18.0  2015   17.7  1915   15.8  1920   12.4  2008    8.7  1974    6.5  1902    6.27  1889   10.94  1913   17.64  1977   12.34  1891   11.87  1950
    5.8  1915    6.1  1952    7.8  1895   10.5  1962   13.9  1984   16.7  1922   18.0  1946   17.7  1892   15.8  1948   12.3  1901    8.6  1987    6.5  2022    6.25  1933   10.93  1909   17.58  1915   12.33  1985   11.87  1974
    5.8  1964    5.9  1909    7.8  1932   10.5  1958   13.9  1903   16.7  1945   18.0  1906   17.7  1982   15.8  1932   12.3  1903    8.6  2016    6.5  1909    6.24  1885   10.91  1976   17.57  1913   12.32  1894   11.87  1895
    5.8  1936    5.9  2006    7.7  1915   10.5  1953   13.9  1905   16.7  1962   18.0  2004   17.7  1965   15.8  1967   12.3  1934    8.6  1996    6.5  1940    6.24  1945   10.85  1947   17.57  1904   12.31  1888   11.85  1946
    5.8  1911    5.8  1941    7.7  1934   10.5  1913   13.9  1985   16.6  1943   17.9  1942   17.7  1958   15.7  1963   12.3  1956    8.6  1932    6.4  1970    6.24  1909   10.84  1905   17.54  1993   12.31  1942   11.84  1966
    5.7  1907    5.8  1951    7.6  1986   10.4  1930   13.9  1913   16.6  1931   17.9  1884   17.6  2014   15.7  1983   12.3  1960    8.6  1922    6.4  2008    6.19  1997   10.83  1966   17.54  2012   12.31  1937   11.84  1925
    5.7  2001    5.7  1892    7.6  2001   10.4  1885   13.8  1886   16.6  1888   17.9  1948   17.6  1972   15.7  1888   12.2  1976    8.5  1968    6.4  1978    6.16  1919   10.83  1898   17.52  1919   12.30  1966   11.83  1912
    5.7  1986    5.7  1916    7.5  1930   10.4  1923   13.8  1914   16.6  1994   17.8  2020   17.6  1921   15.7  1975   12.2  1940    8.5  1918    6.4  1928    6.09  1962   10.83  1972   17.50  1961   12.30  1987   11.83  1969
    5.7  1889    5.7  1906    7.5  1911   10.3  2001   13.8  1899   16.5  1974   17.8  1932   17.5  1966   15.7  1904   12.1  1907    8.5  1961    6.4  1884    6.03  1987   10.77  1903   17.50  1981   12.28  1924   11.82  1930
    5.7  1894    5.7  2013    7.4  1971   10.3  2013   13.8  1975   16.5  1918   17.8  1963   17.5  1974   15.7  1910   12.1  1894    8.5  1936    6.4  1926    6.03  1978   10.71  1919   17.49  1966   12.26  2012   11.82  1915
    5.7  1953    5.7  1944    7.4  1906   10.3  1927   13.8  1924   16.5  1958   17.7  1986   17.5  1908   15.7  1984   12.1  1991    8.4  2019    6.3  1920    5.97  1968   10.71  1968   17.48  1929   12.25  1917   11.81  1968
    5.6  1946    5.6  2018    7.4  2006   10.3  1934   13.8  1938   16.5  1952   17.7  2012   17.5  1960   15.7  1919   12.1  2012    8.4  1956    6.3  1964    5.96  1953   10.70  1967   17.46  1964   12.23  1893   11.81  1941
    5.6  1978    5.6  2010    7.4  1925   10.3  1950   13.7  1958   16.5  1997   17.7  1902   17.5  1902   15.6  2012   12.1  1987    8.4  1912    6.3  1992    5.92  1970   10.70  1963   17.43  1958   12.22  1903   11.80  1978
    5.6  1914    5.5  1924    7.4  1931   10.2  2012   13.7  1981   16.5  1913   17.7  1981   17.4  1950   15.6  1943   12.0  1931    8.4  1904    6.2  1889    5.91  1956   10.69  1985   17.42  1998   12.21  1902   11.78  1981
    5.6  1965    5.5  1889    7.4  1976   10.2  1925   13.7  1931   16.4  1979   17.7  1961   17.4  1904   15.6  1976   12.0  1929    8.4  1927    6.2  1906    5.75  1907   10.68  1934   17.41  1916   12.21  1904   11.75  1910
    5.4  1901    5.5  1932    7.4  1985   10.2  1998   13.6  1994   16.4  1926   17.6  1953   17.4  1929   15.5  1960   12.0  1973    8.3  1957    6.1  1960    5.75  1892   10.67  1884   17.39  1979   12.21  1884   11.75  1951
    5.4  1991    5.5  1940    7.2  1885   10.2  1907   13.6  1969   16.3  1890   17.6  1913   17.4  1923   15.4  1903   12.0  2003    8.3  1926    6.1  1946    5.73  1964   10.63  1902   17.34  1902   12.17  1935   11.72  1916
    5.3  1952    5.4  1970    7.1  2018   10.1  1918   13.6  1974   16.3  1998   17.6  1940   17.3  1885   15.4  1992   11.9  1950    8.3  1977    6.0  1895    5.72  2011   10.59  1889   17.32  1891   12.17  1976   11.71  1889
    5.3  1908    5.4  1981    7.1  1898   10.1  1929   13.5  1925   16.2  2002   17.6  1962   17.2  1993   15.4  1896   11.9  1915    8.2  1980    6.0  1943    5.72  1955   10.55  1924   17.30  1963   12.15  1927   11.69  1952
    5.3  1982    5.4  1890    7.0  1889   10.1  1979   13.5  1930   16.2  1955   17.5  1891   17.2  1896   15.4  1988   11.9  1888    8.2  1967    6.0  1952    5.68  1887   10.53  1922   17.26  1928   12.13  1957   11.65  1924
    5.3  1887    5.4  1994    7.0  1975   10.1  1897   13.4  1987   16.2  1938   17.4  1907   17.2  1988   15.3  1944   11.9  1891    8.1  1911    6.0  1896    5.67  1965   10.50  1975   17.25  1892   12.13  1889   11.64  1972
    5.3  1919    5.3  1904    7.0  1922   10.0  1920   13.4  2013   16.1  1978   17.4  1966   17.2  1917   15.3  1908   11.8  1964    8.0  1950    5.9  1885    5.64  1904   10.46  1930   17.24  1987   12.13  1901   11.64  1927
    5.2  1888    5.3  1954    7.0  1984    9.9  1924   13.4  1898   16.1  1929   17.4  1924   17.2  1889   15.2  1954   11.8  1946    8.0  1921    5.9  1969    5.61  1897   10.42  1923   17.19  1923   12.11  1967   11.63  1956
    5.2  1954    5.3  1996    6.9  1996    9.9  1973   13.4  1900   16.1  1964   17.4  1960   17.2  1992   15.2  1993   11.8  1884    8.0  1891    5.8  1901    5.57  1934   10.38  1925   17.19  1910   12.10  1931   11.63  1890
    5.1  1955    5.3  1907    6.9  1980    9.8  1887   13.4  2015   16.1  1924   17.4  1930   17.2  1931   15.2  1924   11.8  1923    8.0  1884    5.7  2009    5.56  1991   10.35  1917   17.18  1927   12.08  1980   11.60  1905
    5.0  1959    5.2  1936    6.8  1964    9.7  1884   13.3  2021   16.1  1944   17.4  1993   17.1  1905   15.1  1897   11.8  1935    8.0  1942    5.6  1939    5.54  1902   10.28  1970   17.13  1986   12.04  1926   11.58  1987
    5.0  1997    5.1  1965    6.8  1908    9.7  1911   13.2  1907   16.1  1904   17.4  1910   17.1  1978   15.1  1885   11.7  1902    8.0  1934    5.6  1887    5.53  1942   10.27  1916   17.12  1988   12.04  1962   11.58  1891
    5.0  1933    5.0  1985    6.6  1958    9.6  1905   13.2  1926   16.0  1912   17.4  1919   17.1  1979   15.1  1972   11.6  1912    7.9  1969    5.4  1968    5.51  1900   10.26  1958   17.05  1938   11.94  1932   11.57  1954
    4.9  1977    5.0  1900    6.6  1891    9.6  1910   13.1  1986   16.0  2012   17.3  1998   17.0  1941   15.1  1977   11.5  1932    7.9  1937    5.4  1937    5.50  1985   10.25  1900   17.01  1980   11.87  1944   11.53  1887
    4.8  1885    4.6  1991    6.6  1987    9.6  1951   13.1  1891   15.9  1980   17.3  2007   17.0  1910   15.1  1894   11.5  1918    7.9  1962    5.4  1925    5.50  1893   10.24  1886   17.00  1965   11.77  1965   11.53  1965
    4.8  1980    4.6  1978    6.5  1904    9.6  1919   13.1  1963   15.9  1990   17.2  1903   17.0  1948   14.9  1962   11.4  1952    7.8  2010    5.4  1903    5.46  1936   10.22  1908   16.95  1931   11.77  1992   11.52  1902
    4.7  1966    4.3  1901    6.4  1901    9.6  1931   13.0  1904   15.9  1956   17.2  1892   17.0  1888   14.9  1950   11.4  1944    7.8  1933    5.4  1935    5.41  1977   10.22  1969   16.93  1974   11.71  1909   11.50  1907
    4.7  1942    4.3  1968    6.4  1979    9.5  1891   12.9  1951   15.8  1928   17.2  1980   16.9  1890   14.8  1922   11.3  1980    7.7  1901    5.3  1892    5.37  1982   10.21  1906   16.85  1948   11.69  1910   11.50  1923
    4.5  1891    4.2  1930    6.4  1887    9.5  1903   12.7  1941   15.6  1948   17.1  1931   16.9  1951   14.8  1923   11.3  1919    7.6  1885    5.3  1886    5.35  1969   10.21  1931   16.84  1962   11.69  1915   11.50  1903
    4.5  1947    4.1  1983    6.3  1951    9.5  1983   12.7  1968   15.6  1954   17.0  1936   16.8  1894   14.8  1909   11.2  1939    7.6  1966    5.2  1996    5.26  1996   10.21  1955   16.75  1890   11.62  1950   11.50  1931
    4.4  1893    4.0  1902    6.3  1970    9.5  1989   12.7  1967   15.5  1985   17.0  1890   16.4  1946   14.8  1994   11.2  1889    7.6  1909    5.2  1962    5.15  1986   10.19  1996   16.73  1985   11.53  1922   11.47  1904
    4.4  1892    3.9  1919    6.3  1955    9.4  1966   12.7  1962   15.4  1977   17.0  1939   16.4  1963   14.7  1986   11.2  1922    7.6  1893    5.0  1963    5.08  2010   10.19  1983   16.73  1909   11.41  1918   11.41  1909
    4.1  1886    3.8  1917    6.2  1969    9.4  1889   12.5  1983   15.4  1903   17.0  1970   16.4  1954   14.7  1927   10.9  1926    7.4  1905    5.0  1917    5.03  1951   10.06  1941   16.70  1978   11.30  1912   11.38  1985
    4.0  2010    3.8  1886    6.2  1917    9.4  1977   12.5  1972   15.3  1981   17.0  1915   16.4  1907   14.7  1892   10.7  1917    7.4  1993    5.0  1961    4.87  1891   10.03  1904   16.64  1956   11.29  1925   11.38  1886
    4.0  1929    3.7  1942    6.0  1892    9.3  1941   12.4  1932   15.2  1927   16.9  1938   16.3  1962   14.6  1957   10.6  1981    7.0  1965    4.9  1916    4.86  1941    9.79  1932   16.60  1924   11.15  1892   11.32  1922
    3.6  1985    3.5  1955    6.0  1937    9.2  1978   12.4  1887   15.1  1971   16.9  1978   16.3  1891   14.6  1905   10.6  1993    6.9  1896    4.9  1899    4.78  1888    9.75  1891   16.57  1888   11.05  1993   11.23  1919
    3.4  1897    3.5  1888    6.0  1947    9.1  1936   12.4  1955   15.0  1946   16.7  1974   16.3  1924   14.5  1887   10.4  1905    6.8  1985    4.7  1995    4.64  1886    9.72  2013   16.55  1912   10.98  1923   11.22  1979
    3.4  1945    3.2  1969    5.9  1909    9.1  1932   12.4  1894   15.0  1909   16.6  1909   16.3  1903   14.4  1965   10.4  1887    6.8  1910    4.4  1976    4.54  1940    9.70  1885   16.53  1972   10.84  1919   11.22  1986
    3.3  1987    3.1  1979    5.9  1962    9.1  1908   12.4  1996   14.9  1987   16.5  1965   16.2  1985   14.4  1931   10.2  1895    6.6  1887    3.7  1981    4.52  1929    9.68  1962   16.50  1920   10.83  1974   11.21  1962
    3.3  1979    3.1  1929    5.9  1886    8.9  1970   12.3  1906   14.8  1923   16.1  1888   16.1  1920   14.3  1918   10.1  1992    6.5  1952    3.6  1927    4.32  1979    9.61  1986   16.49  1946   10.82  1885   11.15  1917
    2.6  1917    2.8  1956    5.7  1919    8.8  1888   11.9  1979   14.6  1916   16.1  1988   15.9  1956   14.2  1925   10.0  1974    6.3  1925    3.5  1950    3.78  1917    9.60  1951   16.32  1903   10.79  1905   11.14  1885
    2.6  1940    1.8  1963    5.7  1900    8.8  1922   11.9  1923   14.5  1991   16.1  1920   15.8  1922   13.9  1974    9.8  1885    6.3  1923    3.4  1933    3.68  1895    9.59  1888   16.09  1922   10.65  1896   11.14  1892
    2.4  1895    1.1  1986    5.5  1916    8.5  1917   11.7  1902   14.2  1907   15.8  1922   15.7  1986   13.8  1912    9.7  1892    6.0  1915    2.9  2010    3.53  1947    9.54  1887   16.02  1907   10.53  1952   10.99  1888
    2.4  1941    0.9  1895    5.5  2013    8.0  1986   11.5  1885   13.5  1972   15.7  1954   15.1  1912   13.6  1952    9.7  1896    5.6  1919    1.5  1890    2.38  1963    9.49  1979   15.89  1954   10.49  1887   10.88  1963
    0.1  1963   -0.3  1947    5.4  1888    ---  2026    ---  2026    ---  2026    ---  2026    ---  2026    ---  2026    ---  2026    ---  2026    ---  2026     ---  1884     ---  2026     ---  2026     ---  2026     ---  2026
