Areal values from HadUK-Grid 1km gridded climate data from land surface network
Source: Met Office National Climate Information Centre
Monthly, seasonal and annual number of days in the month with precipitation amount >= 1mm for England NW and N Wales
Areal series, starting in 1891
Last updated 01-Apr-2026 11:35
    jan  year    feb  year    mar  year    apr  year    may  year    jun  year    jul  year    aug  year    sep  year    oct  year    nov  year    dec  year     win  year     spr  year     sum  year     aut  year     ann  year
   25.7  1928   23.7  1910   23.7  1903   24.2  1920   24.0  1967   24.3  1907   23.7  1920   24.1  1912   26.7  1918   28.9  1903   26.0  2000   26.4  2015    66.1  2014    61.8  1920    61.2  1912    68.5  2000   211.2  1923
   24.9  2014   22.6  1925   23.1  1914   20.4  1932   23.4  1924   22.0  1912   22.8  1939   23.8  1917   24.2  1896   25.2  2000   25.7  2009   25.9  2011    64.2  2016    56.5  1983    57.1  1907    67.3  1954   205.9  1903
   24.7  1948   22.5  2020   22.6  1912   19.7  1950   20.4  1983   20.4  1948   22.4  1988   23.5  1985   24.0  1950   25.1  1923   24.5  1951   25.4  1911    64.0  1995    53.5  1947    56.5  1927    64.6  1935   202.4  1954
   23.8  1921   21.9  1923   22.5  1947   18.8  1998   20.2  1902   20.3  1935   21.6  2009   22.7  1956   23.1  1954   24.4  1930   24.2  1960   25.0  1959    62.4  1910    53.2  1913    56.1  1924    63.6  1903   201.2  2000
   23.8  1975   21.8  1937   22.2  1992   18.7  1899   20.1  1925   19.8  1998   20.5  1960   22.5  1891   21.8  1974   24.3  1967   23.9  1944   24.9  1929    61.7  1916    52.6  1979    55.0  2012    61.2  1923   195.7  1928
   23.7  1984   21.3  1990   21.9  1994   18.2  2012   19.9  1969   19.4  1928   20.5  1936   22.0  1943   20.2  1927   24.2  1906   23.6  2015   24.6  1993    60.5  1923    50.6  1986    54.6  1946    59.3  1967   195.5  1927
   23.7  1990   21.3  2014   21.3  1897   18.0  1910   19.5  1906   19.4  1987   20.5  2007   21.9  1923   20.2  1924   24.0  1934   23.3  1992   24.4  1999    59.9  1920    50.1  1903    54.3  1954    59.0  1944   193.9  1930
   23.2  1988   21.3  2002   21.2  1896   17.7  2024   18.9  1979   19.3  1980   20.2  1931   21.7  1897   19.8  2017   24.0  1916   23.3  1929   24.0  2023    59.6  1922    50.0  1932    53.2  1956    58.2  1974   193.2  1924
   23.1  2016   21.0  2000   21.2  2023   17.6  1931   18.5  1958   19.2  1991   20.2  2023   21.6  1903   19.8  1946   23.7  1917   23.1  1982   23.8  1919    59.2  1915    50.0  2024    53.2  2020    57.7  1950   192.8  1920
   22.8  1900   20.6  2022   21.1  1988   17.6  1970   18.5  1932   18.8  1972   20.0  1924   21.6  1927   19.7  1935   23.7  1935   23.1  1970   23.4  2020    59.1  2000    49.9  1902    52.8  1958    57.3  1938   191.7  1900
   22.6  2008   20.3  1916   20.8  1913   17.5  1983   18.2  1986   18.5  1945   19.7  1953   21.4  1930   19.3  1892   22.8  1907   21.9  1963   23.4  1934    58.6  1894    49.8  2006    52.2  1985    57.1  1918   189.7  2023
   22.3  1927   20.1  1995   20.8  1981   17.4  1905   18.2  2021   18.2  2012   19.2  1909   21.2  1924   19.0  1957   22.7  1932   21.5  1946   23.4  1915    58.5  1931    49.0  1992    52.0  1931    57.0  1960   188.9  1950
   22.1  1943   19.8  2026   20.5  1921   17.2  2001   18.2  2011   18.2  2020   19.1  1922   21.1  1950   18.9  1899   22.7  1954   21.5  1954   23.2  1918    58.2  1937    48.3  1925    50.8  1930    56.7  1892   188.8  1912
   21.8  1993   19.7  1893   20.1  1905   17.0  2008   18.2  1976   17.7  1946   19.1  1940   20.7  1946   18.9  1925   22.5  1928   21.4  1938   23.0  1966    58.2  1990    47.9  1908    49.8  1894    56.5  1930   188.5  2012
   21.7  1999   19.6  1931   20.1  2024   17.0  1961   18.1  1907   17.4  1958   18.9  2012   20.6  1954   18.6  1923   22.3  1938   21.3  1935   22.8  1986    57.6  1994    47.9  1897    49.6  1928    56.2  1984   188.4  1916
   21.6  1995   19.3  1977   19.8  1920   16.9  1994   18.0  2003   17.3  1931   18.8  1954   20.5  1941   18.4  2019   21.7  2020   21.3  1913   22.5  1965    57.2  1960    47.2  1963    49.1  1960    56.0  2022   187.0  1967
   21.5  1938   19.1  1997   19.3  1995   16.8  1913   17.8  1920   17.2  1990   18.7  1930   20.4  1951   18.4  1943   21.5  1998   21.0  1939   22.4  1914    56.9  2024    47.2  1967    48.9  1922    56.0  1981   186.9  1931
   21.4  1986   19.0  1915   19.0  2006   16.8  1992   17.8  1894   17.2  1927   18.5  1932   20.3  1910   18.1  1984   21.5  1929   21.0  1931   22.3  1994    56.8  1943    46.9  1994    48.8  1963    54.8  1970   186.9  1907
   21.4  1922   19.0  1894   18.9  2008   16.7  1925   17.7  1945   16.5  2025   18.1  1915   19.9  1929   18.0  2012   21.5  1892   20.8  1940   22.0  1912    56.6  1939    46.2  1981    48.8  1948    54.6  1992   186.8  1951
   21.4  1930   18.9  1898   18.6  1979   16.5  2000   17.6  1981   16.4  1900   18.0  1957   19.9  1982   17.9  1934   21.5  1976   20.7  2002   22.0  1951    56.4  1912    46.1  1907    48.7  2009    53.8  2019   186.2  2008
   21.3  1920   18.8  1935   18.6  1927   16.5  2016   17.6  1923   16.3  2007   17.7  1927   19.8  2008   17.9  1981   21.4  1909   20.7  1959   21.9  1900    56.2  2020    45.1  1934    48.7  1998    53.8  1932   186.1  1998
   21.1  2015   18.7  1958   18.6  1983   16.2  1977   17.2  1955   16.2  1982   17.7  2017   19.8  1921   17.8  1967   21.3  1900   20.6  1996   21.8  1910    55.7  1925    44.5  1899    48.2  2017    53.7  1917   186.0  1906
   21.1  1939   18.5  1904   18.4  1951   16.1  1904   17.1  2009   16.1  1963   17.6  2020   19.7  2014   17.7  1980   21.2  2022   20.6  1928   21.7  1896    55.6  2026    44.3  1927    48.2  2008    53.6  2023   186.0  1910
   20.9  1983   18.4  1941   18.1  1978   16.1  1959   17.1  2006   16.0  1997   17.4  1918   19.3  1963   17.6  2025   21.1  1961   20.5  2025   21.6  1974    55.2  2021    44.1  1914    47.8  1980    53.5  2025   186.0  1960
   20.9  2004   18.4  1951   18.1  1980   16.1  2005   17.0  1926   15.8  1966   17.3  1938   18.9  1960   17.4  1968   20.9  1981   20.5  1926   21.6  1901    55.2  1957    43.8  1905    47.7  1953    53.4  1928   184.8  2020
   20.6  2018   18.3  2024   17.8  1934   16.1  1935   16.9  1892   15.5  1892   17.2  2015   18.8  2004   17.3  2000   20.9  2013   20.2  1969   21.2  1942    54.8  1926    43.8  1951    47.6  1938    53.3  2017   184.5  1958
   20.6  1919   17.9  1945   17.8  1908   16.0  1975   16.9  1891   15.2  1938   17.1  2010   18.7  1928   17.2  1944   20.4  2006   20.2  2022   21.2  2012    54.6  1999    43.7  1921    47.6  2007    53.0  1891   183.8  2017
   20.5  1894   17.8  2011   17.8  2019   16.0  1963   16.6  1972   15.1  2017   17.1  1993   18.7  1992   17.0  1965   20.4  2014   20.2  1979   21.2  1923    54.4  1900    43.3  1972    47.6  1920    53.0  1916   183.3  1994
   20.4  1974   17.8  1922   17.7  1989   15.8  1999   16.6  1908   14.9  1894   17.1  1895   18.6  1934   17.0  1903   20.3  1891   20.1  1910   21.0  1979    53.8  2018    43.3  1904    47.4  2004    52.9  1982   183.3  1894
   20.3  1936   17.4  1918   17.6  2017   15.8  1927   16.6  2015   14.9  1954   16.9  1923   18.6  1958   16.9  1992   19.9  2021   20.1  1900   21.0  1954    53.6  2007    43.3  1999    47.4  1943    52.6  1929   183.2  1999
   20.3  1906   17.1  1957   17.6  1902   15.5  1964   16.6  2002   14.9  1944   16.8  1958   18.4  1925   16.7  1893   19.8  2001   19.8  1986   20.9  1949    53.4  1974    43.1  2008    47.0  1950    52.6  1980   183.2  1918
   20.1  1926   17.0  1926   17.4  1970   15.4  1965   16.5  1898   14.8  1896   16.7  2008   18.4  1894   16.6  1942   19.6  1989   19.8  1974   20.7  1956    53.4  1951    43.1  1924    46.8  1923    52.5  2006   182.9  2014
   20.0  1978   17.0  1989   17.2  1986   15.2  1940   16.1  1931   14.8  1924   16.6  1998   18.3  1905   16.6  1999   19.6  2008   19.6  1949   20.6  1955    53.2  1984    42.5  1966    46.5  1900    52.2  2012   181.9  2024
   20.0  1994   16.9  1908   17.1  1982   15.1  1986   16.1  1947   14.6  2016   16.6  1974   18.1  1895   16.5  1975   19.6  1984   19.6  1972   20.6  1922    53.0  1975    42.5  1906    46.4  1939    52.2  1900   181.6  1892
   19.9  1904   16.8  1980   17.1  1909   15.1  1993   15.9  2014   14.4  1943   16.5  1894   18.0  2019   16.3  1891   19.3  1987   19.6  2023   20.5  1906    52.5  1935    42.1  1894    46.2  1909    52.1  1943   180.3  1938
   19.6  1895   16.7  1950   17.0  1895   15.1  1897   15.6  1903   14.4  1956   16.2  1946   17.9  2012   16.3  1958   19.2  2004   19.4  2006   20.4  1921    52.5  1904    42.0  1923    46.1  2023    52.1  1963   180.1  2015
   19.5  1944   16.6  1939   16.8  1987   15.0  1979   15.6  1913   14.2  1916   16.1  1956   17.8  1957   16.3  1994   19.1  1896   19.2  1997   20.3  1909    52.3  1980    41.9  1988    46.0  1891    52.0  1927   180.1  1974
   19.4  1899   16.5  1966   16.4  1963   15.0  2018   15.4  2022   14.1  2019   15.9  1914   17.4  2020   16.3  2024   18.9  1901   19.1  1950   20.2  1924    52.2  2012    41.8  1970    45.9  1910    52.0  1976   179.5  1946
   19.4  1931   16.5  1914   16.3  1928   15.0  1919   15.4  2007   13.9  1965   15.8  1907   17.3  1980   16.2  1926   18.7  1980   19.1  1977   20.1  1980    52.1  1892    41.7  1930    45.4  1903    51.9  1998   179.3  1966
   19.4  2007   16.5  1900   16.3  1919   15.0  1947   15.2  1973   13.8  1947   15.7  1947   17.2  1906   16.2  1962   18.7  2011   19.0  1914   19.9  2013    51.9  2002    41.7  1916    45.2  1987    51.9  1934   179.2  1935
   19.3  1892   16.4  1954   16.1  1977   14.9  1922   15.0  1910   13.8  1898   15.7  1970   17.2  1922   16.1  1932   18.4  2023   18.8  1911   19.6  1946    51.9  1919    41.4  1977    45.1  1936    51.4  2001   179.1  1922
   19.2  2026   16.4  1906   15.9  1957   14.8  1937   14.9  1921   13.8  2004   15.7  1893   17.1  2011   16.0  2001   18.2  1893   18.8  1916   19.5  1952    51.7  1958    41.3  1909    45.0  1988    50.6  1896   178.8  1970
   19.1  1970   16.3  1974   15.7  2018   14.7  1949   14.9  1963   13.7  1985   15.2  2016   17.0  1942   15.9  1908   18.1  1996   18.6  1984   19.5  1898    51.4  2015    41.3  1910    44.8  1957    49.9  1961   178.8  1980
   19.1  1962   16.1  1897   15.6  1940   14.7  1934   14.8  1899   13.7  2000   15.1  1912   17.0  1907   15.8  1948   18.0  1966   18.3  1998   19.5  1985    51.3  2022    40.6  1940    44.4  1929    49.9  1926   178.8  1925
   18.7  2023   15.9  1970   15.4  1930   14.6  1909   14.4  1993   13.7  1910   15.1  1942   17.0  2009   15.6  2023   18.0  1990   18.2  1905   19.5  1930    51.3  1948    40.4  2002    43.9  1897    49.6  2020   178.6  1926
   18.7  1956   15.8  2007   14.8  1939   14.5  1930   14.3  1966   13.6  2002   15.1  1903   17.0  1898   15.6  1961   18.0  1983   18.0  2017   19.4  2014    51.1  1899    40.4  1969    43.7  2019    49.5  2004   178.4  1934
   18.3  1910   15.7  1903   14.5  1937   14.4  1985   14.3  1968   13.5  1936   15.0  1985   16.8  1962   15.5  1930   17.9  1944   17.9  1947   19.4  2017    50.8  1967    40.4  1937    43.6  1895    49.0  1979   178.0  2009
   18.3  1981   15.7  1960   14.4  1959   14.1  1989   14.2  1942   13.4  2011   14.8  2004   16.7  2006   15.4  2004   17.9  1960   17.9  1917   19.2  2021    50.6  1961    40.3  2005    43.1  1892    48.9  2008   177.9  1943
   18.2  1937   15.2  1946   14.4  1916   14.0  1966   14.1  1916   13.3  1971   14.8  2024   16.7  1988   15.4  2010   17.9  1898   17.9  1991   19.1  1893    50.6  1897    40.2  1891    43.0  2016    48.7  1893   177.7  1979
   18.2  1951   15.0  1961   14.3  1999   14.0  1907   14.1  1962   13.1  1955   14.6  1965   16.6  1926   15.4  1983   17.9  1895   17.8  1903   19.0  2009    50.4  1930    40.2  1965    42.9  1965    48.0  1987   177.1  1948
   18.1  1923   14.8  1920   14.3  1991   13.9  1901   14.0  1938   13.1  1897   14.5  1944   16.4  1902   15.4  1995   17.7  2019   17.7  2019   19.0  1897    50.3  1946    40.1  1998    42.8  1896    48.0  1924   177.1  2002
   17.9  1961   14.7  1928   14.2  1933   13.8  2006   13.9  1904   13.1  1978   14.1  1975   16.3  1892   15.4  1936   17.6  1918   17.6  2012   19.0  1938    50.2  1936    40.0  2009    42.5  1917    48.0  2013   176.8  2011
   17.9  1916   14.7  1911   14.2  1917   13.8  1894   13.7  1949   13.0  1981   13.9  1966   16.3  1896   15.3  2011   17.5  1902   17.5  1923   18.9  1908    49.8  1977    40.0  2023    42.4  1966    47.6  2010   176.1  2004
   17.9  1952   14.7  2017   14.2  1967   13.7  1972   13.7  2013   13.0  1959   13.8  1900   16.2  1900   15.2  1952   17.4  2005   17.4  1895   18.8  1891    49.8  1898    39.9  1968    42.4  1902    47.5  1940   176.0  1897
   17.8  1915   14.7  2016   14.1  1966   13.5  1908   13.5  2005   12.9  1977   13.7  1891   16.2  1979   15.2  1987   17.2  1982   17.3  2010   18.7  1982    49.6  1970    39.7  2015    42.3  1982    47.4  1946   175.7  2019
   17.8  1958   14.5  1999   14.1  1985   13.5  1923   13.3  1997   12.8  1999   13.7  1926   16.2  2023   15.1  2018   17.1  1942   17.2  1981   18.4  1998    49.2  1913    39.7  1919    42.0  1926    47.3  1994   175.5  1981
   17.7  2002   14.4  2001   14.0  1907   13.5  1896   13.1  1999   12.8  1901   13.7  1967   16.1  1904   15.1  2016   17.1  1949   17.2  1967   18.4  2006    48.9  2008    39.6  1950    41.8  1915    47.2  2005   175.5  1944
   17.7  1969   14.4  1912   14.0  2026   13.4  1996   13.0  1954   12.7  1902   13.4  1950   16.1  1901   15.0  1976   17.1  1943   17.0  1936   18.3  2000    48.8  1988    39.6  1987    41.7  2000    47.2  1906   175.5  1902
   17.5  2021   14.4  1969   13.9  2015   13.2  1951   12.9  1933   12.6  1922   13.3  1902   16.0  1961   14.9  1970   16.9  1979   16.9  1966   18.3  1936    48.8  1945    39.5  1931    41.5  1918    47.0  1977   175.3  1992
   17.5  1924   14.3  1996   13.7  1968   13.2  1916   12.8  1965   12.6  1968   13.3  1963   16.0  2000   14.9  1960   16.9  1986   16.7  2020   18.3  1984    48.7  1950    39.5  1917    41.2  1991    47.0  1925   174.0  1936
   17.5  1957   14.3  1905   13.7  1936   13.2  1939   12.8  1964   12.6  1929   13.3  2002   16.0  2001   14.7  1947   16.8  1970   16.7  1943   18.2  1978    48.6  1978    39.3  2014    41.2  2011    46.8  2011   173.5  1988
   17.4  1934   14.3  1933   13.5  1922   13.2  1917   12.6  1934   12.5  1953   13.1  1908   15.9  1915   14.7  1897   16.7  1952   16.6  1930   18.2  1983    48.5  1966    39.2  1926    41.1  1951    46.6  1913   173.3  1914
   17.3  1913   14.3  2021   13.4  1941   13.1  1924   12.4  1914   12.5  1950   13.1  1937   15.7  1948   14.6  2022   16.7  2002   16.5  2003   18.0  2019    48.4  1955    39.1  1985    41.0  1978    46.5  2009   173.2  1909
   17.2  1946   14.1  1992   13.4  1998   13.0  1962   12.2  2024   12.5  1913   12.8  1978   15.5  1953   14.5  1955   16.6  1974   16.5  1891   18.0  1945    48.3  1928    39.0  1898    41.0  1997    46.3  1936   172.8  1908
   17.2  1942   14.0  1892   13.3  2014   12.9  1953   12.2  1951   12.5  1939   12.8  1933   15.5  1893   14.4  1922   16.6  2012   16.3  1907   17.7  2018    48.2  1952    38.9  2018    40.9  1893    45.6  1905   172.6  1982
   16.9  1903   14.0  1973   13.3  1904   12.9  2004   12.2  1987   12.4  1952   12.8  1959   15.5  2017   14.4  1956   16.4  1925   16.2  1980   17.7  1928    48.1  1981    38.8  1964    40.9  1944    45.5  1948   172.3  1891
   16.9  1976   13.9  2018   13.0  1972   12.9  1900   12.1  1917   12.4  1909   12.7  1973   15.4  1971   14.4  1953   16.3  1924   16.2  1953   17.7  1960    47.8  1901    38.8  2001    40.4  2024    45.3  1966   172.1  1986
   16.9  2012   13.6  1949   12.9  2001   12.7  1948   11.8  1930   12.4  1920   12.7  2003   15.2  1986   14.2  1978   16.3  1958   16.2  2007   17.7  1925    47.7  1983    38.6  1949    40.0  1974    44.9  1952   171.5  1896
   16.9  1968   13.5  1943   12.8  1891   12.6  1915   11.7  2000   12.3  1964   12.6  1948   15.2  1967   14.1  2008   16.3  1963   16.2  1927   17.3  1997    47.6  1893    38.4  1922    39.9  2015    44.8  2021   171.3  1977
   16.6  1912   13.5  1955   12.7  1901   12.5  1943   11.7  1912   12.0  1919   12.5  1991   15.2  1938   14.0  1963   15.8  1933   16.0  1906   17.3  1940    47.2  1903    38.2  1993    39.6  1993    44.6  1996   171.1  1990
   16.6  1972   13.5  1988   12.7  1906   12.4  2023   11.6  1943   11.7  1926   12.5  1992   15.1  2015   13.8  1951   15.7  1977   16.0  2005   17.2  1964    47.0  1924    38.2  1989    39.2  1906    44.2  1909   169.7  1913
   16.5  1960   13.1  1994   12.6  2021   12.3  1990   11.5  1897   11.7  2003   12.5  1997   15.1  1978   13.8  2005   15.7  1968   15.9  1892   17.0  1958    46.9  1941    38.0  1896    39.1  2014    44.1  1999   169.7  2006
   16.4  1998   13.1  1936   12.4  1971   12.3  1898   11.3  1952   11.7  2008   12.4  1906   15.0  1999   13.7  1919   15.6  1994   15.6  2001   16.9  2024    46.8  1908    38.0  1912    39.0  2002    44.1  1949   169.2  1932
   16.3  1965   12.9  1967   12.3  1942   12.2  1902   11.2  1974   11.4  2024   12.4  1986   14.7  1908   13.7  1940   15.6  1927   15.6  1975   16.8  1935    46.8  1902    37.9  1959    39.0  1905    44.0  1968   168.9  1957
   16.2  1932   12.6  1978   12.3  1954   12.1  1926   11.1  1937   11.4  1911   12.2  1987   14.6  1909   13.6  1938   15.6  1957   15.5  1894   16.8  1950    46.6  1956    37.9  2000    39.0  1916    43.4  1951   168.5  1939
   16.1  1977   12.5  1972   12.2  2009   11.9  1969   11.1  1988   11.4  1917   12.2  2025   14.5  1931   13.5  1993   15.5  2017   15.5  1976   16.8  1944    46.4  1906    37.4  2016    38.9  1945    43.4  1902   167.7  2016
   15.9  2003   12.5  1927   12.1  1997   11.9  1968   11.1  1971   11.3  1933   12.0  1951   14.3  1965   13.4  1937   15.4  2025   15.4  1994   16.8  1907    46.1  1918    37.0  1945    38.8  1901    43.2  1907   167.5  1917
   15.8  2009   12.5  1948   12.1  2002   11.8  2002   11.1  1995   11.2  2022   12.0  1961   14.3  2018   13.4  1945   15.3  1913   15.2  1912   16.7  1973    45.9  1938    36.9  2019    38.6  1914    43.0  1931   166.4  1898
   15.8  2020   12.2  1899   11.9  1965   11.8  1973   11.0  1953   11.2  1937   12.0  2000   14.2  2024   13.3  1905   15.2  1988   15.2  2014   16.7  1895    45.3  2004    36.5  1995    38.4  1934    43.0  1990   166.2  1965
   15.7  1949   12.1  1940   11.7  2004   11.6  1895   10.9  1918   11.2  2005   11.9  1929   14.1  1952   13.0  1920   15.2  1948   15.2  2008   16.6  2025    45.2  1911    36.2  1933    38.3  2025    42.7  1911   166.0  1978
   15.5  1918   12.0  1907   11.7  2010   11.5  1960   10.8  1929   11.0  1969   11.9  1910   13.9  2010   12.8  1985   14.9  2010   15.0  2013   16.5  2002    45.1  1927    36.2  1955    38.3  1992    42.6  1957   165.9  2007
   15.0  1971   11.9  1982   11.5  1911   11.4  1911   10.8  1900   10.8  1994   11.7  1916   13.8  1989   12.8  1988   14.6  2024   14.9  1932   16.4  1916    45.1  1949    36.2  1958    38.3  1972    42.6  1895   165.8  2001
   15.0  1902   11.7  1962   11.5  1925   11.2  1955   10.8  1893   10.6  1930   11.7  1896   13.8  1918   12.7  2006   14.6  1950   14.9  2004   16.1  2007    45.1  2001    36.1  1962    38.3  1952    42.2  1899   165.7  1905
   14.9  1967   11.6  1944   11.5  2007   11.1  1952   10.8  1941   10.4  1974   11.7  1952   13.7  1969   12.6  1982   14.5  1894   14.7  2016   16.0  1977    44.5  1962    36.1  1973    37.5  1935    42.2  2015   165.5  1983
   14.7  2025   11.5  2010   11.4  2016   10.8  1991   10.6  1985   10.3  1918   11.7  1981   13.6  1987   12.4  1973   14.4  1992   14.7  1978   16.0  1990    44.4  1933    36.1  1901    37.5  1990    42.2  2002   165.4  1904
   14.7  1901   11.3  1984   11.4  1915   10.8  1903   10.6  1957   10.3  1914   11.6  2021   13.2  2016   12.3  1902   14.2  1999   14.6  1941   15.9  1932    44.4  2010    35.7  2003    37.5  1971    41.9  1958   165.1  1919
   14.7  1947   11.1  1901   11.4  1975   10.7  2009   10.5  1996   10.2  1993   11.6  2019   13.1  1994   12.2  1964   14.1  1941   14.5  1985   15.9  1904    44.3  1998    35.6  1976    37.3  1908    41.8  2024   165.0  2022
   14.6  2024   10.9  1976   11.3  1950   10.7  1941   10.5  2019   10.2  2009   11.5  1899   13.1  1916   12.2  1977   14.1  1905   14.5  1971   15.8  2022    44.1  2013    35.6  1942    37.1  2010    41.5  1942   164.8  1963
   14.6  2013   10.9  2015   11.3  2020   10.6  1987   10.4  1944    9.9  1934   11.5  1964   13.0  1974   12.2  2003   13.9  1936   14.5  1948   15.8  1894    44.1  1907    35.3  1978    37.1  1967    41.5  1901   164.6  1893
   14.5  1979   10.7  2019   11.2  1932   10.6  1891   10.0  1922    9.9  2013   11.4  1928   12.8  1996   12.1  1998   13.6  1959   14.5  1919   15.7  1967    43.5  1905    34.9  2021    36.6  1904    41.5  1991   164.5  1961
   14.5  2005   10.6  1953   11.1  1899   10.5  2013    9.9  1927    9.8  1996   11.3  1892   12.8  1966   12.1  1917   13.4  1991   14.4  1898   15.7  1948    43.2  1969    34.9  2013    36.3  1941    40.9  1898   164.2  1956
   14.5  1980   10.5  1998   11.0  1960   10.4  1945    9.9  1992    9.8  1891   11.3  1905   12.7  1919   12.1  1990   13.4  2009   14.1  2018   15.6  2004    43.1  1986    34.9  1941    36.3  1898    40.7  1975   164.1  1985
   14.4  1982   10.3  2005   10.9  1923   10.3  1906    9.7  1940    9.8  2023   11.2  1941   12.5  1997   12.0  2013   13.3  1955   13.9  1908   15.2  1920    42.7  1914    34.6  1892    36.3  1961    40.5  1953   164.0  1899
   14.2  1909   10.3  2025   10.9  1976   10.3  1936    9.7  2012    9.7  1893   11.1  1980   12.4  1914   12.0  1901   13.2  1926   13.8  1893   15.2  1957    42.2  1954    34.6  1939    36.2  1942    40.1  2018   163.8  1901
   14.2  1933   10.2  2004   10.7  2013   10.2  1944    9.7  1909    9.6  1962   11.0  1904   12.3  1973   11.9  1979   13.0  1940   13.8  1965   15.0  1899    42.1  1989    34.5  1928    36.2  1986    40.0  1997   162.2  1993
   14.1  1945   10.2  1902   10.7  2005   10.2  1928    9.6  2017    9.6  1960   10.9  1943   12.3  1998   11.6  1909   12.9  1912   13.8  1973   14.9  1937    41.9  2025    34.4  2017    36.0  1964    40.0  1939   161.9  1987
   14.1  1893   10.2  2008   10.6  1894   10.0  2014    9.5  2016    9.6  2001   10.9  2014   12.3  1993   11.3  2007   12.8  1911   13.8  2021   14.8  1972    41.9  1944    34.2  1895    35.9  2001    39.7  1983   161.8  1929
   13.9  1991   10.1  2006   10.5  1964    9.7  1988    9.5  1901    9.6  1906   10.7  2011   12.2  1964   11.2  2020   12.8  1939   13.7  1964   14.5  1902    41.9  2023    33.8  2012    35.6  1962    39.7  1947   161.4  1952
   13.9  1959   10.0  1991   10.2  1898    9.6  1978    9.5  1956    9.5  1908   10.5  1925   12.1  2002   11.2  2021   12.5  1956   13.6  1902   14.5  1969    41.4  1921    33.7  1975    35.3  1970    39.7  2003   161.1  1895
   13.9  1955    9.8  1913   10.2  1949    9.6  2003    9.2  1946    9.5  1904   10.4  1972   11.9  1990   11.0  1911   12.3  1964   13.5  1987   14.4  1976    41.2  1947    32.8  1915    35.2  1999    39.4  1995   161.0  1937
   13.8  2010    9.8  1981   10.1  1926    9.5  1892    9.0  1977    9.4  1905   10.4  2001   11.5  1920   10.9  1931   12.0  1995   13.3  1999   14.2  2003    41.1  2017    32.5  1982    35.1  1933    39.3  1965   160.9  1947
   13.8  2011    9.7  1987   10.1  1990    9.2  2015    8.9  1982    9.4  1970   10.2  1921   11.5  1944   10.8  1900   11.8  1945   13.2  1961   14.1  1947    41.0  2019    32.4  2004    34.1  1921    39.0  1919   160.3  1940
   13.8  2017    9.5  1938   10.1  1974    9.1  1933    8.8  1915    9.4  1984   10.2  1945   11.3  2005   10.6  1997   11.8  1973   13.0  1952   14.1  1903    40.9  1973    32.4  1952    33.9  1940    39.0  1986   160.0  1915
   13.7  2000    9.4  2012   10.1  1952    9.0  1942    8.7  2010    9.3  1989    9.8  1934   11.2  2021   10.6  1914   11.7  1921   12.9  1918   13.8  1892    40.5  2003    32.2  2022    33.9  1919    39.0  2014   159.8  1942
   13.2  1905    9.4  1971   10.0  1958    9.0  1918    8.6  1950    9.2  1983    9.8  1901   11.2  1936   10.4  1966   11.3  1899   12.9  1990   13.8  1961    40.4  2005    32.1  1943    33.7  1994    38.9  1978   159.7  2018
   13.2  1908    8.6  1917    9.7  2000    9.0  1967    8.6  1948    9.0  1979    9.8  1995   11.1  1939   10.3  1928   11.3  1971   12.8  2011   13.8  1962    40.2  1968    32.1  1997    33.5  1937    38.8  1914   158.8  2021
   13.0  1914    8.4  1896    9.4  1956    8.7  2019    8.6  2001    9.0  1957    9.7  1994   11.0  1933   10.2  1916   11.1  1931   12.4  1904   13.5  2005    40.2  1953    31.8  1957    33.3  1979    38.6  1969   158.3  1972
   13.0  1925    8.4  2013    9.1  1973    8.6  1914    8.3  1919    8.9  1899    9.6  1996   10.9  1975   10.2  1991   11.0  2003   12.2  1921   13.4  1931    40.0  1909    31.7  1900    32.7  1973    38.6  1908   158.1  1969
   12.7  1897    8.4  1924    9.0  1984    8.5  2022    8.2  2018    8.7  1903    9.6  2022   10.9  1911   10.0  1913   11.0  1937   12.1  1897   13.2  1953    40.0  1979    31.6  1961    32.6  1981    38.3  1964   157.6  2005
   12.6  1954    8.3  1952    9.0  1938    8.4  1956    8.1  1994    8.7  1951    9.2  1919   10.9  2013    9.7  1904   10.9  2018   12.0  1995   13.2  1917    39.9  1987    31.5  1996    32.5  1969    38.2  1989   157.0  1949
   12.5  2019    8.2  2003    9.0  1962    8.3  1929    8.0  1928    8.5  1986    9.2  2005   10.9  2007    9.3  1969   10.8  1919   11.9  1899   13.2  1988    39.9  1991    31.2  2011    32.2  1996    38.0  1973   155.6  1921
   12.3  2001    8.2  1919    8.9  1935    8.2  1946    8.0  1998    8.5  1895    9.2  1962   10.5  1977    8.7  2015   10.3  1910   11.6  1962   13.2  1989    39.8  2011    31.1  1935    31.9  1932    37.3  1955   155.4  1945
   12.2  1985    8.1  1942    8.9  1945    8.2  1921    7.9  1961    8.4  2014    9.1  1968   10.3  1945    8.6  1898   10.3  1997   11.6  1925   13.2  1913    39.7  1895    30.9  1954    31.9  1947    37.1  1956   154.9  2013
   12.1  1973    8.1  1983    8.8  1993    7.8  1981    7.8  2004    8.2  1967    9.1  1897   10.2  1970    8.5  1912   10.2  1993   11.5  1922   13.1  2008    39.0  1982    30.9  1936    31.7  2005    36.9  2016   154.4  1984
   11.9  1989    7.9  2009    8.6  1948    7.7  1958    7.7  2025    8.2  1961    8.8  1935   10.2  1949    7.9  1989   10.0  1978   11.5  1924   13.0  1941    38.7  1993    30.4  2007    31.5  1977    36.8  1959   153.2  2025
   11.9  1898    7.6  1968    8.6  1918    7.2  2017    7.5  1960    8.0  1923    8.8  1971   10.2  1899    7.8  1929   10.0  2015   11.1  1909   12.9  2001    38.6  1965    30.2  1911    31.4  1959    36.7  1988   152.8  1997
   11.8  1891    7.6  1975    8.5  1969    6.8  2010    7.5  1978    7.7  1915    8.5  2013    9.7  2025    7.5  1971    9.9  1953   11.0  2024   12.7  1981    38.2  1942    30.0  1960    31.0  1968    36.6  1912   152.7  1962
   11.6  1907    7.3  1956    8.3  2022    6.6  1997    7.4  1959    7.6  1973    8.4  1990    9.6  1991    7.4  1949    9.6  1897   10.9  1968   12.7  1992    37.3  1976    29.9  1948    30.9  1975    36.5  1962   152.0  1953
   11.5  2022    7.3  2023    8.2  1910    6.6  1976    7.2  2008    7.6  2015    8.3  1913    9.3  1968    7.4  1921    9.3  1914   10.7  1901   12.6  2016    37.1  1972    29.9  1953    30.6  1899    36.5  2007   151.2  1959
   11.1  1941    7.2  1979    8.2  1892    6.4  1982    7.2  1911    7.2  1992    8.2  1949    9.3  1940    7.4  2009    9.3  1915   10.6  1989   12.0  1987    37.0  1959    29.6  1990    30.3  2006    36.4  1897   150.6  1968
   11.1  1950    7.1  1964    8.1  1946    6.4  2025    7.2  1990    6.9  1995    8.1  2018    9.2  1937    7.3  1895    9.1  1904   10.3  1920   12.0  1970    36.9  2009    29.5  1991    30.3  1925    36.0  1894   149.8  1911
   10.3  1935    7.0  1947    8.1  1900    6.2  1995    7.0  1984    6.8  2006    8.1  1979    9.1  1972    7.0  1915    9.1  1969   10.2  1956   11.2  1968    36.3  1971    29.1  1971    29.6  1913    35.6  1985   149.5  1973
   10.0  1953    6.9  1909    8.1  2003    5.9  2011    6.9  1936    6.2  1976    8.0  1977    8.9  1913    7.0  1906    9.0  2007   10.0  1934   10.7  1943    36.0  1985    28.5  1918    29.2  1989    34.9  1910   148.5  1941
   10.0  1917    6.8  1929    8.0  1943    5.6  1971    6.9  1970    6.1  2010    7.8  1969    8.8  1984    6.7  1933    8.8  1908    9.9  1993   10.3  1926    35.0  1896    27.7  1944    29.2  2013    34.8  1941   147.6  1989
    9.9  1996    6.1  1959    7.8  1955    5.5  2020    6.8  1980    6.0  2018    7.7  1976    8.5  1935    6.2  1939    8.7  1920    9.4  1955    9.8  1939    35.0  1917    27.2  1956    29.0  2022    33.6  1993   147.5  1995
    9.9  1896    5.5  1985    7.6  1996    5.5  1954    6.6  1939    5.9  1988    7.4  1999    8.4  1932    6.1  1972    8.7  1962    9.3  1933    9.8  1905    34.1  1929    27.2  2010    28.5  2003    33.2  1971   146.8  1976
    9.6  1929    5.1  1963    7.1  1944    5.3  1957    6.4  1989    5.9  1975    7.3  1917    8.2  2022    6.0  1941    8.6  1975    9.3  1958    9.4  1975    32.9  1996    27.0  1980    28.4  2018    32.8  1972   146.0  1975
    9.4  1966    5.1  1965    7.1  2011    4.4  1893    6.4  1905    5.7  1949    6.8  2006    7.9  1981    6.0  1894    8.4  1965    8.8  1915    9.4  1996    32.2  2006    25.5  1946    28.1  1911    32.3  1937   145.9  1964
    8.9  1940    4.4  1895    6.9  1893    4.4  1984    6.4  2023    5.6  1940    6.3  1984    7.9  1955    5.9  1996    8.3  1985    8.7  1988    9.0  1991    31.8  1997    25.4  1938    28.1  2021    32.1  1920   145.9  1955
    8.7  1911    4.3  1993    6.7  1961    4.1  2021    6.3  1975    5.3  2021    6.2  1982    6.9  1983    4.7  2002    7.2  1972    8.1  1957    8.7  1995    30.8  1940    23.6  1974    24.5  1984    32.1  1922   145.4  2010
    8.6  2006    4.1  1930    6.6  1924    3.7  1912    6.1  1935    5.0  1932    6.1  1989    5.6  1959    4.5  1910    7.1  2016    8.0  1937    8.1  2010    30.8  1932    23.5  1929    24.4  1955    31.8  1933   145.1  1991
    8.5  1964    2.4  1891    6.0  1953    3.5  2007    5.7  1895    4.6  1941    6.0  1983    4.5  1995    4.2  1907    7.1  1947    7.8  1942    8.1  1971    29.7  1992    22.2  1893    24.1  1949    31.3  1921   142.1  2003
    7.4  1987    2.4  1921    5.9  2012    2.4  1938    4.4  1991    4.1  1921    5.8  1911    4.1  2003    3.3  2014    6.1  1946    7.4  1896    7.9  1927    26.9  1934    20.4  1984    22.1  1983    31.2  1904   141.9  1996
    6.6  1992    2.2  1934    5.8  1931    2.3  1974    3.5  2020    4.1  1942    5.6  1898    3.0  1976    2.5  1959    6.1  1922    6.3  1983    7.3  1933    25.0  1963    20.3  2020    21.2  1995    29.6  1945   139.0  1933
    6.1  1963    2.1  1986    5.6  2025    2.0  1980    3.3  1896    1.3  1925    3.4  1955    2.3  1947    2.4  1986    5.1  1951    4.4  1945    5.5  1963    21.1  1964    19.7  2025    16.9  1976    25.1  1915   132.3  1971
    3.3  1997    1.3  1932    4.4  1929    ---  2026    ---  2026    ---  2026    ---  2026    ---  2026    ---  2026    ---  2026    ---  2026    ---  2026     ---  1891     ---  2026     ---  2026     ---  2026     ---  2026
