Areal values from HadUK-Grid 1km gridded climate data from land surface network
Source: Met Office National Climate Information Centre
Monthly, seasonal and annual number of days in the month with air frost (minimum temperature below zero) for England NW and N Wales
Areal series, starting in 1931
Last updated 01-Apr-2026 11:34
    jan  year    feb  year    mar  year    apr  year    may  year    jun  year    jul  year    aug  year    sep  year    oct  year    nov  year    dec  year     win  year     spr  year     sum  year     aut  year     ann  year
   27.9  1963   27.7  1947   22.3  1955   13.0  2021    4.5  1941    0.6  1991    0.0  1954    0.1  1932    1.7  1932    7.2  1931   14.0  1965   23.7  2010    72.2  1963    31.0  2013     0.6  1991    20.5  1993    94.1  2010
   27.0  1940   27.0  1963   22.1  1962   10.1  1968    4.3  1996    0.3  1962    0.0  1965    0.1  1931    1.1  1986    6.9  1993   13.6  1985   22.6  1981    61.5  1979    27.6  1955     0.3  1962    16.0  1952    88.8  1955
   25.7  1979   25.3  1942   21.0  2013   10.0  1956    4.1  1979    0.3  1941    0.0  1960    0.0  1977    0.5  1979    5.9  1955   13.5  1993   22.0  1950    59.0  1947    26.8  1962     0.3  1941    14.2  1965    84.5  1979
   25.1  1985   24.8  1986   20.3  1937    9.7  1936    3.6  1935    0.2  1975    0.0  1973    0.0  1937    0.5  1974    5.6  1992   12.6  1996   20.0  1933    56.0  1942    26.5  1969     0.2  1975    13.8  1985    83.7  1969
   23.7  1941   22.9  1956   19.0  1931    9.1  1970    3.0  1938    0.2  1969    0.0  2001    0.0  1976    0.5  1954    4.5  1997   12.5  1952   20.0  1961    55.4  2010    25.9  1958     0.2  1977    13.7  1955    83.4  1963
   22.7  1942   22.3  1968   18.1  1958    9.0  2013    2.8  1982    0.1  1977    0.0  1971    0.0  1934    0.5  1939    4.4  2003   11.9  2005   18.2  1976    54.3  1940    25.2  1970     0.2  1969    13.2  1988    82.7  1942
   21.9  1945   20.9  1979   17.3  1951    8.6  1969    2.7  2021    0.1  1971    0.0  1962    0.0  1962    0.4  1972    4.0  1981   11.5  1969   17.6  2001    48.5  1951    24.9  1951     0.1  1971    13.0  2010    79.3  1947
   20.9  1959   20.4  2010   16.7  1969    8.4  1938    2.7  1945    0.1  1989    0.0  1984    0.0  1938    0.4  1931    3.9  1983   10.7  1971   17.3  1962    47.9  1956    24.3  1941     0.1  1973    12.6  1996    78.3  1941
   20.9  1987   20.0  1996   16.1  1970    7.7  1986    2.6  1984    0.1  1973    0.0  1947    0.0  1964    0.3  1943    3.5  1973   10.4  2010   17.2  2009    47.5  1941    22.5  1931     0.1  1989    12.3  1973    76.6  1996
   19.1  1933   20.0  1955   16.0  1947    7.2  1978    2.4  1995    0.1  1939    0.0  1959    0.0  1961    0.3  1952    3.3  2018   10.2  1988   17.0  1969    46.9  1986    21.9  1937     0.1  1932    12.0  2005    76.2  1985
   18.9  1997   20.0  1983   14.8  1987    7.1  1958    2.4  2010    0.1  2011    0.0  1943    0.0  1993    0.3  1942    3.2  1939   10.0  1967   16.7  1995    46.8  1991    21.8  2021     0.1  1939    11.8  1971    75.0  1952
   18.6  1952   19.5  1991   14.6  1946    7.0  1953    2.3  1942    0.1  1955    0.0  1952    0.0  1971    0.3  1936    3.2  1952    9.3  1937   16.5  2008    46.3  1982    21.3  1979     0.1  1934    11.8  1969    73.4  1968
   18.5  1980   19.4  1969   14.0  1942    6.9  1941    2.1  1948    0.1  1934    0.0  1996    0.0  1956    0.3  1964    2.7  1988    9.3  1942   16.5  1937    45.7  1985    21.2  1953     0.1  2011    11.0  1936    72.3  2013
   17.8  2010   17.6  1981   13.5  1953    6.7  1983    2.1  1946    0.1  1936    0.0  1986    0.0  1983    0.2  1947    2.7  2002    9.2  2016   16.4  1996    45.7  1968    21.0  1956     0.1  1955    10.4  1942    72.2  1956
   16.9  2021   17.2  1960   13.4  1976    6.6  1984    2.1  1975    0.1  1951    0.0  1964    0.0  1959    0.2  1969    2.6  2010    8.8  1973   15.3  1964    45.5  1996    20.6  1975     0.1  1936    10.4  1972    72.0  1962
   16.8  1946   16.6  1936   13.2  2006    6.6  1966    2.0  1967    0.1  2001    0.0  1940    0.0  1935    0.2  1987    2.5  1946    8.7  1972   15.0  1952    45.1  1959    19.8  1932     0.1  2001    10.2  1967    71.8  1933
   16.7  1947   16.6  1978   12.9  1941    6.6  1989    2.0  2020    0.1  1978    0.0  2000    0.0  1999    0.2  1988    2.4  1950    8.6  1936   14.9  1935    44.7  1970    19.4  1968     0.1  1951    10.0  1983    71.5  1958
   16.6  1955   16.0  2013   12.8  1965    6.4  1932    1.8  1977    0.1  1985    0.0  1968    0.0  1966    0.2  1938    2.3  2008    8.4  1947   14.9  1978    44.3  1936    19.2  2010     0.1  1978     9.9  1937    70.8  1940
   16.6  1991   15.9  1970   12.7  1985    6.4  1975    1.8  1932    0.1  1974    0.0  1945    0.0  1953    0.2  2007    2.2  1932    8.2  1962   14.7  1960    44.1  1965    19.0  1942     0.1  1985     9.7  1980    70.6  1965
   16.3  1977   15.7  2001   12.5  2018    6.3  2016    1.8  1968    0.1  1932    0.0  1938    0.0  2012    0.2  2012    2.1  1936    8.0  1980   14.6  1946    42.9  2011    18.7  1996     0.1  1974     9.7  1962    69.5  2001
   16.1  2011   15.5  1941   12.4  1964    6.1  1934    1.7  1951    0.1  1933    0.0  1944    0.0  1979    0.2  1995    2.0  1935    7.9  1977   14.6  1968    42.9  1952    18.6  1965     0.1  1931     9.2  2016    69.2  1981
   15.7  2013   15.5  1940   12.3  2010    6.0  2000    1.6  1997    0.0  1935    0.0  1942    0.0  1967    0.2  1975    2.0  1951    7.7  1955   14.4  1963    42.8  1969    18.5  1947     0.1  1933     9.1  1992    67.4  1987
   15.6  2001   15.2  1987   12.1  1975    5.9  1954    1.5  1957    0.0  1957    0.0  1941    0.0  1944    0.2  1993    2.0  1974    7.6  2024   13.7  2022    42.5  2013    18.4  1946     0.0  1935     8.9  1947    67.2  1970
   15.6  1965   15.0  2018   12.1  1995    5.9  1951    1.4  1944    0.0  1972    0.0  1937    0.0  1936    0.2  1935    1.9  1948    7.4  2013   13.5  1992    42.2  2009    18.4  1995     0.0  1957     8.7  1950    65.4  1986
   15.4  1954   14.9  1952   12.0  1949    5.8  2022    1.4  1993    0.0  2015    0.0  1936    0.0  1963    0.1  1976    1.9  1941    7.3  1933   13.0  1982    42.0  1987    18.0  1934     0.0  1972     8.6  1975    65.2  1937
   15.2  1992   14.6  1932   12.0  2001    5.8  1973    1.4  2005    0.0  1987    0.0  1939    0.0  1965    0.1  1940    1.7  1980    7.2  1975   12.7  2003    41.9  1977    17.7  1976     0.0  1937     8.4  2024    65.2  1936
   14.9  1960   14.5  1954   11.9  1979    5.4  1990    1.4  2012    0.0  1942    0.0  1931    0.0  1974    0.1  1944    1.7  1964    6.8  1958   12.5  1943    41.3  1955    17.2  1984     0.0  2015     8.4  1933    64.3  1951
   14.9  1966   14.3  1933   11.9  1944    5.2  1979    1.4  1965    0.0  1956    0.0  1934    0.0  1972    0.1  2024    1.7  1956    6.7  1989   12.5  1989    40.6  1953    17.1  1987     0.0  1954     8.3  1931    62.6  1950
   14.8  1961   14.2  2003   11.5  1932    5.2  1977    1.3  1956    0.0  1953    0.0  1935    0.0  2003    0.1  2025    1.6  1966    6.6  2019   12.0  1967    40.4  2001    16.7  1973     0.0  1987     8.2  2019    61.6  1978
   14.7  1986   14.2  1994   11.5  1934    5.1  1981    1.3  1981    0.0  1946    0.0  1932    0.0  1940    0.1  2018    1.6  2019    6.4  1979   11.8  2007    39.2  1933    16.7  2006     0.0  1956     8.0  1977    61.5  1931
   14.3  1939   14.0  1951   11.4  1980    5.1  1998    1.3  1971    0.0  2004    0.0  1933    0.0  1933    0.1  1934    1.5  2012    6.2  1950   11.8  1958    39.2  1997    16.7  2001     0.0  1942     7.9  1948    60.9  1964
   14.3  1931   13.7  1985   11.1  1940    5.1  2012    1.2  1955    0.0  2009    0.0  1961    0.0  1960    0.1  1991    1.5  1962    6.2  1934   11.8  1939    39.0  1981    16.2  1980     0.0  1953     7.5  2003    60.3  2021
   14.2  1956   13.2  1965   10.4  2011    5.0  2008    1.2  1974    0.0  1954    0.0  1958    0.0  1958    0.1  1957    1.5  1949    6.1  1983   11.5  2017    38.3  1934    16.1  1986     0.0  1946     7.4  1964    60.1  1960
   14.1  1984   13.2  2004   10.0  1971    4.9  2002    1.2  1959    0.0  1938    0.0  1956    0.0  1955    0.1  2005    1.4  1987    6.1  1976   11.0  2005    37.9  1983    16.0  1985     0.0  1938     7.4  2013    59.8  1976
   14.0  1982   12.8  1984    9.8  1973    4.8  1996    1.2  1943    0.0  2008    0.0  1957    0.0  1957    0.1  1977    1.3  1940    6.0  2025   11.0  1957    37.8  1962    15.7  1940     0.0  2004     7.2  2012    59.7  1973
   14.0  1958   12.8  1958    9.7  1956    4.7  1950    1.2  1980    0.0  1999    0.0  1955    0.0  1954    0.0  1941    1.3  1972    6.0  1948   10.8  2012    37.7  1958    15.6  1971     0.0  2009     7.1  1934    59.3  1946
   13.5  1950   12.4  1953    9.6  1996    4.7  1974    1.1  1973    0.0  1967    0.0  1950    0.0  1950    0.0  2020    1.2  1975    5.9  1943   10.8  1955    37.1  1964    15.6  1936     0.0  1961     7.1  1979    59.3  1980
   13.4  2009   12.3  1959    8.4  1963    4.5  2010    1.1  1969    0.0  1961    0.0  1951    0.0  1951    0.0  1945    1.2  1998    5.9  2017   10.8  1970    35.8  2021    15.5  1964     0.0  1965     7.0  1958    58.7  1991
   13.3  1953   12.3  2009    8.4  1986    4.5  1999    1.0  2019    0.0  1940    0.0  1953    0.0  1952    0.0  1960    1.1  1944    5.7  1968   10.7  1990    35.7  1945    15.0  2018     0.0  1999     6.8  2008    57.7  2003
   13.1  2019   11.7  2012    8.3  1974    4.5  1940    1.0  1987    0.0  1981    0.0  1946    0.0  1947    0.0  2022    1.1  1933    5.6  2021   10.3  1973    34.8  1960    14.5  1944     0.0  2008     6.7  1989    57.0  1995
   13.1  2025   11.5  1948    8.3  1954    4.4  1965    1.0  2013    0.0  1983    0.0  1948    0.0  1948    0.0  1948    1.0  1971    5.5  2012   10.3  1944    34.7  2004    14.4  1954     0.0  1976     6.7  1956    54.5  1932
   12.7  1936   11.5  2016    8.1  2015    4.4  1962    1.0  2001    0.0  1996    0.0  1949    0.0  1946    0.0  2010    0.9  1954    5.5  1964   10.0  2014    33.9  2018    14.3  2016     0.0  1967     6.6  1941    54.0  1954
   12.5  2017   11.3  1944    7.9  1984    4.3  1971    0.9  1931    0.0  1937    0.0  1969    0.0  1949    0.0  1959    0.8  1942    5.2  1998    9.9  1948    33.8  1980    14.2  1974     0.0  1940     6.6  2017    53.5  1982
   12.5  1951   11.0  2008    7.8  1952    4.2  2019    0.9  1994    0.0  1952    0.0  1974    0.0  1941    0.0  1961    0.8  1994    5.2  1995    9.8  1938    33.5  2006    13.5  1949     0.0  1983     6.6  1943    52.9  1984
   12.5  1978   10.9  1964    7.8  2023    4.2  1994    0.7  1958    0.0  2016    0.0  1967    0.0  1942    0.0  1990    0.8  1960    5.1  1990    9.5  1993    33.3  1984    13.2  1938     0.0  1981     6.5  1932    52.3  1983
   12.2  1981   10.9  2015    7.8  2025    4.1  1976    0.7  1991    0.0  2012    0.0  1970    0.0  1943    0.0  1962    0.8  1953    5.1  2004    9.5  1979    33.3  1978    12.5  1978     0.0  1964     6.4  1998    51.1  1953
   12.2  2006   10.7  2005    7.6  2005    4.1  1933    0.7  1936    0.0  1949    0.0  1972    0.0  1945    0.0  2003    0.8  1982    5.0  1961    9.5  1987    33.2  1966    12.4  1989     0.0  1996     6.4  1976    51.0  2008
   12.1  2003   10.6  1973    7.6  2016    4.1  1955    0.7  1953    0.0  2005    0.0  1977    0.0  1939    0.0  1933    0.8  1934    5.0  1944    9.4  1951    33.1  1954    12.2  1935     0.0  1952     6.3  1974    50.9  2009
   12.1  1995   10.4  1934    7.5  1968    3.9  1995    0.6  1961    0.0  1964    0.0  1976    0.0  1975    0.0  1971    0.7  2017    5.0  1956    9.2  1936    32.8  1961    11.9  2008     0.0  2012     6.3  2025    50.9  1975
   11.8  1964   10.3  1975    7.5  2003    3.7  1939    0.6  1939    0.0  1968    0.0  1980    0.0  1970    0.0  1956    0.7  2007    5.0  1978    9.2  1999    32.2  2003    11.9  2015     0.0  2016     6.3  1966    50.7  1993
   11.7  1970   10.3  2006    7.4  2004    3.7  2001    0.6  2015    0.0  1931    0.0  1978    0.0  1980    0.0  1983    0.7  2024    4.9  2007    9.1  1980    32.0  1994    11.9  2022     0.0  1949     6.3  1944    49.8  1935
   11.4  1968   10.3  2021    7.3  1943    3.6  1988    0.5  2018    0.0  1959    0.0  1981    0.0  1981    0.0  2004    0.7  2023    4.7  1966    9.1  2000    31.8  2015    11.8  1966     0.0  1959     6.2  1981    49.5  2005
   11.0  2026   10.2  1957    7.0  2020    3.6  2003    0.5  1949    0.0  1965    0.0  1982    0.0  1973    0.0  1965    0.6  1937    4.7  1941    9.0  1965    31.6  1946    11.8  1982     0.0  2005     6.0  2018    48.4  1966
   10.9  2015    9.6  1982    6.9  1972    3.6  1997    0.4  2016    0.0  1984    0.0  1983    0.0  1984    0.0  1982    0.5  1999    4.7  1957    9.0  1991    29.9  1939    11.3  2005     0.0  1960     5.8  2007    48.3  1961
   10.8  1943    9.4  1976    6.8  2008    3.6  1980    0.4  2025    0.0  1948    0.0  1979    0.0  1978    0.0  1937    0.5  1991    4.7  2023    8.6  2020    29.7  1932    11.3  2003     0.0  1993     5.7  2021    48.3  1971
   10.4  1937    9.4  1962    6.7  1939    3.4  1982    0.4  1950    0.0  1970    0.0  1985    0.0  1985    0.0  1996    0.5  1938    4.6  1960    8.3  1940    29.6  1992    11.2  1977     0.0  1984     5.7  1968    48.1  1944
   10.2  1935    9.3  1966    6.6  1993    3.3  1991    0.4  2017    0.0  1947    0.0  1987    0.0  1986    0.0  1963    0.5  1986    4.6  2008    8.2  1945    29.5  1944    11.1  2000     0.0  1968     5.5  1995    47.8  2012
   10.1  1972    8.9  1950    6.3  1988    3.3  2006    0.4  1934    0.0  2019    0.0  1988    0.0  1988    0.0  1950    0.5  2000    4.3  1982    8.2  1998    29.4  2002    11.1  2011     0.0  1947     5.4  1960    47.5  2006
   10.0  2024    8.8  1931    6.1  2022    3.3  1945    0.4  1989    0.0  2021    0.0  1989    0.0  1987    0.0  1973    0.4  1959    4.1  1991    7.9  1941    28.4  1938    11.1  2023     0.0  1948     5.4  1990    47.5  1945
   10.0  1957    8.2  2007    6.0  2021    3.3  2023    0.4  1962    0.0  2024    0.0  1990    0.0  1989    0.0  1970    0.3  1970    3.9  1945    7.8  2004    28.2  2023    11.0  1939     0.0  1970     5.3  2023    47.4  1939
    9.9  1998    7.6  1971    5.9  1935    3.2  2015    0.3  1937    0.0  1960    0.0  1975    0.0  1982    0.0  2009    0.3  1943    3.8  2001    7.5  1931    27.7  1950    10.8  1983     0.0  2019     5.2  1961    47.3  1992
    9.7  2012    7.4  1967    5.8  1933    3.1  1964    0.3  2004    0.0  1993    0.0  1963    0.0  1969    0.0  2015    0.3  1984    3.8  1974    7.5  1985    27.6  1957    10.6  1952     0.0  2021     5.1  1982    47.2  2018
    9.6  1973    7.4  1938    5.6  1982    3.0  1985    0.3  1960    0.0  1979    0.0  1966    0.0  1968    0.0  2017    0.3  2011    3.8  1999    7.5  1956    27.6  2008    10.6  2020     0.0  2024     5.1  1935    47.2  1977
    9.2  1967    7.3  1977    5.5  1989    3.0  2024    0.3  1985    0.0  1944    0.0  1993    0.0  1992    0.0  1984    0.3  1947    3.7  1963    7.4  1947    27.0  1948    10.6  1981     0.0  1979     5.1  1978    47.1  2016
    9.2  2022    7.3  1935    5.4  2002    2.9  1957    0.3  1966    0.0  2022    0.0  1992    0.0  1991    0.0  1967    0.3  1957    3.7  1959    6.9  1984    26.6  2012    10.5  2002     0.0  1944     5.1  2004    46.9  1967
    9.0  2000    7.3  1972    5.2  1978    2.9  2017    0.3  1988    0.0  1986    0.0  1991    0.0  1990    0.0  1953    0.3  1990    3.5  1954    6.8  1975    26.6  1971    10.4  1963     0.0  2022     5.1  1997    46.1  1948
    8.9  1996    7.1  1999    5.2  2009    2.9  1967    0.3  1963    0.0  2010    0.0  1994    0.0  1996    0.0  2000    0.2  1958    3.5  1992    6.6  1997    26.1  1937    10.2  1988     0.0  1986     5.0  1954    46.0  1959
    8.8  1969    7.1  1949    5.1  1936    2.8  1942    0.2  2011    0.0  1998    0.0  1997    0.0  1997    0.0  1966    0.2  2009    3.2  1970    6.4  1983    25.6  1973    10.0  1933     0.0  1966     5.0  1957    43.7  1934
    8.8  2004    6.7  1988    5.1  2000    2.8  1948    0.2  1972    0.0  2020    0.0  1995    0.0  1998    0.0  1958    0.2  1985    3.2  1987    6.4  2023    24.5  1993     9.9  1945     0.0  2010     4.8  1987    43.3  2004
    8.5  1962    6.6  2025    5.0  1960    2.8  1935    0.2  1954    0.0  2002    0.0  1999    0.0  2000    0.0  2002    0.2  1967    3.1  2006    6.0  1966    24.4  1976     9.7  1993     0.0  1943     4.8  1991    42.9  1997
    8.4  2023    6.5  1946    4.9  1966    2.7  1952    0.2  2008    0.0  1982    0.0  1998    0.0  1994    0.0  2008    0.2  2014    3.1  1949    6.0  1986    24.2  1949     9.5  2025     0.0  1998     4.6  1949    41.9  1943
    8.3  1994    6.5  1937    4.5  2014    2.5  1931    0.2  2006    0.0  1995    0.0  2002    0.0  2001    0.0  1998    0.2  2015    3.1  2003    6.0  2002    23.4  2000     9.5  1950     0.0  2002     4.4  1939    41.8  1957
    8.2  1976    6.2  2023    4.3  1950    2.5  1960    0.2  1992    0.0  2013    0.0  2003    0.0  2002    0.0  1951    0.2  2021    2.9  1935    5.9  1932    23.0  2005     9.3  1943     0.0  2020     4.4  1940    41.6  1972
    8.2  1971    6.1  1974    4.3  1991    2.3  1947    0.2  2003    0.0  1988    0.0  2004    0.0  2004    0.0  1989    0.1  2025    2.9  1940    5.6  2021    22.7  2019     9.1  1990     0.0  1982     4.3  1999    41.3  2017
    8.0  1948    5.8  1980    4.2  2007    2.3  2005    0.2  2002    0.0  1976    0.0  2005    0.0  2005    0.0  2011    0.1  1979    2.6  1932    5.5  1994    22.7  1967     8.9  1998     0.0  1995     4.1  1959    40.0  2019
    7.9  1934    5.8  1939    4.2  1981    1.9  2018    0.2  2007    0.0  1980    0.0  2006    0.0  2006    0.0  2019    0.1  1976    2.6  2018    5.3  2019    22.4  2017     8.7  1948     0.0  2013     3.9  1945    39.6  1989
    7.7  1932    5.7  2019    4.2  1977    1.9  1959    0.2  1947    0.0  1992    0.0  2007    0.0  2007    0.0  1994    0.1  2020    2.3  2015    5.3  1972    22.3  1972     8.5  1972     0.0  1988     3.9  1986    38.9  2025
    7.6  2002    5.4  1993    4.0  1983    1.8  1946    0.2  1983    0.0  1950    0.0  2008    0.0  2008    0.0  1999    0.1  1978    2.3  1986    5.2  2016    22.0  1995     8.4  1997     0.0  1980     3.8  2001    38.3  2022
    7.4  2018    5.4  1992    4.0  1945    1.7  1961    0.1  1940    0.0  1943    0.0  2009    0.0  1995    0.0  1992    0.1  1961    2.2  1981    5.2  2011    22.0  1999     8.4  2012     0.0  1992     3.8  1963    37.6  1949
    7.2  1949    5.3  1989    3.9  1948    1.7  1963    0.1  1976    0.0  1958    0.0  2010    0.0  2009    0.0  1968    0.1  1965    1.7  1984    5.2  1949    21.9  1974     8.3  2004     0.0  1950     3.6  1970    37.5  2011
    6.8  2016    5.2  2000    3.7  1998    1.7  1993    0.1  1998    0.0  1945    0.0  2011    0.0  2010    0.0  1955    0.1  2016    1.6  2020    5.1  1942    21.3  2025     8.3  1991     0.0  1963     3.3  1951    37.4  2023
    6.6  1999    4.6  2017    3.6  1999    1.6  1992    0.1  1978    0.0  1966    0.0  2012    0.0  2011    0.0  1949    0.1  1995    1.5  2011    5.1  2006    20.6  2024     8.1  1999     0.0  2003     3.2  2006    37.2  1998
    5.7  1944    4.4  1995    3.6  1990    1.6  2020    0.1  2014    0.0  1963    0.0  2013    0.0  2013    0.0  1946    0.1  2006    1.3  2014    4.9  1971    20.5  1988     8.0  1967     0.0  1958     3.0  1946    37.2  2015
    5.6  1993    4.2  2026    3.5  2024    1.4  2009    0.1  1952    0.0  1990    0.0  2014    0.0  2014    0.0  1981    0.0  1945    1.3  1951    4.7  1954    20.3  1998     7.8  1960     0.0  2000     3.0  2002    37.1  1994
    5.5  1974    4.2  2002    3.2  1997    1.3  1972    0.1  2000    0.0  1994    0.0  2015    0.0  2015    0.0  1980    0.0  1969    1.1  2009    4.2  1977    19.4  2016     7.6  2019     0.0  1945     2.5  2015    36.7  1938
    5.0  1983    4.1  2024    3.1  1967    1.3  2025    0.1  1990    0.0  1997    0.0  2016    0.0  2016    0.0  1978    0.0  2022    1.1  1938    3.9  2018    18.7  2026     7.6  1994     0.0  1990     2.0  1984    36.5  2007
    4.9  2007    4.0  2020    2.8  2017    1.3  2007    0.1  1933    0.0  2000    0.0  2017    0.0  2017    0.0  1985    0.0  1996    1.0  2022    3.4  2025    18.7  1943     6.7  2009     0.0  1994     1.8  2020    35.8  1988
    4.8  2008    3.9  1997    2.7  1959    1.3  1937    0.0  1970    0.0  2006    0.0  2018    0.0  2018    0.0  2006    0.0  1963    0.8  2000    3.2  1953    18.2  2007     6.4  2024     0.0  2006     1.8  1938    35.7  2000
    4.6  1938    3.9  1998    2.7  2026    1.2  1944    0.0  1986    0.0  2007    0.0  2019    0.0  2019    0.0  2001    0.0  1977    0.8  1931    2.7  1959    18.0  1990     6.1  2017     0.0  2007     1.8  2011    35.4  1999
    4.5  2005    3.5  1945    2.6  1961    1.2  1987    0.0  2023    0.0  2003    0.0  2020    0.0  2020    0.0  1997    0.0  2004    0.7  1939    2.2  2013    17.7  1935     5.8  1959     0.0  1997     1.5  2014    34.1  1974
    4.4  1975    3.3  1961    2.6  1994    1.0  1949    0.0  2009    0.0  2014    0.0  2021    0.0  2021    0.0  2013    0.0  1989    0.6  1994    1.9  1974    17.3  2022     5.7  2007     0.0  2014     1.5  1994    31.1  2002
    4.3  1988    3.2  2011    2.4  2019    0.8  1943    0.0  2022    0.0  2017    0.0  2022    0.0  2022    0.0  2016    0.0  2013    0.6  1997    1.7  2024    16.7  1975     5.7  1957     0.0  2017     1.3  2009    30.7  2024
    3.6  2020    2.8  1943    2.3  1992    0.7  2014    0.0  1999    0.0  2018    0.0  2023    0.0  2023    0.0  2014    0.0  1968    0.5  1946    1.4  1988    12.9  2020     5.4  2014     0.0  2018     1.3  2000    30.7  1990
    3.1  2014    2.7  1990    1.9  2012    0.5  2004    0.0  1964    0.0  2023    0.0  2024    0.0  2024    0.0  2021    0.0  2005    0.3  2002    1.0  2015     9.3  1989     4.9  1961     0.0  2023     1.1  1953    28.7  2020
    2.8  1990    2.5  2022    1.8  1938    0.5  2011    0.0  2024    0.0  2025    0.0  2025    0.0  2025    0.0  2023    0.0  2001    0.3  1953    0.2  1934     7.6  2014     4.1  1992     0.0  2025     1.1  2022    22.3  2014
    2.6  1989    2.3  2014    1.2  1957    ---  2026    ---  2026    ---  2026    ---  2026    ---  2026    ---  2026    ---  2026    ---  2026    ---  2026     ---  1931     ---  2026     ---  2026     ---  2026     ---  2026
