Areal values from HadUK-Grid 1km gridded climate data from land surface network
Source: Met Office National Climate Information Centre
Monthly, seasonal and annual total precipitation amount for England NW and N Wales
Areal series, starting in 1836
Last updated 01-Apr-2026 11:35
    jan  year    feb  year    mar  year    apr  year    may  year    jun  year    jul  year    aug  year    sep  year    oct  year    nov  year    dec  year     win  year     spr  year     sum  year     aut  year     ann  year
  252.7  1928  293.2  2020  225.3  1981  157.9  1843  166.6  1967  205.7  2012  199.3  2023  253.3  1956  273.3  1918  286.1  1967  306.1  2009  342.9  2015   689.3  2016   447.4  1920   489.4  2012   672.9  2000  1724.0  1872
  252.6  1948  242.0  2002  187.3  2019  148.5  1920  159.5  2021  172.0  2007  193.8  1939  227.3  1917  233.7  1950  272.5  1903  260.9  2015  266.0  1993   626.0  1995   396.9  1947   484.6  1879   655.8  1954  1690.5  2000
  235.2  2008  214.7  1997  182.3  1903  143.1  1970  154.2  1924  171.7  1928  187.0  1920  214.3  1891  230.4  1869  259.5  2000  252.6  2000  258.5  1868   581.8  2014   383.2  2024   468.6  1956   578.0  1872  1662.7  1954
  219.4  1995  205.4  1990  180.3  1947  139.6  1867  146.1  1886  167.8  1907  186.7  1839  197.7  2004  208.8  1866  256.6  1954  248.8  1929  246.5  1986   571.2  2020   375.8  1979   466.6  2020   555.7  1935  1643.4  2020
  218.5  1990  203.8  1848  176.5  1994  139.3  1913  141.8  1920  165.7  1860  181.3  1888  196.8  1927  201.0  1935  250.7  1870  237.1  1951  242.3  1852   564.9  1869   373.1  2006   460.9  1912   554.5  1981  1624.7  2012
  208.0  1975  196.0  2022  171.3  1912  135.2  2024  141.7  2015  161.0  1998  180.7  1988  191.5  1985  200.5  2025  245.1  2008  235.3  1960  239.0  2023   561.2  2024   371.8  1981   442.7  1927   552.2  2025  1609.7  1877
  205.2  2014  188.0  2014  168.5  2023  129.8  1947  139.1  1993  156.2  1931  180.3  2009  191.2  1950  200.0  1839  240.6  1938  231.5  1954  237.9  2006   560.4  1990   369.2  1913   431.6  1928   548.4  1967  1606.9  2023
  205.0  1999  185.3  1923  161.5  1836  128.5  2012  137.5  1979  153.9  1948  175.5  2007  187.8  1879  198.8  1968  234.7  1998  224.4  2025  237.9  1999   525.5  1960   348.9  1983   426.2  1838   537.8  1903  1589.4  1903
  203.6  2016  178.7  1958  159.5  2006  127.6  2001  135.6  1865  151.0  1872  169.1  1880  186.8  1912  197.7  1872  232.4  1843  221.9  1931  235.3  1929   522.6  1915   341.9  1986   425.9  2007   526.1  1984  1557.3  1928
  202.3  1877  177.2  1925  157.6  1979  125.1  1846  133.7  2003  150.8  1838  168.3  1882  185.1  2020  194.8  1974  219.0  2021  217.2  1928  232.8  1979   522.5  1994   340.1  1862   425.8  1882   513.6  1944  1550.0  2024
  201.6  1988  176.6  1995  157.1  1920  123.7  1949  133.4  2006  147.6  1912  165.1  2010  179.6  1860  192.3  1981  215.2  1916  217.0  1877  232.3  1965   522.4  2000   336.6  1994   420.6  1931   504.9  1923  1547.7  2008
  199.1  2021  174.8  1937  156.7  1988  119.6  1993  133.3  1969  147.4  1980  157.6  1840  179.3  1962  189.6  1957  209.9  1981  216.6  1890  230.0  1994   522.2  2021   331.8  1886   416.2  1954   501.7  1863  1542.0  1852
  196.9  1974  170.9  1950  156.4  1919  119.6  1882  128.5  1906  142.9  1882  157.1  1957  176.5  1900  187.4  1976  207.4  1935  211.0  1944  223.9  2012   519.2  2007   327.9  1963   411.4  2019   501.4  2023  1529.7  2015
  196.5  1852  169.1  1977  156.2  1998  118.4  1994  127.8  1925  140.1  1879  156.7  1879  175.1  1845  186.3  2019  207.0  1987  206.4  1852  222.5  1959   518.3  1877   327.0  1903   410.8  1848   494.0  2008  1502.7  2019
  194.5  1851  166.6  1935  156.1  1989  117.2  1998  127.5  1878  140.1  2020  155.1  1895  175.1  1930  182.5  1946  206.4  1872  206.4  1963  221.8  1951   486.1  2008   320.4  1972   410.5  1839   493.9  1918  1497.5  1923
  194.3  1872  163.1  1894  155.1  1896  115.3  2005  124.7  1983  137.4  1848  153.7  1836  174.2  1923  182.4  1863  205.4  1923  204.3  1969  220.2  1891   481.8  1980   319.9  2019   405.2  1840   487.1  1929  1491.8  1998
  192.8  1921  162.5  1915  150.3  2017  115.2  1862  116.7  1932  136.3  2017  150.5  1877  173.2  1903  182.0  1927  205.0  2020  203.5  1970  218.2  1915   474.3  1937   317.4  1992   402.8  1985   486.7  1938  1470.9  1967
  191.7  1930  159.2  1869  150.2  1913  113.7  1899  116.0  1958  134.7  1938  148.7  1932  171.9  1877  177.7  2012  203.9  1980  203.1  1982  214.0  1914   471.5  1925   316.1  1932   402.8  1860   483.0  1877  1467.5  2002
  189.2  1899  154.8  2011  149.7  1897  112.8  1932  115.3  2014  134.4  1987  148.4  1853  170.5  1921  176.7  1896  202.1  1932  202.1  1939  213.2  1964   469.8  1910   315.6  1998   400.5  1877   482.6  1950  1448.2  1999
  188.8  1984  152.4  1966  149.6  1859  112.7  1972  115.2  2024  133.9  2019  146.4  1953  170.3  1874  170.2  1965  199.7  1917  199.9  1861  210.1  2011   469.2  1848   306.3  1968   398.8  1872   479.1  2012  1437.5  1994
  187.5  1983  152.0  2000  147.7  1992  112.3  1961  114.4  1986  133.3  2025  145.9  1938  169.2  1910  170.0  2017  199.1  1862  197.2  1940  208.2  1911   468.0  1916   300.5  2015   393.4  2008   476.7  1869  1436.2  1882
  185.1  1873  151.7  2024  146.2  1861  111.3  1959  114.1  2011  133.3  1836  145.0  1960  168.6  1992  168.6  1984  197.9  1930  196.8  1984  199.2  1918   465.3  2002   297.9  2021   386.2  2023   473.1  1980  1430.4  1960
  182.9  2007  150.7  1910  145.7  1951  109.0  1962  113.7  2002  131.5  1927  144.9  1954  168.0  1898  167.7  1954  192.4  1909  196.6  1946  197.8  1919   464.7  1920   296.0  1993   385.9  1891   472.0  2009  1423.1  1841
  181.7  1939  148.0  1989  145.3  1982  109.0  2000  112.8  1862  126.4  2016  144.9  1956  166.0  1838  167.3  1958  191.2  2004  195.2  1836  196.6  1934   464.1  1923   294.9  1951   385.1  1946   471.1  1960  1421.8  1981
  181.3  1943  147.8  1946  144.1  1868  108.8  1985  110.4  1945  125.8  1935  143.8  1909  164.2  1957  167.0  2023  187.2  1846  191.6  1926  194.3  1847   455.1  1974   291.3  1967   383.5  1938   470.7  1998  1413.8  1951
  180.4  1960  147.2  1885  143.8  1987  108.6  1859  109.9  1955  124.1  1972  142.5  1936  164.1  1892  160.9  1967  185.5  1874  189.1  1882  192.6  1949   451.0  1966   290.5  1999   379.6  1841   467.8  2019  1410.3  1927
  176.9  1866  146.5  1852  139.7  1963  107.2  1950  109.8  1892  123.2  1966  141.9  1871  164.0  1946  160.8  2000  185.2  2013  185.3  1986  190.2  2024   445.5  1984   289.6  1843   377.6  1852   467.7  1970  1409.6  1930
  172.7  2004  146.2  1893  138.9  1914  106.7  1963  109.5  1942  120.7  1982  141.8  1846  163.9  2019  158.8  1924  183.4  1906  184.4  1992  190.1  2020   442.3  1930   289.0  1989   376.5  1910   466.3  1974  1409.3  1836
  172.6  1890  142.9  2016  134.1  1968  104.4  1850  109.5  1943  119.6  1997  141.6  2012  163.2  1841  158.1  1883  182.7  1863  183.8  1972  188.5  2013   440.3  1928   287.7  1969   376.3  1948   463.8  1930  1409.2  1980
  172.1  1906  141.4  1928  134.0  1921  102.3  1966  108.4  1976  119.4  1852  141.4  2020  162.4  1928  156.9  1903  182.6  1841  182.8  1938  188.4  1909   438.0  1939   286.6  1988   374.5  1957   463.0  2022  1407.2  1950
  172.0  2023  140.6  1918  132.9  2024  101.8  1935  108.1  1997  119.1  1851  140.5  1922  162.2  1943  155.7  1999  182.5  2005  177.6  1888  186.9  1924   436.5  1948   285.1  1897   374.3  1907   462.6  2017  1401.8  2017
  171.0  1883  138.5  1922  132.5  1842  100.8  1889  107.6  1847  118.7  1936  139.4  1872  162.1  1848  153.8  1892  180.2  1928  174.0  1872  185.7  1876   436.3  1894   284.8  1882   373.8  1836   461.9  1976  1399.6  2021
  170.7  1993  138.4  1945  129.6  1986  100.5  2016  106.9  1881  118.7  1954  139.3  1924  159.9  1852  153.6  2010  177.8  1929  173.5  1977  183.5  1966   433.6  1872   284.2  1966   373.2  1845   460.4  1874  1396.9  1848
  170.6  2024  136.4  1876  129.5  1978  100.0  1983  105.9  1898  117.2  1963  138.7  1861  158.9  1881  153.0  1944  177.4  1907  170.2  2002  182.5  1845   433.2  1950   279.6  1846   372.4  1881   459.0  1852  1396.8  2004
  170.0  1962  135.9  1916  126.6  1860   98.0  1986  105.3  1907  114.9  1958  137.9  1974  153.5  1971  151.9  1859  176.7  1934  169.3  1947  177.1  1985   430.9  1922   279.4  1908   372.0  2017   457.5  1927  1396.3  1920
  168.2  1932  135.7  1903  125.7  1905   97.9  1909  102.8  2007  114.6  1977  136.0  1930  153.0  2008  150.5  1891  175.7  2022  168.8  2022  176.6  2000   428.8  2022   274.7  2023   371.0  1930   456.7  1928  1395.7  2006
  167.6  2015  134.0  1980  125.4  2008   97.3  1975  101.0  1972  113.2  1955  135.7  1855  152.6  1954  150.0  1885  172.8  1961  168.1  1979  176.1  1841   428.5  1943   274.3  1859   370.8  1950   453.9  1883  1393.3  1918
  167.5  1884  133.0  2021  124.2  1983   97.2  1905  100.6  1966  113.2  1863  134.1  1884  149.8  1889  147.5  1983  172.3  2002  167.7  1842  176.1  1983   427.1  1935   272.2  2003   370.1  2009   452.3  1940  1390.1  1986
  167.0  1938  132.8  1881  123.3  2021   97.1  1999  100.6  1923  110.7  1946  132.6  1841  149.5  1941  146.9  2008  171.9  2014  166.2  1949  174.4  1897   424.8  1958   272.2  1899   369.5  1846   449.9  1870  1388.1  1938
  165.8  1994  132.4  1967  123.0  1927   97.0  1992  100.2  1841  110.4  1866  131.1  1940  147.5  1865  146.6  1975  171.8  1855  165.9  1959  173.1  1900   424.8  1899   271.8  1868   368.2  1998   448.3  1982  1385.5  1974
  164.4  1986  131.7  1974  120.8  1980   96.3  1989   99.6  2009  109.5  2008  131.1  1862  146.8  1924  145.3  1875  171.3  1892  164.9  1974  172.8  2025   423.3  1853   271.2  1860   367.7  1924   445.8  1841  1385.0  1866
  160.2  1863  131.3  1837  120.4  1895   95.6  1931   98.6  2013  109.1  1965  130.9  2008  145.9  1897  144.8  1953  171.2  1990  164.2  1843  172.6  1880   422.1  2004   271.2  1924   365.9  2004   440.4  1866  1384.4  1946
  159.3  1998  130.4  1877  119.0  1851   95.3  1910   98.3  1916  109.0  1862  129.5  1886  145.8  1929  144.5  1861  170.4  2023  164.2  1980  172.2  1982   421.9  1883   269.9  1919   360.7  1888   438.9  1891  1368.7  2014
  158.8  1875  129.8  1914  115.3  1908   94.8  2018   97.9  1894  108.7  1945  127.3  1914  145.8  1948  143.5  2004  169.8  1860  164.1  1991  170.8  2007   416.7  1988   269.6  1949   360.4  1988   438.4  2005  1368.6  1966
  158.3  1849  128.7  1866  114.4  1848   94.4  1991   97.8  1968  107.8  1855  126.5  1912  145.4  1961  142.5  2024  169.0  1976  164.0  2023  170.2  1922   415.9  2026   268.9  1985   360.2  1943   436.0  1932  1368.1  1982
  157.9  1944  126.9  1872  114.4  1886   94.3  1977   95.7  1934  107.6  1840  125.9  1843  144.9  1878  142.4  1943  168.8  1838  162.3  1866  169.0  1886   413.3  1903   268.4  1987   357.9  1861   435.0  1916  1367.5  1931
  157.8  1965  126.8  2026  113.1  2026   94.0  1953   95.0  1902  105.9  1991  125.8  1849  142.9  1931  141.7  1886  168.7  1900  160.6  2012  168.0  1936   412.5  2015   268.0  1867   357.9  2016   433.2  1968  1367.1  1988
  157.0  1946  126.2  1939  112.9  1846   93.8  1858   94.9  1981  104.5  1943  125.7  1910  142.7  1951  139.9  1923  168.7  1983  160.3  2006  167.9  2021   410.0  1999   267.8  1906   354.4  1980   432.1  1836  1359.7  1948
  153.1  1903  125.8  1941  112.9  1872   93.6  1937   94.6  1938  102.1  1853  125.0  1918  142.7  1988  139.6  1841  167.5  1891  159.8  1930  167.7  1980   409.4  1983   266.5  2002   354.4  1987   427.6  2020  1358.6  2009
  152.4  2018  124.7  1931  112.7  1876   93.0  1923   94.2  1973  102.0  1881  124.5  1915  142.2  1982  138.6  1962  167.4  2006  159.6  1923  167.1  2014   407.9  1946   266.4  2000   351.0  1958   427.5  2006  1357.0  2007
  152.1  1920  124.5  1911  112.2  1862   92.0  1925   93.8  1931  101.9  1883  124.3  1867  142.2  2012  137.9  1936  167.3  1949  159.2  1996  166.7  1990   404.6  1975   266.3  1889   350.7  1939   427.4  1875  1356.8  1886
  151.0  1961  124.1  1970  112.0  1881   89.8  1904   93.7  1954  101.0  1857  121.5  1931  141.0  1861  136.9  2018  166.9  1885  158.5  1881  164.3  1921   404.6  2012   265.9  1877   348.4  1917   427.3  1886  1347.6  1912
  148.8  1936  124.1  1884  111.4  1991   89.7  1965   92.9  1860  100.6  1897  120.7  2017  140.0  1840  136.5  2011  166.4  1886  158.3  1914  160.9  1872   402.2  1961   265.9  1925   343.7  1920   426.7  1963  1340.5  1957
  147.3  1869  122.9  1926  109.6  2015   89.1  2002   92.7  1877  100.0  1880  120.0  1873  139.8  2014  136.0  1899  166.4  1877  157.8  1953  160.9  1978   399.9  1931   265.4  1841   340.4  1862   426.0  1987  1340.5  1965
  147.0  1853  122.7  1960  109.2  1940   88.6  1836   91.8  1869   99.3  1890  119.7  1926  138.6  1846  135.4  1876  165.4  2001  157.0  1840  160.2  1910   399.1  1952   265.0  1872   338.2  1903   424.8  2004  1339.0  1891
  146.6  1860  122.6  1861  106.6  1972   88.2  1871   90.8  1964   99.2  1875  119.3  1842  137.6  1890  135.3  1932  160.8  1984  156.8  1880  159.6  1954   398.6  1852   264.6  1907   338.2  1853   424.3  1847  1337.7  1924
  146.2  1915  121.7  1900  106.1  1839   87.6  1876   90.5  1903   99.2  1985  118.6  1967  137.3  1905  134.5  1840  160.5  1996  152.3  1981  158.3  1974   398.0  2013   262.9  1934   338.1  1953   424.1  1885  1332.8  2011
  144.6  2002  119.4  1951  106.1  1844   87.5  1916   90.2  1840   98.7  1911  117.9  1958  134.4  1980  133.7  1864  158.4  1847  151.9  1910  158.1  2018   395.2  1967   262.3  2014   337.2  1892   422.0  1992  1331.8  1979
  143.8  1840  117.6  1933  105.5  1957   86.5  1898   90.0  1899   98.6  1990  117.3  1973  134.0  1866  133.1  1858  157.2  1968  151.2  2005  157.9  1997   391.0  1884   262.1  1905   336.7  1855   417.6  1977  1326.0  1992
  142.9  1886  117.0  2001  103.8  1999   85.4  1969   90.0  1908   98.0  1845  116.8  1908  133.8  1873  132.8  1874  154.7  2019  151.0  1911  157.6  1836   389.9  1965   260.7  1881   330.4  1900   417.5  1861  1319.0  1990
  142.7  1968  116.8  1904  103.0  1882   85.3  1897   89.9  1962   97.4  1999  116.4  1903  132.7  1850  130.6  1852  153.8  1925  150.0  1978  155.6  1896   386.0  1892   259.3  1970   328.2  1866   417.5  1843  1318.1  1862
  142.5  1942  114.7  1920  102.7  1995   84.5  2008   89.6  1999   96.9  2000  116.0  1961  132.2  1906  130.5  1951  153.5  1989  148.1  1927  154.5  1955   385.8  1837   258.9  1942   327.7  1890   416.8  1926  1310.9  2025
  142.5  1957  114.4  1883  102.2  1884   84.4  1973   89.5  1843   96.5  1864  115.3  1942  130.9  1986  130.0  1836  153.2  1957  147.9  1837  153.8  1942   385.5  1957   255.3  1965   327.1  1843   416.7  1892  1308.0  1970
  141.2  1978  112.6  1996  100.7  1841   83.8  1853   88.6  1926   96.0  1854  115.0  1875  130.4  1934  130.0  1908  152.9  1837  147.8  1850  152.7  1912   385.3  1912   254.7  1836   326.7  1895   416.1  1917  1306.7  1958
  141.2  1926  112.0  2017  100.1  1901   83.1  1934   88.0  1965   95.2  2002  114.3  1927  129.9  1839  129.8  1897  152.4  1848  147.4  2017  151.8  2022   381.5  1873   253.3  2001   326.7  1936   409.8  1839  1300.4  1987
  138.4  2009  112.0  1850   98.1  1857   83.0  1857   86.8  1947   94.4  1971  114.0  1987  129.9  1979  128.6  1978  152.4  1970  147.3  1935  151.1  1901   381.0  1866   252.6  2005   325.4  1960   409.6  1946  1299.5  2016
  137.5  2005  108.9  1868   97.7  1864   82.4  1951   86.6  1838   94.1  1856  113.7  1850  127.1  1859  128.4  1878  151.8  1986  146.2  1869  151.1  1854   378.6  1898   252.3  1927   324.9  1966   408.7  2021  1299.3  1943
  137.3  1900  105.8  1871   97.4  1906   81.8  1960   85.5  1889   94.0  1892  113.6  2019  126.4  1973  126.0  1856  151.2  1871  145.7  1883  148.0  1898   378.5  1998   252.0  1916   324.8  1851   403.5  2010  1299.3  1977
  135.8  1976  105.3  1961   96.7  1909   81.3  1911   84.8  1852   94.0  1900  112.1  1985  126.4  1953  125.5  1887  150.5  1945  145.4  1936  147.9  2019   378.4  1926   250.7  1962   323.8  1880   403.3  1957  1299.3  1910
  135.4  1867  104.1  1898   94.6  1874   80.8  1996   83.0  1949   93.9  1839  111.5  1881  126.3  1894  124.5  1994  150.4  1896  144.6  1838  147.9  1930   376.5  1987   249.8  1912   322.4  1922   401.8  1951  1297.5  1983
  134.6  1927  103.6  1957   94.5  1877   80.7  1979   83.0  1858   93.8  1843  111.3  1848  126.0  1863  124.3  1948  150.4  1849  144.2  1897  147.2  1884   376.3  1885   246.6  1857   320.5  1965   401.4  2001  1291.1  1944
  134.0  1934  102.6  1954   94.0  1907   80.4  1952   81.4  1963   92.1  1878  110.4  1946  125.9  2009  123.9  1847  150.2  1883  143.6  1950  147.0  2003   375.0  1919   246.3  1964   319.0  1971   401.3  1837  1287.2  1935
  133.8  1952  102.4  2004   92.7  1941   80.2  2006   81.3  2000   91.7  1944  110.3  1975  125.7  2024  121.1  2001  149.5  1944  142.1  1874  146.7  1893   374.1  2018   246.2  1914   318.9  1923   395.5  1849  1284.5  1869
  132.5  2000  102.1  1880   92.5  1977   79.8  1901   81.1  1941   89.1  1846  109.6  2015  125.4  1904  120.9  1925  148.8  1873  142.0  1847  145.9  1960   371.2  2001   246.0  1909   318.5  1926   392.0  1936  1283.6  1860
  131.5  1937  101.0  1906   91.9  1954   79.0  1838   79.8  1917   88.4  1939  109.5  1923  124.8  1942  118.5  2022  148.1  1941  141.6  1901  145.2  1869   369.8  1991   245.3  1878   317.9  1961   390.1  1931  1277.2  1863
  130.9  1919   98.7  1879   91.7  2020   78.8  1877   79.7  1913   87.7  1952  109.4  1838  124.3  1895  118.4  1988  145.2  2017  139.5  2020  144.2  1946   368.2  1867   244.8  2008   317.1  1929   389.5  2002  1276.0  1961
  130.8  1910   98.5  1882   91.5  1928   77.6  1845   78.6  1918   87.3  1968  109.1  1965  124.2  1907  118.0  1849  144.2  1943  139.2  2010  144.1  1862   367.6  1962   243.6  1921   312.6  1908   386.1  1999  1275.7  1900
  130.2  2020   98.3  2007   91.3  1970   77.3  1872   78.4  1842   87.1  1959  108.3  1993  124.1  1952  117.9  1987  143.9  1959  138.7  1894  143.8  2017   367.2  1977   243.5  1923   312.6  1873   385.2  1890  1274.4  1916
  129.5  1868   96.6  1897   90.3  2014   77.0  1964   77.7  1891   86.8  1913  108.2  1929  123.9  2006  117.7  1963  143.7  1875  138.4  1875  142.5  1907   367.2  2025   241.0  1904   311.9  1850   384.0  1882  1272.0  1839
  129.4  1913   96.4  1992   90.1  1873   76.9  1922   77.5  2012   86.2  2004  107.9  2016  123.6  2016  116.6  1934  143.7  1867  138.3  1913  141.0  1856   365.3  1851   240.5  1858   308.5  1857   383.3  1943  1269.7  1883
  128.0  1922   94.6  1991   89.3  1890   75.7  1869   76.3  1996   85.0  1842  107.4  1950  123.0  1908  116.6  1960  142.8  1942  137.5  1895  140.9  1948   364.7  1945   240.1  1894   308.1  1909   381.7  2015  1269.6  1932
  127.3  1874   94.1  1839   88.7  2018   75.6  2019   74.8  1872   84.8  1969  104.4  1959  122.7  1960  115.2  1926  142.8  1977  136.6  1863  140.5  2002   364.5  1981   239.8  1955   307.4  1982   380.6  1994  1267.9  1968
  127.3  1931   93.8  1844   88.4  1930   75.4  1930   74.7  1985   84.7  1896  103.6  1998  121.8  1963  114.5  1992  142.5  1868  133.7  1994  140.1  1866   363.9  1846   239.2  1838   307.0  1963   380.0  1961  1266.6  1936
  127.2  1904   93.6  1988   87.4  1894   74.8  1927   74.5  1890   84.2  2011  101.7  1968  121.5  1967  114.4  1879  141.6  1895  133.2  1905  139.4  1956   362.5  1970   238.9  2016   303.8  1967   379.9  1996  1260.5  1929
  126.5  1894   93.5  1943   86.9  1939   74.4  1968   74.4  1904   83.8  1841  101.6  2003  120.0  1856  114.1  1940  140.9  1940  133.0  2003  136.6  1989   360.5  1863   237.8  2012   303.0  1875   379.7  1949  1259.9  1914
  125.8  2011   93.2  1856   86.6  1932   74.1  1908   74.2  1884   83.1  1981  101.3  1970  119.6  1926  112.6  1942  140.7  2012  131.4  1971  136.5  1882   357.4  2023   237.5  1945   301.2  1856   378.6  1880  1258.1  1874
  125.5  2012   92.7  1867   85.6  1942   73.9  1895   74.1  1854   82.5  1989  101.1  1851  118.7  1925  112.6  1880  140.7  1858  131.2  1916  136.2  1972   351.4  1978   237.1  2017   300.9  1974   377.2  1983  1252.4  1985
  125.3  1982   91.5  1908   85.4  1985   73.9  1924   74.0  1929   82.2  1847  100.0  1845  118.3  1849  112.2  1893  140.5  1878  129.5  1998  136.2  1923   350.5  1986   236.0  1898   300.3  1894   375.0  1924  1247.3  1939
  123.9  1956   90.7  1994   84.3  2016   73.6  1868   73.9  2005   82.1  1978   99.7  1896  118.3  1958  112.2  1952  139.8  1952  127.6  1917  132.3  2004   348.3  1868   234.8  1977   299.9  1992   374.9  1911  1246.7  1894
  123.7  1972   89.5  1948   84.1  1934   73.3  1940   73.6  1910   81.6  1898   99.4  1947  116.7  1857  111.8  1911  139.7  1865  127.1  1849  131.3  1848   348.0  1849   233.2  1940   296.3  1962   373.3  1859  1246.6  1993
  122.9  1958   88.3  1999   83.8  1922   73.2  1919   72.7  1856   81.6  1910   99.0  1964  116.2  1978  111.8  1970  138.4  1889  126.8  2019  130.6  1837   346.0  1913   232.2  1902   296.1  1897   371.7  1896  1244.8  1861
  121.0  1951   88.0  1978   83.1  2010   72.7  2023   72.7  1992   81.5  1924   98.5  2024  115.6  2023  111.7  2016  136.2  1898  126.3  1997  130.2  1938   345.0  1908   231.9  1982   293.3  1978   369.4  2018  1237.3  1876
  120.2  1846   87.6  1899   82.8  1866   71.4  2004   72.2  1849   81.1  1947   98.3  1852  115.3  2001  110.9  1982  135.9  1894  125.3  1966  130.0  1881   344.8  2005   231.7  1973   292.4  2011   367.5  1953  1236.1  1926
  119.3  1947   87.2  1962   82.0  1888   71.3  1849   71.8  1944   80.6  1891   97.7  1893  115.2  1922  109.6  1922  135.1  1918  123.5  1841  127.6  1877   344.4  1900   230.8  1976   290.0  2000   367.4  2024  1235.1  1897
  118.7  1969   86.1  1859   82.0  1971   71.2  1886   71.6  2022   79.8  1894   97.4  1928  115.1  2017  109.0  1961  134.9  1933  123.5  2016  126.5  1973   341.5  1904   230.3  2018   288.4  2010   367.3  1991  1234.5  1859
  116.6  1981   85.9  1865   81.5  2007   71.1  1955   70.8  1988   79.8  1837   95.6  1972  114.9  2011  108.8  1871  134.8  1912  123.2  1839  126.2  1992   340.6  1933   227.3  1847   286.9  2024   366.5  1838  1233.4  2022
  116.4  1878   83.9  1969   81.3  1966   70.7  1856   70.2  1995   79.1  1926   95.0  1978  114.7  1970  108.0  1995  134.3  1982  122.0  1912  125.3  1952   339.5  1989   227.2  1865   286.6  1871   364.5  1878  1232.5  1881
  116.3  2026   83.8  1987   81.1  1885   69.5  1885   69.9  1863   78.9  1916   94.3  2013  114.5  1882  107.8  1844  132.7  1991  121.9  1864  124.4  1902   336.5  1911   226.9  1848   284.5  2002   364.2  1840  1228.7  1906
  115.2  1933   83.3  1840   80.7  1933   68.7  1848   69.6  1914   78.8  1920   94.1  1894  114.3  1868  107.3  1966  132.1  1924  121.3  1900  124.3  2009   335.1  1882   226.4  2009   283.3  1883   361.2  1979  1228.4  1909
  115.0  1862   82.9  1982   80.0  1889   68.5  1900   69.1  1870   78.2  1861   94.0  1844  113.8  1844  106.4  1956  130.3  1851  120.9  1891  123.8  1969   331.4  1951   225.7  1991   283.2  1854   359.9  2013  1227.4  1845
  114.9  1980   82.8  2019   79.7  1845   67.5  1987   68.8  1952   78.1  1877   93.5  1943  112.7  1989  106.4  1998  130.3  1853  120.0  1985  123.3  1957   331.4  1870   224.2  1959   282.1  1863   359.7  1876  1225.9  1843
  114.6  1970   82.7  1836   78.5  1964   67.5  1915   68.3  1875   77.7  1876   93.4  1837  111.8  1888  106.1  1930  129.5  2011  119.3  1876  122.5  1944   328.2  1881   223.3  1842   282.0  1973   357.3  1966  1222.8  1846
  113.8  1916   81.0  1971   77.6  1965   67.5  1917   68.0  1953   76.6  1909   93.2  2011  111.7  1876  105.0  1980  127.5  1927  119.2  1886  122.2  1977   325.6  2011   223.1  1917   281.2  1970   356.1  1986  1220.8  1868
  113.4  1918   80.6  1984   77.2  1936   67.4  1847   67.5  1921   76.3  2003   92.0  1944  111.0  1901  104.7  2005  127.4  2025  118.9  2018  122.0  1858   322.1  1914   222.5  1876   280.5  1898   355.7  1965  1218.7  1978
  111.9  2025   80.1  2008   77.1  1976   66.9  2003   66.8  2025   74.6  1933   91.3  1966  110.5  1919  103.7  1985  125.5  2024  117.9  1865  121.5  1987   321.9  1906   222.1  1950   280.1  1849   353.8  1990  1209.0  1925
  111.6  1959   80.1  1981   76.9  1904   66.9  1939   66.8  1957   72.8  1908   91.0  1891  110.5  1966  102.5  2007  124.6  1966  114.8  2001  120.5  1894   319.7  1918   221.9  1941   278.5  1972   353.5  1925  1207.1  1907
  111.4  1843   80.0  1874   76.8  1902   66.7  1945   66.7  1951   72.3  2022   90.8  1890  109.8  1915  101.4  1867  123.8  1893  112.3  1859  120.4  1940   319.2  1840   221.0  1910   278.3  1914   353.4  1900  1206.5  2005
  111.0  1908   79.2  1870   76.4  1855   66.2  1943   66.6  1900   72.2  1974   90.8  1857  109.0  1893  101.3  1977  123.1  1992  110.6  1870  118.3  1859   319.0  1842   220.6  1954   278.2  2025   352.9  1848  1201.9  1972
  110.5  1977   79.1  1857   76.0  2000   66.0  1863   66.6  1885   72.2  1950   90.6  2002  108.4  1872  100.5  1837  123.1  1988  109.4  1999  117.1  1906   318.0  1993   219.9  1930   277.7  1874   352.2  2011  1199.5  1847
  109.9  2013   78.0  1949   75.9  1917   65.6  1944   66.0  1850   71.5  1917   87.0  1856  107.4  1843  100.4  1884  122.3  1994  109.3  1845  116.7  1998   317.5  1859   219.8  1952   276.6  1918   349.5  1862  1198.4  1880
  109.6  1924   77.9  2018   75.7  1967   65.4  1891   65.9  1864   71.4  1871   86.8  1883  107.3  2000   99.9  1973  122.0  1852  108.4  1903  115.7  1967   316.6  1875   219.5  2013   276.4  1944   347.8  1934  1198.4  2013
  109.4  1859   77.7  2015   74.5  1948   65.3  1907   65.6  1857   71.3  2023   86.2  1889  105.9  1987   99.9  2021  121.8  1958  108.2  1965  114.8  1984   316.5  1860   219.4  1896   274.6  1997   347.4  1958  1197.1  1962
  108.6  1923   77.5  1864   74.3  2004   64.6  1841   62.7  1867   70.4  1956   85.7  2000  104.8  1854   99.8  2006  121.0  1999  107.3  1885  114.3  1925   315.3  1955   219.2  1884   274.1  1952   346.0  1899  1195.8  1984
  108.5  1836   77.1  1927   73.9  1950   63.8  1942   62.4  1879   69.8  1993   84.8  1933  104.7  1851   99.6  1877  119.2  1960  105.8  1906  112.4  1871   314.5  1857   217.8  1997   273.0  1859   344.4  1909  1195.4  1934
  108.5  1991   76.5  1973   73.6  1838   63.2  1880   62.2  1882   68.8  1905   84.7  2021  103.6  1998   98.7  1845  117.8  1901  105.5  1975  111.4  1988   314.1  1936   217.3  1885   272.1  1986   340.2  1897  1189.9  1908
  107.9  1954   76.4  2006   72.1  1870   62.3  1948   61.1  1873   68.8  1901   84.2  2025  102.8  1938   96.5  1993  117.5  1882  105.5  1976  111.3  1874   313.7  2019   216.8  2007   271.0  1905   340.2  1864  1186.9  1949
  107.6  1845   76.3  1851   71.6  2003   61.6  1888   60.9  2017   68.6  1964   83.8  1866  102.7  1911   95.7  1848  116.5  1971  105.3  1899  110.5  1961   313.3  1938   216.4  1851   269.7  1837   335.9  1952  1186.3  1922
  107.4  1925   76.3  1847   70.6  1952   60.4  1902   59.9  1961   67.6  1888   83.6  1859  102.3  1965   94.7  1945  116.2  1902  104.8  1848  110.1  1962   311.9  1887   215.8  1895   269.5  1893   334.1  1846  1181.1  1892
  107.0  1870   76.0  1972   70.4  1959   59.4  1926   59.6  1887   67.3  2005   83.2  1992  101.5  1999   93.9  1919  113.6  2018  103.8  1898  109.9  1867   311.5  1921   215.7  1943   269.4  1915   331.2  1906  1179.9  1837
  106.7  1882   75.0  2005   69.8  1997   59.1  1988   59.5  1880   67.2  1994   82.8  1986  100.5  2013   93.8  1862  112.1  1911  103.5  1854  109.5  1895   310.0  1968   215.7  1937   269.2  1876   330.2  1959  1179.6  1911
  105.9  1854   74.2  1940   69.5  1879   58.1  1990   58.2  1937   67.0  1858   82.4  1854  100.3  1862   93.6  1920  110.8  2010  103.4  1908  109.5  1904   309.9  1949   215.1  1901   267.4  1964   328.6  1978  1176.8  2018
  105.8  1912   73.4  1936   69.3  2009   57.5  2009   57.9  1912   66.8  1922   82.4  1907   99.8  1964   93.2  1947  109.9  1926  103.1  2014  108.6  1991   307.1  1890   214.0  1931   267.3  1878   326.6  1858  1175.2  2001
  103.8  1945   71.8  1889   69.0  2001   56.8  2014   57.9  1893   65.5  1850   82.1  2004   99.8  2015   93.1  1909  109.3  1844  102.9  1973  108.6  1958   305.7  1941   213.7  1864   267.2  1896   322.7  1895  1173.4  1838
  102.3  1892   71.2  1912   69.0  1969   56.5  1878   57.9  1982   65.3  1953   81.7  1858   99.0  1994   91.7  1873  109.2  1880  101.9  2008  108.1  1888   305.2  1878   213.2  1869   266.4  1844   321.7  1873  1171.9  1989
  102.0  2003   71.2  1976   68.4  1899   56.3  1879   57.2  1933   65.2  1970   80.3  1902   98.7  2002   90.9  1979  109.1  1859  101.5  1907  107.8  1889   303.8  1956   211.4  1961   264.0  1993   321.4  1893  1168.8  1956
  101.3  1839   69.0  1841   67.4  1880   56.0  1874   57.1  2019   64.8  1885   79.8  1876   98.4  2018   89.3  2003  108.7  1936  101.4  1967  107.8  1932   302.0  1979   210.6  1922   261.6  1842   319.6  1969  1166.6  1849
  100.1  1898   69.0  2012   66.3  2013   54.9  1894   57.0  1987   64.5  1919   79.6  1899   96.5  1837   89.3  1931  108.3  1845  101.2  1987  106.5  1920   300.6  1947   209.7  1861   260.7  1942   317.7  1913  1165.7  1913
   99.8  1914   67.3  1907   66.1  1916   54.7  1870   56.6  2001   64.3  1984   79.0  1892   95.2  1918   88.9  1857  106.9  2009   99.3  2024  105.4  1887   299.7  1901   209.4  1953   259.7  1889   317.1  1939  1165.4  1898
   99.6  1971   65.7  1854   66.1  1974   54.6  2013   56.1  1930   63.9  2009   77.5  1945   94.5  1883   88.9  1990  106.8  1836   98.6  1932  103.1  1945   298.6  2003   209.3  1850   259.2  2015   316.3  1845  1160.8  1917
   98.1  1865   65.1  2025   65.6  1867   54.4  1971   56.0  1960   63.7  1967   77.1  1916   94.1  1914   88.8  1917  106.6  1974   98.5  1964  102.9  1908   294.9  1897   207.5  1845   258.4  1968   315.1  1948  1160.2  1899
   97.4  1979   64.8  1905   65.4  1871   54.3  1903   55.6  1971   63.5  1937   77.0  1995   93.3  1996   88.7  1870  105.4  1950   98.2  1961  101.8  1928   292.1  1976   206.8  1890   256.4  2013   314.1  1901  1159.7  1940
   96.9  1837   64.2  2013   63.9  1937   53.5  1887   55.5  1911   63.2  1934   76.8  1997   93.2  1855   88.5  1916  105.4  1964   98.0  2007  100.4  1842   291.4  1850   206.8  1995   255.3  1945   314.0  1975  1158.6  1875
   94.5  1856   63.9  1913   63.7  1858   52.2  1851   55.4  1974   63.0  1929   76.7  2001   92.7  1944   83.1  2020  105.0  1876   97.2  1948  100.2  2008   290.1  1973   206.7  1978   254.8  1951   313.9  1888  1158.2  1997
   94.4  1857   63.7  1953   63.7  2002   51.8  1860   54.4  1927   62.8  1893   76.6  1948   90.8  1902   82.0  1890  104.6  1899   96.7  1943   99.5  1883   289.9  1982   204.1  1996   254.6  2014   313.8  1881  1155.2  1942
   92.8  1887   63.5  1892   63.3  2005   51.6  1981   54.2  1868   62.7  2024   76.3  1991   90.7  1974   81.6  1955  102.6  1963   96.3  1989   98.6  1860   289.3  1997   201.5  1874   250.4  1865   313.7  1871  1154.8  1969
   92.7  1895   63.5  1955   63.2  1975   50.9  1837   54.1  2016   62.2  1859   76.1  1874   89.5  1969   81.2  1937  102.2  1979   96.2  2013   98.4  1863   283.1  1944   200.3  1975   250.0  1921   313.5  1988  1152.5  1991
   92.2  1955   61.2  1998   62.8  1949   50.5  1896   52.9  2004   61.5  2013   75.9  1981   88.8  1875   81.1  1853  101.5  1995   95.6  1878   97.5  1903   281.0  1865   199.3  1891   247.9  1991   312.8  1860  1150.7  1840
   90.9  1949   61.2  1878   61.3  1878   50.2  1864   52.7  1915   59.9  1930   74.7  1951   87.7  1853   80.6  1914  101.2  1913   93.7  1990   97.0  1849   280.3  1902   198.6  2004   247.2  2001   311.7  1842  1145.7  1963
   89.7  1844   61.2  1846   60.3  1945   50.0  1956   52.0  1855   58.8  1873   72.7  1980   87.7  1909   80.3  1997  100.0  1869   92.5  1846   96.9  1864   278.2  1969   198.1  1958   246.2  1886   310.8  1850  1145.7  1890
   87.2  1841   59.8  1944   58.9  1955   49.8  2022   51.4  1909   58.6  1844   72.5  1937   87.4  1858   80.3  1889   99.5  1854   91.6  1892   95.5  1916   277.6  1876   197.5  2011   245.0  1977   308.4  1905  1138.4  1915
   86.9  1902   58.3  1849   57.7  1938   49.3  2015   51.3  1946   58.4  1986   72.3  1865   86.8  1836   78.5  2013   98.2  1905   90.0  2004   94.5  1850   275.8  1893   197.3  1926   243.8  1934   307.2  1912  1134.1  1919
   86.7  1842   58.3  1909   57.7  1865   49.1  1967   50.9  1874   57.7  1960   72.3  1949   86.3  1916   78.2  1913   96.0  1956   89.9  2021   94.4  1947   273.2  1924   195.9  1870   243.8  1904   301.4  1907  1133.4  1959
   85.0  1891   56.9  2010   56.6  1911   48.1  1941   50.7  1940   57.1  1902   71.2  1971   85.9  1993   77.4  1882   95.9  1850   88.2  1868   92.6  1913   273.2  1954   194.1  1871   242.4  1916   299.5  1985  1132.7  1884
   83.3  1909   56.2  1842   56.2  1891   45.8  1883   50.2  1956   56.9  1914   69.1  2014   83.3  1977   77.0  1905   95.1  1888   87.8  1919   92.2  1937   273.2  1839   193.4  1911   241.9  1901   299.1  1868  1132.7  1878
   82.4  1850   56.1  1863   55.2  1887   45.3  1976   50.2  1845   56.7  1983   68.0  1963   83.1  2010   74.2  1964   93.7  1948   87.7  1904   92.1  1839   270.4  1861   193.4  1957   240.5  1999   296.6  1898  1132.4  1952
   81.9  1885   56.1  2003   55.2  1984   45.3  1928   50.1  1897   56.5  1961   67.6  1994   83.0  2005   73.5  1842   91.8  1910   86.7  1941   92.0  1935   269.1  1992   192.0  1971   239.5  1906   296.4  1853  1130.7  1896
   80.9  1901   54.1  1938   53.6  1956   44.0  1978   49.8  1922   56.4  1918   67.4  1887   82.8  1896   71.2  1854   90.1  1881   86.2  2011   91.0  1950   269.0  1942   190.2  1880   237.4  1932   296.2  1894  1129.9  1885
   80.6  1864   53.1  1896   53.2  1883   43.6  1933   48.6  1883   56.1  1899   66.7  1925   82.3  1847   70.7  1860   89.2  1973   85.6  1918   90.8  1931   268.5  1871   188.4  1892   236.1  1858   294.3  1995  1129.3  1851
   80.1  1989   51.6  1968   53.1  1973   43.0  1890   48.5  1948   55.2  2001   66.4  1904   80.1  2021   70.4  1991   87.7  1921   85.4  1893   89.9  2005   266.6  2017   188.2  1879   235.2  1935   292.7  2003  1124.0  1947
   79.3  1967   51.6  1860   52.3  1847   42.8  1884   48.0  1977   54.4  1906   66.4  1921   80.0  1984   68.8  1969   86.6  1890   85.0  1853   87.8  1857   266.0  2009   187.6  1888   233.8  1994   292.5  1971  1123.6  1867
   77.6  2001   51.4  1942   52.1  1910   42.7  1844   47.3  1866   53.7  1962   64.9  1905   79.1  1975   68.4  1868   86.6  1839   84.8  1995   87.8  1861   263.7  1874   185.3  1939   233.4  1867   292.4  1908  1120.8  1850
   77.4  1973   50.1  1887   52.1  1918   42.1  1921   47.2  1837   53.2  1957   63.9  2022   78.5  1949   67.1  1850   84.9  1919   84.2  1924   87.5  1976   263.2  1932   185.2  1948   231.9  1989   292.0  1973  1114.9  1879
   76.6  1871   49.7  1983   52.1  1915   41.9  1906   46.8  2018   52.7  1886   63.3  1962   78.4  2007   65.1  1881   84.6  1864   84.0  1952   86.3  1939   257.6  2010   184.9  1960   229.2  1941   291.9  1914  1097.7  1953
   76.4  2010   46.6  1875   51.9  1837   41.9  1881   45.2  1851   51.9  1904   62.8  2005   78.2  1997   63.7  1851   84.2  1937   81.7  1902   86.1  1870   256.4  1864   181.6  1933   229.1  1990   291.4  2014  1097.4  1945
   74.3  2017   45.7  1901   51.7  1962   41.7  1936   44.0  1888   49.8  2015   62.2  1952   77.9  1920   63.3  1900   82.2  1887   81.1  1873   85.3  1899   253.2  1843   178.6  1863   228.3  1902   288.5  1844  1089.1  1871
   73.9  1940   45.0  1919   50.3  1946   41.3  1892   43.9  1990   48.7  1903   62.1  1901   75.6  1885   63.3  1938   80.6  1955   80.3  1887   85.1  1975   251.0  1927   177.4  1873   226.8  1911   288.0  1887  1088.6  1873
   73.2  1847   43.7  1979   50.0  1923   40.6  1866   43.8  1848   48.7  1870   60.7  1996   74.5  1864   61.6  1904   80.1  1884   80.3  1915   82.0  1879   250.1  1959   177.3  1849   224.1  1864   287.9  1942  1086.7  1995
   72.8  2019   43.5  1952   50.0  1854   40.6  2011   42.5  1959   48.5  1996   60.1  1885   73.2  1871   60.4  1929   78.9  1931   79.1  1921   81.7  1981   246.0  1856   173.9  1935   223.8  1919   286.4  1989  1086.0  1973
   72.7  1985   42.3  1902   49.3  1926   40.1  1958   42.3  1998   48.1  1992   59.9  1900   73.2  1990   60.2  1996   78.7  1856   78.7  1925   80.3  2016   245.4  1972   173.1  1928   221.2  1969   285.9  1889  1082.4  1895
   71.1  1848   41.3  1843   49.1  1853   40.0  1997   41.6  1846   47.3  1895   58.2  1941   71.3  1867   59.3  1928   77.3  1965   78.2  1962   78.8  2001   245.3  1953   172.2  1915   220.9  1979   285.9  1865  1081.6  1964
   69.7  1950   40.3  1845   47.5  1953   39.1  1946   41.6  1994   45.7  2014   57.5  1860   69.4  1968   59.1  2009   75.8  1985   77.2  1993   77.9  1878   244.5  1909   170.7  1866   220.9  1975   285.7  1947  1081.2  1976
   69.5  2006   39.7  1886   47.1  1960   38.9  1918   41.0  1950   45.2  1979   57.4  2018   69.1  1945   56.6  1898   75.2  1939   77.2  1968   77.8  1838   241.6  1971   169.6  1918   220.3  1933   284.2  1867  1077.9  1921
   68.4  1917   39.3  1838   47.0  1996   38.8  1929   40.5  1871   41.1  2006   57.3  1990   68.6  1939   54.8  1901   74.5  1997   76.4  1884   77.3  1875   241.5  1886   168.3  1887   217.9  1884   282.9  1962  1070.1  2003
   66.4  1966   39.2  1917   46.1  1925   38.7  1875   40.2  1919   40.3  1932   53.0  1864   68.0  1913   54.4  1846   73.1  1861   72.3  1860   75.6  1968   241.4  1907   166.5  1938   217.0  1981   281.1  1997  1066.6  1975
   64.9  2022   38.4  1975   45.7  1869   37.7  1914   39.8  1975   40.2  2010   52.9  1906   67.4  1887   53.5  1902   72.6  1857   72.0  1988   75.4  1865   239.8  1889   165.3  1856   215.1  1959   278.0  1964  1065.7  1870
   64.1  1992   37.1  1947   43.6  1898   37.6  1839   39.1  1905   39.0  1869   50.3  1934   65.7  1991   53.1  1838   72.6  1840   71.5  1920   75.0  1941   236.9  1905   165.1  1980   213.1  2005   275.9  2016  1065.2  1856
   63.9  1935   35.5  1873   43.4  1990   35.4  2025   38.8  1936   38.3  1973   49.7  1897   65.4  1936   52.9  2015   70.5  1842   71.4  1844   73.1  1892   235.8  2006   164.2  1839   211.2  2006   274.2  1854  1057.4  1888
   63.9  1876   34.0  1853   43.1  1924   35.0  1954   38.1  2010   37.8  1867   49.6  1917   64.9  1869   50.3  1912   70.4  2003   70.9  1922   65.6  1917   234.4  1940   164.1  1853   205.9  1940   270.1  1856  1057.0  1893
   63.7  1896   33.8  1855   42.9  2011   34.5  2010   37.7  1984   37.4  1951   48.8  1919   64.0  1870   48.1  1921   69.3  1866   67.6  1851   65.3  1943   231.8  1862   163.4  2022   204.1  1847   269.3  1941  1052.9  1904
   62.6  1905   33.7  2023   42.7  1863   33.9  1995   36.6  1989   37.1  1995   47.7  1976   64.0  1886   47.0  2002   67.9  2015   67.2  1889   62.7  1953   229.2  1996   161.1  1855   202.5  1996   267.1  1972  1051.3  1889
   61.3  1858   32.4  1888   42.2  1843   33.9  1865   36.3  1928   37.0  1988   47.1  1977   63.5  1935   46.3  1949   66.8  1920   65.4  1856   62.5  1996   228.2  1895   160.9  1944   200.5  1885   266.6  1919  1048.8  1901
   59.9  1889   31.4  1929   42.0  2022   32.7  1855   35.8  1980   35.9  1849   46.9  1969   60.9  1933   44.6  1971   66.3  1897   63.7  1857   61.1  1970   226.3  1896   159.7  1900   200.1  2003   262.3  2007  1041.6  1857
   59.5  1941   31.3  1985   42.0  1958   32.5  2007   35.2  1901   35.9  1884   46.2  2006   60.7  2025   43.6  1895   66.2  1962   61.5  1955   58.9  1885   222.3  1844   157.8  1936   199.7  1955   261.6  1851  1039.9  1842
   59.2  1996   30.1  1964   40.0  1943   31.2  1861   34.9  2008   35.2  1923   45.9  1979   59.4  1983   42.0  1906   65.3  1904   61.1  1983   58.3  1855   222.0  1879   155.7  2010   195.3  1937   260.0  1910  1033.0  1864
   57.0  1907   29.9  1959   39.6  1893   30.0  1840   33.5  2023   35.1  1915   45.9  1935   59.2  1937   41.3  1888   64.9  1953   60.5  1957   58.1  1846   218.9  1985   154.0  1844   194.3  2022   259.3  1945  1029.8  1971
   56.5  1893   29.0  1862   39.2  1961   28.8  1982   33.3  1935   32.8  2018   44.5  1982   58.8  1972   39.7  1939   63.8  1879   58.9  1909   57.3  1995   215.3  1880   153.8  1956   193.1  2021   259.2  1855  1028.6  1854
   56.2  1953   27.4  1924   38.9  1850   26.3  1873   33.2  1978   32.6  1976   42.9  1863   58.0  2022   39.1  1855   61.9  1975   58.3  1958   56.4  1873   207.6  1847   150.0  1837   192.8  1913   257.6  1956  1025.9  2010
   54.7  1888   27.3  2009   38.8  1935   26.0  2017   32.3  1861   31.5  1975   42.0  1983   58.0  1981   37.0  1972   61.8  2007   56.6  1862   55.6  1851   204.6  1855   148.6  1854   190.7  1925   256.8  1884  1024.2  1937
   52.0  1929   26.7  1890   38.5  1875   25.1  2020   31.5  1939   31.2  1874   41.5  1999   57.3  1842   36.6  1989   59.0  1908   55.2  1956   48.8  1905   203.8  1854   147.7  1883   190.7  1947   251.4  1902  1023.0  1865
   51.8  1911   25.5  1956   37.3  1892   24.4  1854   31.3  1853   30.7  1865   39.8  1955   54.7  1880   35.0  1915   55.1  1993   54.4  1934   46.2  1927   203.1  1917   145.5  1875   188.6  2018   231.9  1920  1020.8  1996
   49.2  1861   23.0  1963   37.2  1993   21.0  1957   24.9  1970   29.4  1940   39.7  1847   48.5  1932   34.4  1941   54.5  1915   53.8  1871   45.7  1971   194.4  1838   145.4  1990   180.0  1899   228.8  1993  1017.7  1905
   46.6  1964   21.1  1993   33.9  1849   20.5  1912   22.2  1876   28.3  2021   39.1  1869   47.9  1884   34.2  1933   52.9  1914   52.8  1858   45.0  2010   192.5  1888   140.7  1946   176.0  1949   225.2  1857  1011.9  1853
   46.2  1987   18.9  1965   31.8  2012   19.2  1893   21.5  1895   25.2  1949   38.0  1913   46.6  1955   28.3  1865   50.0  1978   52.6  1933   39.4  1926   185.3  1929   137.5  1929   174.9  1984   223.7  1955  1005.0  1858
   45.4  1879   18.5  1858   28.5  2025   18.9  1852   20.5  1839   23.7  1887   36.7  1989   45.4  1940   22.4  1907   46.5  1969   49.4  1937   38.9  1843   178.3  1841   135.8  2020   158.5  1887   221.7  1933   980.7  1941
   42.7  1897   15.4  1930   24.6  1929   17.8  1984   19.9  1991   23.7  1889   34.9  1870   44.2  1899   21.7  1894   46.3  1972   48.3  1855   34.9  1963   174.2  1934   132.1  1840   158.1  1983   216.5  1922   973.4  1955
   31.2  1880   15.0  1895   24.6  1900   15.1  2021   19.1  2020   21.5  1941   31.0  1898   23.6  1959   20.8  1843   40.8  2016   44.6  1896   32.2  1853   167.6  1858   131.4  1974   153.0  1868   216.0  1879   965.6  1902
   26.1  1963   12.2  1921   24.6  1931   14.2  1938   16.2  1859   20.6  1942   30.7  1984   22.2  2003   20.4  1959   36.0  1922   39.1  1867   30.0  1933   164.0  1845   130.7  2025   147.6  1870   214.9  1921   908.4  1844
   24.4  1838   10.3  1934   23.5  1944   12.4  1842   13.8  1896   17.2  1868   30.3  1878   18.2  1995   18.9  1986   34.2  1951   37.8  1879   26.7  1890   159.2  1963   120.1  1852   143.0  1869   214.9  1937   886.3  1933
   22.8  1881    9.7  1891   21.9  1856    9.9  1974    5.2  1844   13.2  1921   25.4  1911   13.6  1976   16.4  2014   30.5  1946   32.5  1942   22.1  1840   121.3  1891   116.7  1893   132.3  1995   214.6  1904   868.8  1855
   19.8  1855    9.0  1986   16.4  1852    8.5  1980    4.6  1836    5.3  1925   21.5  1868   10.2  1947   16.3  1910   23.2  1947   14.0  1945   16.1  1844   111.7  1964   110.6  1984    94.0  1976   169.9  1915   863.0  1887
   12.0  1997    4.2  1932   11.9  1840    ---  2026    ---  2026    ---  2026    ---  2026    ---  2026    ---  2026    ---  2026    ---  2026    ---  2026     ---  1836     ---  2026     ---  2026     ---  2026     ---  2026
