Areal values from HadUK-Grid 1km gridded climate data from land surface network
Source: Met Office National Climate Information Centre
Monthly, seasonal and annual mean of daily minimum air temperature for England NW and N Wales
Areal series, starting in 1884
Last updated 01-Apr-2026 11:35
    jan  year    feb  year    mar  year    apr  year    may  year    jun  year    jul  year    aug  year    sep  year    oct  year    nov  year    dec  year     win  year     spr  year     sum  year     aut  year     ann  year
    4.3  1916    4.4  1998    5.0  1957    5.9  2011    9.4  2024   11.2  2025   12.6  2006   12.7  1997   11.6  2023    9.5  2001    6.7  1994    5.6  2015    3.63  1989    6.00  2024   11.97  2025    8.24  2011    6.77  2023
    3.7  1921    3.9  2024    4.4  1938    5.6  2014    8.3  2022   10.9  2017   12.5  1995   12.5  2004   11.4  2006    9.1  2005    5.8  2011    5.1  1934    3.05  2024    5.43  2014   11.51  2003    8.13  2006    6.63  2024
    3.7  1898    3.8  1990    4.3  1990    5.3  2004    8.1  1999   10.8  2023   12.5  2025   12.5  2019   11.2  2016    9.0  1968    5.8  2015    4.7  1988    3.03  2016    5.41  1999   11.47  2023    7.96  2022    6.49  2014
    3.5  1989    3.6  1918    4.0  1998    5.3  2007    8.0  2008   10.6  2016   12.4  2003   12.4  1990   11.1  2021    9.0  2013    5.8  2022    4.6  1974    3.03  1935    5.31  2017   11.39  2016    7.88  2021    6.48  2025
    3.5  2007    3.5  2026    3.9  2017    5.1  1961    7.8  1964   10.3  2003   12.4  1983   12.2  1975   10.6  1949    9.0  1969    5.7  1938    4.3  1924    3.02  2007    5.17  1992   11.36  2019    7.80  2023    6.42  2022
    3.3  1990    3.2  1903    3.9  2012    5.1  1943    7.7  2014   10.2  2020   12.3  1991   12.2  2020   10.4  1958    8.8  1995    5.7  1953    4.1  2024    2.95  2014    5.00  1998   11.32  2006    7.65  1978    6.38  2017
    3.3  1975    3.1  2022    3.8  1997    5.1  1949    7.7  1952   10.2  2007   12.3  2021   12.2  2025   10.4  2011    8.6  2017    5.5  1997    4.0  1971    2.94  1975    4.95  2011   11.15  2022    7.64  2001    6.30  2006
    3.2  2020    3.1  1926    3.8  1961    5.0  1993    7.6  2017   10.1  1966   12.2  2019   12.2  2008   10.3  1999    8.6  2006    5.3  1899    4.0  1953    2.93  1998    4.92  2007   11.12  2018    7.48  2014    6.23  1999
    3.1  1983    3.1  2011    3.8  2024    4.9  1987    7.6  1992   10.1  1976   12.2  2022   12.1  1995   10.1  1980    8.6  2022    5.2  2002    4.0  1900    2.83  2020    4.85  2022   11.11  1995    7.25  1968    6.20  2011
    3.1  2008    3.1  1945    3.7  1991    4.9  2018    7.6  1998   10.0  2006   12.1  1923   11.9  1911   10.1  1941    8.5  2011    5.1  2020    3.9  2018    2.72  1923    4.81  1961   11.10  2021    7.23  1949    6.19  2004
    3.0  2005    3.1  2002    3.7  1981    4.8  2024    7.5  2011   10.0  2004   12.0  2013   11.9  1955   10.1  1985    8.4  2021    4.9  1978    3.8  2025    2.68  2026    4.81  1952   11.08  2004    7.20  2025    6.16  1998
    2.9  1923    3.0  1914    3.6  2019    4.7  1999    7.4  1970   10.0  1970   12.0  2010   11.9  2023   10.1  2004    8.4  1921    4.9  2014    3.8  2023    2.64  2022    4.74  1959   11.07  2020    7.17  1995    6.16  1990
    2.9  1884    3.0  2017    3.5  2026    4.7  1944    7.3  2003   10.0  2005   11.8  1926   11.9  2022   10.1  1998    8.2  1978    4.9  1939    3.7  1898    2.63  2017    4.73  2023   11.03  2017    7.14  2009    6.16  2020
    2.8  1976    3.0  2023    3.5  2005    4.7  2025    7.2  2023    9.9  2018   11.7  2018   11.8  2016   10.0  2000    8.1  1954    4.9  1946    3.7  1954    2.62  1925    4.66  1997   10.96  1997    7.12  2005    6.14  2007
    2.8  1932    2.9  1961    3.5  1992    4.6  1937    7.2  2002    9.9  1950   11.7  1999   11.8  2003   10.0  2005    8.0  2014    4.8  1917    3.5  1918    2.56  1990    4.64  2004   10.87  1933    7.09  2017    6.10  2002
    2.6  1944    2.9  2014    3.4  1999    4.4  2009    7.2  1953    9.9  1982   11.7  2016   11.8  2024    9.9  1961    8.0  1977    4.8  2009    3.4  2016    2.51  1943    4.63  2002   10.81  2008    7.09  1999    6.10  2005
    2.6  2014    2.8  1997    3.4  1994    4.4  2020    7.1  1947    9.8  1896   11.7  2023   11.8  2013    9.9  1956    8.0  1990    4.8  1951    3.4  1942    2.45  2019    4.62  2025   10.78  2013    7.08  2004    6.02  1997
    2.5  1974    2.7  1995    3.3  1945    4.4  1946    7.1  2016    9.7  2014   11.7  1989   11.7  2002    9.8  1970    7.9  1908    4.8  2025    3.4  2006    2.32  1976    4.62  2009   10.77  2009    7.06  1938    6.02  2019
    2.4  2016    2.7  1943    3.3  1967    4.4  1992    7.1  1919    9.7  2021   11.7  1933   11.7  1893    9.8  1890    7.9  2023    4.7  2004    3.3  2013    2.22  2005    4.61  1990   10.76  1983    6.99  1984    6.01  2016
    2.3  1938    2.6  2020    3.2  2000    4.4  2003    7.1  1960    9.6  1960   11.6  1934   11.6  2018    9.7  1978    7.9  1959    4.7  2018    3.3  1910    2.16  1995    4.59  1945   10.75  1947    6.95  2013    5.93  2018
    2.3  1996    2.6  2000    3.1  1959    4.4  1926    7.0  1908    9.6  1947   11.6  1976   11.6  2012    9.7  1936    7.8  2025    4.7  1984    3.1  1921    2.15  2012    4.59  2003   10.73  1976    6.95  1994    5.87  1949
    2.3  1906    2.6  1989    3.1  1912    4.3  1964    7.0  1911    9.6  1992   11.6  1975   11.6  2009    9.6  1951    7.8  1989    4.6  1913    3.0  1922    2.14  2025    4.59  2005   10.73  1990    6.88  1958    5.86  2021
    2.2  2023    2.5  1946    3.1  2021    4.3  2017    7.0  1889    9.6  2002   11.5  1901   11.6  1933    9.6  1917    7.7  1996    4.6  2003    3.0  1977    2.07  1988    4.56  1991   10.70  2005    6.84  1945    5.85  1989
    2.2  1988    2.4  1935    3.0  2014    4.3  1945    7.0  1989    9.5  2000   11.5  2008   11.5  1932    9.6  1953    7.6  1949    4.5  1982    3.0  2011    2.06  1972    4.55  1957   10.62  1975    6.84  1953    5.83  2000
    2.2  1925    2.4  1993    3.0  1927    4.2  1959    6.9  2018    9.5  1998   11.5  2005   11.4  1969    9.5  1895    7.4  1945    4.5  1931    3.0  1994    2.05  1916    4.54  1993   10.59  2002    6.83  1997    5.74  1995
    2.2  1993    2.4  1992    3.0  2002    4.2  1896    6.9  1893    9.5  1993   11.5  2009   11.4  1942    9.5  1955    7.4  2024    4.4  1894    3.0  2021    2.02  1999    4.51  2019   10.57  2024    6.81  1913    5.73  2008
    2.2  2002    2.3  2019    3.0  1983    4.2  1997    6.8  1959    9.4  1963   11.4  1952   11.4  1984    9.5  2022    7.3  1898    4.4  2006    2.9  1911    1.99  1974    4.49  2008   10.55  2010    6.81  1970    5.72  2009
    2.1  2012    2.2  1980    2.9  1977    4.1  2005    6.8  2001    9.4  2019   11.4  1957   11.4  1906    9.5  2010    7.2  1971    4.3  1999    2.9  1956    1.98  1921    4.46  1960   10.53  2012    6.75  2024    5.71  2003
    2.1  1969    2.2  1923    2.9  2023    4.1  1963    6.8  2006    9.4  2022   11.4  2014   11.4  1947    9.5  2014    7.2  2009    4.3  1897    2.9  1932    1.97  1898    4.36  1981   10.52  1982    6.74  2020    5.70  1994
    2.1  1949    2.2  1920    2.9  1948    4.0  1904    6.8  2007    9.3  2010   11.4  1900   11.3  2006    9.5  1948    7.2  1958    4.3  2007    2.9  1985    1.92  1949    4.32  1964   10.51  1999    6.74  2007    5.68  2015
    2.1  2004    2.1  2007    2.9  1936    4.0  1955    6.8  2009    9.3  1959   11.3  1932   11.3  2021    9.5  2009    7.1  1979    4.2  1948    2.9  1912    1.92  1957    4.26  1920   10.48  1911    6.73  1989    5.67  1988
    2.0  1999    2.1  1928    2.9  1921    4.0  1952    6.8  1933    9.3  1935   11.3  2001   11.3  1991    9.4  2019    7.0  1886    4.2  2001    2.7  2002    1.89  1914    4.26  2012   10.48  1959    6.72  1908    5.65  1959
    2.0  1890    2.1  1966    2.8  1950    4.0  2019    6.7  1990    9.3  1933   11.3  1921   11.2  1949    9.4  1981    7.0  1984    4.2  1981    2.7  1905    1.88  2000    4.25  1933   10.48  2014    6.70  1946    5.64  1953
    1.9  1957    2.1  2025    2.8  1966    4.0  2023    6.6  2025    9.2  1940   11.3  1945   11.2  1959    9.4  1946    6.9  1985    4.2  2021    2.7  1941    1.87  1937    4.25  2000   10.47  1893    6.69  1951    5.63  1938
    1.9  1937    2.0  1974    2.7  1989    4.0  1894    6.6  1976    9.2  1988   11.2  1944   11.1  1899    9.4  1947    6.9  1963    4.1  1970    2.7  1986    1.85  2008    4.20  2020   10.46  1955    6.69  1959    5.58  1957
    1.9  2022    2.0  1908    2.7  2007    4.0  1985    6.6  1986    9.2  1986   11.2  1947   11.1  1989    9.4  1997    6.9  1913    4.1  1888    2.7  2019    1.85  1911    4.17  2018   10.45  2007    6.62  1898    5.57  1983
    1.9  1998    2.0  1999    2.7  1903    4.0  1914    6.5  1918    9.2  1897   11.2  1949   11.1  1996    9.3  1984    6.9  1967    4.1  1963    2.7  1997    1.80  1967    4.15  1912   10.45  1998    6.59  2000    5.57  1945
    1.8  2018    2.0  1897    2.7  1952    3.9  1972    6.5  2004    9.1  2009   11.2  1985   11.1  2001    9.3  1968    6.8  1938    4.0  1995    2.6  1975    1.78  1973    4.15  1988   10.43  2001    6.59  1948    5.56  1921
    1.8  1927    1.9  1967    2.6  2022    3.9  1995    6.5  1925    9.1  1973   11.1  2017   11.1  1999    9.3  2017    6.7  2007    4.0  1986    2.6  1983    1.78  1932    4.11  1994   10.39  1989    6.55  1982    5.49  2012
    1.8  1926    1.8  1939    2.6  2025    3.9  2006    6.5  1981    9.1  2024   11.1  1994   11.1  1939    9.3  1945    6.7  1957    4.0  1920    2.6  1931    1.78  1920    4.10  1943   10.37  1949    6.54  1969    5.48  1992
    1.7  1973    1.8  1949    2.6  2009    3.9  1933    6.5  1924    9.1  1953   11.1  1911   11.1  1918    9.3  1926    6.7  1934    3.9  2023    2.5  1949    1.72  1948    4.08  1893   10.37  1899    6.53  1961    5.45  1948
    1.7  2000    1.7  1938    2.6  1935    3.9  1920    6.4  2000    9.1  1910   11.1  1997   11.0  2017    9.3  1973    6.7  1961    3.9  1983    2.5  1959    1.72  1903    3.99  1967   10.37  1950    6.51  2015    5.41  1971
    1.7  1948    1.7  1937    2.6  1978    3.9  1996    6.4  1973    9.0  1968   11.1  1899   11.0  1953    9.3  2024    6.7  1999    3.9  2008    2.5  1929    1.71  1899    3.98  1938   10.36  1970    6.50  2018    5.39  1898
    1.6  1994    1.6  1988    2.6  1993    3.9  1960    6.4  1965    9.0  1997   11.0  1905   11.0  1917    9.3  1898    6.6  1930    3.9  1959    2.4  1972    1.70  2023    3.97  1989   10.34  1932    6.48  2002    5.38  2001
    1.6  1928    1.6  1905    2.5  1920    3.8  1930    6.4  1937    9.0  1990   11.0  1992   11.0  2000    9.2  1969    6.6  1910    3.8  1945    2.4  1987    1.67  1950    3.91  1896   10.33  1991    6.48  1977    5.38  2013
    1.6  1896    1.5  1982    2.4  1988    3.8  1988    6.4  1954    9.0  1900   11.0  1927   11.0  1944    9.2  2007    6.6  1965    3.8  1928    2.4  2004    1.65  1913    3.85  1927   10.32  1952    6.47  2016    5.38  1934
    1.6  1930    1.4  1885    2.4  1960    3.7  1975    6.4  1920    9.0  2012   11.0  1987   10.9  1926    9.2  2013    6.6  1906    3.8  1906    2.4  2000    1.64  1993    3.85  1950   10.31  1953    6.47  1990    5.34  1911
    1.6  2024    1.4  2021    2.4  1902    3.7  2002    6.3  1917    9.0  1893   11.0  1955   10.9  1983    9.2  1989    6.5  1986    3.7  2000    2.3  1979    1.63  2002    3.84  1911   10.30  1992    6.46  1954    5.33  1943
    1.5  1935    1.4  1976    2.4  1905    3.7  1991    6.3  1991    9.0  1945   11.0  1925   10.9  1958    9.2  1891    6.5  1976    3.7  1987    2.3  1980    1.54  1992    3.84  2016   10.25  2000    6.45  1983    5.32  1961
    1.5  2017    1.3  2004    2.3  1926    3.6  1940    6.3  1922    9.0  1936   10.9  1998   10.9  1957    9.1  1930    6.5  2020    3.7  1964    2.2  1913    1.54  1906    3.83  2006   10.23  1926    6.43  1998    5.31  1976
    1.4  1943    1.3  1912    2.3  1923    3.6  2022    6.2  1940    9.0  1965   10.9  1959   10.9  1998    9.1  2001    6.5  1903    3.7  1916    2.2  1947    1.51  2004    3.83  1972   10.20  1945    6.41  1941    5.30  1967
    1.4  1902    1.3  1948    2.2  1897    3.6  1957    6.2  1988    9.0  1931   10.9  2012   10.9  1987    9.1  1929    6.5  2016    3.6  1908    2.2  1984    1.48  1912    3.80  1926   10.19  1994    6.31  1947    5.30  1926
    1.4  1971    1.3  1971    2.1  2004    3.5  1947    6.2  1945    8.9  1994   10.9  1935   10.9  1916    9.1  1983    6.5  1916    3.6  2024    2.1  1966    1.41  1926    3.78  1966   10.19  1984    6.28  1916    5.28  1991
    1.3  1967    1.3  1910    2.1  1933    3.5  1948    6.2  1912    8.9  1887   10.9  1967   10.8  1981    9.0  1884    6.5  1991    3.6  1957    2.0  1936    1.40  1971    3.78  1963   10.16  1957    6.24  1971    5.28  1982
    1.3  2015    1.3  1962    2.0  2020    3.5  1980    6.2  2015    8.9  1983   10.9  1982   10.8  1897    9.0  1966    6.5  1970    3.6  1949    2.0  2014    1.40  1922    3.77  1940   10.15  1944    6.23  1886    5.27  1913
    1.3  1968    1.3  1977    2.0  2003    3.5  2008    6.1  2020    8.9  1984   10.9  1956   10.8  1980    9.0  1924    6.4  2004    3.5  1940    2.0  1955    1.35  2003    3.77  1939   10.14  1935    6.21  1963    5.24  1975
    1.3  1924    1.3  2012    2.0  1939    3.5  1928    6.1  1995    8.9  1899   10.8  1937   10.8  1973    9.0  1934    6.4  1941    3.5  1992    2.0  1998    1.33  2015    3.74  1914   10.11  1936    6.20  1957    5.23  1914
    1.3  2003    1.3  1921    2.0  1943    3.4  1939    6.1  2005    8.8  2001   10.8  1941   10.8  1982    9.0  2002    6.4  1998    3.5  1886    1.9  1919    1.27  1939    3.71  1948   10.10  1897    6.20  1924    5.22  1920
    1.3  1950    1.3  1884    2.0  2008    3.4  1893    6.1  2012    8.8  1979   10.8  1969   10.8  1952    9.0  1939    6.4  1942    3.5  1955    1.9  2020    1.26  1927    3.69  1949   10.10  1973    6.19  2008    5.22  1978
    1.2  1900    1.3  1925    1.9  1910    3.4  1913    6.1  1978    8.8  1980   10.8  1912   10.8  1970    9.0  2025    6.4  1988    3.5  1902    1.9  1951    1.24  1944    3.68  2015   10.10  1925    6.18  1956    5.21  1966
    1.2  2019    1.2  1959    1.9  1968    3.4  1998    6.0  1993    8.8  1943   10.8  2024   10.7  2015    8.9  1913    6.4  1983    3.5  1900    1.9  1948    1.23  1938    3.67  1995   10.07  1988    6.18  1979    5.19  1984
    1.2  1920    1.2  1953    1.9  1914    3.4  1967    6.0  1985    8.8  1912   10.8  1951   10.7  1943    8.9  1982    6.3  1982    3.5  1924    1.9  1945    1.23  1918    3.62  1928   10.04  1937    6.15  1934    5.19  1970
    1.2  1981    1.2  2005    1.9  1893    3.4  1994    6.0  1890    8.8  1964   10.8  1953   10.7  1936    8.9  2008    6.2  1960    3.4  1980    1.9  1991    1.20  2006    3.59  1978   10.04  1969    6.14  1991    5.15  1974
    1.1  1911    1.1  2009    1.9  1928    3.3  1931    6.0  1950    8.7  1930   10.8  2020   10.7  1925    8.9  1971    6.2  1920    3.4  1990    1.8  1894    1.19  1946    3.58  1944   10.03  1958    6.13  1996    5.13  1973
    1.1  2006    1.1  1950    1.8  1896    3.3  1942    6.0  1969    8.7  1952   10.8  1971   10.7  1927    8.8  1992    6.2  2015    3.3  1968    1.7  1907    1.18  1980    3.57  1913   10.03  1934    6.10  1980    5.13  1977
    1.1  1934    1.1  1913    1.8  2015    3.3  1982    5.9  1956    8.7  1906   10.8  1887   10.7  1971    8.8  1988    6.2  1947    3.3  1932    1.6  1993    1.09  2021    3.54  1925   10.02  1923    6.08  2019    5.13  1960
    1.1  1972    1.1  1973    1.8  1890    3.3  1976    5.9  1997    8.7  2008   10.7  1986   10.6  1967    8.8  1967    6.2  1909    3.3  1898    1.6  1930    1.08  1981    3.53  1921   10.01  1981    6.04  1930    5.12  1939
    1.0  2013    1.1  1911    1.8  1972    3.3  1927    5.9  2019    8.7  1938   10.7  1904   10.6  1937    8.8  2018    6.2  1933    3.3  1947    1.6  2017    1.05  1966    3.52  1954   10.00  1900    6.03  1920    5.11  1954
    1.0  1915    1.1  1964    1.8  1956    3.3  1898    5.8  1939    8.7  1954   10.7  1990   10.6  1914    8.8  1901    6.2  1914    3.3  2017    1.6  1888    1.05  2018    3.51  1977    9.99  1987    6.03  1906    5.10  1933
    1.0  1953    1.0  2006    1.8  1963    3.3  2010    5.8  1931    8.7  1889   10.7  1950   10.6  2005    8.8  1933    6.2  1943    3.3  1960    1.6  1926    1.05  1954    3.51  1976    9.98  1901    6.02  1921    5.09  1935
    0.9  1904    1.0  1972    1.7  2016    3.3  1935    5.8  1971    8.7  1924   10.7  1893   10.5  1901    8.8  1987    6.1  1927    3.2  1954    1.5  1902    1.03  1984    3.51  1983    9.94  1906    5.96  1955    5.08  1993
    0.9  1905    1.0  1896    1.6  1884    3.2  1899    5.7  1972    8.7  1999   10.7  2007   10.5  2011    8.7  1938    6.1  1924    3.2  1991    1.5  1970    1.02  1901    3.48  1905    9.94  1930    5.95  1987    5.06  1964
    0.9  1913    1.0  2016    1.6  1982    3.1  1909    5.7  1913    8.7  1949   10.7  1958   10.5  1994    8.7  1977    6.1  1925    3.2  1889    1.5  1938    1.02  1930    3.48  1985    9.92  1967    5.93  1917    5.06  1980
    0.9  2026    0.9  2008    1.6  1954    3.1  1912    5.7  1906    8.7  1995   10.7  1931   10.5  1978    8.7  1950    6.1  1948    3.2  1895    1.5  2007    1.02  1961    3.47  1987    9.92  1914    5.91  1960    5.05  1958
    0.9  1899    0.9  1894    1.6  1913    3.1  1911    5.7  1958    8.6  1981   10.7  2004   10.5  1898    8.7  1991    6.1  2000    3.2  1989    1.5  2005    1.01  1928    3.47  1982    9.90  2015    5.88  1929    5.05  1932
    0.8  1995    0.8  1893    1.5  1973    3.1  1979    5.7  1974    8.6  1934   10.6  1948   10.5  2007    8.6  1995    6.0  1928    3.1  1943    1.4  1973    1.01  1994    3.46  2001    9.90  1996    5.85  1976    5.04  1930
    0.8  1962    0.8  1957    1.5  2011    3.1  1915    5.7  1896    8.6  1937   10.6  1964   10.5  1930    8.6  1916    6.0  1923    3.1  1956    1.4  1999    1.00  1960    3.40  1937    9.88  1917    5.85  1939    5.04  1924
    0.7  1907    0.8  1898    1.4  1940    3.0  2000    5.7  1895    8.6  1920   10.6  1988   10.5  1884    8.6  1908    6.0  2018    3.1  1935    1.4  1915    0.96  1896    3.39  1930    9.87  1921    5.84  1890    5.04  1944
    0.6  1889    0.8  1958    1.4  1911    3.0  1971    5.7  1983    8.6  1925   10.6  1936   10.5  1976    8.6  2003    5.9  1994    3.1  1912    1.4  1893    0.94  1908    3.38  1971    9.85  1939    5.84  2003    5.03  1968
    0.6  1964    0.7  1975    1.4  1894    3.0  1900    5.7  1936    8.6  1941   10.6  1914   10.5  1938    8.6  1996    5.9  1972    3.1  1958    1.3  1897    0.86  1983    3.35  1973    9.83  1960    5.84  1899    5.02  1950
    0.6  1960    0.7  1922    1.4  1974    3.0  2015    5.6  1910    8.5  1891   10.5  1930   10.4  1950    8.6  1935    5.9  1902    3.0  1929    1.2  2012    0.86  1978    3.35  1910    9.82  1948    5.82  1943    5.02  1928
    0.6  1918    0.7  1934    1.4  1925    3.0  1916    5.6  1966    8.5  1905   10.5  1977   10.4  1948    8.6  1964    5.9  1962    3.0  2012    1.2  1967    0.86  1924    3.34  1935    9.81  1980    5.78  1928    5.01  1893
    0.6  1951    0.6  1891    1.3  1971    3.0  2001    5.6  1932    8.5  1913   10.5  1979   10.4  1895    8.5  1942    5.9  1897    3.0  1961    1.2  1990    0.85  1905    3.33  1936    9.81  1966    5.78  1981    5.00  1918
    0.6  1956    0.6  2015    1.3  1907    2.9  1965    5.6  1934    8.5  1917   10.5  2015   10.4  1910    8.5  2020    5.9  2010    3.0  1979    1.2  1958    0.80  1915    3.31  1918    9.80  1943    5.77  1985    4.95  1908
    0.6  1903    0.6  1931    1.3  1984    2.9  1977    5.6  1929    8.5  1914   10.5  1981   10.4  1985    8.5  2012    5.8  2019    3.0  1974    1.2  1957    0.79  1933    3.29  1890    9.78  1896    5.76  1966    4.94  1937
    0.6  1939    0.5  1944    1.3  1918    2.9  1966    5.6  1892    8.5  1961   10.5  1939   10.3  1915    8.5  1896    5.8  1890    2.9  2019    1.1  2003    0.78  1919    3.28  1889    9.78  1964    5.73  1967    4.94  1916
    0.5  1914    0.4  1933    1.2  1996    2.9  1981    5.6  1916    8.5  1955   10.4  2002   10.3  1968    8.5  1976    5.8  1966    2.9  1914    1.1  1944    0.76  2001    3.28  1947    9.74  1942    5.72  1936    4.94  1923
    0.5  1909    0.4  1899    1.1  2010    2.9  1895    5.5  1994    8.5  2013   10.4  1993   10.3  1945    8.4  1907    5.8  1946    2.9  1998    1.1  1914    0.76  1953    3.26  1953    9.74  1941    5.72  1897    4.92  1927
    0.4  1992    0.4  1916    1.0  1986    2.8  1905    5.5  1903    8.4  1958   10.4  1996   10.3  2010    8.4  1979    5.8  1950    2.9  1907    1.1  1965    0.73  2013    3.24  1903    9.74  1979    5.71  1935    4.91  1947
    0.3  1922    0.4  1924    1.0  1930    2.8  1901    5.5  2013    8.4  2015   10.4  1973   10.3  1988    8.4  1962    5.8  2008    2.8  1892    1.0  1940    0.71  1894    3.23  2010    9.71  1968    5.71  1902    4.91  1946
    0.3  1986    0.4  1927    1.0  1995    2.8  2012    5.5  1961    8.4  1978   10.4  1946   10.3  1992    8.3  1957    5.7  1951    2.7  1934    1.0  1908    0.71  1931    3.20  1965    9.70  1905    5.69  1933    4.90  1936
    0.2  2025    0.3  1915    0.9  1915    2.8  1934    5.5  1928    8.4  1890   10.3  1970   10.3  2014    8.3  1959    5.7  1937    2.7  1922    0.9  1923    0.69  1885    3.20  1974    9.68  1971    5.67  1914    4.89  1987
    0.2  1978    0.3  1984    0.9  1964    2.8  1990    5.5  1963    8.3  1919   10.3  1884   10.2  1935    8.2  1921    5.7  1997    2.7  1903    0.9  1920    0.66  1890    3.19  1904    9.68  1940    5.65  1903    4.88  1996
    0.2  1954    0.1  1951    0.9  1949    2.8  1925    5.5  1982    8.3  1911   10.3  1894   10.2  1929    8.2  1899    5.6  1956    2.7  1977    0.8  1982    0.64  1958    3.18  1946    9.66  1985    5.64  1927    4.88  1884
    0.2  1970   -0.0  1904    0.8  1979    2.8  1923    5.4  1904    8.3  1948   10.3  1928   10.2  1928    8.2  1960    5.6  1975    2.7  1972    0.8  1884    0.64  1997    3.16  1970    9.65  1931    5.62  1964    4.87  1981
    0.2  1984   -0.0  1965    0.8  1906    2.7  1950    5.4  1907    8.3  2011   10.3  1916   10.2  1951    8.2  1937    5.6  1907    2.7  1941    0.7  1989    0.59  1889    3.12  1956    9.64  1993    5.61  1907    4.86  1912
    0.2  1912   -0.1  2001    0.8  2006    2.7  1968    5.4  1898    8.3  1989   10.2  1908   10.2  1921    8.2  1994    5.5  1929    2.7  1971    0.5  1978    0.58  1910    3.12  1907    9.62  1951    5.59  2010    4.85  1951
    0.2  1888   -0.1  2003    0.8  1895    2.7  2016    5.4  1944    8.3  1908   10.2  1897   10.2  1886    8.1  1927    5.5  1940    2.6  1927    0.5  1943    0.47  1904    3.12  1942    9.59  1963    5.58  1973    4.83  1906
    0.1  1901   -0.1  1960    0.7  1942    2.6  1907    5.4  1930    8.2  1902   10.2  1974   10.1  1940    8.1  1943    5.5  1935    2.6  2013    0.5  1939    0.44  1964    3.11  1980    9.58  1986    5.58  2012    4.83  1900
    0.1  1936   -0.1  1887    0.7  2018    2.6  1962    5.4  1914    8.2  1967   10.2  1984   10.1  1954    8.1  1886    5.5  1893    2.5  1944    0.5  1909    0.42  1909    3.10  1895    9.58  1938    5.58  1988    4.81  1910
    0.1  1966   -0.2  2013    0.7  1975    2.6  1954    5.3  1962    8.2  1944   10.2  2000   10.1  1909    8.1  1915    5.4  1987    2.5  1911    0.5  1903    0.40  1955    3.10  1968    9.57  1887    5.55  1900    4.81  1972
    0.1  1919   -0.2  1952    0.7  1980    2.5  1984    5.3  1967    8.1  1956   10.2  1924   10.1  1961    8.0  1932    5.4  1904    2.5  1976    0.4  1891    0.38  2009    3.07  1923    9.57  1927    5.50  1950    4.79  1897
    0.1  1910   -0.2  1932    0.7  1901    2.5  1919    5.3  1938    8.1  1996   10.1  1896   10.1  1923    8.0  1911    5.4  1953    2.5  1973    0.4  1992    0.34  1968    3.04  1894    9.56  1910    5.48  1986    4.78  1952
    0.0  2011   -0.2  1892    0.7  1944    2.5  1974    5.3  1927    8.1  1932   10.1  1972   10.0  1977    8.0  1954    5.4  1918    2.4  1966    0.4  1896    0.33  1952    3.03  1986    9.54  1978    5.47  1940    4.77  1969
    0.0  1965   -0.3  1909    0.6  1976    2.5  1921    5.3  1942    8.1  1957   10.1  1929   10.0  1919    8.0  1990    5.3  2002    2.4  1930    0.4  1960    0.27  1945    3.01  1996    9.51  2011    5.45  1962    4.77  1903
   -0.0  1958   -0.3  1994    0.6  1922    2.5  1958    5.3  2010    8.1  1921   10.1  1917    9.9  1964    8.0  1900    5.3  1936    2.2  1975    0.3  1895    0.26  1934    2.97  1908    9.51  1884    5.37  1884    4.75  1905
   -0.1  2009   -0.4  1981    0.6  1987    2.4  1910    5.2  1943    8.1  1894   10.0  1960    9.9  1892    8.0  1975    5.3  1884    2.2  2005    0.3  1928    0.21  1897    2.95  2021    9.51  1924    5.36  1942    4.74  1925
   -0.1  2021   -0.4  1987    0.6  2001    2.4  2013    5.2  1905    8.1  1987   10.0  1909    9.8  1979    7.9  1965    5.2  1901    2.2  1936    0.3  1889    0.20  1996    2.95  1884    9.46  1954    5.35  1992    4.73  1931
   -0.1  2001   -0.4  2018    0.6  1953    2.3  1889    5.2  1921    8.0  1974    9.9  1886    9.8  1963    7.9  1914    5.2  2012    2.1  1933    0.3  1968    0.17  1962    2.93  1934    9.45  1961    5.30  1931    4.73  1985
   -0.1  1961   -0.4  1890    0.5  1889    2.3  1886    5.2  1949    8.0  1898    9.9  1942    9.8  1962    7.9  1920    5.2  1900    2.1  1962    0.2  1901    0.13  1987    2.90  1919    9.41  1916    5.29  1894    4.72  1955
   -0.1  1885   -0.6  1889    0.5  1899    2.2  1885    5.2  1884    8.0  1975    9.9  1966    9.8  1974    7.8  1893    5.1  1944    2.1  1996    0.2  1952    0.12  1959    2.88  1901    9.41  1904    5.26  1975    4.72  1899
   -0.1  1931   -0.6  1906    0.5  1946    2.2  1938    5.1  1901    8.0  1939    9.8  1943    9.8  1941    7.8  1889    5.1  1952    2.0  1904    0.1  1904    0.01  1969    2.85  1898    9.38  1908    5.26  1932    4.68  1956
   -0.1  1894   -0.6  1940    0.4  1985    2.2  1970    5.1  1980    7.9  1923    9.8  1962    9.8  1889    7.7  1906    5.0  1911    2.0  1950    0.1  2008   -0.03  1986    2.85  1915    9.38  1974    5.24  1891    4.66  1896
   -0.3  1991   -0.8  1941    0.4  1932    2.1  1989    5.0  1957    7.9  1915    9.8  1980    9.8  1960    7.7  1902    5.0  1973    2.0  1885    0.1  1906   -0.03  1907    2.84  1931    9.37  1894    5.20  1911    4.66  1894
   -0.4  1955   -0.8  1978    0.4  1941    2.1  1978    5.0  2021    7.8  1895    9.8  1961    9.8  1934    7.7  1903    4.9  1955    1.9  1926    0.0  1996   -0.06  1965    2.80  1979    9.33  1918    5.19  1937    4.54  1907
   -0.6  1947   -0.9  1970    0.4  1934    2.1  1918    4.9  1987    7.8  1951    9.8  1920    9.8  1965    7.7  1963    4.9  1891    1.9  1890   -0.0  1885   -0.19  1977    2.78  1916    9.31  1928    5.16  1889    4.52  1941
   -0.6  1893   -0.9  1985    0.3  1908    2.1  1973    4.9  1900    7.8  1942    9.7  1968    9.7  1894    7.7  1923    4.8  1980    1.8  1884   -0.0  2022   -0.21  1956    2.77  1975    9.31  1912    5.11  1965    4.52  1986
   -0.7  1997   -1.0  1936    0.2  1965    2.0  1969    4.8  1955    7.8  1926    9.7  1906    9.6  1924    7.6  1993    4.8  1894    1.7  1891   -0.1  1946   -0.21  1991    2.74  1902    9.30  1929    5.09  1895    4.51  1965
   -0.7  1887   -1.0  1907    0.1  1904    2.0  1941    4.8  1951    7.8  1904    9.7  1903    9.6  1904    7.6  1905    4.7  1915    1.7  1905   -0.1  1969   -0.22  1970    2.71  1897    9.29  1965    5.07  1901    4.49  1904
   -0.7  1946   -1.2  1996   -0.0  1885    2.0  1884    4.7  1926    7.8  1901    9.7  1978    9.6  1908    7.6  1910    4.6  1964    1.7  1937   -0.2  1964   -0.23  1892    2.69  1984    9.29  1977    4.99  1972    4.46  1942
   -0.7  1982   -1.2  1930   -0.1  1929    2.0  1953    4.7  1948    7.8  1969    9.7  1940    9.6  1891    7.6  1919    4.5  1889    1.7  2016   -0.2  2001   -0.23  1902    2.67  1932    9.28  1886    4.98  1926    4.46  1889
   -0.8  1977   -1.3  1901   -0.1  1898    2.0  1897    4.7  1946    7.8  1922    9.7  2011    9.6  1900    7.6  1974    4.5  1932    1.6  1918   -0.3  1917   -0.31  1951    2.64  1906    9.27  1915    4.97  1944    4.46  1979
   -0.8  1917   -1.3  1954   -0.2  1970    2.0  1932    4.7  1977    7.7  1962    9.6  1891    9.6  1972    7.5  1928    4.4  2003    1.5  1988   -0.3  1937   -0.35  1985    2.61  1899    9.27  1898    4.96  1904    4.44  1901
   -0.8  1952   -1.3  1888   -0.2  1891    2.0  1890    4.6  1888    7.7  1907    9.6  1918    9.6  1913    7.5  1892    4.3  1931    1.5  1967   -0.3  2009   -0.43  1893    2.57  1958    9.26  1891    4.92  1888    4.43  1890
   -0.8  1908   -1.4  2010   -0.2  1916    2.0  1902    4.6  1968    7.7  1946    9.6  1885    9.5  1905    7.5  2015    4.2  1974    1.4  1921   -0.3  1963   -0.44  1936    2.56  1955    9.26  1956    4.90  1974    4.37  1940
   -0.9  1980   -1.5  1919   -0.3  1951    1.9  1983    4.6  1915    7.7  1886    9.6  1954    9.5  1907    7.4  1904    4.2  1922    1.4  2010   -0.5  1925   -0.52  2011    2.53  1969    9.26  1895    4.86  1893    4.35  1929
   -0.9  1892   -1.5  1983   -0.3  1909    1.8  1951    4.6  1909    7.7  1884    9.6  1913    9.4  1966    7.4  1918    4.0  1899    1.3  1969   -0.5  1887   -0.54  1888    2.48  1900    9.22  1913    4.81  1909    4.34  1902
   -1.0  1933   -1.6  1968   -0.4  1969    1.8  1888    4.6  1886    7.6  1885    9.6  1915    9.4  1896    7.4  1940    3.9  1888    1.3  1893   -0.5  1935   -0.58  1900    2.48  1922    9.19  1889    4.79  1918    4.27  1922
   -1.1  1929   -1.7  1991   -0.4  1887    1.7  1929    4.5  1979    7.5  1971    9.5  1938    9.4  1946    7.3  1922    3.8  1912    1.2  1901   -0.6  1927   -0.70  1942    2.45  1909    9.15  1920    4.74  1922    4.24  2010
   -1.4  1886   -1.7  1886   -0.5  1958    1.7  1924    4.4  1887    7.5  1892    9.5  1963    9.3  1903    7.2  1944    3.8  1981    1.1  1942   -0.7  1995   -0.71  1887    2.43  1924    9.15  1946    4.73  1910    4.23  1962
   -1.5  1891   -1.8  1900   -0.5  1900    1.6  1956    4.2  1984    7.5  1929    9.5  1895    9.3  1931    7.2  1931    3.7  1992    1.1  1887   -0.9  1916   -0.86  1941    2.43  1929    9.14  1962    4.61  1923    4.22  1915
   -1.5  1942   -1.8  1979   -0.5  1886    1.6  1908    4.2  1935    7.4  1928    9.3  1907    9.1  1920    7.2  1909    3.7  1926    1.0  1909   -0.9  1933   -0.90  1982    2.25  2013    9.01  1919    4.48  1912    4.19  1917
   -1.6  1897   -2.3  1955   -0.6  1931    1.4  1903    4.2  1899    7.4  1888    9.2  1898    9.1  1890    7.1  1925    3.7  1939    1.0  1952   -1.0  1976   -1.03  1929    2.14  1941    8.96  1909    4.37  1892    4.17  1963
   -1.7  2010   -2.4  1929   -0.7  1937    1.4  1986    4.1  1923    7.3  1985    9.2  1910    9.0  1887    7.0  1897    3.6  1919    0.9  1993   -1.1  1962   -1.04  1886    2.13  1886    8.90  1890    4.27  1925    4.13  1909
   -1.9  1959   -2.5  1902   -0.8  1947    1.4  1936    4.0  1891    7.3  1991    9.2  1890    9.0  1993    7.0  1887    3.5  1993    0.8  1896   -1.2  1886   -1.14  2010    2.12  1951    8.87  1972    4.21  1952    4.07  1886
   -2.0  1987   -2.6  1917   -0.9  1919    1.3  1906    4.0  1996    7.3  1977    9.2  1965    8.9  1922    6.8  1885    3.4  1917    0.8  1965   -1.3  1899   -1.29  1891    2.01  1917    8.84  1907    4.03  1905    4.01  1891
   -2.4  1985   -2.6  1969   -0.9  1924    1.1  1892    4.0  1941    7.3  1903    9.1  1889    8.8  1888    6.7  1888    3.3  1885    0.3  1985   -1.4  1892   -1.37  1917    1.98  1962    8.78  1903    4.02  1993    3.96  1919
   -2.8  1941   -3.4  1956   -0.9  1917    1.1  1891    3.9  1975    7.2  1918    8.8  1902    8.8  1986    6.7  1894    3.3  1887    0.1  1923   -1.5  1961   -1.57  1947    1.88  1885    8.73  1892    4.01  1885    3.80  1888
   -3.1  1945   -3.6  1942   -1.1  1888    0.8  1887    3.9  1897    7.0  1916    8.7  1892    8.7  1956    6.6  1952    2.8  1892   -0.1  1910   -1.6  1950   -1.57  1979    1.79  1888    8.59  1902    3.93  1896    3.70  1885
   -3.5  1979   -3.6  1986   -1.1  1955    0.7  2021    3.9  1902    6.9  1927    8.7  1888    8.7  1902    6.6  1912    2.8  1905   -0.4  1925   -2.8  1890   -1.68  1940    1.63  1891    8.43  1922    3.77  1915    3.67  1895
   -3.5  1895   -4.3  1963   -1.2  2013    0.6  1917    3.8  1894    6.9  1972    8.7  1919    8.3  1912    6.3  1972    2.6  1895   -0.4  1919   -3.2  1981   -2.42  1895    1.60  1887    8.42  1885    3.77  1887    3.65  1887
   -4.6  1963   -4.3  1947   -2.0  1962    0.5  1922    3.5  1885    6.8  1909    8.6  1922    8.1  1885    5.9  1986    2.5  1896   -1.4  1915   -4.4  2010   -3.30  1963    1.57  1892    8.30  1888    3.60  1919    3.46  1892
   -4.8  1940   -5.8  1895   -2.0  1892    ---  2026    ---  2026    ---  2026    ---  2026    ---  2026    ---  2026    ---  2026    ---  2026    ---  2026     ---  1884     ---  2026     ---  2026     ---  2026     ---  2026
