Areal values from HadUK-Grid 1km gridded climate data from land surface network
Source: Met Office National Climate Information Centre
Monthly, seasonal and annual mean of daily maximum air temperature for England NW and N Wales
Areal series, starting in 1884
Last updated 01-Apr-2026 11:35
    jan  year    feb  year    mar  year    apr  year    may  year    jun  year    jul  year    aug  year    sep  year    oct  year    nov  year    dec  year     win  year     spr  year     sum  year     aut  year     ann  year
    9.1  1916   10.2  2019   12.0  1948   15.4  2011   17.4  2025   21.3  2023   23.3  2006   22.9  1995   19.1  2023   15.8  1921   11.6  2011   11.1  2015    8.58  2016   14.60  2025   20.79  1976   14.81  2006   13.74  2025
    8.9  2007    9.6  1998   11.9  2012   15.0  2007   17.3  1919   20.6  1940   22.4  1983   22.7  1947   19.0  1895   15.6  1959   11.4  2015    9.2  1974    8.53  1989   13.94  1893   20.64  1995   14.51  1959   13.72  2022
    8.6  1921    9.2  2008   11.4  1957   15.0  2025   17.2  2018   20.2  2018   22.2  2018   21.7  1976   19.0  2006   15.2  1908   11.3  1994    9.1  1988    8.35  2007   13.49  2020   20.39  2018   14.41  2011   13.55  2023
    8.4  1932    9.2  2024   11.4  2025   14.7  1893   17.2  2024   20.1  1970   22.0  2013   21.5  1997   18.9  1949   15.2  1969   10.9  2022    9.1  1934    8.30  2008   13.31  2011   20.28  2006   14.29  2014   13.43  2014
    8.4  1989    9.0  1990   11.3  2022   14.5  2020   17.2  2008   19.6  1960   21.6  1955   21.4  1955   18.8  1959   15.2  1995   10.9  1938    9.0  1898    8.20  1975   13.21  2007   20.07  1911   14.28  2022   13.29  2006
    8.4  2008    8.9  1945   11.3  2003   13.8  2003   17.1  1992   19.5  1887   21.5  1934   21.4  1975   18.6  1933   15.1  2001   10.7  2020    8.9  2016    8.15  2019   13.19  2017   19.94  1933   14.08  2021   13.25  2003
    8.3  1990    8.8  1914   11.2  1938   13.4  2009   16.9  2017   19.3  1992   21.5  1921   21.3  2022   18.5  2021   14.8  2006   10.6  1899    8.9  1900    8.08  2024   13.18  2003   19.93  2022   14.06  2023   13.19  1949
    8.3  1975    8.7  2023   11.1  1929   13.3  1914   16.9  1959   19.3  1976   21.4  1995   21.3  1899   18.2  2014   14.6  2022   10.6  2006    8.8  2013    8.07  1998   13.14  2022   19.91  2025   13.83  1949   13.18  1959
    8.1  1983    8.7  2022   10.9  2026   13.2  2019   16.6  2023   19.3  1899   21.3  1976   21.0  1911   18.1  1999   14.5  2005   10.4  2014    8.8  2024    8.03  2022   13.07  1948   19.90  1983   13.77  1995   13.18  2011
    8.1  2005    8.7  2002   10.9  1893   13.2  1945   16.6  1911   19.3  1893   21.3  1911   20.9  1984   18.0  2016   14.5  2011   10.4  1978    8.7  1953    7.96  2014   12.96  2024   19.90  1899   13.69  2005   13.17  2020
    8.1  2020    8.6  1891   10.8  2017   13.2  2014   16.5  2020   19.2  1896   21.3  1901   20.6  2003   17.9  1898   14.3  2014   10.4  2003    8.7  1921    7.94  2020   12.86  1945   19.82  1975   13.67  2015   13.15  2007
    8.1  1898    8.6  1961   10.6  1961   13.1  1894   16.5  1947   19.2  2006   21.1  1989   20.5  1983   17.8  1929   14.2  1945   10.3  1997    8.7  1924    7.82  2017   12.84  2014   19.76  2003   13.64  1999   13.07  2018
    8.0  1944    8.4  1903   10.6  1933   13.0  1987   16.4  2001   19.1  1950   21.1  2021   20.5  2025   17.8  1991   14.1  2013   10.2  1953    8.6  1942    7.74  1943   12.71  1990   19.74  1955   13.56  2001   13.07  1921
    8.0  1890    8.4  1997   10.6  1945   12.9  1946   16.4  1990   19.1  2010   20.9  2014   20.2  1933   17.7  1961   14.0  2017   10.2  2025    8.6  1912    7.74  1990   12.67  1959   19.72  1947   13.50  1908   13.06  2024
    7.9  2002    8.2  2011   10.5  1997   12.9  1944   16.4  1960   19.1  1933   20.5  1999   20.0  1990   17.6  1971   14.0  1971   10.2  2002    8.5  2023    7.69  1995   12.59  1997   19.53  1949   13.46  1945   13.03  1995
    7.8  1993    8.2  1943   10.4  2014   12.8  1942   16.4  1896   19.0  1949   20.5  2022   20.0  1884   17.6  1941   13.9  1949   10.2  1913    8.5  1918    7.68  2002   12.56  2009   19.52  2013   13.40  2009   13.03  1997
    7.8  1974    8.1  1918   10.4  1990   12.8  1943   16.3  1998   19.0  1957   20.5  1933   20.0  1959   17.4  2005   13.9  1968   10.2  2001    8.4  2018    7.62  1899   12.50  1943   19.43  1984   13.40  1971   12.96  2005
    7.5  2022    8.1  2000   10.3  1950   12.7  2015   16.2  1893   18.9  2025   20.4  1984   19.9  2004   17.4  1958   13.9  1978   10.1  1939    8.4  1994    7.58  1949   12.49  2023   19.42  2021   13.38  1921   12.93  2017
    7.5  2016    8.1  1926   10.2  2002   12.7  2022   16.2  1917   18.9  1889   20.3  2025   19.9  1937   17.4  1890   13.9  2009   10.1  2007    8.4  2025    7.57  2005   12.48  1952   19.35  1893   13.37  1913   12.92  1990
    7.5  1957    8.1  1920   10.1  1894   12.6  2010   16.2  1918   18.8  2003   20.3  1994   19.8  1893   17.4  2003   13.8  2023   10.1  2018    8.3  1971    7.56  1935   12.44  2019   19.33  2023   13.33  2007   12.92  1999
    7.5  1923    8.0  1989   10.1  1998   12.6  1952   16.2  1952   18.8  2021   20.2  2019   19.7  1944   17.3  1906   13.8  1977   10.0  2009    8.1  2006    7.53  1999   12.44  2002   19.32  1887   13.32  1947   12.90  2021
    7.4  1999    8.0  1928    9.8  1991   12.6  1912   16.2  1989   18.7  1925   20.1  1949   19.6  1935   17.3  1907   13.8  2021   10.0  1951    8.1  2004    7.53  1925   12.40  1992   19.25  1997   13.32  1978   12.85  2016
    7.4  1938    8.0  2007    9.8  2011   12.5  2002   16.1  2016   18.6  2009   20.1  1941   19.6  1991   17.3  2022   13.8  2007   10.0  2021    8.1  1954    7.39  1920   12.39  1957   19.22  1934   13.21  1898   12.84  2019
    7.4  2012    8.0  2020    9.8  2007   12.3  1949   16.1  1940   18.5  1930   20.1  1900   19.5  1949   17.3  1934   13.7  2024    9.9  1986    8.1  1986    7.37  2026   12.36  1933   19.18  1989   13.20  2025   12.83  1989
    7.4  2023    8.0  1949    9.8  1953   12.3  1926   16.1  1901   18.5  2014   20.0  1925   19.4  2020   17.2  1947   13.6  2015    9.9  1995    8.0  1998    7.37  1957   12.34  2012   19.16  1959   13.19  2020   12.81  2004
    7.4  2014    7.9  1995    9.8  2024   12.2  1984   16.0  1964   18.4  1975   20.0  1990   19.3  1996   17.1  2002   13.6  1996    9.8  1946    7.9  1983    7.37  1974   12.25  1999   19.01  1935   13.16  2003   12.80  2002
    7.4  1949    7.9  1992    9.7  2005   12.1  1955   16.0  1953   18.4  1941   20.0  1991   19.3  1939   17.1  2011   13.6  1965    9.8  1999    7.9  2011    7.35  2012   12.23  1961   18.97  1921   13.15  2002   12.78  2015
    7.3  1884    7.9  2017    9.7  2019   12.1  1999   16.0  1895   18.4  1905   20.0  1971   19.3  2013   17.1  1921   13.6  1947    9.8  1908    7.9  2021    7.33  2023   12.23  1960   18.94  2014   13.12  1938   12.74  1945
    7.3  1928    7.6  2014    9.7  1943   12.1  1961   15.9  1970   18.4  1915   19.9  1887   19.2  2019   17.0  1884   13.5  1989    9.7  1948    7.8  1972    7.28  2004   12.21  2004   18.89  1925   13.09  1941   12.73  1893
    7.3  1925    7.6  2026    9.6  2021   12.1  1974   15.8  1889   18.3  2016   19.9  1926   19.2  1932   17.0  1981   13.5  1954    9.7  1917    7.8  1997    7.26  2000   12.20  1896   18.87  2005   13.09  1906   12.60  2009
    7.2  1930    7.4  1939    9.6  2000   12.1  1993   15.8  2000   18.3  2005   19.8  2003   19.2  1914   16.9  2000   13.4  1990    9.6  1981    7.8  1980    7.23  1932   12.20  1998   18.79  2019   13.08  1997   12.57  2000
    7.2  2004    7.4  2004    9.6  1907   12.1  1997   15.6  1978   18.2  1934   19.8  1917   19.2  1906   16.9  1913   13.4  1920    9.6  1928    7.8  2019    7.22  2025   12.10  2008   18.74  1901   13.07  2016   12.53  1933
    7.1  1976    7.4  1899    9.5  2020   12.0  1909   15.6  2004   18.2  2020   19.7  1997   19.1  2005   16.8  1998   13.4  1979    9.6  2004    7.8  1911    7.20  1898   12.06  1938   18.70  1990   13.05  2024   12.53  1998
    7.0  1920    7.3  1946    9.5  2009   12.0  1980   15.5  1980   18.1  2007   19.7  1935   19.1  1916   16.8  1964   13.3  2016    9.6  1894    7.7  1985    7.19  1921   12.03  2000   18.67  1897   13.02  1951   12.53  2008
    7.0  1937    7.3  1935    9.5  1989   12.0  1901   15.5  1999   18.1  1921   19.6  1975   19.1  2002   16.8  2004   13.3  1972    9.5  1897    7.7  1949    7.18  1923   11.99  1929   18.67  2016   12.99  2013   12.53  1911
    7.0  2000    7.3  1980    9.4  1959   12.0  1960   15.4  2022   18.1  1932   19.5  1959   19.0  2016   16.8  1945   13.1  1999    9.5  1964    7.7  1941    7.16  1913   11.99  2018   18.60  1940   12.99  1953   12.50  1975
    7.0  1934    7.3  2025    9.3  1981   12.0  2004   15.4  1922   18.1  1988   19.5  1905   19.0  1945   16.7  1985   13.1  1913    9.5  1963    7.6  1910    7.14  1916   11.99  1953   18.58  2009   12.98  1961   12.47  1953
    7.0  1998    7.2  1974    9.3  1973   12.0  2023   15.3  1948   18.0  1895   19.4  2001   19.0  1897   16.7  1955   13.1  1943    9.5  2024    7.6  1951    7.09  1937   11.93  2010   18.55  1884   12.98  2017   12.46  1934
    6.9  1988    7.2  1950    9.3  1956   11.9  1948   15.2  1997   18.0  2017   19.4  1923   19.0  1973   16.7  1915   13.1  1927    9.4  1920    7.6  1955    7.03  1950   11.91  2005   18.55  1999   12.96  1899   12.45  1943
    6.9  1906    7.1  1999    9.2  1923   11.9  2018   15.2  1988   18.0  2022   19.4  1904   19.0  2000   16.7  1900   13.1  1985    9.4  1992    7.6  1936    7.01  1992   11.90  1912   18.54  1970   12.93  2018   12.43  1957
    6.8  1926    7.1  1982    9.1  1999   11.9  2024   15.2  1937   17.9  1959   19.4  1943   19.0  2012   16.7  1891   13.0  1984    9.4  1931    7.5  1959    6.97  1988   11.87  1940   18.52  1926   12.93  2004   12.41  1914
    6.8  1994    7.1  1894    9.1  2004   11.8  2017   15.1  1890   17.9  1973   19.3  1982   18.9  2001   16.7  1914   13.0  2025    9.4  1945    7.5  2014    6.95  1976   11.85  1946   18.50  1914   12.92  1958   12.36  2001
    6.8  1969    7.1  1913    9.1  1992   11.8  1982   15.1  1929   17.9  1968   19.3  1897   18.9  1926   16.7  1982   13.0  2018    9.3  1983    7.5  1932    6.92  1914   11.76  2016   18.49  1941   12.92  1989   12.33  1938
    6.7  1981    7.1  2021    9.1  1921   11.8  1995   15.1  1908   17.9  1939   19.2  2005   18.8  1970   16.6  1956   13.0  1957    9.3  2023    7.5  1956    6.90  1922   11.75  1982   18.48  1996   12.88  1969   12.33  1899
    6.7  1995    7.1  1957    9.1  1920   11.7  1957   15.1  2006   17.9  1986   19.2  1899   18.8  1898   16.6  1936   13.0  1963    9.3  1982    7.5  1948    6.84  1993   11.72  1921   18.48  2004   12.83  1994   12.33  1948
    6.7  2018    7.1  1959    9.0  1927   11.7  2005   15.1  1943   17.8  1911   19.0  1969   18.7  2018   16.6  1911   13.0  1898    9.2  1906    7.4  1931    6.81  1973   11.71  1944   18.45  1900   12.81  1970   12.32  1898
    6.7  2017    7.1  1885    9.0  1905   11.6  1921   15.1  2012   17.8  1891   19.0  2008   18.7  2024   16.6  1926   13.0  1962    9.2  1955    7.4  1975    6.81  1967   11.71  1993   18.43  2010   12.80  1920   12.30  1971
    6.6  2024    7.1  1967    8.9  1972   11.6  1959   15.0  1971   17.8  1982   18.9  1893   18.7  1981   16.6  2010   12.9  2010    9.2  1970    7.4  1929    6.77  2015   11.69  1950   18.42  1932   12.79  1933   12.28  1983
    6.6  1962    7.0  2016    8.9  2010   11.6  1896   15.0  2014   17.8  1989   18.9  2017   18.6  2009   16.5  1980   12.9  1986    9.2  1984    7.4  2007    6.71  1903   11.68  1942   18.41  1950   12.77  1991   12.25  1982
    6.5  1896    7.0  1912    8.9  1935   11.6  1933   15.0  1982   17.8  1910   18.8  1945   18.6  1936   16.5  2020   12.9  1941    9.2  2017    7.3  1984    6.69  1912   11.62  1894   18.37  1906   12.77  1929   12.25  1976
    6.5  1943    7.0  1975    8.9  1977   11.5  1937   14.9  1936   17.8  1935   18.8  1996   18.6  1989   16.5  2019   12.9  1961    9.1  2005    7.3  1987    6.63  1911   11.61  1949   18.36  2001   12.75  1914   12.25  1984
    6.5  2015    7.0  1896    8.9  2023   11.4  1898   14.9  1933   17.8  1993   18.8  1977   18.6  1969   16.5  1989   12.8  1970    9.1  1979    7.3  2003    6.59  1981   11.61  1989   18.34  2020   12.74  1982   12.21  2013
    6.5  1971    6.9  1993    8.8  1912   11.4  1928   14.9  2007   17.7  1947   18.7  1952   18.6  1887   16.5  1939   12.8  1899    9.1  1959    7.3  1977    6.58  1972   11.53  1981   18.33  1973   12.71  1996   12.18  1994
    6.4  1899    6.9  1938    8.8  1936   11.4  1939   14.8  1956   17.7  1897   18.7  1894   18.6  1999   16.5  1901   12.7  1997    9.1  1947    7.3  1893    6.55  2003   11.52  1918   18.33  1969   12.70  1979   12.17  1992
    6.4  1948    6.9  1908    8.8  1994   11.4  1990   14.8  1909   17.7  1900   18.7  1896   18.5  2023   16.5  1996   12.7  1951    9.1  1924    7.2  1922    6.54  2006   11.50  1914   18.31  2017   12.68  1963   12.16  2012
    6.4  1927    6.8  1921    8.8  1993   11.3  1900   14.8  1939   17.7  2004   18.7  1929   18.5  1918   16.4  1970   12.7  1897    9.0  1895    7.2  2005    6.53  1926   11.47  1991   18.31  1945   12.67  1955   12.12  1926
    6.4  2003    6.8  1897    8.8  1910   11.3  1968   14.8  2009   17.7  1963   18.6  1947   18.5  2015   16.4  1951   12.7  1906    9.0  1954    7.2  1991    6.52  1961   11.44  2015   18.30  1917   12.65  1964   12.12  1913
    6.3  1968    6.8  1923    8.7  1902   11.2  1892   14.8  1945   17.7  1914   18.6  2016   18.5  1913   16.4  2025   12.7  1925    8.9  1929    7.2  1966    6.50  1944   11.43  1974   18.29  1905   12.63  1890   12.10  1960
    6.3  1924    6.7  1971    8.7  1903   11.2  1906   14.8  2011   17.7  1917   18.6  1914   18.4  1942   16.3  1973   12.7  1914    8.9  1914    7.2  1979    6.49  1894   11.43  1956   18.25  1992   12.62  1907   12.09  1961
    6.3  1935    6.7  2012    8.7  2015   11.2  1938   14.7  1950   17.6  1906   18.6  1912   18.4  1938   16.3  1966   12.7  1975    8.8  1941    7.2  1905    6.48  1971   11.42  1901   18.23  1939   12.61  2000   12.09  1935
    6.2  2006    6.7  2003    8.7  1952   11.2  1996   14.7  1995   17.6  1942   18.6  2024   18.4  1953   16.3  2009   12.6  1994    8.8  1898    7.1  1919    6.48  1948   11.40  1988   18.22  1982   12.61  1968   12.05  1939
    6.2  1967    6.7  1988    8.6  2016   11.2  2006   14.6  1949   17.6  1966   18.6  1885   18.4  2021   16.3  1969   12.6  1886    8.8  2008    7.1  1888    6.48  1960   11.34  1995   18.21  1957   12.56  1948   12.04  1988
    6.2  1950    6.7  1910    8.6  1896   11.2  1940   14.6  2002   17.6  1995   18.5  1967   18.3  1968   16.2  1997   12.6  1958    8.8  1888    7.1  2000    6.46  1946   11.34  1939   18.19  1937   12.56  1998   12.03  1973
    6.2  1902    6.7  1937    8.6  1966   11.1  1964   14.5  1915   17.5  1936   18.5  2009   18.3  1901   16.2  1995   12.5  1937    8.7  1958    7.1  1894    6.43  1906   11.33  1980   18.18  2000   12.52  1928   12.00  1991
    6.1  1918    6.6  1934    8.5  1978   11.0  1916   14.5  1942   17.5  1967   18.5  1927   18.3  2006   16.2  1953   12.5  1953    8.7  1989    7.0  1973    6.42  1927   11.32  2021   18.11  1960   12.51  1939   11.99  1884
    6.1  2026    6.6  1905    8.5  1982   11.0  1988   14.5  1910   17.5  1953   18.5  1951   18.2  1927   16.2  2013   12.5  1948    8.7  2012    7.0  1897    6.37  1939   11.28  1895   18.11  1896   12.49  1954   11.99  1918
    6.1  1973    6.6  1927    8.5  1967   11.0  2021   14.5  2003   17.4  1920   18.5  2010   18.1  2007   16.2  1917   12.5  1910    8.7  1960    7.0  1945    6.35  1938   11.28  2001   18.11  1994   12.48  1984   11.97  1944
    6.0  2019    6.6  2001    8.4  2008   11.0  1954   14.5  1946   17.4  1969   18.5  2011   18.1  1977   16.1  2007   12.5  1938    8.7  1949    6.9  2017    6.33  1958   11.27  1935   18.08  1991   12.45  1986   11.96  1955
    6.0  1904    6.6  1925    8.4  1968   11.0  1992   14.4  1921   17.4  1908   18.4  1944   18.1  1998   16.0  1938   12.5  1988    8.7  1916    6.9  1957    6.33  2018   11.21  1926   18.04  1943   12.45  1895   11.93  1928
    6.0  1960    6.5  1966    8.4  1960   11.0  1895   14.4  2019   17.4  2000   18.4  1950   18.0  1952   16.0  2015   12.4  1942    8.7  1940    6.8  1915    6.33  1984   11.20  1890   18.04  1944   12.41  1934   11.92  1906
    6.0  1992    6.5  1958    8.4  1940   10.9  1981   14.4  1892   17.3  1996   18.4  1884   18.0  2017   16.0  1937   12.4  2004    8.6  1889    6.8  1999    6.30  1930   11.18  1928   17.99  2024   12.39  1946   11.90  1947
    5.8  1964    6.5  1922    8.3  1899   10.9  1971   14.4  1981   17.2  1951   18.4  1972   18.0  1958   15.9  2024   12.4  1998    8.6  1991    6.8  1993    6.30  2001   11.17  1911   17.97  1942   12.36  1900   11.84  1920
    5.8  1913    6.5  1911    8.3  1926   10.8  1904   14.4  1884   17.2  2015   18.4  1908   18.0  2008   15.9  1904   12.4  1916    8.6  2013    6.7  2012    6.29  1918   11.10  1978   17.95  1967   12.36  1983   11.83  1970
    5.8  1900    6.5  1884    8.3  1884   10.8  1965   14.3  1928   17.2  2013   18.4  1992   18.0  1925   15.9  1942   12.4  2000    8.6  1902    6.7  2020    6.26  1983   11.09  1964   17.92  2008   12.33  1943   11.81  1937
    5.8  1905    6.4  1973    8.3  1963   10.7  1935   14.3  1912   17.2  1884   18.3  1918   17.9  1895   15.9  1968   12.4  1909    8.6  1975    6.7  1947    6.26  1896   11.08  2006   17.90  2015   12.31  1990   11.81  1908
    5.8  1911    6.4  1898    8.3  1890   10.7  1991   14.3  2005   17.2  1965   18.3  1906   17.9  1928   15.8  1946   12.4  1983    8.6  1907    6.6  1913    6.25  2021   11.07  1954   17.88  1968   12.30  1981   11.80  1900
    5.7  2009    6.4  1962    8.3  1946   10.7  1915   14.3  1993   17.0  1945   18.2  1937   17.9  1940   15.8  2008   12.4  1924    8.6  1935    6.6  2002    6.24  1890   11.06  1927   17.88  2007   12.29  1956   11.80  1901
    5.7  1958    6.4  1887    8.2  1918   10.7  2000   14.3  2010   17.0  1943   18.2  2023   17.8  1930   15.8  1935   12.3  2020    8.6  1971    6.5  2001    6.20  1980   11.03  1971   17.86  1953   12.27  2010   11.79  1974
    5.7  1909    6.4  1953    8.2  1974   10.7  2008   14.3  1944   17.0  1984   18.2  2000   17.8  1934   15.8  1967   12.3  1928    8.5  1900    6.4  1958    6.17  1928   11.02  1920   17.82  1930   12.24  1936   11.78  1932
    5.7  1996    6.3  2005    8.1  1983   10.7  1902   14.2  1920   16.9  2011   18.2  1957   17.8  1909   15.7  2018   12.3  1933    8.5  2000    6.4  1965    6.15  1994   11.01  1973   17.81  1898   12.23  1977   11.77  1946
    5.6  1953    6.3  1948    8.1  1944   10.6  1976   14.2  1916   16.9  2019   18.1  1987   17.8  1886   15.7  2017   12.3  1904    8.5  1922    6.4  1891    6.14  1901   10.99  1936   17.81  1936   12.22  1975   11.76  1950
    5.6  1889    6.3  1893    8.1  1913   10.6  1963   14.2  1954   16.8  1979   18.1  1946   17.8  1919   15.7  1902   12.3  1930    8.5  1943    6.4  1982    6.11  1933   10.98  1910   17.80  1904   12.22  1897   11.75  1929
    5.6  1903    6.3  1964    8.0  1954   10.6  1975   14.2  1931   16.8  1913   18.1  1958   17.8  1967   15.7  1987   12.3  1982    8.5  1903    6.4  1990    6.10  1954   10.98  1965   17.80  2002   12.22  1916   11.74  1942
    5.6  2025    6.3  1976    8.0  1914   10.6  1947   14.2  1935   16.8  2008   18.1  1985   17.8  1980   15.7  1978   12.2  1936    8.4  1998    6.3  1967    6.10  1997   10.96  1907   17.76  1895   12.20  1924   11.73  1896
    5.6  1970    6.3  2015    8.0  1965   10.5  1972   14.2  1973   16.8  1902   18.1  1973   17.7  1950   15.7  1928   12.2  1967    8.4  1932    6.3  1907    6.07  1908   10.95  1994   17.74  1889   12.19  2008   11.72  1936
    5.6  1907    6.2  2009    8.0  1897   10.5  1994   14.1  1966   16.8  1919   18.0  2015   17.7  1964   15.6  1916   12.2  1960    8.4  1988    6.3  1970    6.02  1905   10.93  1915   17.72  1952   12.16  1972   11.72  1897
    5.6  2011    6.2  2006    8.0  1988   10.5  1913   14.1  1927   16.8  1926   18.0  1932   17.7  1943   15.6  1979   12.1  1893    8.4  1972    6.3  1938    6.01  1952   10.93  1984   17.70  1918   12.13  1960   11.71  1894
    5.5  1914    6.1  1977    8.0  1949   10.5  2016   14.1  1965   16.7  1961   18.0  1898   17.7  2010   15.6  1920   12.1  1976    8.4  1930    6.3  1926    5.99  2009   10.91  1884   17.66  2011   12.12  1973   11.71  1964
    5.5  1915    6.1  1933    7.8  1928   10.4  1958   14.1  1976   16.7  1983   18.0  1979   17.7  1994   15.5  1930   12.1  2002    8.4  1892    6.2  1902    5.97  1889   10.86  1913   17.62  1913   12.11  2019   11.71  1993
    5.5  1956    6.1  1915    7.8  1939   10.4  1985   14.1  1977   16.7  2024   17.9  1948   17.6  1971   15.5  1903   12.1  1890    8.4  1890    6.2  1914    5.95  2013   10.85  1909   17.61  1908   12.11  1886   11.70  1967
    5.5  1939    6.0  1987    7.8  1942   10.4  1969   14.0  1984   16.7  2001   17.9  1956   17.6  1982   15.5  1963   12.1  1934    8.4  1961    6.2  1930    5.93  1915   10.81  1972   17.54  1977   12.09  1937   11.69  1958
    5.5  1922    5.9  1972    7.7  1941   10.4  1934   14.0  1974   16.6  1974   17.9  1886   17.6  2011   15.5  1960   12.1  1955    8.3  1990    6.2  1940    5.91  1945   10.81  1987   17.54  1915   12.07  1930   11.67  1980
    5.5  1972    5.8  1960    7.6  1915   10.3  1962   14.0  1913   16.6  1898   17.8  1942   17.5  1957   15.5  1899   12.1  1901    8.3  1973    6.1  1944    5.91  1910   10.79  1905   17.54  1958   12.05  1911   11.65  1912
    5.5  1961    5.8  1952    7.5  1995   10.3  1886   14.0  1957   16.6  1901   17.8  1916   17.5  1974   15.5  1919   12.0  1907    8.3  1886    6.1  1920    5.87  1959   10.76  1947   17.53  1951   12.05  1901   11.64  1977
    5.4  2013    5.8  1932    7.5  1932   10.3  1907   14.0  1888   16.6  1922   17.8  2002   17.5  1900   15.5  1908   12.0  1956    8.3  1957    6.0  1989    5.80  1934   10.74  1919   17.49  1971   12.03  1942   11.63  1940
    5.4  1910    5.7  1909    7.4  1986   10.3  1930   13.9  1905   16.6  1885   17.8  2004   17.5  1987   15.5  1932   12.0  1966    8.3  1976    6.0  2008    5.79  1966   10.74  1977   17.43  1910   12.02  1904   11.60  1968
    5.3  1984    5.6  1984    7.4  1924   10.2  2013   13.9  1961   16.5  1904   17.8  1963   17.5  2014   15.5  1948   12.0  1991    8.3  1956    6.0  1908    5.79  1909   10.74  1937   17.42  2012   12.01  1985   11.60  1941
    5.3  1901    5.6  1944    7.4  1934   10.2  1885   13.9  1925   16.5  1999   17.8  1889   17.5  1904   15.4  1943   12.0  2019    8.2  1974    6.0  2022    5.77  1919   10.73  1968   17.41  1929   11.99  1917   11.60  1996
    5.3  1912    5.6  2013    7.4  2001   10.2  1967   13.9  1991   16.5  1997   17.7  1953   17.5  1915   15.4  1975   12.0  2008    8.2  1987    5.8  1964    5.76  1924   10.63  1963   17.32  1966   11.98  1884   11.59  1925
    5.3  2001    5.6  1931    7.2  1971   10.2  1998   13.8  1903   16.5  1962   17.6  1964   17.4  1960   15.4  1983   11.9  1911    8.2  1944    5.8  1943    5.76  1953   10.60  1903   17.28  1979   11.96  1927   11.59  2010
    5.2  1888    5.4  1916    7.2  1906   10.2  1890   13.8  1938   16.5  1958   17.6  1913   17.4  1961   15.4  2001   11.9  1900    8.2  1980    5.8  1885    5.74  1962   10.55  1976   17.22  1963   11.95  1903   11.56  1910
    5.2  1931    5.3  1951    7.2  1911   10.2  1956   13.8  1934   16.4  2002   17.5  1928   17.4  1917   15.4  1886   11.8  1903    8.1  1927    5.8  1928    5.71  1987   10.52  1889   17.22  1919   11.94  1966   11.56  1930
    5.2  1951    5.2  2018    7.1  1985   10.1  1923   13.7  1985   16.4  1937   17.5  1939   17.3  1965   15.3  1910   11.8  1931    8.1  1912    5.8  1923    5.69  1931   10.51  1934   17.21  1927   11.92  1988   11.55  1905
    5.2  1894    5.2  1924    7.1  1930   10.1  1953   13.7  1930   16.4  1931   17.5  1968   17.3  1972   15.3  1976   11.8  1940    8.0  1918    5.8  1909    5.69  1964   10.47  1966   17.20  1988   11.91  1976   11.53  1951
    5.1  1965    5.2  1965    7.0  1925   10.1  1925   13.7  1924   16.4  1952   17.5  2012   17.3  1921   15.3  1893   11.8  1915    8.0  1996    5.7  1992    5.61  1885   10.41  1985   17.19  1886   11.91  1902   11.50  1972
    5.1  1946    5.1  1906    7.0  1975   10.1  1918   13.5  1969   16.3  1894   17.4  2020   17.3  1929   15.3  2012   11.8  1950    8.0  1968    5.7  1904    5.58  1968   10.39  1899   17.17  1993   11.90  1935   11.50  1915
    5.1  1908    5.1  1892    7.0  2006   10.1  2001   13.5  1994   16.3  1994   17.4  1924   17.3  1988   15.2  1992   11.8  2003    7.9  1936    5.7  1889    5.51  1978   10.36  1925   17.17  1916   11.90  1967   11.50  1969
    5.1  1986    5.1  1981    7.0  1931   10.1  1884   13.4  1958   16.3  1918   17.4  2007   17.2  1910   15.2  1889   11.7  1973    7.9  2016    5.7  1960    5.39  1965   10.34  1930   17.16  1938   11.89  1980   11.50  1978
    5.1  1997    5.1  1941    6.9  1976   10.0  1927   13.4  1897   16.3  1912   17.4  1940   17.2  1892   15.2  1984   11.7  2012    7.9  1977    5.6  1946    5.38  1956   10.34  1892   17.14  1998   11.88  2012   11.47  1981
    5.1  1982    5.0  1889    6.9  1895   10.0  1950   13.4  1986   16.3  1929   17.4  1960   17.1  1966   15.2  1924   11.7  1987    7.9  1934    5.6  1884    5.37  1907   10.33  1967   17.08  1981   11.88  1891   11.47  1966
    5.0  2021    5.0  1907    6.9  1922   10.0  2012   13.4  2013   16.2  1924   17.3  1986   17.1  1992   15.1  1940   11.6  1964    7.9  2019    5.6  1896    5.34  2011   10.30  1897   17.08  1885   11.86  1987   11.47  1924
    5.0  1936    4.9  1996    6.8  2018    9.9  1899   13.3  2021   16.2  1903   17.3  1895   17.1  1908   15.1  1990   11.6  1929    7.8  1904    5.5  1906    5.32  1955   10.28  1931   17.06  1964   11.86  1940   11.47  1916
    4.9  1978    4.9  1985    6.7  1885    9.7  1911   13.3  1904   16.2  1892   17.3  1903   17.0  1923   15.0  1944   11.6  1912    7.8  1937    5.4  1895    5.29  1970   10.28  1922   17.04  1891   11.84  1957   11.44  1927
    4.9  1991    4.9  1890    6.7  1898    9.7  1920   13.3  1914   16.2  1998   17.3  1910   17.0  1979   15.0  1896   11.6  1946    7.8  1926    5.4  1969    5.27  1991   10.27  1898   17.01  1980   11.76  1931   11.41  1952
    4.9  1954    4.8  1970    6.6  1889    9.7  1929   13.2  1987   16.2  1888   17.3  1936   17.0  1905   15.0  1954   11.6  1891    7.7  1967    5.4  1978    5.23  1904   10.26  1906   17.00  1923   11.73  1962   11.41  1903
    4.8  1933    4.8  2010    6.5  1984    9.7  1931   13.2  1975   16.1  1978   17.3  1981   17.0  1941   14.9  1888   11.4  1902    7.7  1911    5.3  1952    5.20  1985   10.26  1924   17.00  1894   11.69  1894   11.38  1904
    4.8  1919    4.8  1994    6.4  1980    9.7  1979   13.1  1926   16.1  1938   17.3  1907   17.0  1931   14.9  1977   11.4  1923    7.7  1942    5.3  1939    5.18  1892   10.25  1970   17.00  1961   11.64  1932   11.36  1954
    4.7  1887    4.7  1936    6.4  1996    9.7  1924   13.0  1963   16.1  1955   17.2  1980   16.9  1993   14.9  1988   11.4  1935    7.6  1901    5.2  2009    5.06  1887   10.25  1975   16.95  1974   11.62  1888   11.35  1956
    4.6  1952    4.7  1904    6.4  1908    9.6  1910   13.0  1907   16.0  1980   17.2  1891   16.8  1948   14.8  1972   11.4  1894    7.6  1884    5.1  1901    5.05  1897   10.24  1923   16.94  1928   11.61  1926   11.34  1889
    4.6  1955    4.5  1954    6.3  1904    9.6  1919   13.0  2015   16.0  1890   17.2  1966   16.8  1978   14.8  1950   11.4  1884    7.6  1950    5.0  1996    5.01  1902   10.19  1902   16.88  1986   11.56  1893   11.34  1907
    4.5  1966    4.4  1940    6.3  1987    9.5  1973   13.0  1900   16.0  1990   17.1  1931   16.8  1951   14.8  1993   11.4  1918    7.6  1962    5.0  1963    4.95  1996   10.16  1955   16.87  1965   11.48  1889   11.27  1931
    4.4  1977    4.4  1991    6.2  1901    9.5  1897   13.0  1972   15.9  1944   17.1  1998   16.6  1902   14.7  1927   11.2  1922    7.5  1933    5.0  1903    4.94  1893   10.14  1904   16.87  1948   11.47  1944   11.27  1890
    4.3  1885    4.2  1978    6.2  1964    9.4  1905   12.9  1951   15.8  1886   17.1  1930   16.6  1946   14.7  1923   11.2  1944    7.5  1966    4.9  1968    4.90  1982   10.11  1908   16.85  1931   11.45  1965   11.25  1965
    4.2  1891    4.1  1930    6.1  1958    9.3  1887   12.9  1899   15.8  1948   17.1  1962   16.6  1889   14.6  1962   11.2  1888    7.4  1891    4.9  1962    4.85  1969   10.04  1916   16.75  1987   11.42  1992   11.25  1987
    4.2  1980    4.1  1900    6.1  1979    9.3  1951   12.8  1941   15.8  2012   17.1  1919   16.6  1903   14.6  1922   11.1  1932    7.3  2010    4.9  1887    4.84  1986    9.99  1958   16.73  1946   11.42  1922   11.18  1923
    4.2  1959    4.0  1968    6.1  1955    9.2  1903   12.8  1962   15.8  1964   16.9  1938   16.5  1896   14.5  1909   11.0  1952    7.2  1893    4.8  1925    4.84  1942    9.97  1983   16.71  1902   11.39  1909   11.14  1909
    4.2  1893    4.0  1983    6.1  1891    9.2  1977   12.8  1898   15.6  1977   16.9  1993   16.4  1890   14.5  1885   11.0  1939    7.2  1921    4.8  1917    4.78  1936    9.96  1900   16.69  1903   11.38  1950   11.13  1891
    4.1  1947    4.0  1901    6.1  1970    9.2  1932   12.7  1891   15.6  1954   16.9  1978   16.4  1888   14.5  1986   10.9  1980    7.2  1909    4.7  1937    4.71  1900    9.94  1917   16.62  1924   11.28  1915   11.09  1985
    4.0  1892    3.9  1919    6.0  1951    9.1  1936   12.7  1983   15.6  1956   16.8  1961   16.3  1954   14.5  1905   10.9  1919    7.2  1885    4.6  1935    4.70  1977    9.91  1996   16.61  1892   11.17  1910   11.08  1895
    3.7  1929    3.6  1902    6.0  1887    9.1  1989   12.6  1932   15.4  1946   16.8  1915   16.2  1907   14.5  1994   10.6  1889    7.1  1969    4.6  1916    4.68  1891    9.78  1941   16.60  1978   11.08  1912   11.08  1902
    3.6  1886    3.5  1917    5.7  1909    9.1  1978   12.6  1886   15.3  1928   16.7  1970   16.2  1924   14.4  1897   10.5  1926    7.0  1905    4.4  1892    4.53  1888    9.76  1932   16.60  1912   11.04  1918   11.04  1922
    3.6  1942    3.4  1888    5.6  1900    9.1  1889   12.5  1968   15.3  1981   16.7  1902   16.2  1963   14.3  1965   10.4  1993    6.7  1993    4.3  1961    4.51  2010    9.67  1969   16.57  1972   10.78  1925   11.01  1917
    3.5  2010    3.3  1886    5.6  1886    9.1  1983   12.4  1906   15.2  1985   16.7  1974   16.1  1985   14.2  1957   10.3  1981    6.7  1896    4.3  1886    4.49  1951    9.61  1986   16.54  1962   10.68  1923   11.00  1986
    3.3  1985    3.1  1955    5.6  1917    8.8  1908   12.3  1955   15.0  1909   16.6  1909   16.1  1891   14.2  1892   10.2  1917    6.3  1965    4.2  1995    4.37  1941    9.55  1962   16.51  1909   10.64  1993   10.98  1919
    3.1  1987    3.1  1942    5.5  1962    8.8  1891   12.3  1967   14.8  1927   16.5  1890   16.1  1885   14.1  1894    9.9  1905    6.2  1887    4.2  1899    4.28  1886    9.54  2013   16.50  1985   10.57  1974   10.96  1962
    3.0  1945    3.0  1979    5.5  1937    8.7  1941   12.2  1996   14.8  1971   16.5  1892   16.1  1962   14.0  1931    9.7  1992    6.2  1985    3.9  1933    4.15  1929    9.50  1886   16.45  1920   10.55  1919   10.95  1887
    3.0  1897    2.9  1956    5.4  1892    8.7  1970   12.2  1887   14.6  1991   16.3  1988   16.0  1920   14.0  1887    9.6  1974    6.2  1952    3.7  1976    3.81  1940    9.44  1885   16.30  1890   10.51  1892   10.91  1979
    2.7  1917    2.8  1929    5.3  1919    8.6  1966   12.0  1979   14.6  1987   16.2  1965   15.9  1894   13.9  1974    9.6  1887    6.0  1923    3.3  1927    3.68  1979    9.40  1951   16.29  1956   10.49  1905   10.82  1963
    2.7  1979    2.6  1969    5.2  1947    8.6  1888   11.7  1894   14.5  1907   16.0  1920   15.7  1922   13.8  1925    9.5  1895    5.8  1925    3.1  1950    3.61  1917    9.24  1979   16.07  1888   10.21  1896   10.67  1886
    1.9  1941    1.8  1963    5.1  1969    8.6  1922   11.4  1885   14.5  1916   15.8  1954   15.5  1986   13.8  1918    9.0  1892    5.7  1910    2.7  1981    3.31  1947    9.17  1891   16.01  1907   10.19  1885   10.63  1885
    1.8  1940    1.3  1986    5.0  2013    8.0  1986   11.3  1923   14.5  1923   15.7  1888   15.4  1956   13.6  1912    9.0  1896    5.3  1915    2.5  2010    3.27  1895    9.15  1887   15.96  1922   10.12  1952   10.54  1888
    1.8  1895    0.7  1895    4.9  1916    7.9  1917   11.2  1902   13.9  1972   15.7  1922   14.9  1912   13.2  1952    8.9  1885    5.2  1919    1.6  1890    2.54  1963    9.12  1888   15.91  1954    9.93  1887   10.50  1892
    0.8  1963   -0.2  1947    4.8  1888    ---  2026    ---  2026    ---  2026    ---  2026    ---  2026    ---  2026    ---  2026    ---  2026    ---  2026     ---  1884     ---  2026     ---  2026     ---  2026     ---  2026
