Areal values from HadUK-Grid 1km gridded climate data from land surface network
Source: Met Office National Climate Information Centre
Monthly, seasonal and annual total duration of bright sunshine for England NW and N Wales
Areal series, starting in 1910
Last updated 01-Apr-2026 11:35
    jan  year    feb  year    mar  year    apr  year    may  year    jun  year    jul  year    aug  year    sep  year    oct  year    nov  year    dec  year     win  year     spr  year     sum  year     aut  year     ann  year
   70.5  1959  106.9  2008  185.9  1929  237.0  2021  283.8  2025  288.3  1940  289.0  1955  271.3  1947  177.2  1959  115.0  2003   82.1  1925   66.4  2001   217.4  1963   673.4  2025   684.6  1976   333.3  1959  1599.1  2025
   68.2  2001  104.3  2019  166.7  2003  228.9  2025  271.9  2020  283.8  1957  267.6  2006  255.9  1995  170.2  1933  114.7  1959   80.6  1988   57.0  1962   199.0  2003   634.6  2020   679.3  1911   326.1  1971  1574.7  2003
   65.6  1963  100.6  2004  164.3  2022  226.5  2020  255.5  2018  259.6  1975  267.0  2013  243.0  1976  167.2  1991  113.0  1920   78.7  2005   54.9  2008   185.9  2008   580.7  1929   668.4  1995   325.7  1986  1572.7  1995
   65.5  2003   95.3  1986  160.7  2025  211.4  2011  254.6  1948  257.6  2023  250.0  1911  219.4  1911  164.5  1914  112.6  2010   74.7  1915   52.6  1961   184.3  2001   567.5  1948   646.1  1989   313.0  2010  1570.7  1955
   61.9  2022   94.8  1963  154.0  1948  210.8  2007  248.1  1935  257.6  2018  249.9  1984  215.5  2022  160.5  2015  112.4  1965   74.3  2010   51.2  1996   182.1  2004   530.2  2003   643.7  1955   312.8  1975  1555.5  1975
   58.8  2023   94.4  2003  149.2  1955  210.2  2015  246.2  1989  256.2  1925  248.5  1990  211.8  1955  160.2  1986  112.0  1931   71.1  1965   50.9  1967   176.8  2019   522.3  2011   639.2  2018   310.8  1999  1540.0  1911
   58.6  2025   94.0  2018  148.5  2012  205.3  1984  244.6  1977  253.1  1949  246.8  2018  208.0  1983  156.1  1915  110.3  1971   70.1  1975   50.4  2022   176.5  1949   521.2  2007   628.6  1975   306.8  2003  1538.6  2018
   58.1  1991   88.9  1970  141.9  2011  203.0  1912  241.2  2023  250.6  1960  245.1  1989  203.7  1975  155.2  1911  110.1  1997   69.3  2006   50.2  1960   174.8  2023   517.7  1956   623.6  1949   305.1  2006  1534.5  1949
   56.3  1933   88.1  1975  136.2  2020  200.5  1914  239.5  1992  238.5  1969  236.8  2014  192.0  1984  155.1  1971  106.9  1975   68.2  1985   50.1  1948   174.8  2018   517.0  2021   606.7  1984   304.5  1921  1530.9  1989
   56.3  1940   87.7  1949  133.7  1953  198.8  1942  237.0  1980  234.0  1970  226.0  1976  189.1  2005  153.1  1921  106.8  1922   68.1  2016   48.8  2004   169.9  2006   510.5  1953   598.7  2013   300.7  1915  1526.4  1929
   55.3  2010   85.1  1968  133.3  2007  192.1  2003  234.5  1975  231.1  1939  225.7  1934  189.0  1989  148.6  2006  105.4  2007   67.8  1947   48.5  1970   168.9  1986   503.1  1982   595.5  1959   299.4  1911  1513.8  1959
   55.2  1982   79.9  2000  133.1  1924  185.2  1921  232.4  1929  225.8  1921  223.4  1917  185.6  1997  147.7  1929  104.8  1999   67.7  2013   48.1  1963   168.7  1933   500.2  1990   590.4  2006   298.5  1964  1498.3  2022
   55.2  1987   79.0  1985  132.7  1956  185.1  1954  230.4  2000  224.9  1929  220.6  1971  183.8  1959  147.4  2020  104.5  1956   66.5  1952   48.0  2003   167.4  2000   498.9  1946   589.0  2014   293.6  1933  1475.2  2006
   55.1  2024   79.0  1988  132.3  1933  181.9  1945  227.7  1946  220.8  1967  215.4  1983  183.7  1914  147.1  1999  104.3  1919   65.6  1973   47.8  2010   164.8  1968   497.8  2010   588.5  1940   292.3  1991  1468.1  1921
   55.0  2012   78.4  1989  132.0  1931  181.7  1969  226.0  1956  217.7  1996  215.0  1943  182.5  2003  146.4  1949  103.8  1995   65.2  1996   47.5  2007   164.7  1997   495.0  2016   580.4  2022   292.2  1955  1447.9  2010
   54.9  1965   78.3  2013  130.2  1949  181.3  2010  224.8  1915  216.8  1930  211.4  1999  179.4  1933  145.1  1987  102.4  1951   65.0  1989   47.5  1957   164.7  1962   494.7  1955   576.3  1996   291.8  1995  1438.9  2020
   54.6  1979   77.4  1996  129.1  1982  179.8  2019  224.2  1990  216.2  1959  209.3  1935  178.3  2025  144.4  1964  101.5  1994   64.8  1986   46.3  2014   164.2  1952   492.4  1935   574.9  1983   291.0  2016  1438.5  2021
   52.8  2011   77.3  1957  128.8  1973  177.8  1974  224.2  1949  215.6  1917  209.2  1997  177.2  1949  144.2  2002  101.3  1981   64.6  2017   45.7  2009   163.1  2015   492.4  1949   569.9  1934   290.8  1988  1438.2  2007
   52.4  2006   76.8  2001  128.1  2009  177.8  1938  223.9  1959  215.6  1976  208.8  2021  174.5  1935  141.6  1928  101.3  2008   64.4  2011   45.1  2005   162.6  2002   488.6  2017   563.3  1925   287.4  2002  1432.0  1984
   52.3  2009   76.4  2016  125.2  1910  176.4  1995  223.7  2016  215.3  2010  208.7  1921  174.5  1944  139.5  2019  101.3  1955   64.2  1969   44.9  1964   161.8  2010   487.5  1980   562.6  1921   286.4  1996  1423.0  2019
   52.2  1997   76.0  1952  124.1  1965  174.4  1953  221.5  2017  213.6  1951  199.4  1995  171.2  1945  139.1  1940  100.7  1986   62.8  1918   44.4  1976   161.6  1985   484.0  2009   561.4  1933   282.2  1914  1415.4  1933
   52.0  1952   75.9  1956  124.0  1967  174.1  1990  221.1  1971  213.2  1995  197.0  1977  169.8  2007  138.5  1963  100.5  1939   62.0  1923   43.5  1981   160.0  1959   483.6  1921   555.7  1969   281.2  2007  1411.7  1990
   52.0  1992   74.5  1955  123.4  2014  172.4  2022  217.2  2001  212.4  1932  196.2  1928  169.7  1926  136.5  1955   98.9  2018   61.7  1976   43.4  2012   159.2  1988   481.3  1943   555.4  1947   280.6  1987  1411.4  2011
   51.8  1967   74.0  2021  122.7  1943  170.6  1982  215.0  1921  212.0  1989  195.7  1994  169.6  1937  136.2  1996   98.4  1947   61.0  2025   43.3  1995   159.2  1989   481.2  1989   550.0  1917   280.3  1919  1405.5  2023
   51.5  1989   73.2  1933  121.1  1962  170.3  2002  214.2  1943  210.7  1942  195.5  1959  169.5  1964  135.7  1975   98.3  2022   60.6  1967   43.0  1965   159.0  2005   479.7  2022   543.7  1977   279.9  1929  1395.0  2001
   51.4  1934   72.9  1960  120.5  2026  170.0  1951  212.4  1997  210.3  1950  193.3  1949  168.5  1973  133.7  1934   98.2  1993   60.6  1971   42.0  1973   158.6  1991   479.3  1915   543.6  1935   279.1  1972  1395.0  2013
   50.4  2017   72.4  2006  117.8  1972  168.9  1968  212.0  1911  209.9  1911  192.0  2011  168.1  1996  133.7  1919   97.8  1972   60.6  1995   41.8  1925   157.4  1979   477.0  2012   542.1  1960   277.1  1947  1394.1  2015
   49.9  2000   72.3  2007  117.0  2010  168.6  1962  212.0  2004  206.7  1915  190.6  1996  167.6  2000  133.6  1954   97.2  2016   60.1  1964   41.8  1984   155.6  2007   471.1  2015   536.2  2021   275.4  1920  1391.5  1943
   49.8  1945   71.6  2005  116.5  2002  167.6  1980  211.7  1966  205.7  1914  189.5  1918  166.6  2019  133.4  1979   97.0  1962   60.1  1961   41.4  2025   155.2  1934   470.5  2023   534.4  1914   274.9  2015  1389.5  2014
   49.5  1962   70.9  1910  116.4  1946  167.1  2006  211.6  1919  204.4  1992  186.6  1933  165.5  1991  132.2  2004   96.5  2001   59.9  1977   41.3  1929   154.7  1982   470.0  1995   534.0  1918   273.5  1981  1389.2  1915
   49.4  2015   70.7  1979  115.9  2017  166.3  1936  210.7  2005  202.9  1918  184.5  1941  164.2  1998  132.1  2003   96.0  1953   59.9  1910   41.1  1979   153.2  1987   468.3  2019   533.0  1929   272.8  1979  1388.0  1976
   48.6  1932   69.4  1932  115.8  2001  166.0  1922  208.1  2012  200.7  1934  182.0  1969  164.2  2016  130.4  1981   95.4  1952   59.9  1993   40.5  1946   152.7  1956   467.7  2000   530.7  2025   272.7  2018  1384.4  1977
   48.3  2007   68.6  1934  114.7  1944  164.2  1939  205.7  1978  200.6  1968  176.6  1910  164.2  2014  130.4  2014   95.3  1977   59.7  2003   39.6  1980   151.5  1967   467.0  1942   529.8  2003   272.5  1923  1383.7  2016
   48.0  2026   68.5  1936  114.7  1995  163.0  2009  203.4  1982  200.0  2003  176.3  1925  163.7  1913  130.2  1923   95.3  1921   58.9  1999   39.5  1991   151.1  2022   466.9  1974   529.8  1943   272.1  2019  1379.6  1997
   47.1  1980   68.4  1981  113.4  1970  162.4  1929  202.9  1988  197.2  1943  176.0  1929  162.9  1968  129.5  1997   94.8  1927   58.8  1998   39.5  2019   150.8  1992   465.8  1922   528.9  1999   272.0  1961  1375.4  2005
   46.5  1910   67.7  1928  111.0  2004  161.3  1925  202.3  1953  196.8  1941  175.3  2022  161.9  1965  129.1  1972   94.0  1964   57.8  2012   39.3  2000   150.7  2013   462.6  1975   527.0  2023   271.7  1997  1374.0  1999
   46.5  1994   67.4  2015  110.3  2016  161.0  2016  202.2  1984  196.4  2006  175.3  2025  161.6  1972  128.5  2005   94.0  1961   57.7  2014   39.2  2002   150.5  2009   462.3  1984   526.9  1990   269.5  1928  1367.9  1935
   46.2  1999   66.9  1920  110.1  2021  159.5  2013  201.1  1957  195.5  1926  173.2  2001  161.3  1931  127.5  1995   93.7  1929   57.6  1948   39.2  1916   150.3  1964   462.2  1977   526.0  1941   268.4  1925  1365.5  1973
   46.1  1931   66.5  1967  110.1  1985  159.1  1956  200.5  1942  195.4  1933  172.9  2017  160.7  1919  126.1  2010   93.2  2024   57.2  2023   39.1  1932   150.1  1930   460.9  1962   525.8  1997   267.2  2005  1364.9  1996
   46.0  1990   66.3  1946  109.9  1950  158.9  1948  199.5  2010  195.1  1973  171.5  1972  160.6  1981  125.8  2007   93.0  1988   57.0  2021   39.0  1992   149.7  2011   460.3  2001   520.4  1967   266.6  2012  1360.3  1940
   45.4  1988   65.6  1930  109.1  2008  158.1  1960  199.2  1910  195.0  1974  169.3  1966  160.2  1916  125.7  2016   92.8  1969   56.4  1937   38.5  1994   149.4  1945   459.9  2018   519.6  1973   266.5  1965  1358.0  1960
   45.0  1956   65.6  2023  108.5  1986  157.7  2023  195.4  1998  194.4  1962  169.0  2019  160.1  1961  125.5  2023   92.5  1926   56.1  1921   37.9  1938   149.2  1970   453.2  2002   519.0  1992   265.1  2022  1350.6  1953
   44.8  1984   65.4  1973  108.1  1918  157.7  1994  195.2  1987  193.4  1977  168.8  2000  159.3  1992  124.8  1942   92.5  1941   55.9  2018   37.8  2016   148.3  1975   450.9  1918   518.8  1926   264.5  1973  1349.9  2000
   43.9  2018   65.3  1983  106.8  1961  155.4  1916  194.4  1940  193.2  2015  167.7  1951  158.1  1970  124.8  1960   92.3  2012   55.5  1927   37.7  1999   146.4  1999   446.0  1938   518.8  1957   263.7  1998  1349.9  1914
   43.6  2019   65.0  1915  106.8  2015  154.8  1946  194.2  2008  190.1  2021  165.3  1975  157.6  1990  124.0  1966   90.7  1911   54.5  2008   37.6  1944   144.3  1961   442.4  1910   517.9  2005   262.9  1963  1346.8  1925
   43.1  1930   64.7  1999  106.6  1974  153.4  1957  193.2  1918  189.6  1988  163.6  1950  157.2  2001  121.7  1990   90.2  2002   54.3  1955   37.4  1990   144.1  1958   440.0  1973   517.8  1970   262.3  2014  1341.7  1957
   43.0  1918   64.4  1943  106.6  1922  153.4  1955  193.2  1922  189.6  1919  162.5  1991  156.9  1953  120.7  1937   89.7  1912   54.0  1978   37.4  1986   142.6  2025   439.0  1997   517.3  1928   261.2  2011  1340.4  1919
   43.0  1958   64.1  2014  106.0  1954  152.2  1915  192.9  2009  189.6  2022  161.7  1982  156.6  2010  120.2  1982   89.7  1987   53.5  1911   37.3  1983   142.5  1932   438.2  2008   513.5  1950   260.8  1949  1339.9  1970
   42.7  1964   64.1  2025  105.6  1958  151.1  2017  192.5  1936  189.5  2009  161.4  2005  156.1  2015  119.9  2025   89.5  2019   53.2  1980   37.2  1968   142.1  2020   437.9  1954   511.0  1919   260.6  2020  1339.8  2009
   42.5  1974   63.9  2020  104.0  1975  150.5  1973  192.1  1961  188.0  2014  161.1  1963  154.8  1936  119.8  2011   88.4  1950   53.1  1930   37.0  2013   141.6  1981   437.3  1957   507.5  2015   258.8  1985  1337.3  1918
   42.1  1978   63.1  1991  103.2  1997  149.6  1965  192.1  1955  187.7  2013  161.1  1953  154.7  1939  119.2  1910   88.4  1943   53.0  2002   36.9  2017   141.0  1996   435.8  1945   507.0  1939   258.0  2023  1335.0  1971
   42.0  1911   62.7  1921  102.7  1963  149.6  1918  187.8  1939  187.4  1922  160.9  1967  153.3  1977  119.1  1973   88.1  1979   52.8  1938   36.5  1940   139.0  1977   435.0  2005   505.2  1951   256.8  1910  1332.5  2004
   41.8  1977   62.6  1962  102.5  2000  147.5  1999  187.5  2019  186.2  1963  160.7  1919  153.2  1988  119.0  1998   87.9  1936   52.5  1957   36.2  1935   138.1  2021   434.7  2004   504.5  1968   255.7  1952  1330.9  1948
   41.3  1954   62.0  1945  102.2  1915  145.8  1977  185.5  1950  185.9  1999  159.1  1942  152.9  1993  117.9  1961   87.8  1970   52.4  1924   36.2  1943   137.8  1936   434.1  1939   502.5  2011   253.8  2008  1322.9  1956
   40.9  1922   61.3  1997  102.0  1941  145.3  1981  184.1  1960  185.2  2011  158.9  1987  151.1  1960  117.8  2018   87.6  1924   52.2  1972   36.2  1951   137.5  1995   432.8  1959   495.2  2019   253.0  1994  1322.9  1986
   40.8  1985   60.9  2022  101.9  1990  144.4  1935  182.4  1974  181.7  1961  158.3  2015  150.9  2004  117.3  1913   87.2  2006   51.7  2022   35.9  1923   137.1  1965   432.1  1911   494.0  2000   252.2  1967  1320.7  1988
   40.7  1946   60.8  2010  101.0  1913  144.3  1943  181.7  1937  180.0  1986  156.4  1948  150.7  1974  117.3  1988   86.3  1917   51.3  1979   35.5  1998   136.4  1971   431.9  1987   492.2  1930   252.1  1993  1319.9  1963
   40.6  1998   60.6  1987  101.0  2019  142.7  1991  179.2  1996  177.3  1965  156.0  1973  150.4  2024  116.5  2012   85.9  1998   50.5  1914   35.2  1933   136.4  1974   427.0  1950   487.5  2001   251.8  1966  1312.5  1910
   39.9  1995   59.9  1922  100.9  1938  142.5  1958  178.9  1995  177.2  2025  155.2  1992  149.4  1979  116.2  2021   85.4  1985   50.3  1920   35.1  2006   136.3  1946   426.8  1944   487.0  1994   251.7  2004  1311.1  1982
   39.5  1929   59.8  1948  100.4  1911  140.2  1987  178.9  1963  176.9  1920  155.1  1946  149.3  1940  115.0  2022   84.9  1996   50.1  1943   34.9  1987   135.1  1984   426.6  1951   483.8  1945   251.7  2024  1310.4  1967
   39.1  1986   59.7  1944  100.1  1945  140.0  2005  178.4  1986  174.3  1910  154.6  2007  148.5  1938  113.9  1925   83.8  1928   50.0  1990   34.6  1985   134.3  2014   424.1  1914   483.6  1915   250.3  1990  1308.8  1951
   38.8  2020   59.6  1941   99.9  1935  138.0  1949  177.5  1951  173.5  1928  153.9  1913  147.6  1928  113.9  1935   83.6  1984   50.0  2007   34.3  1972   134.2  2012   422.8  1978   481.1  2009   249.8  1943  1307.5  1962
   38.7  1949   59.5  2002   99.8  1976  137.7  2014  177.0  2007  171.4  1993  153.7  1926  145.9  1966  112.9  2024   83.6  1983   49.9  1933   34.1  1977   134.0  1920   422.5  1960   480.2  1974   249.8  1927  1307.1  1939
   38.7  2005   59.5  1959   99.7  1978  137.7  1952  176.8  1952  171.2  1985  153.3  2008  145.5  1930  112.9  1967   83.5  1945   49.5  1968   33.6  1952   133.8  1973   422.5  2013   479.2  1971   249.8  1977  1304.2  2017
   38.6  1919   59.5  1964   99.1  1923  137.2  1989  175.8  1944  169.4  2008  151.2  1923  145.2  1923  112.2  1920   83.0  1966   49.4  1954   33.5  1924   133.7  1957   422.2  1919   479.2  1913   249.6  1951  1302.5  1992
   37.9  1947   59.3  1992   98.8  1940  136.3  1944  174.0  1927  168.5  1945  151.0  1924  145.1  2017  111.5  1932   82.8  1930   49.2  1950   33.4  1920   132.5  1955   421.1  1992   478.5  1953   248.7  1937  1299.7  2008
   37.7  1928   59.2  1995   97.8  1989  135.5  1924  173.7  1964  168.0  2024  150.9  1940  144.8  1941  111.4  1943   82.7  2015   48.8  1922   33.3  1966   131.8  1941   419.9  2006   474.3  1961   248.3  1953  1299.1  1934
   37.7  1935   59.2  1939   97.3  1917  134.9  2008  171.4  2003  167.4  2005  150.8  1915  144.1  2013  110.8  1947   82.4  2004   48.5  1913   33.2  1936   131.4  1994   418.6  1912   473.3  2010   246.9  2021  1298.3  1969
   37.6  1972   59.1  1938   96.5  1987  134.9  2000  171.2  1962  165.4  1979  150.5  1916  143.6  2009  110.8  1953   81.1  2009   47.9  1991   32.9  1917   131.4  1915   418.1  1965   472.9  1942   246.3  1939  1297.2  2002
   37.3  1920   58.5  1919   96.3  1993  134.4  1976  170.5  1917  165.1  1952  149.9  1985  143.6  1934  110.3  1939   80.3  1923   47.6  1935   32.7  1975   131.3  2016   417.5  1971   471.8  1972   246.3  1918  1293.9  1950
   37.3  1924   58.4  1998   95.0  2013  133.7  1970  170.0  1926  164.8  1984  149.8  1958  142.0  1994  110.2  1944   79.9  1913   47.4  1936   32.3  1911   131.1  1922   414.6  1970   470.4  1991   246.1  1989  1288.9  1947
   37.3  1957   57.9  1950   94.8  1966  133.1  1928  169.9  2021  163.5  2004  148.8  2004  141.6  1918  109.7  1918   79.8  1973   46.6  1983   32.1  1978   130.4  1928   411.2  1988   468.9  1910   246.1  1940  1288.7  1928
   36.8  1961   57.3  1961   94.3  1999  131.5  1950  169.0  2011  161.9  1927  148.0  2009  141.5  1952  108.9  1970   79.7  1963   46.6  1956   32.0  1926   129.7  1960   410.7  1968   467.8  2007   245.7  1913  1288.6  1974
   36.7  2002   57.0  1927   93.6  1968  131.2  1927  168.7  2006  161.6  1913  147.4  1922  140.3  2023  108.4  1989   79.5  1980   46.4  1960   31.8  1955   128.6  1998   407.2  1952   466.0  1932   244.9  1922  1287.3  1994
   36.4  1915   56.4  1994   93.6  1925  130.5  1923  167.9  2013  160.5  1953  147.4  2003  140.2  2020  107.4  1980   78.8  1946   45.9  2020   31.7  1950   128.5  1939   406.8  1924   465.0  1988   243.9  1926  1283.6  1961
   36.2  1912   56.2  1951   92.8  1952  130.2  1972  167.7  1931  159.9  1935  147.0  1978  139.6  1950  107.1  2009   78.7  2000   45.8  1987   31.3  1949   128.0  2017   406.7  1966   463.2  2004   242.4  1954  1282.9  1945
   36.1  2021   56.0  1982   92.4  1932  129.0  1988  167.5  1970  159.6  2019  145.1  1914  138.7  1967  106.9  1926   78.7  1967   45.5  2024   30.7  1937   127.4  1983   406.7  1986   463.1  2017   241.3  1969  1281.0  1922
   35.7  1941   55.6  2012   92.2  1927  128.8  1998  167.3  1938  159.6  1956  144.6  2016  138.0  2002  106.7  1994   78.6  1990   45.4  1962   30.5  1928   126.1  1978   406.0  1994   462.4  2024   240.9  1956  1279.6  1965
   35.5  1966   55.4  1969   91.7  1930  127.7  1983  166.3  2002  158.9  1938  144.1  1945  138.0  1982  106.0  2000   77.7  1910   45.3  2009   30.4  1969   125.6  2024   405.4  1936   459.9  1965   240.3  1970  1279.5  1942
   35.1  1950   55.4  1954   91.1  1994  127.2  2001  166.3  1923  157.6  2000  144.1  2024  137.3  2021  105.4  1974   77.2  1991   44.8  1966   30.3  1921   124.9  1954   402.6  1931   459.4  1963   240.1  1980  1277.8  1946
   35.0  1951   55.3  1916   89.4  1937  127.1  1947  161.6  1947  157.1  2001  143.1  1964  137.1  1932  105.2  1985   76.9  2011   44.8  1994   30.1  1914   124.5  1990   401.4  1958   457.8  1916   238.7  1924  1273.5  1917
   34.8  1971   55.1  1976   89.2  1919  125.2  1934  161.4  1928  154.6  1946  141.0  1968  137.0  2012  104.6  1958   76.4  1938   44.6  1963   29.9  1958   124.3  1950   397.8  1940   454.1  1979   236.8  1931  1273.3  2012
   34.7  1960   54.9  1911   89.0  2024  125.2  1993  160.8  1973  153.2  1948  140.4  1952  135.2  1969  104.3  1951   76.2  1948   44.6  1926   29.8  1982   123.9  1911   397.3  1927   452.7  1993   235.8  2001  1271.4  1952
   34.6  1976   54.0  1914   88.5  1934  125.2  1979  160.2  1930  151.6  2020  140.4  1960  134.8  2018  104.2  1917   75.2  2023   44.2  1974   29.7  1919   122.9  1951   397.3  1998   452.5  1966   235.7  1930  1270.2  1991
   34.4  1925   53.9  1913   86.5  1920  124.5  1932  157.9  1979  151.5  1983  139.2  1979  133.9  1927  103.5  1912   75.1  1944   44.1  2001   29.5  1997   122.7  1919   395.9  1923   452.4  2016   235.6  1960  1267.8  1968
   34.3  1923   53.6  1958   86.4  1959  124.2  1975  157.2  1994  150.6  1947  137.5  1956  133.0  1987  103.2  1992   74.2  2014   44.1  1928   29.4  1974   122.4  1976   395.7  1933   449.1  1962   233.4  2009  1257.4  1987
   34.0  1973   53.6  1912   85.0  1914  124.0  1933  157.0  1941  150.4  1936  135.6  2002  132.1  1929  101.5  1968   73.8  1918   43.5  1970   29.3  1945   122.3  1944   394.6  2014   447.4  1922   231.5  1942  1249.9  1972
   34.0  1953   53.5  1925   84.2  2005  123.4  1997  156.9  1916  149.2  1994  134.5  1974  132.0  1962  100.7  1957   73.6  2021   43.1  2019   29.3  1988   122.1  1912   391.0  1917   447.1  1985   230.9  2025  1249.3  1979
   33.9  1955   53.2  1971   84.1  2006  123.2  1917  155.7  1985  147.6  2002  133.5  1947  131.7  1999   99.9  2013   73.6  1949   43.0  1951   29.0  1939   121.9  1929   390.7  1961   446.9  1952   229.4  2013  1238.8  1983
   33.6  1981   53.0  1984   83.6  1969  123.1  1971  155.4  1920  147.0  1916  133.2  1998  130.9  1925   99.7  1930   73.5  1933   42.5  1992   28.9  2018   121.4  1925   390.0  1969   442.7  1964   228.7  1950  1238.4  1964
   33.5  2004   52.8  1977   83.3  1921  122.5  1959  154.2  2015  146.0  1924  132.5  1961  129.2  1946   99.4  1927   73.0  1958   42.3  1919   28.5  1993   121.2  1938   389.1  1963   442.4  1982   228.4  1962  1234.9  1941
   33.2  1993   52.2  1942   82.9  2018  121.5  2018  153.7  1945  145.2  1978  132.4  1980  128.2  1921   98.6  1924   72.7  1989   41.8  1981   28.3  2021   120.7  2026   385.8  1999   438.9  1946   227.9  1934  1233.8  1926
   33.1  2014   52.0  1929   82.9  1980  121.4  1919  153.4  1958  145.1  2017  130.4  1981  127.3  1956   98.3  1978   72.4  1925   41.7  1984   28.2  1953   120.5  1921   385.4  1925   426.3  1923   227.7  1912  1233.2  1985
   33.0  1936   52.0  1974   82.8  1926  120.3  2012  150.7  1934  144.1  1944  129.9  1930  126.4  2006   98.1  1984   71.6  1937   41.5  1953   28.1  2020   120.4  1940   381.2  1972   426.1  1937   226.9  1941  1222.4  1938
   33.0  1948   51.2  1953   82.7  1957  119.7  1986  150.3  1981  143.6  2016  129.1  2023  126.3  1971   98.0  2008   71.3  1978   41.4  1959   27.7  1989   120.1  1924   372.9  1985   426.0  1938   226.6  1936  1220.7  1998
   32.7  1942   50.8  1990   82.2  1939  119.6  1911  148.2  1968  143.3  2007  128.9  1927  126.2  1915   97.8  2017   70.8  1932   41.1  1982   27.2  1941   119.5  1927   371.8  1926   425.6  1981   225.5  2017  1219.8  1980
   32.3  1983   50.1  1917   80.3  1960  119.0  1926  147.5  1913  142.9  1955  128.4  1993  126.0  1985   97.7  1945   70.3  1957   41.0  1945   26.9  1910   119.0  1980   371.7  1916   425.2  1998   224.9  1917  1215.8  1966
   31.4  2008   49.8  1978   79.3  1988  118.0  1910  146.8  1954  142.7  1982  128.4  1912  125.2  2011   97.5  1916   69.9  1915   40.8  1949   26.6  1913   118.7  1953   369.6  1937   424.8  1927   224.5  1982  1213.3  1930
   31.4  1938   49.8  1937   79.1  1951  117.5  1978  145.9  1993  142.4  1991  125.7  1970  124.0  1951   95.6  1941   68.2  1974   40.4  1942   25.7  2023   118.3  1947   368.7  1967   424.4  1956   223.6  1978  1212.9  1981
   31.4  1939   49.1  2011   75.8  1912  112.9  2024  145.7  2024  139.9  1937  125.4  2012  120.8  1924   95.2  2001   67.4  2020   40.0  1940   25.6  1918   118.2  1993   368.3  1981   421.2  2002   223.5  1957  1211.5  1923
   31.2  1916   47.0  1924   73.3  1971  112.6  1964  144.4  1965  138.7  1972  122.6  1962  118.0  1910   94.5  1977   67.2  1914   38.9  1941   25.0  1927   118.0  1969   367.4  1993   418.8  1986   223.5  1984  1186.8  1913
   31.1  2016   46.6  1923   73.1  1998  111.6  2004  143.9  1999  137.3  1966  122.2  1988  117.8  1986   94.1  1993   67.0  1940   38.7  1931   24.5  1931   117.5  1943   366.9  1976   418.4  1936   222.8  1944  1185.2  1936
   30.8  1975   46.0  1993   72.9  1979  110.3  1992  143.0  2022  134.5  1981  121.2  1939  117.6  1943   93.8  1952   66.4  1992   38.6  1958   24.3  1971   115.8  1948   366.0  1928   417.7  1924   222.2  1945  1184.4  1927
   30.7  1926   45.8  1972   72.7  1981  108.5  1967  139.8  1912  132.3  1971  121.1  2020  117.3  1957   92.9  1938   66.3  1942   38.5  1929   24.2  1915   114.6  1966   364.4  1934   414.4  2008   222.1  1938  1181.5  2024
   30.6  1927   44.8  2024   71.9  1977  107.5  1963  139.4  1933  131.9  1954  121.0  1986  117.1  1920   91.3  1936   64.4  1960   37.4  1944   24.1  1954   113.9  1917   359.4  1941   412.9  2020   221.3  1983  1180.9  1924
   30.0  1943   44.2  1931   71.6  2023  107.0  1985  138.6  1914  131.3  1958  120.6  1965  116.0  1980   91.1  1950   64.2  1976   37.4  1916   23.8  2015   113.5  1918   356.0  1979   406.7  1948   219.1  2000  1179.9  1993
   29.8  1970   43.3  2009   71.5  1928  104.6  1940  138.1  1924  131.1  1997  118.6  1938  115.2  1958   91.1  1983   63.2  1982   37.1  2004   23.6  2011   112.1  1942   355.9  1930   406.3  1944   218.8  1932  1179.7  1944
   29.5  1913   40.4  1935   71.4  1992  104.5  1996  136.3  1991  131.0  1912  117.7  1957  112.5  1922   89.8  1946   63.1  2017   36.5  1932   23.2  1942   111.8  1937   355.7  1947   405.5  1931   217.7  1974  1173.6  1978
   29.1  2013   39.9  1947   69.7  1996  104.0  1930  136.2  1967  130.5  1931  116.6  1937  112.0  1963   89.8  1956   61.8  2013   35.5  1939   23.0  1947   111.2  1931   353.4  1996   403.2  1978   217.6  1935  1171.6  1932
   28.7  1937   39.8  2017   67.7  1942  103.3  1913  133.5  2014  130.1  1964  116.5  1932  111.1  1978   89.3  1922   61.3  1916   34.9  1934   22.2  1959   110.7  1916   351.9  1913   397.5  1920   216.1  1958  1159.9  1931
   28.7  1968   37.6  1918   67.7  1991  102.9  1931  133.3  1972  129.8  1923  113.7  1931  111.0  1917   86.1  1931   60.0  2005   34.4  2000   22.1  1922   109.0  1926   350.2  1964   396.3  1958   213.8  1948  1153.6  1937
   26.5  1944   37.3  1965   66.9  1947  100.4  1941  132.7  1976  127.7  1998  113.2  1936  103.6  1954   86.0  1962   59.4  1954   34.4  1912   20.9  1930   107.8  1972   347.6  2024   394.2  1987   212.1  1992  1151.4  1916
   25.4  1969   36.6  1926   63.9  1964  100.2  1966  130.5  1925  126.5  1980  105.5  1954  103.0  1942   84.2  1969   59.3  1934   34.4  1917   20.0  2024   105.8  1914   346.7  1991   375.9  2012   202.4  1976  1142.1  1954
   25.1  1914   36.1  1966   59.5  1916   98.5  1937  124.7  1969  120.8  1990  103.6  1920   97.1  1948   83.1  1965   56.1  1935   32.1  1997   19.1  1956   103.1  1923   329.7  1932   374.8  1980   201.6  1968  1140.4  1958
   24.6  1917   35.1  1940   59.4  1983   91.7  1961  120.5  1983  113.5  2012  101.4  2010   91.7  2008   80.0  1948   50.6  1968   31.7  2015   16.9  1934    96.8  1913   319.7  1920   342.5  1912   196.2  1916  1130.2  1920
   24.4  1921   31.3  2026   54.7  1984   77.9  1920  112.8  1932  102.3  1987   87.7  1944   83.1  1912   76.6  1976   49.9  2025   23.9  1946   13.4  1912    94.9  1935   307.6  1983   340.9  1954   192.5  1946  1091.9  1912
   20.3  1996   30.7  1980   46.7  1936    ---  2026    ---  2026    ---  2026    ---  2026    ---  2026    ---  2026    ---  2026    ---  2026    ---  2026     ---  1910     ---  2026     ---  2026     ---  2026     ---  2026
