Areal values from HadUK-Grid 1km gridded climate data from land surface network
Source: Met Office National Climate Information Centre
Monthly, seasonal and annual total precipitation amount for England
Areal series, starting in 1836
Last updated 01-Apr-2026 11:34
    jan  year    feb  year    mar  year    apr  year    may  year    jun  year    jul  year    aug  year    sep  year    oct  year    nov  year    dec  year     win  year     spr  year     sum  year     aut  year     ann  year
  159.9  2014  160.9  2020  147.2  1947  136.5  2012  128.4  1967  148.2  2012  142.3  1888  169.6  1912  165.9  1918  191.7  1903  172.8  1929  173.3  1914   401.0  2014   288.8  1979   374.6  1912   443.8  2000  1155.5  1872
  153.7  1948  131.9  1923  138.5  1981  131.9  2000  119.2  1932  145.8  2007  135.3  1880  156.0  1917  148.9  1866  166.8  2000  172.6  1852  172.2  1876   381.8  1915   281.1  1981   363.8  1879   395.9  1960  1125.9  2012
  144.9  1995  131.6  2024  122.8  2023  117.7  1998  115.5  1878  141.1  1860  129.0  1875  147.2  2004  142.1  1976  165.2  1960  170.8  2009  169.3  1868   369.4  1877   269.6  1947   351.2  2012   381.2  1852  1109.2  2000
  140.7  1939  130.2  1990  117.0  1979  107.7  1920  115.5  1924  125.3  1879  128.5  2009  143.4  1956  139.6  1968  160.7  1865  167.3  1940  163.4  1929   368.2  1990   269.1  1983   324.3  2007   375.8  1935  1070.7  2023
  140.5  1988  124.9  1950  106.7  1836  101.9  1983  113.7  2021  122.9  1997  126.3  1936  137.9  1891  139.5  1896  154.1  1967  166.1  1951  161.9  1915   367.6  2024   265.9  2024   322.2  1860   361.1  2019  1062.5  1960
  139.9  1928  123.2  2014  106.6  1919  100.6  1882  111.5  1886  119.1  1848  124.7  2007  137.2  1878  137.3  2024  153.1  1987  160.1  2000  158.8  1934   365.6  1995   249.0  2000   304.2  1931   360.9  1976  1054.2  1852
  134.1  1943  122.9  1977  106.2  1912   99.1  1846  109.5  1979  117.0  1982  123.3  1839  132.4  1881  134.9  1927  151.4  2023  155.8  1970  156.6  1911   348.5  1869   248.9  1932   303.9  1956   356.1  1841  1042.9  1903
  132.8  1877  120.8  2002  104.0  1914   96.2  1966  107.2  1983  116.8  1980  123.2  1988  128.8  1879  131.2  1974  147.2  1891  150.0  1954  155.7  1978   342.1  2026   248.5  1862   303.1  1848   349.8  1875  1035.6  2024
  131.8  1984  120.1  1937  103.3  1862   91.4  2001  107.2  2007  116.1  1998  122.8  1920  127.0  1946  128.8  1981  145.5  1998  144.9  1926  149.4  1959   340.8  2021   247.3  1920   300.8  1927   348.3  2023  1015.6  1882
  129.1  2008  118.3  1900  103.0  2018   90.4  1935  106.9  1869  115.3  1912  122.0  2023  123.8  1860  128.6  1965  144.2  2020  144.6  1946  148.9  2012   340.8  2020   244.9  1913   298.3  1839   344.5  1872  1009.0  1848
  128.4  2021  117.9  1916  101.5  1951   90.0  1993  105.8  1843  113.1  1852  118.8  1915  119.6  1951  128.4  1871  142.4  1882  144.1  1963  148.2  2023   334.1  1960   244.6  1951   293.6  1852   341.2  1954  1008.0  1877
  127.9  1872  116.1  1848   99.8  1897   88.7  1961  104.6  1969  107.3  2019  114.4  1939  119.5  1927  124.1  1883  141.7  1976  143.2  2022  144.8  1993   330.5  2016   234.7  1998   283.0  1958   341.0  1903  1006.6  2002
  125.4  1852  114.8  1966   98.1  1903   87.9  1871  100.8  2006  104.8  1958  113.6  2012  118.9  1877  123.0  1876  141.1  1907  142.0  2002  144.0  1979   329.7  1916   234.5  1886   282.3  1872   340.0  1944  1001.9  1912
  124.3  2016  113.1  1915   97.4  1916   87.9  1913   95.7  2014  102.4  1987  113.5  1922  116.9  1852  122.8  1869  140.0  1949  138.9  1944  143.8  1965   328.0  1994   232.6  1986   279.2  1954   334.4  1974   989.1  2020
  124.2  2026  112.5  2026   95.7  1913   85.5  2024   94.2  1955   99.9  1882  109.7  1879  115.7  1954  122.3  1935  139.6  1932  137.5  2025  137.2  1999   315.8  1937   232.4  1937   279.0  1917   331.1  1880   986.6  1951
  118.5  1999  104.7  1925   95.4  1851   85.4  1931   92.9  1925   99.9  1863  109.4  1872  115.1  1992  118.7  1841  138.4  1870  136.5  1939  137.0  2020   310.1  1966   230.2  2023   277.5  1946   328.4  2022   985.2  1954
  117.9  1906  103.2  1951   95.0  1909   82.2  1877   90.4  1942   99.0  1839  109.3  1855  114.6  2020  116.8  2000  138.4  1880  136.3  1888  133.5  2015   309.7  1912   229.4  1903   276.9  1903   327.0  1984   982.9  2014
  115.9  1937  102.8  1958   94.8  2024   80.8  1989   85.8  1847   96.6  1872  108.6  1895  113.6  1865  114.9  1946  138.4  1875  135.9  1950  127.1  1919   300.5  1930   227.9  1969   275.8  1888   325.9  1885   982.2  1927
  114.5  1990  102.3  1997   94.5  1848   80.2  1986   85.5  2024   95.3  1838  106.7  1960  112.2  1986  114.7  1839  136.6  2013  134.9  1935  123.9  1986   299.3  1977   226.2  2018   271.8  2020   325.8  1882   981.4  2008
  112.9  1960  100.7  1995   92.6  1963   79.8  1843   85.0  2002   95.3  2016  105.7  1861  110.9  1941  113.7  1950  135.0  1841  133.3  1984  123.5  1989   299.0  2007   224.3  1967   271.0  1882   320.6  2025   979.4  2019
  112.8  2004   99.7  2022   92.3  1980   79.2  1867   84.7  1860   93.2  1971  105.2  1918  110.4  1931  113.5  2019  133.8  1906  133.2  1842  123.1  1909   298.9  1910   224.3  2006   270.0  2004   315.1  2012   966.7  1998
  112.5  1930   97.0  1893   91.9  1982   79.0  1970   84.4  1981   91.9  1927  105.0  1871  109.7  1848  110.7  1885  133.7  1846  130.8  1836  123.0  1910   296.4  1980   221.3  1889   267.8  1875   311.5  1967   965.0  1841
  111.1  1936   96.5  1904   91.7  2008   78.3  2018   83.3  1907   91.2  2020  104.9  1931  109.3  1903  110.6  1993  133.4  1855  129.1  1960  122.7  1886   291.0  1939   220.0  1877   267.1  1891   310.6  1940   962.5  1860
  110.6  1994   95.6  1910   91.7  1988   78.2  2004   83.2  1862   90.7  1991  104.7  1940  108.5  1950  109.7  1880  132.9  1843  127.0  1875  122.0  1901   290.9  1923   218.8  2001   266.8  1881   310.3  1836   956.3  1924
  110.0  1986   95.6  1883   90.0  1876   77.5  1850   83.1  2000   88.9  1931  103.7  1930  107.5  1948  109.5  1957  131.2  1872  124.8  1992  121.9  2002   290.8  1883   218.1  2008   265.6  2008   309.3  1883   954.7  1946
  109.9  1974   95.3  1974   89.1  1896   75.9  1932   82.1  1856   88.4  1928  102.8  1853  107.4  2014  108.9  1995  130.9  2004  124.8  1877  121.2  1872   288.9  1935   217.2  1867   265.5  1980   308.5  1998   949.4  1966
  109.4  1975   95.1  1881   88.5  1964   75.2  1859   81.1  1986   87.7  1936  101.6  1882  107.3  1845  107.6  1999  129.9  1885  123.8  1872  120.7  2000   288.8  1979   216.9  2012   261.5  2019   306.7  2024   937.5  1866
  108.3  1919   93.8  2007   88.3  1905   75.0  1922   80.5  1898   87.4  1985  100.9  1924  106.0  2008  107.1  1984  129.0  2021  123.3  1969  120.0  1994   286.7  1900   215.4  1843   259.6  1985   306.4  1839   936.5  1958
  107.9  1913   93.5  1866   88.2  2019   74.8  1876   80.0  1903   87.3  1935  100.5  2008  104.4  1900  102.8  1958  128.6  1892  120.8  1861  117.8  2013   285.5  1984   214.8  1924   257.0  1877   305.6  1929   935.7  1999
  107.3  1956   90.7  2001   87.5  2001   74.1  1848   79.9  1993   85.7  1948   97.4  1957  104.2  1962  102.0  2025  128.0  2019  119.6  2019  116.7  1896   281.7  1925   213.6  1878   256.5  1997   302.0  1981   933.8  1876
  105.2  1886   89.8  1879   86.4  1888   73.6  1907   79.6  2015   84.0  1907   97.0  1968  103.9  1985  101.6  1930  127.9  1928  119.4  2012  116.2  1891   281.3  2001   212.9  1963   255.0  1853   299.3  2002   933.5  1930
  104.9  1961   89.6  1941   85.6  1937   73.6  1899   79.2  1931   83.5  1909   96.6  1867  103.0  1971  101.5  1960  127.1  1909  117.9  1996  114.5  1985   280.9  1928   206.7  1908   253.3  1960   296.0  1930   933.1  2007
  104.6  1875   89.6  1935   83.9  1998   73.5  1937   79.1  1889   83.4  1999   96.4  1877  101.7  1897  101.4  1852  127.0  1848  117.6  2015  114.4  1852   278.4  1919   205.7  1964   252.1  1966   294.5  1946   926.6  1916
  104.0  1998   87.2  1933   83.7  1861   72.7  1963   77.4  1865   82.1  1853   95.5  1965  100.9  1966   99.0  1994  122.9  2002  117.3  1840  113.8  1900   271.1  1961   204.1  1994   249.3  1845   292.8  1992   919.9  1974
  103.7  1851   86.3  1957   82.8  1941   72.6  1849   76.4  1951   82.1  2017   94.8  1903  100.6  1910   98.5  1975  121.6  1916  116.8  1974  110.4  1869   270.0  2013   203.7  1872   247.7  1880   292.7  1982   918.8  1965
  103.5  1978   85.2  2000   82.5  1908   72.3  1959   76.1  1958   81.8  1954   93.8  1956  100.4  1930   98.1  1924  121.2  1923  115.3  1931  109.7  1847   269.6  1848   202.5  1916   246.9  1950   292.6  1927   918.1  1839
  102.7  1899   84.4  1876   81.8  1987   72.2  1856   75.6  1891   80.6  1883   93.5  1950   99.8  1999   97.6  1944  120.7  1980  114.1  1930  109.5  2006   268.9  2000   201.4  1972   246.6  1924   289.4  1968   913.9  1875
  102.3  1900   84.0  1869   80.9  2006   72.0  1947   75.2  1945   80.2  1977   93.2  1850   99.4  1960   97.6  1859  119.5  2001  113.5  1839  107.0  1924   266.9  1948   200.4  1882   246.0  1936   287.8  1918   913.8  1994
  101.2  1866   83.8  1885   78.9  1989   72.0  1889   74.2  1943   80.2  1875   92.2  1932   97.5  1963   96.6  1863  118.7  1935  112.9  2023  106.2  1882   266.6  1936   199.6  1869   245.3  2017   287.4  1950   913.8  1886
  100.9  1860   82.6  1837   78.6  1994   69.6  1992   73.9  1973   79.9  1968   92.0  1894   97.3  2010   96.2  2008  117.4  1924  112.8  1982  105.7  2019   266.5  1974   197.9  2014   245.1  1909   287.1  1891   912.5  1939
  100.2  1970   82.2  1967   78.3  2016   69.2  1908   73.3  1937   78.6  1966   91.5  1886   96.7  1957   95.3  1874  116.6  1886  112.5  1882  105.5  1922   264.1  1943   197.0  1907   244.1  1922   285.6  1949   911.9  1981
  100.1  1863   81.9  1980   77.9  1842   68.8  1999   73.1  1954   78.0  1871   90.8  2017   96.6  1905   92.7  1962  116.5  1938  111.8  1895  105.4  2025   264.0  1920   196.5  1846   244.0  1841   283.7  1924   911.1  1928
   99.7  1962   80.3  1922   77.4  1927   68.6  1934   73.1  1849   77.6  1946   90.6  1851   96.4  1868   92.1  1849  115.7  1917  108.2  1910  103.8  2011   263.8  1978   194.5  1897   243.1  1987   283.6  1987   908.9  1967
   98.8  1926   79.4  1894   76.6  1992   68.2  1872   72.5  1854   77.0  1963   90.3  1893   95.0  1892   91.2  2017  115.6  1862  107.0  1838  103.3  1918   261.8  1872   194.3  1966   243.0  1939   282.0  1939   907.8  1950
   98.2  1993   78.9  1880   75.8  1978   68.1  2023   72.1  1906   77.0  1892   89.6  1912   94.7  1952   90.2  1848  115.5  1966  106.9  1959  102.2  1983   261.3  1873   193.8  1993   242.9  2009   280.3  1866   905.8  1880
   97.6  1971   77.9  2011   75.1  1975   68.0  2005   71.3  2013   76.8  1900   89.6  1909   94.2  1841   89.9  1856  113.5  1939  106.8  1938  101.7  1960   257.2  1958   193.4  1860   242.8  1890   279.7  1938   905.8  1979
   97.2  1922   77.8  1897   74.7  1872   67.9  1858   70.9  1885   75.5  1866   89.4  1927   94.0  1866   89.6  1903  112.1  1889  105.8  1986  101.6  1938   255.9  1926   192.1  2016   242.7  1910   279.2  1876   905.4  1986
   97.1  1912   77.7  1989   74.2  1864   67.2  1924   70.3  1840   75.3  1880   88.8  1953   93.6  1856   89.4  1872  111.2  1982  104.6  1916  101.5  1880   254.8  1970   192.1  1909   241.7  1957   278.4  1932   903.9  1993
   96.7  1873   76.0  1872   73.7  1844   67.0  1953   69.8  1879   75.3  1905   88.2  1884   93.5  1977   88.9  1967  109.8  1981  104.4  2014  100.6  1907   253.1  2008   191.7  1848   241.5  1968   277.5  1896   903.3  1968
   96.7  1867   75.5  1970   72.9  1860   66.8  1925   69.6  1968   74.5  1955   87.9  1958   93.5  1857   88.7  1925  109.8  1929  102.5  1911  100.2  1912   252.2  2004   191.0  1999   241.4  1866   275.7  1923   902.5  1935
   96.7  1920   75.4  2021   72.6  1920   66.7  1951   69.0  1877   74.4  1926   86.4  1883   93.4  1922   88.5  2012  107.4  1954  102.5  1997   99.7  1897   251.1  1988   190.8  1992   238.5  1894   275.4  2006   899.6  1891
   95.8  1938   75.4  1914   71.8  1881   66.3  1836   68.1  1902   74.1  1964   85.5  1914   92.3  2015   88.4  1983  107.2  1852  102.5  1878   98.9  2018   248.8  1897   189.8  1919   238.1  1878   275.1  1874   899.4  1910
   95.7  2007   75.3  1946   71.8  1867   66.3  1930   68.0  1972   73.7  1945   85.0  1846   92.0  1843   87.8  1992  107.1  2012  102.4  1841   98.8  1966   248.8  1899   188.7  1925   238.0  1930   274.6  1863   893.2  1923
   95.3  1915   74.4  1861   71.6  1940   66.0  1879   67.8  1946   73.3  1862   84.9  1973   91.7  1846   87.3  1899  106.9  2022  102.2  1894   98.4  1997   247.5  1853   188.3  1985   237.7  1971   273.6  1916   889.8  2004
   95.3  1869   74.4  1978   71.5  1972   66.0  1950   67.8  1997   72.8  1911   84.7  2002   90.8  1889   86.5  1998  106.0  2005  102.0  1928   98.0  2017   247.3  1922   187.9  1987   237.0  2023   273.3  1926   885.5  1980
   94.8  1972   74.2  1996   71.3  1986   65.8  1994   67.0  1920   72.8  1903   83.6  1841   90.4  1958   85.8  1932  105.9  2006  101.8  1914   97.0  1948   247.0  1957   186.6  1836   236.2  1988   272.4  2008   885.2  1836
   94.5  1921   73.6  2010   70.6  1928   65.3  1857   66.3  1904   71.4  1897   83.1  1890   89.5  2012   85.0  1936  105.4  1853  101.0  1965   96.6  1972   246.8  1866   185.3  1942   235.8  1855   269.6  1848   884.7  1915
   93.8  1884   72.7  1994   70.2  1889   64.3  2008   66.3  1867   70.4  1855   81.7  1954   89.4  1890   84.3  1875  104.1  1898  100.3  1949   95.7  1956   246.7  1951   185.0  1876   234.2  1948   269.1  1970   880.9  1931
   93.0  2025   72.7  2016   70.0  1969   63.6  1926   66.1  2003   70.3  1890   81.5  1992   88.8  1974   84.1  2023  104.0  1863  100.1  2016   95.7  1955   244.9  1999   184.6  1968   232.2  1992   268.9  1951   878.3  1982
   91.9  1890   72.2  1954   69.9  2017   63.2  1975   65.9  1938   70.1  1972   80.5  2024   87.7  2006   83.9  1897  103.8  1894   99.3  1883   94.9  1958   243.8  1904   183.7  1931   232.1  1892   268.5  2009   877.3  2021
   91.5  2015   71.8  1960   69.4  1933   63.1  1985   65.7  1841   69.9  2011   80.1  2021   86.8  1916   83.8  1954  103.7  1961   98.6  1905   93.8  1845   242.6  1986   183.2  1988   230.8  1843   267.0  1892   875.0  1937
   91.4  2023   71.0  1931   68.9  1886   63.0  1962   65.4  1966   68.8  1843   80.0  1891   86.6  1997   83.5  1952  103.5  1896   98.5  1906   93.3  2022   241.7  2002   182.0  1975   229.7  1865   266.8  1877   874.5  2009
   91.4  1977   70.5  1927   68.9  1952   63.0  1905   65.2  1899   68.8  1845   79.6  1978   86.3  1923   83.3  1836  103.4  1944   97.9  1890   93.1  2009   240.2  1913   181.3  1952   229.7  1965   266.5  1993   873.8  1992
   90.4  2018   70.4  1844   68.8  1877   62.9  1973   64.3  1948   68.5  1836   79.4  1840   85.8  1924   82.2  1887  102.7  2014   95.9  1876   92.6  1982   238.1  2003   181.1  1965   229.5  1982   266.4  1963   871.9  1900
   90.4  1846   69.9  1926   68.7  1954   62.5  2016   64.2  1985   68.5  1878   79.2  2015   85.7  1979   81.8  1956  101.9  1847   95.9  2006   91.4  2021   237.0  2018   179.3  1930   227.5  1953   265.9  1952   871.0  1883
   90.3  1840   68.8  1936   68.3  1977   62.3  1964   63.7  1916   68.0  1861   79.1  1836   85.3  1921   81.5  1857  100.0  1874   95.1  1881   91.2  1961   237.0  1967   178.9  1989   226.4  1963   264.1  1994   870.4  1878
   90.2  1942   68.6  1972   67.4  1999   62.3  1979   63.0  1926   67.8  1894   78.7  1938   84.9  1928   81.4  1879   98.3  1945   93.4  2003   90.8  1881   236.5  1894   178.2  2002   226.0  1895   263.1  1859   868.8  1936
   89.4  1895   68.2  1945   67.4  1873   62.1  1878   63.0  1910   67.0  1990   78.5  1849   84.6  1980   81.1  1868   96.6  1952   93.3  1972   90.5  2003   235.7  1941   177.6  1941   225.9  1900   262.0  1906   868.2  1914
   89.4  1959   66.7  1919   66.7  1839   62.1  1923   62.1  2008   66.7  1956   78.4  1910   84.5  1908   80.2  1842   96.2  1836   93.1  1936   89.8  1937   235.6  1946   176.7  1914   225.6  1838   261.5  1886   868.0  1881
   89.3  1965   66.7  1906   66.7  1991   62.0  1862   61.4  1923   66.6  2003   77.4  1865   84.5  1873   79.9  1840   95.7  1940   91.5  2010   89.7  1990   235.0  1950   176.0  1856   225.2  1928   261.3  1980   867.8  1894
   89.0  1883   66.7  1928   66.6  1965   61.9  1972   61.3  1913   66.3  1841   77.0  1993   83.7  1902   79.0  1892   95.5  1895   91.0  1977   89.4  1942   234.0  2010   175.2  2021   224.2  1846   259.3  1928   866.9  2015
   88.4  1868   64.9  1865   66.0  1934   61.7  1853   60.8  1872   65.9  1902   75.8  1908   83.7  2019   78.8  2001   94.6  2008   91.0  1927   88.6  1951   232.1  1867   174.0  1851   221.8  1871   258.8  1965   865.7  1879
   88.2  1983   64.8  1940   65.8  1895   61.7  1968   60.6  1858   65.7  1896   74.2  1848   83.5  1859   78.5  2010   94.3  1913   89.7  2018   88.4  1849   231.9  1837   173.9  2007   221.4  1920   257.9  1842   862.7  2001
   87.7  2024   64.6  1961   65.6  2013   61.5  1910   60.5  1962   65.7  1881   73.6  1889   83.1  1837   78.3  2022   93.3  1925   86.1  1991   87.7  1860   231.9  1991   173.9  1905   219.6  1915   256.2  2013   858.2  1948
   87.1  1853   64.4  1877   65.0  1868   60.9  1901   60.0  1984   64.9  1965   73.3  1845   81.3  1895   77.7  1861   93.0  1990   85.9  1952   87.2  1925   230.8  1885   172.5  1849   218.8  1974   256.2  2020   857.3  1918
   86.0  1904   63.5  1843   63.4  1859   60.8  1991   59.9  1894   64.6  1851   73.1  1987   80.0  1863   77.2  1943   92.8  2024   85.6  1844   87.2  1884   228.7  1881   172.4  1934   218.0  1851   256.1  1869   847.9  1909
   85.7  1969   63.2  1969   63.4  1901   60.7  1987   59.8  1845   63.7  1910   72.9  1946   79.9  1942   74.3  1864   91.3  1900   85.3  1885   87.1  1923   228.0  1840   172.1  1898   217.5  1998   255.9  2001   847.0  1925
   83.0  1951   62.7  1899   62.4  1995   59.5  1939   59.7  1994   62.8  1888   72.6  1966   78.9  1938   74.3  1923   90.8  1857   84.9  1843   86.6  1935   227.8  2025   171.8  1885   216.8  1861   255.7  1878   846.9  1977
   82.9  1991   61.8  2017   61.9  1971   59.5  1949   59.7  1915   62.4  1947   72.6  1873   78.9  1982   73.5  2006   89.9  1933   83.8  1971   86.3  1841   227.8  1956   171.5  1899   214.4  1857   253.1  1865   846.7  1987
   82.3  2009   59.2  1991   61.8  1959   58.8  1897   59.3  1952   62.2  1917   72.0  1866   78.9  2001   73.3  1922   89.8  1993   82.9  1880   86.2  1964   224.2  1962   171.4  1847   211.6  1941   250.6  1838   844.4  2006
   81.6  1958   58.5  1988   61.4  1922   58.6  1919   58.7  1949   61.7  1857   71.6  1842   78.7  1894   73.3  1953   89.6  1849   82.8  1865   86.2  2007   223.4  1875   170.7  1923   211.3  1873   248.8  1894   843.7  1920
   81.5  2002   58.4  1884   61.0  1985   58.2  1981   58.6  1976   61.7  1953   70.5  2019   78.2  2011   73.2  1951   89.1  1912   82.6  1886   86.1  1981   223.3  2022   170.1  1955   209.3  1883   246.8  1925   842.3  1922
   81.4  2003   58.1  1979   60.8  1984   57.9  1868   58.2  1838   61.3  1847   70.4  1858   78.2  1874   71.9  1860   89.0  1942   82.0  1913   86.0  1945   222.8  1969   169.4  1859   208.5  1938   243.7  2005   842.2  1988
   81.2  1903   57.5  1836   60.0  1884   57.6  1965   57.2  1890   61.2  1974   70.0  1843   78.1  1943   71.7  1862   88.6  1878   81.8  1900   85.9  1977   222.5  1931   169.0  2004   208.1  1863   243.5  1870   838.8  1869
   80.7  1865   56.9  1955   60.0  1983   57.6  1909   57.1  2017   60.8  1944   69.4  1923   78.0  1925   71.1  1973   88.3  1994   81.6  2008   85.6  1946   222.0  1998   168.8  1912   207.5  2011   243.0  2010   835.5  1919
   80.5  1924   56.9  1867   60.0  1957   56.5  1885   57.1  1892   60.3  1916   68.7  1974   77.0  1953   70.9  1882   87.7  1986   81.5  1864   85.5  1916   220.4  1870   168.4  2013   207.0  1999   240.8  1840   834.1  1984
   80.4  1918   56.5  1871   59.8  1917   55.6  1918   56.9  1965   60.3  1973   68.6  1881   76.4  1898   70.5  1961   87.2  1859   80.9  1891   85.1  1976   218.9  1860   167.8  1888   206.7  2015   240.8  1861   833.0  1970
   80.2  1910   56.0  1912   58.8  2010   55.5  1927   56.4  1850   59.9  1924   68.6  1942   76.2  1904   69.6  1845   86.6  1984   80.4  1850   84.7  1848   218.5  2015   167.4  1879   206.7  1907   239.8  1849   829.0  1843
   79.9  1837   55.8  1918   57.9  1930   55.0  1898   56.1  1941   59.8  1939   68.6  1941   76.2  1872   68.7  1982   86.3  1974   80.2  1923   83.4  1898   218.4  1846   167.3  1891   205.3  2014   239.7  1911   827.4  1862
   79.1  2013   55.7  1911   57.6  1866   54.0  1880   55.4  1917   59.3  1993   68.2  1985   76.0  1839   67.9  1931   85.9  1883   79.8  1874   83.2  1839   217.6  1983   166.8  1922   205.0  1862   238.9  1881   825.1  2017
   78.6  1941   55.5  1882   57.5  1942   54.0  1940   55.3  1953   59.1  2008   68.1  2001   75.8  1996   67.0  1909   85.6  1968   79.7  1980   83.2  1954   216.0  1911   166.4  1841   204.9  2002   237.9  1999   824.6  1846
   78.6  2011   55.3  1838   57.4  1857   54.0  1886   55.1  1930   59.0  1978   68.0  1944   75.4  1988   66.8  1948   84.8  1844   79.0  1979   83.1  1930   215.5  1852   165.8  2019   203.6  1905   237.8  1966   824.4  1932
   78.4  1927   54.5  1840   56.2  1970   53.3  1969   55.0  1908   58.9  1859   68.0  1837   75.1  1961   66.7  1858   84.3  1989   78.6  1898   82.6  2024   215.4  1955   165.6  1927   203.0  1973   237.4  1843   823.3  2016
   78.1  1857   54.4  1852   56.1  2007   53.1  2014   54.8  1964   57.4  1854   68.0  1904   74.7  1919   66.5  1881   84.2  1868   78.4  1859   82.4  1998   214.8  1938   165.3  1917   203.0  1897   236.4  1936   821.8  1969
   76.4  1849   53.9  1850   55.9  1841   53.1  1952   54.8  1999   57.2  1906   67.8  2003   74.7  1970   66.0  1963   83.9  1910   77.7  1887   82.2  1920   213.5  1892   164.5  1857   202.7  1902   236.1  1846   821.1  1865
   75.6  1894   53.7  1870   55.1  1846   52.3  1944   54.7  1912   56.1  2004   67.6  1970   73.1  2023   65.8  1908   83.8  1988   77.6  1866   81.5  1893   211.8  1906   163.8  1977   202.2  1859   234.9  1871   819.6  1868
   75.3  1856   53.6  1868   55.1  1911   51.5  1894   54.4  1842   55.9  1876   67.1  1925   72.9  1876   65.0  1877   82.6  1911   77.1  1976   81.3  1856   210.5  1996   163.6  1978   202.0  1986   234.4  1899   817.5  1978
   75.3  1955   53.0  1903   54.4  1936   51.4  1903   54.3  2009   55.5  1885   66.7  2004   72.7  1934   64.7  1838   81.0  2025   76.8  1994   80.1  1859   209.9  1879   163.3  1962   200.8  1978   234.0  1913   814.8  1859
   75.2  1854   52.9  1839   54.4  1890   50.6  1895   54.0  2012   55.1  1920   66.4  1969   72.5  1967   64.7  1878   80.3  1930   76.7  2024   80.0  1874   209.0  1887   163.1  1940   200.3  1926   233.6  1957   813.6  1944
   75.2  1932   52.8  1874   53.9  1932   50.0  1917   53.3  1852   54.9  2009   66.0  2020   72.4  2017   62.8  2005   80.2  1992   76.5  1998   79.8  1936   206.4  1975   161.3  2005   200.2  1944   231.3  1895   813.0  2013
   75.0  1979   52.6  1889   53.8  1939   49.6  1888   53.2  1988   54.7  1943   64.8  1961   72.2  1844   62.6  2016   80.1  1873   76.1  1941   79.4  1995   204.8  1945   161.3  1858   200.1  1837   230.9  1907   812.4  1926
   74.3  1946   52.6  2009   53.4  1968   49.3  1971   52.7  1873   54.5  2002   64.6  1926   72.0  1909   62.3  1886   80.1  1867   75.2  1860   79.2  1969   204.2  1947   158.6  1902   199.6  2016   230.4  2004   811.3  1957
   74.1  2020   52.5  2015   52.5  1855   48.5  1948   52.3  1918   54.2  1873   64.5  1862   71.4  1944   62.0  1970   80.0  1893   75.0  2005   78.4  1866   203.8  1987   158.4  1959   199.4  1945   230.1  1995   810.4  1907
   73.0  1952   52.5  2006   52.0  1967   47.1  1977   52.1  2022   54.0  1914   64.3  1854   71.0  1915   61.8  1934   79.8  1858   74.5  1966   78.2  1870   203.5  1865   158.3  1970   198.3  1951   228.9  1847   809.3  1985
   72.7  1944   52.3  1892   51.2  1891   46.7  1847   52.1  1933   53.7  2005   64.3  1844   70.7  1888   61.5  1873   78.9  1926   74.1  1899   77.9  1837   203.3  1849   158.0  1973   197.1  1916   228.8  1961   809.0  1940
   72.2  1945   52.2  2025   50.9  1882   46.5  2002   51.4  2016   53.6  1933   64.2  1838   70.0  1853   61.4  1853   78.9  1838   74.1  1863   77.4  1952   203.3  1868   157.8  1864   197.1  1977   228.8  2021   807.2  1897
   70.6  1980   51.7  1856   50.7  2020   46.4  1851   51.2  1855   53.3  1989   64.2  1991   69.6  1882   60.9  1980   78.2  1839   74.0  1869   76.6  1895   203.0  1882   157.1  1971   196.3  1836   228.8  2015   806.8  1906
   70.4  1947   51.6  1987   50.6  1921   46.2  1845   51.2  1875   53.1  1856   64.2  1947   69.3  1965   60.7  1942   77.3  1881   73.7  1995   74.8  1928   200.2  2023   156.8  1868   196.2  1850   227.3  1844   805.7  1885
   70.2  1934   51.5  1984   50.4  2021   46.1  1837   51.2  1929   53.0  1969   64.1  1980   68.8  1939   60.6  1867   77.1  1877   73.2  1845   74.8  1949   198.9  1903   156.6  1901   196.0  1856   226.1  1958   803.7  1938
   70.1  1968   49.7  1859   49.2  1906   46.0  1866   50.7  1950   51.9  2025   63.6  1852   68.2  1858   59.9  2021   76.7  1959   72.1  1987   74.5  2014   198.6  1972   156.6  1894   195.4  1908   222.8  1887   803.3  1961
   70.0  1925   48.9  2004   49.1  2014   45.8  1978   50.4  1947   50.9  1938   62.9  2005   67.7  1969   59.8  1884   76.7  1851   71.3  1907   74.3  1927   197.7  2012   156.5  1904   195.4  1914   222.3  1909   800.6  1845
   69.8  2001   48.8  1981   48.9  1869   45.7  1936   49.2  1864   50.9  1898   61.1  1901   67.6  1987   59.4  2018   75.3  1943   70.5  1985   73.9  1968   197.5  1901   155.7  1933   195.2  1867   222.1  2014   800.6  1983
   68.8  1985   48.7  1939   48.5  1870   44.8  1841   48.9  1882   50.0  1840   61.0  2010   67.5  1994   59.0  1891   75.2  1958   70.1  2007   72.9  1858   197.5  1902   155.3  1871   194.7  2010   221.3  1996   795.6  1952
   68.5  1931   48.6  2018   48.5  1904   44.3  1946   48.4  1977   49.8  1842   60.8  1917   67.2  1862   58.5  1991   74.9  1837   69.9  1847   72.8  1957   196.9  1884   155.1  1954   190.3  1840   221.2  1868   795.0  1867
   67.5  1874   48.4  1908   48.5  2026   44.2  1874   48.3  1887   49.7  2021   60.8  1975   67.2  1929   58.5  1987   74.5  1999   68.5  1967   72.8  1992   195.2  1908   155.0  1949   189.7  1918   220.9  1853   794.9  1929
   67.2  2010   48.2  1947   48.4  2015   44.1  1996   48.3  2011   49.6  1952   60.7  1919   66.3  2018   58.2  1945   74.0  1941   68.2  1924   70.4  1947   194.7  1982   155.0  1982   189.2  1889   220.7  1864   794.9  2018
   66.9  1982   47.7  2019   48.3  1955   43.9  1967   48.2  1996   49.2  1891   60.5  1945   66.0  1838   58.1  1920   74.0  1983   68.1  1947   70.1  1854   193.7  1959   153.8  2015   188.0  2001   220.7  1857   791.6  1963
   66.9  1841   47.1  1864   48.2  2005   43.8  1869   47.6  1963   49.1  1837   60.5  1929   65.8  2002   58.0  1937   73.6  1996   67.9  1919   69.8  1921   193.3  2009   152.7  1950   187.0  1969   220.3  1860   789.1  2025
   66.5  1862   47.0  1898   48.2  2004   43.5  1902   45.8  1971   47.9  1864   60.3  1937   65.2  1945   57.7  1913   73.4  1937   67.7  1837   69.6  1984   193.0  1850   152.5  1845   186.8  1993   220.2  1862   784.0  1917
   65.1  1836   46.0  1853   47.2  1923   43.4  1838   45.4  1987   47.6  1846   60.2  2000   65.1  1907   57.1  1847   73.3  1860   67.5  2017   69.6  1980   191.7  1965   151.1  1890   183.1  1943   218.9  1986   783.5  1997
   65.0  1957   45.9  2005   47.0  1902   42.9  1884   45.2  1883   47.6  1957   60.1  1892   64.7  1968   56.9  1844   73.2  1934   67.5  1912   69.4  1974   191.6  2011   151.0  1850   181.9  1970   217.5  1917   782.7  1956
   64.0  1843   45.2  1841   46.7  2002   42.9  1911   45.1  2005   47.2  1960   59.8  1859   64.5  2016   56.7  1837   73.1  2010   66.6  2013   69.4  1836   191.3  1924   150.4  1910   181.3  1991   214.0  1931   782.7  1849
   63.9  2012   45.1  1953   46.5  1845   42.6  2006   45.0  1921   46.5  1901   59.4  1959   62.8  1851   56.4  1938   72.9  1899   66.3  1915   68.9  1894   191.2  1851   148.5  1926   180.5  1893   213.9  2018   781.7  1888
   63.6  1887   44.1  1999   46.3  1838   42.6  1883   44.9  2018   46.3  2014   59.4  2011   62.4  1850   54.8  1988   71.6  1871   66.1  1975   67.5  1940   190.8  1863   148.0  1958   178.4  1844   213.1  1943   780.4  1853
   62.8  2017   43.8  1968   45.9  1960   41.7  1904   44.6  1992   45.9  2022   59.2  1857   62.3  1978   54.6  1911   70.3  1854   66.1  1993   67.4  1906   190.6  1861   147.9  1906   178.1  2021   212.6  2017   779.4  1972
   62.3  1845   43.6  1842   45.1  1894   41.4  1916   44.0  1900   44.9  1950   58.9  2025   61.4  2000   54.5  1850   69.4  1902   65.8  1854   67.0  1877   190.2  1857   147.8  1838   178.0  1858   211.1  1845   778.8  2022
   62.1  1940   43.3  1873   44.4  1885   40.5  1891   44.0  1881   44.4  1981   57.6  1907   61.2  1926   54.3  2011   68.5  1979   65.0  1902   66.8  1967   189.6  1933   147.6  1946   176.5  1854   209.4  1888   776.6  1871
   61.1  1879   43.0  1878   44.1  1958   40.4  1960   43.8  1975   42.8  1984   57.3  1860   60.9  1840   54.2  1933   68.3  1948   65.0  1962   66.3  1904   188.8  1842   146.8  1842   176.3  1961   209.2  1905   775.0  1856
   61.1  1878   42.8  1948   43.2  2022   40.3  2003   43.7  1995   42.4  2000   56.5  1962   59.5  2009   54.0  1905   68.3  1845   64.8  1925   66.2  1962   188.6  1893   146.2  1948   176.3  1962   209.2  1983   771.0  1863
   59.8  1885   42.6  1855   43.1  1887   39.7  2009   42.7  2004   41.9  1844   56.4  1967   58.9  1867   53.1  2004   67.7  2009   64.7  1893   66.1  1899   185.6  1921   145.3  1928   175.6  1952   209.0  1991   769.9  1941
   59.2  1933   42.5  1907   42.6  1974   39.5  1890   42.4  1982   41.9  2023   55.8  1933   58.8  2013   53.1  1893   67.7  1955   64.2  1968   65.7  1862   184.9  1993   145.1  1939   175.1  1842   207.5  1910   769.8  1913
   58.8  1842   42.3  1849   42.6  1880   39.0  1900   42.4  1957   41.7  1877   55.1  1998   58.7  1875   52.9  2013   66.7  1971   64.1  2020   64.7  1902   184.8  1871   144.7  2017   174.5  2005   206.1  1898   767.4  1895
   58.5  1891   42.0  2013   42.1  1976   38.6  1941   42.3  2019   41.4  1959   55.1  2013   58.4  1896   52.2  1978   66.7  1927   63.7  1873   64.4  1908   184.2  2019   144.3  1881   174.4  1923   205.3  1873   760.0  1911
   58.5  2005   41.7  1847   41.0  2009   38.5  1945   42.3  1846   41.1  1929   53.1  1902   57.9  2005   51.6  1889   66.6  1957   63.4  1981   64.4  1944   183.9  1952   144.1  1945   173.8  1904   205.3  1912   758.6  1934
   58.4  1844   41.6  1982   40.3  1865   38.3  1988   42.3  1914   41.1  2001   52.8  1981   57.8  1973   50.9  2015   65.7  1953   61.3  1953   62.2  1888   180.7  1968   143.9  1953   171.9  1896   205.0  1914   757.1  1838
   56.8  1996   41.0  1992   40.1  1907   37.4  1942   41.9  1978   40.9  1884   52.4  1949   57.2  1901   49.9  1917   64.9  1864   60.6  1943   61.6  2005   180.5  1898   143.5  1935   170.4  1884   203.7  1855   756.0  1892
   56.6  1882   40.6  1943   39.7  1962   37.3  1956   41.7  1857   40.8  1934   52.2  1972   56.9  1918   49.5  1926   64.8  2018   59.9  1918   61.3  1903   180.0  1940   142.7  1866   170.0  1876   201.3  1900   755.7  1899
   56.3  1870   40.3  1920   39.0  1847   37.1  1928   41.7  1893   40.7  1937   51.9  1963   56.7  1906   48.7  1912   64.4  1991   59.7  1901   61.3  1973   177.3  1971   142.2  1873   169.7  1932   200.4  1953   755.0  1990
   56.0  1917   38.8  1875   38.3  1874   36.8  1990   40.7  1853   40.6  1850   51.8  1928   56.7  1935   47.9  1919   64.2  1856   59.6  1903   61.3  1867   175.5  1918   141.3  1991   168.7  1929   199.8  1889   752.2  1942
   56.0  1967   38.4  1901   37.9  1871   36.3  1863   40.6  1960   40.1  1986   51.6  2014   56.1  1855   47.8  2020   64.2  1915   59.4  1892   60.6  1950   175.1  1973   140.7  1865   168.6  1964   199.3  1837   752.2  1861
   55.0  1976   38.2  1944   37.9  1996   35.9  1860   40.2  1863   39.7  1867   50.3  1943   55.9  1914   47.8  1966   63.0  1901   59.1  1870   59.5  1887   173.5  1949   140.3  1918   168.1  1967   199.0  2016   751.9  1995
   54.4  1897   38.0  1949   37.1  1853   35.3  2019   39.8  2001   39.7  1970   50.0  1916   55.7  1893   47.6  1940   62.9  1887   58.6  1990   58.9  1878   172.9  1859   139.8  1861   168.0  1886   198.8  1990   749.8  1943
   54.4  1981   37.9  1860   36.8  1949   34.8  1887   39.5  1909   39.4  1858   49.7  1986   54.9  1984   47.3  1904   62.8  2011   58.5  1921   58.8  2004   172.8  1843   139.6  1853   167.3  1942   197.8  1893   749.0  1889
   54.2  1954   37.8  2008   36.6  1898   34.4  1864   39.4  2023   39.2  1967   49.3  1856   54.8  1854   47.3  1916   62.4  1997   58.1  1849   58.3  2008   172.8  1981   139.0  2003   166.5  1919   195.8  1975   747.6  1896
   53.4  1923   37.6  1976   36.1  1950   34.4  1943   39.1  1866   38.7  1865   47.7  1896   53.9  2007   47.2  1990   62.0  1918   57.7  2001   58.0  1864   171.2  1876   137.4  1961   166.4  1935   195.6  1850   746.5  1837
   53.0  1839   36.9  1902   36.0  1878   34.3  1933   37.8  1934   38.7  1899   47.2  1951   53.7  1842   47.0  1955   61.2  1919   57.5  1957   57.9  1871   171.1  1878   136.6  1980   164.8  1901   194.7  1856   746.3  1874
   51.5  1966   36.9  1983   35.4  1946   34.1  1839   37.6  1928   37.6  1988   47.1  1899   52.8  1989   46.4  1846   60.7  1914   57.3  1897   54.9  1850   170.5  1927   136.3  1884   164.0  2000   194.3  1997   745.6  2005
   50.9  1847   36.7  1973   35.3  1883   33.4  1875   37.4  1940   37.2  1979   47.0  1997   52.1  1849   45.9  1870   60.7  1850   56.0  1846   54.7  1863   170.2  1890   135.0  2009   163.2  1849   192.2  1962   743.3  1945
   50.6  1850   35.2  1888   34.0  2000   33.0  1915   36.7  1911   37.2  1922   46.4  1964   51.5  1885   45.3  1947   60.3  2015   55.9  1868   53.1  1889   169.1  1895   134.7  1911   161.0  2024   191.9  1942   742.4  1847
   50.3  1859   34.9  2003   33.4  1948   32.9  1892   36.3  1974   36.5  1961   44.8  1900   50.7  1870   45.3  1949   60.2  1876   55.8  1999   53.1  1939   168.3  1917   133.4  1895   156.0  1934   191.3  1959   736.7  1989
   50.2  1893   34.2  1846   32.9  1915   31.4  2013   36.3  1870   36.4  2010   42.7  1994   50.5  1993   44.1  2007   59.3  1869   55.3  1955   52.1  1865   168.3  1997   131.9  1880   155.7  1979   190.2  1934   736.4  1857
   50.2  1871   33.3  1962   32.8  1858   30.8  1921   35.9  1897   36.1  1895   42.6  1934   49.8  1911   43.9  1901   58.7  1977   55.1  1934   52.1  1987   168.1  1856   131.8  1943   155.2  1972   188.8  1933   732.3  1959
   49.9  1916   32.6  1851   32.7  1966   30.5  1914   35.3  1880   35.6  2013   41.4  1971   49.0  1975   42.8  1894   58.3  1936   54.7  1961   52.0  1838   165.2  1914   131.1  1984   153.7  1874   188.0  1858   732.2  1971
   46.5  2000   32.1  1913   32.7  2003   29.9  1929   35.0  1944   35.6  1992   41.2  1876   48.7  1836   42.5  1914   58.2  1920   54.1  1853   51.9  1861   163.4  1985   131.0  1995   152.9  2006   185.9  1977   731.8  1976
   46.2  1908   31.7  1971   32.6  1899   28.8  2020   34.9  1961   35.3  2015   41.2  2006   48.7  1887   42.3  1985   56.6  1905   53.0  1932   51.8  1996   163.2  2005   130.2  1996   151.2  1898   184.4  1948   730.9  1962
   45.3  1901   31.6  1845   32.3  1918   28.5  1881   34.8  1874   35.1  1908   41.0  1874   48.4  1949   39.7  1890   56.2  1963   52.8  1989   48.0  1970   162.8  1942   127.9  1896   150.6  2003   184.4  1890   727.9  1947
   45.1  1892   31.1  1854   32.0  1863   28.3  2025   33.8  1868   34.5  1893   41.0  1948   48.3  2021   39.3  1902   54.3  1964   52.7  1904   47.4  1913   162.7  1886   126.9  1960   149.6  1925   184.2  1979   727.5  1842
   44.2  1992   30.8  1905   32.0  1924   27.9  1958   33.3  1884   34.5  1874   40.2  1996   48.1  1964   39.3  1969   53.9  2017   52.4  1848   47.0  1943   160.2  2017   126.6  1936   149.5  2013   183.2  1988   726.6  2010
   43.9  1848   30.8  1857   31.6  1879   27.6  1955   33.1  1998   34.2  1913   39.9  2016   47.4  1886   38.9  1972   53.8  1866   52.1  1964   45.5  1991   158.9  1838   126.3  1921   144.8  1906   178.8  1969   725.3  1890
   43.6  1929   30.2  1963   30.4  1945   27.4  1896   32.8  2025   33.9  1930   36.4  1989   46.7  1847   38.8  1915   52.5  1956   51.9  1917   45.2  1842   158.4  1954   126.2  1887   142.6  1996   178.4  1937   721.3  1873
   43.1  1876   29.9  2012   29.7  1843   26.6  1906   32.7  1927   33.9  2024   36.0  2018   46.6  2024   37.5  1989   51.6  2003   50.7  1978   44.6  1883   157.9  1944   125.5  1915   142.5  1989   177.8  1897   719.2  1991
   42.4  1914   29.3  1938   29.4  1837   25.7  2015   32.3  1901   33.6  1869   35.8  1983   46.4  1932   36.7  1979   51.3  1970   49.3  1948   44.5  1941   157.9  1839   124.3  1839   142.3  1994   177.8  2003   717.3  1908
   41.8  1973   29.2  1964   29.0  1925   25.7  1861   32.2  1851   32.7  1849   34.4  1887   46.3  1998   36.1  1977   49.8  1973   48.7  2011   44.1  1975   157.6  1989   123.1  1883   142.1  2025   177.0  1919   716.7  1904
   40.5  1935   28.2  1942   28.2  1956   24.9  2022   31.9  1888   32.6  1983   34.3  1995   43.5  1920   35.2  1921   47.4  1995   48.4  1857   43.7  1875   151.6  1953   120.9  1855   141.8  1990   174.7  1989   712.8  2011
   40.5  1864   27.6  1975   28.1  1892   24.9  1995   31.7  1939   32.2  1994   33.6  1982   43.2  1990   34.5  2002   47.2  1908   48.2  1958   43.2  1932   147.9  1889   120.3  2022   140.9  1940   173.8  1902   712.4  1851
   39.3  1989   26.8  1909   27.7  1997   24.5  2010   31.1  1837   32.1  1941   33.2  1870   43.1  1861   34.2  1851   46.8  1890   47.0  1937   43.1  1846   146.7  1844   119.9  1976   139.8  1847   173.5  1945   711.3  1949
   38.6  1902   26.8  1917   27.2  1900   23.0  1865   30.7  1859   31.5  1951   32.8  1979   42.3  1883   33.9  1888   45.8  1921   46.9  1983   41.3  1892   144.0  2006   118.2  1892   139.5  1981   173.0  1971   702.2  1850
   38.5  1949   25.4  1858   26.8  1849   22.2  1997   30.4  1922   31.2  1932   32.4  1878   42.3  1981   32.8  2003   45.1  2007   46.4  2004   41.1  1855   143.2  1929   117.8  1997   138.8  1933   170.0  1955   695.2  1884
   38.5  1909   25.3  1890   26.4  2012   22.1  1873   30.4  1861   31.1  1919   31.8  1847   41.3  1884   32.1  1964   44.5  1884   44.9  1973   40.6  1988   142.8  1874   117.3  1874   138.4  1937   169.2  1915   694.1  1955
   37.7  2019   25.0  1985   25.9  1910   20.6  1982   30.0  1935   30.8  1870   31.7  1905   39.6  1869   32.0  1939   44.5  1842   44.7  1884   39.7  1931   142.6  1907   112.9  2010   138.2  1947   168.0  1854   693.7  1901
   37.3  1911   25.0  1863   24.6  1875   20.2  1870   29.5  2010   29.8  1915   31.6  1990   38.8  1871   31.9  1854   43.6  1840   44.7  1988   39.4  2001   142.3  1864   111.9  1957   136.1  1911   167.9  1941   693.6  1898
   35.3  1950   24.9  1956   23.9  1993   19.1  1976   29.5  1871   29.6  1904   31.3  1952   37.9  1913   30.0  2009   42.3  1861   44.6  1933   39.3  1917   140.0  1862   110.3  1900   134.5  1959   167.6  1867   688.7  1840
   33.8  1898   24.8  1929   23.2  1943   17.6  2017   27.5  1980   29.1  1886   31.3  1913   37.4  1937   29.7  1996   40.3  1985   43.3  1922   35.7  1851   138.2  1854   109.2  1875   130.3  1868   166.6  1901   688.4  1975
   33.0  1889   24.6  1930   23.0  1935   17.3  1852   26.5  1936   27.6  1918   30.9  1906   37.2  1880   29.7  1855   39.3  1888   43.2  1908   35.6  1885   136.7  1976   108.5  1863   129.5  1975   165.9  1973   677.9  1953
   32.8  1907   23.7  1924   21.9  1926   17.2  1855   24.6  1919   26.7  1996   29.9  1897   35.5  2022   29.7  1906   37.8  1950   42.2  1942   35.6  2016   135.7  1847   107.5  1854   128.8  1885   165.8  2011   676.9  1996
   32.3  2022   22.7  1887   21.7  1856   16.8  1980   24.3  1959   24.8  1889   29.4  1976   34.5  1864   29.4  1928   37.5  1904   41.5  1858   35.4  1879   130.7  1992   106.6  1837   126.1  1955   163.4  1956   675.4  1905
   32.2  1881   22.3  1952   21.7  1953   15.9  1844   23.4  1839   24.0  2006   28.2  1863   33.7  1959   29.4  1997   36.7  1897   40.5  1855   35.2  1971   130.2  1896   104.9  1870   123.1  1984   162.7  1972   675.2  1902
   31.7  1896   21.9  1896   21.2  1973   15.1  1840   23.1  1848   21.8  1995   26.0  1955   32.9  1972   28.2  1900   36.3  2016   40.5  1856   35.1  2010   129.9  1841    98.1  1944   120.3  1921   159.2  2007   674.2  2003
   31.2  1888   21.8  1886   20.4  1990   14.9  1854   23.1  1970   19.7  1940   25.4  1984   32.6  1899   25.4  1986   35.0  1946   40.0  2021   31.9  1953   129.7  1909    97.8  1844   119.3  1949   156.1  1908   672.9  1893
   30.8  1905   21.5  1862   20.0  1854   14.5  1842   22.8  1990   19.7  1975   24.6  1921   32.0  1936   24.0  1895   34.5  1962   39.5  1920   31.8  1853   129.5  1855    94.9  1840   118.4  1899   155.8  1920   666.7  1973
   29.9  2006   19.6  1998   19.3  2011   13.3  1954   22.7  1905   19.2  1887   23.9  1898   31.3  2025   23.5  1898   34.5  1879   37.5  1851   29.9  1890   129.0  1880    92.2  1974   116.8  2018   153.1  1985   660.9  1855
   29.1  1953   18.0  1986   19.1  1931   13.2  1974   22.0  1956   18.8  1942   23.8  1999   29.4  1933   23.0  1929   31.8  1922   36.0  1889   28.0  1857   127.9  1905    89.0  2020   114.7  1870   149.1  1884   653.6  1964
   28.5  1861   16.1  1965   17.1  1850   11.6  2011   20.2  1876   18.6  1923   23.4  2022   26.6  1983   22.5  1971   31.2  1975   35.0  1871   27.4  1963   125.9  1888    88.8  1938   104.8  2022   148.4  1922   652.9  1858
   28.4  1963   15.5  2023   16.1  1938   11.0  2021   19.3  1989   18.5  1949   23.4  1977   26.6  1976   19.6  1843   30.8  1931   34.5  1896   27.1  1905   124.8  1963    88.7  1929   104.8  1864   148.4  1851   651.2  1870
   28.4  1987   13.9  1993   15.6  1893   10.6  2007   16.9  1895   17.4  1976   22.5  1935   26.4  1991   18.5  1907   30.5  1972   32.9  1862   22.5  1873   123.9  1932    87.6  1956   103.4  1913   148.1  1879   650.7  1933
   27.3  1858   11.1  1934   14.8  2025   10.3  1984   13.8  1991   15.8  1868   22.4  1864   25.6  1955   17.8  1941   29.6  1951   32.3  1879   21.6  1926   112.0  1845    85.1  1852   102.2  1887   139.5  1921   650.4  1844
   25.7  1838   10.8  1895   14.6  1852    9.5  1957   13.6  1836   15.6  1962   21.8  1885   16.5  1940   15.5  1910   29.2  1965   29.1  1956   21.0  1933   102.2  1934    80.0  1990    95.0  1983   138.4  1964   628.9  1864
   25.5  1964    9.3  1959   13.9  1961    8.5  1893   11.4  1896   14.6  2018   20.2  1869   16.3  2003   15.0  2014   17.7  1947   28.2  1909   18.1  1844    91.8  1891    79.1  2011    93.4  1869   137.6  1904   628.4  1854
   16.8  1855    9.1  1932   10.9  1944    8.0  1912    9.6  2020   10.3  1921   18.1  1868   11.6  1947    9.6  1865   16.6  1978   26.9  1867   17.9  1843    82.1  1964    75.8  2025    73.4  1976   131.1  1947   596.9  1887
   14.7  1880    8.9  1921    9.5  1840    6.9  1938    8.3  1844    4.4  1925   13.4  1911    9.7  1995    7.7  1959   16.2  1969   17.0  1945   17.8  1840    80.7  1858    65.7  1893    65.8  1995   119.5  1978   559.3  1921
   14.2  1997    3.3  1891    7.7  1929    ---  2026    ---  2026    ---  2026    ---  2026    ---  2026    ---  2026    ---  2026    ---  2026    ---  2026     ---  1836     ---  2026     ---  2026     ---  2026     ---  2026
