Areal values from HadUK-Grid 1km gridded climate data from land surface network
Source: Met Office National Climate Information Centre
Monthly, seasonal and annual total duration of bright sunshine for England
Areal series, starting in 1910
Last updated 01-Apr-2026 11:34
    jan  year    feb  year    mar  year    apr  year    may  year    jun  year    jul  year    aug  year    sep  year    oct  year    nov  year    dec  year     win  year     spr  year     sum  year     aut  year     ann  year
   81.3  2022  120.1  2019  185.8  2025  244.8  2025  299.4  2020  284.9  1957  294.8  1911  269.4  1995  192.1  1911  137.7  1959   93.6  2006   75.3  2001   225.6  2000   692.4  2020   758.8  1976   381.9  1959  1826.4  2025
   77.5  1959  118.1  2008  171.7  1929  236.7  2020  269.7  1989  277.4  1940  288.6  2006  268.0  1947  191.7  1959  133.7  1921   92.7  2005   72.5  2014   224.6  2015   691.6  2025   731.5  1989   380.1  1971  1748.0  2003
   76.3  2023  109.1  1988  168.9  2022  228.4  2021  261.1  2025  269.1  1975  270.6  2013  250.8  1976  185.5  1914  133.6  2003   86.6  1988   66.7  1962   220.9  2019   594.4  1948   724.9  1911   374.1  2003  1741.5  2022
   74.9  2001  108.4  1949  167.0  2012  224.0  1914  254.1  2018  259.2  1925  269.3  2018  238.2  2022  179.8  1929  130.4  2018   85.3  1996   66.5  2008   220.4  2023   591.6  1990   696.5  1995   357.5  1921  1726.2  1995
   73.8  1952  101.6  2018  165.3  2003  220.6  2015  249.7  1992  256.6  1960  261.8  1989  235.3  1989  179.5  1964  130.1  2022   84.8  1973   62.7  2009   216.3  2008   557.6  2011   696.5  1975   353.3  1999  1718.9  1989
   71.0  2003   98.8  1970  163.5  1933  219.3  1912  245.4  1990  256.2  2023  261.3  1990  222.9  1975  176.0  1928  130.1  1997   84.6  1971   60.4  1999   215.3  1949   549.7  1929   680.8  2018   352.6  2018  1696.2  1959
   69.5  2000   96.5  2003  160.8  1995  218.8  1984  244.2  1948  250.4  1969  260.9  1955  221.2  1933  173.7  1991  129.7  1919   84.3  1989   59.2  2005   212.6  2018   549.3  2003   679.9  1959   351.6  1986  1692.6  1949
   69.3  2015   95.7  2000  157.3  1948  218.2  2011  240.3  1922  249.3  1976  258.7  1976  219.3  1911  171.9  2003  129.4  1971   84.2  1977   58.9  1946   209.1  2001   545.7  1995   673.2  2022   349.0  1964  1691.9  2018
   69.2  2012   93.4  2016  156.2  2020  215.8  2007  237.6  1956  245.5  1949  255.9  1934  217.1  1990  168.8  2015  125.5  2008   83.4  2017   58.5  2022   205.8  1952   542.3  2009   671.2  1949   348.6  1929  1676.3  2020
   69.0  2025   91.8  1989  155.9  2009  209.7  1942  236.0  1997  243.4  1970  252.8  1935  215.4  1983  168.1  1933  125.1  1999   82.7  1925   57.6  2019   203.1  1963   539.0  1921   667.4  2006   345.3  2006  1672.5  1990
   68.9  2024   91.7  1998  155.2  2007  207.6  1990  235.3  1943  242.1  2018  245.8  1928  212.2  1991  167.2  1915  122.2  1995   81.8  1923   57.3  1967   200.8  2003   538.1  1982   665.6  1933   341.5  1911  1662.3  1911
   67.8  1984   91.1  1934  154.9  1967  200.1  2010  229.7  2001  241.6  1996  245.0  2014  211.5  2003  166.8  1986  121.3  1917   81.1  2016   56.8  1929   196.6  2014   535.0  2007   656.9  1996   339.6  1928  1648.6  1921
   67.6  1991   87.2  2014  149.8  1955  198.4  1921  227.4  1919  241.3  1950  241.7  1959  209.9  2016  166.1  1971  119.1  1955   81.0  1985   56.6  2025   196.2  2022   532.7  1956   640.0  2025   336.4  1997  1627.1  1929
   66.1  1965   87.0  2004  147.2  1910  193.0  2002  227.4  1921  238.5  1962  235.4  1984  209.9  2005  165.4  2020  118.8  1931   78.4  2013   56.2  1961   195.4  1989   531.3  2015   639.9  2013   331.9  1996  1615.4  2019
   64.7  1994   86.8  2001  147.2  1924  192.9  1948  226.7  1929  237.8  2010  235.1  1921  208.7  1959  164.3  2019  117.2  1922   77.3  1947   56.0  2012   195.4  2002   530.3  1997   637.8  1984   329.7  1923  1608.8  1933
   62.5  1963   86.4  1996  145.3  1982  191.7  2003  225.3  2023  234.4  1989  234.2  1999  206.5  1998  164.0  1940  116.8  2011   76.0  1915   55.2  2017   193.0  2020   527.4  2010   636.2  2014   329.5  2007  1608.0  1955
   62.3  1989   85.6  2023  143.5  2026  188.4  1945  223.8  1980  233.4  2025  232.6  1971  205.1  2019  162.9  1921  115.3  2010   75.0  2023   54.5  2013   192.7  2012   527.4  2022   635.8  1940   329.3  1947  1607.9  2006
   62.1  1940   85.0  2022  142.8  1961  186.9  2022  223.8  1959  231.4  1914  231.2  1983  202.8  1923  161.1  1979  115.0  1994   74.7  1975   54.4  1976   192.1  1988   527.0  1943   634.3  1935   329.0  1979  1589.6  2014
   62.0  2007   85.0  1943  141.5  1938  185.9  1969  223.3  1971  229.5  1959  229.9  1995  201.7  1919  159.1  2004  114.5  1920   74.1  1965   54.0  1965   192.0  2004   515.0  1955   624.8  1934   327.7  2016  1579.9  2007
   61.8  2017   84.6  1928  140.8  2014  185.2  1946  222.3  1949  227.7  1921  224.3  1949  201.3  1949  158.9  2025  113.8  1961   73.9  1986   54.0  1994   189.0  1962   510.7  2019   618.7  1947   325.6  2011  1579.8  2015
   61.1  1962   84.2  1939  138.7  1931  183.9  1951  222.1  1977  227.3  1951  223.2  1994  200.7  2025  158.6  1997  112.9  1981   73.8  1998   53.9  2003   185.3  1933   509.8  1953   617.4  1928   325.3  2005  1579.0  2009
   61.0  1999   83.5  1999  138.5  1990  181.6  2017  218.8  1940  227.2  2006  222.8  1996  200.5  2007  158.4  2012  112.7  1930   73.6  1969   53.8  1984   185.2  1934   508.0  2021   616.4  1983   324.2  1955  1569.1  1976
   60.1  1967   82.8  2015  134.7  1956  181.3  1916  218.7  1982  225.9  1942  222.7  1997  199.9  1953  157.4  1923  112.7  1996   73.3  1910   53.5  2004   184.8  1999   505.1  1989   613.8  1921   324.0  1988  1566.2  1999
   60.0  1980   81.0  1933  134.6  1972  180.4  2019  216.4  1966  225.7  1973  221.8  1933  194.1  2000  157.1  1954  112.1  1964   72.3  1999   53.4  1980   184.7  1998   503.3  1949   611.3  1955   323.7  1975  1565.3  1975
   59.9  1931   80.5  1952  134.5  2011  178.9  1954  215.7  2005  222.6  1933  213.6  2022  193.3  1935  156.9  2006  111.1  2016   72.0  2007   53.0  1952   183.6  2005   503.0  2017   609.3  1969   322.5  2023  1564.1  1997
   59.6  1910   79.8  1922  132.3  1973  174.4  1995  215.3  2009  221.4  2022  213.3  1929  192.9  1984  156.5  1934  110.9  1986   71.3  1978   52.6  1948   179.6  1984   500.1  2016   608.9  1994   322.2  2012  1557.1  2010
   59.3  2010   79.5  1973  131.7  1953  174.3  1968  214.8  1915  221.4  2015  212.3  1969  192.5  1996  155.9  1999  110.4  1956   71.1  1972   52.5  1986   179.4  2010   491.4  1922   603.2  2003   321.6  1919  1556.1  2023
   58.7  1986   79.3  2020  129.7  1943  174.1  1982  211.3  1918  219.4  1918  212.1  1941  191.5  1926  154.2  2002  109.5  1951   70.7  2021   52.3  2016   179.3  1995   489.0  2012   599.6  1990   319.3  1995  1554.9  1943
   58.6  1979   79.1  1957  128.7  1945  171.0  2009  210.8  1935  217.9  1930  205.9  2025  191.4  1930  154.0  2018  109.4  1980   70.5  2025   52.3  1936   178.9  1967   488.5  1945   592.9  1950   319.0  1914  1551.1  2016
   58.3  2026   79.1  1955  128.3  2015  169.9  1949  210.5  1953  215.6  1939  205.1  1917  191.3  1955  153.9  2023  108.8  1983   69.2  2001   52.3  1973   178.8  2007   487.2  1914   585.3  1918   318.2  1973  1549.2  2011
   57.9  2005   79.0  1967  128.2  2019  169.6  1939  210.4  1995  215.6  1961  204.5  1975  188.5  1964  153.9  1981  108.7  1965   68.6  2003   52.2  1917   178.4  2009   486.0  2002   584.0  1929   317.2  2010  1545.1  2001
   57.8  1933   78.1  1960  127.9  1997  168.7  2016  208.3  2016  214.9  1994  204.1  1943  188.2  2014  152.1  2005  107.8  1912   68.5  1930   52.1  1983   178.2  2006   485.1  1942   583.0  1941   316.8  1981  1532.7  2005
   56.8  2019   77.8  2002  127.1  1965  168.0  1980  206.8  1944  214.7  1915  203.3  1967  187.2  1993  151.9  1955  107.8  2007   68.2  2012   52.1  1925   178.2  1985   480.0  1946   582.4  1925   316.1  2022  1531.9  2013
   56.0  2020   77.3  1990  124.7  1944  168.0  2013  206.8  1911  214.2  1967  201.1  2019  187.0  1981  149.7  2007  107.2  1929   68.1  2018   51.9  1979   175.7  2016   478.5  1915   580.8  2023   311.4  1940  1525.6  1940
   55.7  2018   76.7  1985  124.0  2010  167.6  1953  205.0  2011  214.1  1917  200.7  2021  186.6  2013  149.7  2011  106.7  1993   68.1  2010   51.6  1951   173.2  1994   474.6  1944   579.8  1951   310.6  1985  1522.4  1914
   55.7  1934   76.7  1910  123.2  2017  167.3  1994  204.9  1957  214.0  1922  200.3  1918  186.1  1944  147.2  1947  106.2  1962   68.1  2009   50.8  1957   171.3  2013   474.1  1980   578.9  1999   309.3  1933  1519.3  1935
   55.5  2009   76.0  1920  123.1  2016  166.5  1997  204.8  1961  212.2  2003  198.7  1924  185.9  1997  146.9  1953  105.9  1975   67.8  1913   50.3  2007   170.4  1991   469.8  1910   578.0  1970   307.9  1991  1517.4  1996
   55.3  1954   74.8  1936  122.7  1950  166.2  1938  204.4  2004  210.9  1911  198.7  1951  185.3  1914  146.0  1987  105.3  1928   66.9  1952   50.3  1960   170.0  1939   469.2  1977   576.3  2005   307.3  1915  1510.6  1984
   55.1  1956   74.4  2021  119.2  1968  164.0  1955  203.3  2010  209.5  1984  194.3  1946  185.0  2024  145.4  1919  105.1  1938   66.2  1995   50.0  2011   169.8  1956   468.3  1938   575.2  1930   306.9  2021  1508.7  2017
   54.9  1928   73.9  1963  119.1  1918  162.0  1943  202.2  1998  209.4  1992  193.4  2001  184.1  1974  144.9  1990  104.8  1947   66.1  1943   48.8  1944   168.7  1981   466.9  1959   574.2  2024   306.7  1949  1506.6  1928
   54.8  2014   73.8  1995  118.9  2008  161.7  1952  202.1  2019  208.5  2024  191.8  1977  183.4  1940  144.9  2009  104.7  2001   65.4  1918   48.8  1949   168.5  1987   465.0  2008   573.5  1967   304.4  2004  1501.4  1948
   54.5  1990   73.7  1946  118.8  2000  160.4  2023  201.5  1952  207.3  1919  191.5  1985  183.1  1937  144.4  1978  103.8  1987   65.0  1948   48.8  1996   168.4  2017   462.3  2023   570.8  1914   304.2  1990  1499.8  2008
   54.3  1949   73.5  2012  118.0  1966  160.3  1956  201.2  1955  205.5  1941  190.4  2016  182.2  1972  143.5  1982  103.5  1952   64.8  1979   48.3  2010   167.0  1959   460.1  1912   570.6  2019   304.1  1961  1498.0  1973
   53.2  1918   73.0  1915  117.7  1932  159.4  1977  201.0  1942  205.0  1929  190.0  1991  180.5  2001  143.4  1973  103.1  1979   64.8  1967   47.7  1926   166.6  1928   459.9  2014   568.7  1957   303.5  1978  1493.5  1952
   53.0  1923   72.2  2005  116.8  1962  159.3  1915  198.9  1910  203.4  1986  189.4  2008  179.4  1973  143.2  1949  102.5  1936   64.5  1938   47.3  2000   164.5  1977   459.4  1935   567.9  2001   303.3  2009  1493.0  1994
   52.9  1982   71.9  1983  116.8  1986  158.9  2006  198.7  1974  203.1  2014  187.1  1953  178.6  1936  143.0  1975  102.4  1949   64.2  1940   47.1  1964   164.4  1986   457.1  2018   564.0  2015   303.0  2002  1491.0  1934
   52.5  1911   71.8  1962  116.2  1920  158.0  1960  198.7  1917  201.3  1932  186.6  1923  177.9  1988  141.4  1937  102.2  1926   63.5  1961   46.7  1970   164.4  1943   456.7  1933   563.1  1960   302.3  1917  1486.9  2021
   52.3  1932   71.6  2013  115.6  1993  156.1  1927  198.6  1978  201.1  2009  186.2  2015  177.9  2017  140.8  2021  102.1  1977   62.9  1976   46.6  1954   164.3  2025   454.7  1957   560.7  1973   302.2  1925  1486.6  2004
   52.1  1988   71.3  1956  115.3  1978  155.9  1999  198.3  2017  200.3  2004  186.2  1964  176.3  1928  140.1  1966  102.1  1941   62.9  1960   46.6  1932   163.5  1983   453.2  1973   558.9  2009   302.1  1989  1482.2  1970
   51.6  1987   70.4  2007  115.0  1994  155.7  1957  195.0  1970  199.9  2008  184.4  1950  176.2  1961  138.9  1935  101.1  1969   61.8  1957   46.4  1974   163.5  1930   452.2  1939   557.8  1961   301.6  2025  1481.9  1967
   51.6  1998   70.4  1914  114.0  1940  155.6  1922  194.0  1934  198.6  1920  184.1  1925  175.7  2009  138.2  1988  101.0  1985   61.6  1929   46.4  2006   163.2  1945   452.0  2001   555.3  1917   301.6  1943  1472.5  1986
   51.5  1995   69.8  1986  113.6  2002  155.6  1950  193.9  1920  198.0  1943  183.3  1963  175.7  2004  137.5  1943   99.6  2024   61.1  1990   45.5  2020   162.9  1918   451.5  1952   555.2  1943   300.9  1980  1469.3  1915
   51.5  1947   68.4  2006  113.2  1921  155.2  1987  193.8  2012  197.2  1995  182.0  2009  173.7  1934  137.4  1970   99.6  1945   61.0  1949   45.2  1990   162.7  1974   451.2  1927   552.0  1926   299.6  2019  1464.2  1961
   51.3  2011   68.3  1948  112.5  2021  154.9  1936  193.5  2008  195.9  2011  181.7  2017  172.6  1952  136.7  1963   99.3  1988   60.9  2020   44.9  1938   161.8  2021   450.8  1918   551.9  1993   298.4  1987  1461.2  1957
   51.1  2004   68.0  1921  111.5  1935  153.7  1976  193.2  2000  195.3  1928  181.3  2007  171.6  1970  136.5  1942   98.9  1998   60.9  1937   44.6  1993   161.4  1968   449.7  2000   547.9  2017   298.2  1977  1460.9  1925
   50.7  1958   67.7  1971  111.2  1970  152.7  1962  193.0  1964  195.1  1934  180.8  2024  170.9  1965  135.4  2016   98.7  1970   60.9  1921   44.3  1963   161.3  1997   449.3  1992   547.8  1919   297.7  1954  1457.7  1947
   50.6  2006   67.6  1925  111.0  1949  152.6  2008  193.0  1988  193.9  2001  179.4  2003  170.8  1994  135.0  1944   98.1  1990   60.6  2000   44.3  1981   160.7  1955   448.7  1940   547.4  2010   297.3  2015  1456.2  1953
   50.1  1976   67.5  2025  110.9  1927  151.4  1929  192.3  2003  193.8  1993  179.2  1952  169.4  2018  135.0  1974   98.1  1943   60.0  1911   44.0  2018   160.6  1946   448.5  1974   545.1  1952   297.0  2008  1453.1  1971
   50.0  1992   66.9  1981  108.2  1999  151.4  1973  192.2  1939  193.6  2021  179.0  1945  169.3  2023  134.0  1996   97.8  1950   59.9  1922   43.6  1991   159.2  1992   446.9  2004   543.6  2004   296.9  1930  1451.8  1918
   49.8  1924   66.6  1950  108.0  1930  150.9  1974  191.6  1946  193.4  1952  178.7  1979  169.2  1966  133.8  2010   96.7  1939   59.2  2011   43.4  1955   158.9  1922   446.9  1919   543.4  1997   294.4  2020  1450.3  2012
   49.8  1978   66.6  1997  108.0  1985  150.3  1947  189.5  1975  193.3  1974  176.7  2011  167.2  1950  133.6  1918   95.8  1984   59.2  1920   43.2  1935   158.9  1970   445.9  1968   541.8  1915   292.9  1998  1448.4  1951
   49.6  1945   66.4  1916  107.6  1958  149.5  1991  188.5  2013  192.5  1963  176.1  2005  165.7  1929  133.2  1917   95.6  1967   58.8  2022   42.9  1975   157.9  1990   445.7  1950   540.7  1974   291.5  1970  1444.9  2000
   49.6  1930   65.8  1968  106.7  1976  148.2  1959  188.3  1986  190.8  1938  175.0  1940  165.6  1918  133.1  1980   95.6  2012   58.5  1951   42.4  1982   157.8  2026   444.5  1961   537.7  1991   289.7  2013  1443.8  1950
   49.2  1983   65.6  1932  106.5  2004  147.0  2005  187.6  1987  190.4  1999  174.9  1948  165.5  1916  131.9  2014   95.6  2004   58.5  1980   42.3  1943   157.2  1936   442.4  1987   532.7  2007   289.6  1952  1442.2  1919
   49.1  1974   65.6  1969  105.7  1934  146.8  1958  187.0  1963  190.4  2005  174.0  1958  165.4  1941  131.4  1939   95.5  2021   58.3  1928   41.8  1911   157.1  1920   442.3  1924   531.7  1953   289.5  1965  1434.5  2002
   48.7  1920   65.6  1992  104.8  1941  146.1  2014  184.2  1927  188.9  1968  173.4  1942  164.1  1932  130.9  1995   94.9  1925   58.2  1914   41.7  1914   156.8  1958   441.8  2005   531.4  1992   288.2  2001  1434.0  1982
   48.5  1946   64.8  1945  104.4  1915  145.5  1965  184.0  1960  188.6  1913  173.0  1926  163.5  1979  128.6  1985   94.8  2006   58.1  1956   41.5  1923   156.0  1980   438.8  1984   530.7  1942   286.4  2017  1431.9  1988
   48.4  1935   64.5  1911  103.2  1946  145.0  1925  182.4  2015  188.3  2017  171.6  1915  162.1  1992  128.2  1989   94.6  1958   57.9  1992   41.4  1997   156.0  1932   437.3  1967   530.3  2016   284.4  1948  1424.0  1962
   48.3  1981   64.4  1987  102.8  1989  143.1  1944  180.6  1979  188.3  1935  170.9  1993  161.6  2012  127.2  2022   94.3  2002   57.7  1982   41.3  1988   155.0  1937   437.1  1911   525.7  2021   283.4  1938  1420.6  1922
   47.9  2008   63.9  1994  102.6  1913  141.9  1933  179.9  1936  187.5  1926  169.1  1987  160.8  2020  126.8  1961   94.1  1927   57.5  1964   40.9  1924   154.3  1953   436.2  1970   524.6  1962   282.5  1972  1419.1  1974
   47.7  1957   63.9  1938  102.1  1926  138.8  1911  179.4  2002  185.7  1945  169.0  1986  160.5  1982  126.8  1948   93.5  2023   56.8  2008   40.9  1928   154.3  1973   435.6  1965   524.6  1923   282.0  1935  1411.9  1917
   47.7  1985   63.8  1941  101.7  1963  138.4  1924  178.4  1958  183.3  1947  168.1  1982  159.5  1985  124.9  1958   93.3  1992   56.5  1954   40.6  1992   151.9  1961   434.4  1962   522.8  1945   281.9  1922  1411.1  1977
   47.3  2016   63.3  1953   99.6  1987  137.7  2000  178.2  1996  182.6  2013  167.7  2004  159.1  2002  124.8  2013   92.9  1944   56.4  1927   40.6  1972   151.9  1915   433.6  1986   520.8  1964   281.3  1953  1409.7  1969
   46.8  1977   63.2  1977   98.9  1974  137.1  1917  176.1  1947  181.9  2020  167.3  1947  158.1  1945  124.8  1926   92.8  2014   56.4  2024   40.3  1998   151.2  1971   433.2  1971   517.8  1939   280.6  1937  1408.5  1942
   45.9  1997   62.6  1937   98.6  2006  137.1  1935  175.8  1937  180.0  1910  167.3  1916  157.4  1960  124.5  1925   92.6  1948   55.5  1993   40.2  1950   151.0  1925   433.1  1994   517.8  1985   280.1  1920  1404.5  1956
   45.7  1927   62.3  1951   98.1  1937  136.9  1983  175.4  1913  176.1  1965  166.4  2002  156.7  1939  124.0  1910   92.3  1972   55.4  1970   39.9  1977   150.2  2024   432.8  1958   517.7  2011   279.0  2014  1403.9  1939
   45.1  1916   61.5  1975   97.4  1925  136.0  2004  174.9  1993  174.4  1927  166.0  1961  156.5  2015  123.0  1960   92.1  2000   55.1  1950   39.9  1966   150.2  1950   432.5  2013   513.9  2000   278.4  2024  1402.8  1992
   44.2  1951   61.2  1974   97.4  1954  133.1  2001  173.0  2014  173.2  1937  166.0  2020  156.0  1967  122.4  2024   91.7  1913   54.5  2002   39.6  1940   150.0  1965   432.2  1951   511.7  1924   278.2  1951  1399.1  1979
   43.9  1943   60.8  1961   95.7  2024  132.7  1996  172.5  1914  171.7  1924  165.8  1930  155.4  1915  120.2  1998   91.6  2015   54.3  1935   39.4  1995   148.3  1979   429.7  2006   510.7  1979   278.2  1913  1397.2  2024
   43.8  2013   60.5  1913   95.5  1922  132.7  1972  172.2  2006  170.9  1936  163.9  1972  154.7  1962  119.3  1952   90.6  1932   54.3  2014   39.1  1941   148.2  1911   429.1  1999   508.7  2020   277.0  1969  1395.1  1945
   43.4  1938   59.8  1984   95.0  1959  132.6  1989  171.9  1925  170.4  1946  163.3  1974  154.4  1999  119.0  1972   90.4  1923   53.8  1916   38.7  1939   148.1  1931   428.4  1976   506.4  1986   276.5  1966  1391.4  1960
   43.4  1964   59.5  1944   94.4  1919  131.9  1928  171.6  2022  169.9  1983  163.1  1966  153.8  1931  118.7  1913   90.3  2009   53.8  1931   38.6  1921   148.0  1982   426.5  1917   506.1  1946   274.7  1967  1390.4  1983
   42.5  1925   59.1  1931   94.3  1923  130.0  1988  171.4  1945  168.5  1979  163.0  1970  153.8  1951  118.5  1932   90.0  1973   53.4  1966   38.5  1933   146.8  1957   425.5  1966   505.3  2008   274.7  1926  1389.9  1964
   42.2  2002   58.8  1964   94.0  1957  130.0  1970  170.9  2024  168.3  1966  160.6  2012  153.8  1927  118.5  2017   89.6  1989   53.2  1955   38.4  1945   146.8  1951   425.4  1978   505.0  1971   274.6  1942  1388.7  1938
   41.9  2021   58.0  1959   93.2  1971  129.8  1923  169.4  1973  167.8  1978  159.9  1992  153.1  1943  117.0  1962   89.4  1911   52.7  1933   38.0  1931   146.7  2011   425.1  1954   502.0  1963   274.4  1944  1388.4  1946
   40.9  1919   58.0  1954   92.2  1988  129.5  1981  168.7  1926  166.8  2002  159.5  1956  151.6  2006  116.3  1968   88.7  1935   52.5  1991   37.8  1922   146.4  1964   422.5  1972   500.6  1966   273.8  1934  1386.2  1991
   40.8  1939   57.9  1979   91.5  1911  128.8  2024  168.6  1916  166.7  1985  158.9  2010  151.1  1938  116.1  2000   88.5  1933   52.5  1959   36.2  1913   146.0  1996   421.8  1934   500.1  1998   273.1  1974  1385.4  1985
   40.8  1961   57.5  1991   90.8  1917  128.5  1986  167.9  1976  166.2  1988  155.7  1973  151.0  1987  115.7  1930   87.8  1978   52.3  1942   35.9  1985   146.0  1960   415.3  1988   496.3  1972   272.8  1918  1384.4  1923
   40.6  1922   57.5  1918   90.7  1914  128.3  1985  167.4  1950  165.3  2000  155.3  2023  151.0  1921  114.7  1992   87.4  1953   52.0  1974   35.5  1942   145.7  1975   414.4  1916   495.2  1932   272.2  1931  1382.9  1980
   40.2  1937   57.4  2010   90.4  1939  128.1  2012  167.2  2021  164.4  2019  154.5  2000  150.7  2010  114.7  2008   86.6  2019   51.9  1963   35.0  2015   145.5  1927   414.2  1925   493.8  1977   270.2  1939  1379.2  1930
   40.1  1926   57.1  1930   89.2  2001  127.5  1975  165.0  1999  162.8  1931  154.5  1998  150.1  1913  114.3  2001   86.5  2013   50.0  1981   33.4  1920   145.4  1954   413.7  1931   492.9  1981   269.8  1963  1377.1  1998
   39.4  1972   56.4  2009   88.3  1952  126.2  1932  165.0  1962  162.2  1944  154.1  1914  148.9  1977  114.3  1924   86.1  1957   49.8  2004   33.3  2002   142.9  1916   412.1  1960   492.2  2002   268.8  2000  1373.5  1910
   39.3  1944   55.3  1958   88.1  1951  125.1  1919  164.8  1931  160.9  1948  152.2  1981  147.8  1956  114.3  1967   86.1  1974   49.7  1984   33.3  1916   142.0  1924   406.5  1963   490.1  1988   268.7  1956  1358.9  1963
   39.2  1936   54.3  2017   88.1  1912  124.9  1992  164.0  2007  159.1  1980  149.1  1960  146.6  1969  113.8  1938   85.8  1942   49.2  1936   33.1  1968   141.6  1978   404.7  1993   489.2  1922   268.6  1910  1357.7  1944
   38.6  1948   52.7  1919   87.7  1977  123.7  1910  163.0  1965  159.1  1955  146.9  1980  145.1  2011  113.1  1916   84.6  2017   48.7  2019   32.4  1947   141.3  1923   403.9  1936   485.2  1936   268.5  1994  1348.8  1993
   38.3  1968   52.7  2024   87.4  1979  123.5  2018  162.6  1984  154.8  1912  146.4  1922  144.3  1910  113.0  1912   84.2  1924   48.6  1987   32.4  1919   141.1  1944   402.9  1975   484.8  1938   268.5  1982  1343.2  1926
   38.0  1953   52.2  1927   85.8  1975  123.1  1967  161.0  1923  153.7  1981  146.0  1988  144.3  1980  112.2  1957   84.2  1954   48.3  1924   32.3  1918   140.1  1976   400.6  1998   482.2  1937   266.0  1992  1343.0  1965
   37.9  1929   52.1  1935   83.4  1991  123.1  1979  160.7  1938  153.1  1977  145.5  1939  143.5  1978  111.9  1977   83.1  1940   47.8  1917   32.0  1953   139.9  1914   396.9  1920   481.2  1982   265.8  1958  1342.1  1924
   37.7  1975   51.9  1978   82.3  1980  122.2  1934  160.5  1985  152.7  1982  143.2  1910  142.4  1957  110.7  1950   83.0  1966   47.8  1997   32.0  1937   139.5  1947   396.7  1985   470.3  1916   265.4  1962  1328.7  1941
   37.6  1993   51.1  1912   81.8  1928  120.7  1998  160.2  1951  150.9  2007  142.9  1938  141.4  1946  110.2  1951   81.7  1991   47.7  1926   32.0  1959   139.4  1948   396.7  1947   467.6  1910   263.6  1950  1325.0  1987
   37.2  1915   50.8  1982   81.4  1983  120.3  1918  159.2  1967  150.2  1972  141.4  1957  141.2  1924  110.2  1994   81.2  1963   47.1  1953   31.8  1978   139.3  1938   395.6  1969   463.5  1968   262.1  1993  1321.1  1972
   36.8  1971   50.7  1924   79.6  2018  119.1  1964  156.7  1924  149.4  1956  141.3  1968  139.1  1925  107.5  1983   80.5  2005   46.5  1919   31.5  1958   139.0  1941   395.3  2024   463.2  1948   260.2  1957  1314.7  1978
   35.9  1960   50.5  1923   79.2  2005  117.9  1963  155.5  1928  146.1  1964  141.0  1978  136.1  1917  107.2  1984   80.3  1934   46.5  1944   31.5  1915   134.4  1926   391.0  1979   461.2  1944   259.2  1983  1310.5  1966
   35.7  1941   50.2  1917   77.6  1998  116.6  1971  155.2  1972  144.7  1953  138.7  1919  135.4  1920  106.7  1965   79.7  1916   46.2  1958   31.2  1910   133.2  1921   390.0  1913   461.1  1965   255.9  1912  1306.4  1936
   35.0  1942   50.0  1929   76.6  2023  115.9  1940  152.7  1912  140.2  1954  135.8  1936  133.9  1986  106.4  1920   78.2  1937   43.3  1994   30.9  1987   131.9  1969   386.5  1926   459.9  1920   252.7  1984  1300.7  1981
   34.9  1955   47.9  1993   76.0  2013  115.7  1926  152.4  1968  139.2  1971  135.8  1931  133.3  1968  106.0  1946   76.0  1946   42.9  1983   30.2  1971   128.9  1940   385.0  1923   457.0  1913   252.5  1927  1295.4  1931
   34.7  1950   47.7  1942   74.7  1992  114.2  1993  151.6  1930  139.1  1998  133.2  1954  133.2  1971  104.7  1922   75.3  1914   42.2  1962   29.9  2021   128.7  1929   373.2  1996   456.8  1927   251.8  1960  1295.0  1920
   34.7  1912   47.1  1976   74.4  1942  112.0  1913  151.2  1933  137.8  1958  131.4  1912  131.4  1942  103.6  1976   73.7  1918   42.0  1939   29.1  1930   127.6  1912   371.8  1991   456.7  1956   251.0  1936  1285.4  1927
   34.1  1973   47.1  2011   70.3  1947  111.7  1930  150.8  1994  137.6  1916  131.4  1962  131.4  2021  102.3  1969   72.2  2025   41.7  1945   29.0  1969   126.1  1993   371.3  1930   452.4  1931   250.3  1932  1278.4  1954
   33.3  1914   44.1  1980   70.2  1960  111.5  1978  150.8  1941  135.5  1991  129.9  1932  128.7  1922  102.0  1927   71.3  1910   41.5  1968   28.6  2023   125.8  1919   370.9  1964   452.4  1978   246.8  1924  1276.5  1958
   33.2  1969   43.0  2026   69.1  1936  110.2  1931  148.9  1954  135.2  1923  128.6  1927  128.6  1958  101.8  1941   68.1  2020   41.2  1941   27.8  2024   124.4  1935   370.4  1937   450.3  1980   246.7  1916  1276.0  1916
   32.8  1913   42.3  1926   68.9  1969  106.5  1941  140.8  1969  134.8  1997  125.9  1937  127.4  1948  100.2  1956   67.3  1982   41.1  1932   27.1  1927   122.1  1966   369.2  1928   440.4  2012   245.0  1941  1267.9  1937
   31.7  1921   39.8  1972   64.5  1916   97.0  1961  139.1  1981  129.9  2016  125.8  1920  126.2  1963   99.9  1993   65.9  1960   39.1  1946   26.0  1989   121.9  1942   362.1  1941   440.4  1958   231.0  1945  1265.2  1968
   31.3  1966   36.8  1965   62.9  1981   96.4  1937  138.8  1991  121.3  1990  118.3  1913  122.2  1954   99.7  1931   64.1  1915   37.0  1934   24.6  1912   118.0  1913   352.1  1932   437.3  1987   230.3  1976  1262.1  1932
   31.1  1970   36.8  1966   62.3  1996   91.1  1966  123.3  1983  118.2  2012  114.1  1965  115.9  2008   99.3  1936   63.7  1976   36.8  2015   23.9  1934   109.4  1972   341.6  1983   395.6  1954   221.1  1946  1254.7  1913
   25.4  1917   29.1  1947   58.7  1964   86.9  1920  108.1  1932  117.2  1987  113.0  1944   89.9  1912   89.7  1945   60.8  1968   35.1  1912   19.9  1956   108.8  1917   331.6  1981   376.1  1912   218.6  1968  1202.7  1912
   20.3  1996   28.1  1940   57.4  1984    ---  2026    ---  2026    ---  2026    ---  2026    ---  2026    ---  2026    ---  2026    ---  2026    ---  2026     ---  1910     ---  2026     ---  2026     ---  2026     ---  2026
