Areal values from HadUK-Grid 1km gridded climate data from land surface network
Source: Met Office National Climate Information Centre
Monthly, seasonal and annual total duration of bright sunshine for England E and NE
Areal series, starting in 1910
Last updated 01-Apr-2026 11:34
    jan  year    feb  year    mar  year    apr  year    may  year    jun  year    jul  year    aug  year    sep  year    oct  year    nov  year    dec  year     win  year     spr  year     sum  year     aut  year     ann  year
  102.6  2022  122.6  2019  176.3  2022  232.8  2025  276.1  2020  282.3  1940  292.0  2006  250.9  1995  184.4  1986  134.2  1931  100.0  2005   77.3  2014   247.9  2015   665.0  2025   728.0  1976   384.9  1986  1749.6  2025
   89.1  2023  112.9  2008  176.0  2012  232.7  2021  261.6  2018  272.0  1957  257.5  1976  240.7  1947  182.3  1911  133.6  1981   94.3  2006   65.2  1999   246.3  2019   653.3  2020   694.2  1989   357.6  2003  1740.8  2022
   81.9  1959  107.5  1988  174.4  2025  224.2  2015  257.7  2025  248.4  1960  257.4  1911  231.2  2022  171.8  1914  132.4  1959   92.4  1947   65.2  2009   239.4  2000   559.1  2011   655.5  1975   344.9  1981  1725.3  2003
   80.9  2025  106.1  1949  168.2  2003  223.6  2020  253.6  1989  245.2  1975  252.9  1955  228.2  1975  167.8  1991  130.3  2022   89.8  1973   65.1  2017   236.8  2022   549.1  2009   653.9  1995   343.8  2006  1669.1  1989
   77.5  2000  103.0  2016  160.9  2009  220.5  1914  249.5  2001  242.9  1970  247.3  1989  228.1  1976  165.2  1959  129.1  2003   89.3  1988   64.6  2001   234.4  2023   548.0  2003   644.9  1933   343.8  1959  1658.3  1995
   76.2  2015   99.8  2003  157.4  1929  216.8  2011  233.8  1992  242.3  1976  246.2  1935  219.1  1989  163.0  1929  126.9  2008   88.5  2017   63.1  2004   220.5  2001   543.5  1990   640.8  1911   341.0  1921  1640.5  2018
   73.7  1991   99.2  2022  153.9  1995  208.1  1942  230.4  2009  239.3  2023  246.1  2018  209.4  1990  162.7  2003  126.2  1995   87.3  2013   62.3  1962   218.2  2020   539.6  2022   637.9  2018   340.9  1971  1622.0  2019
   73.3  2012   98.7  1943  153.6  2020  200.2  1984  227.8  1956  238.1  1969  242.3  2013  208.7  2003  161.9  2019  125.6  2018   84.8  1996   61.2  2006   211.9  1989   539.2  2015   635.3  2022   336.3  1929  1607.7  2015
   72.9  2007   98.2  1970  152.7  1933  200.1  2007  225.7  1921  235.5  1949  240.4  1934  206.4  1933  161.7  1979  123.7  1986   84.5  1985   61.2  2003   210.6  2007   533.1  1982   630.7  2006   335.1  2018  1601.3  2006
   72.7  2001   97.6  1999  147.5  1967  198.0  1912  223.8  1982  232.8  1950  236.0  1990  202.5  2016  160.0  2006  122.0  1921   82.2  2016   60.7  2019   207.5  2018   526.5  2019   625.8  1959   334.8  2007  1581.6  1959
   70.2  2019   96.7  2000  145.7  1982  196.3  1990  222.3  1943  228.1  1933  234.9  1928  199.5  2007  159.3  1964  119.8  1955   79.8  1977   60.5  2022   202.7  2008   526.4  1948   611.9  1996   332.5  2012  1576.3  2020
   67.3  2020   96.6  1973  141.9  2026  192.4  2003  221.6  1971  227.8  1989  228.2  2014  196.8  2019  159.0  2015  117.8  1917   76.9  1930   59.2  2010   201.6  1949   518.5  2017   607.3  1949   327.5  1979  1575.1  2009
   66.6  1952   96.4  1989  141.0  2019  191.5  2022  220.1  1980  227.3  2025  219.6  1995  196.1  1991  158.5  1954  117.7  1971   76.7  1986   59.0  1967   201.0  1999   517.6  1995   604.9  1935   326.4  1999  1555.5  1955
   65.6  1962   95.5  1934  140.9  1948  190.2  2002  217.8  1997  223.3  1996  216.3  1959  196.1  1959  157.4  1997  116.9  2007   76.3  1989   58.1  2013   199.9  2012   517.1  2021   601.1  2003   326.0  2016  1546.3  2011
   65.3  1932   94.4  2015  137.5  2007  189.3  2019  217.1  2005  223.2  2018  213.2  1984  192.2  1926  157.4  1999  116.7  1930   75.7  1910   57.9  2012   199.6  1995   510.7  1921   599.0  2013   324.8  1988  1537.2  1949
   65.1  1967   94.2  2001  137.0  1931  183.3  1968  216.0  1959  220.0  2010  213.2  1999  189.0  1983  157.1  1987  114.5  1926   73.5  2010   57.8  2005   198.7  2004   508.4  2010   597.6  2025   323.7  1947  1536.2  1990
   64.5  1931   91.5  2004  135.4  2017  179.4  1921  214.9  1990  215.3  1914  210.5  1933  188.9  2000  156.3  2004  112.8  1996   73.2  2021   57.0  1994   198.6  1952   505.9  1929   596.8  1940   321.7  1964  1534.1  2017
   64.4  1965   90.2  2020  135.2  1955  177.4  2017  213.7  1922  213.4  1959  210.3  1996  188.9  1984  156.3  1921  112.2  1997   73.2  1975   56.4  2008   192.3  1967   503.0  1956   593.2  1955   317.5  1955  1530.0  2007
   63.7  1994   87.5  1995  135.1  1953  174.7  1948  213.3  1940  212.6  1962  209.2  1971  187.0  1997  156.0  2012  111.7  1919   72.9  2023   54.9  1976   192.2  2014   499.5  1943   582.3  1984   315.0  1923  1527.0  1921
   63.4  1999   86.6  1946  134.2  2008  174.4  1945  211.3  2008  212.0  2003  207.3  1997  186.5  2014  156.0  1940  111.6  1956   72.7  1922   54.4  1975   191.3  2005   497.8  2007   581.7  1928   314.0  2011  1526.4  2023
   61.6  1989   86.4  1957  132.3  1990  174.1  1951  211.1  2010  211.9  1973  206.6  1969  184.8  2025  155.5  1963  111.4  1929   72.7  1925   54.3  1973   187.5  2002   490.8  1953   580.7  1969   313.5  1911  1524.8  2010
   61.4  2024   84.9  1997  132.3  1997  174.0  1936  210.8  1977  210.5  1921  204.2  1994  183.5  1911  154.1  1981  111.2  2024   72.3  2009   54.0  1988   186.7  1992   489.8  1989   578.6  1994   312.5  2010  1518.2  2016
   60.2  1934   84.8  1998  131.9  2014  173.4  2010  210.8  1948  210.3  1917  196.4  1983  183.4  2024  153.8  2005  110.9  1998   72.2  1938   53.6  2000   186.7  2003   483.4  1955   578.4  2014   312.1  2005  1508.1  2021
   60.2  1984   84.8  2023  131.8  2011  170.7  1994  210.4  2011  210.1  2022  196.1  1943  183.0  2005  153.5  1971  110.1  2001   72.1  1978   53.6  2016   185.2  1934   483.2  1997   576.3  1934   310.0  1996  1501.3  2013
   60.2  1986   84.1  2014  130.1  1961  170.4  2006  209.7  2004  210.0  1922  195.9  1921  182.9  2017  153.2  1915  109.5  1983   71.1  1979   53.6  2018   184.4  1963   483.2  2001   567.2  2023   309.8  1928  1498.5  1975
   59.7  1992   83.4  2018  127.1  1910  168.5  1995  209.5  1949  209.7  1925  194.9  1949  181.8  1935  152.7  1933  107.4  2012   70.1  2007   53.4  1974   182.4  1962   477.4  2008   566.6  1950   309.5  1954  1492.8  2001
   59.6  2017   82.6  1928  126.8  1924  168.3  2013  209.2  1935  209.4  1967  194.0  2022  181.7  1988  152.7  2020  106.9  1952   69.7  1971   52.4  1926   181.6  1988   476.9  2012   563.2  2015   308.5  1995  1490.8  1911
   59.4  1958   82.3  1920  124.4  2015  165.2  1946  207.5  1919  208.6  1994  191.2  1917  181.2  1930  152.5  2025  106.8  1984   69.1  2012   52.4  2011   181.2  2025   474.5  2002   562.6  1947   307.5  1997  1485.6  1943
   59.0  2018   82.3  1952  124.0  2010  163.7  2016  205.7  2017  207.6  1918  190.6  2021  180.3  2013  152.5  1955  106.7  1958   68.6  1923   50.8  1965   180.8  1932   473.1  2016   559.1  1990   304.6  1985  1483.8  1999
   58.9  1983   81.3  1996  123.7  1943  163.7  1982  203.2  1966  205.4  1915  190.0  2009  180.2  1953  151.9  1934  105.9  1961   68.1  1998   50.3  1936   179.8  2013   472.9  1942   557.8  1970   304.2  2013  1476.5  1994
   58.5  1990   80.0  2002  123.5  1986  163.5  1915  202.9  1964  205.1  1939  189.1  1967  180.1  2015  151.3  2011  105.4  2011   67.9  1943   50.2  1946   177.5  2016   471.4  2018   553.7  2009   303.6  2022  1475.9  1929
   57.6  2003   78.9  2021  123.5  1994  162.1  1980  201.9  1953  204.9  1920  187.4  2016  179.2  1972  150.1  1982  105.0  1980   67.6  1961   49.8  1966   176.3  2021   469.4  1915   545.8  1983   303.4  1987  1472.9  1997
   56.8  2011   78.7  1950  123.1  1950  161.2  1969  200.7  1929  204.3  2015  186.0  1929  178.3  1996  149.7  1923  104.8  1999   67.1  1969   49.8  1951   175.1  2017   466.4  1980   545.2  1918   302.9  2021  1470.9  2014
   56.2  1964   78.0  1992  122.2  2000  160.7  2023  199.3  1974  203.0  1930  185.5  2025  177.9  1919  149.2  1928  104.5  2010   66.5  1954   49.5  1955   174.8  1994   461.5  1914   543.2  2019   301.4  1991  1470.3  1986
   56.1  1923   77.5  2013  121.4  2002  160.3  1939  199.2  1957  201.4  2021  185.1  1991  177.2  1961  147.8  2007  104.2  1985   66.4  1992   49.5  1993   174.6  1943   456.5  1977   541.3  2024   299.9  1975  1464.4  2005
   55.7  2005   77.4  1960  118.8  1956  160.0  1977  198.3  1952  200.7  2006  185.0  2008  177.1  1936  146.6  1942  104.0  1951   66.2  2024   49.4  1929   171.6  1974   456.0  2006   540.3  1967   299.0  1926  1462.1  2008
   55.6  1963   77.4  1967  118.7  1970  158.2  1952  198.0  2016  200.4  1968  184.5  2019  176.9  1949  145.9  2018  103.7  1967   65.8  2003   49.2  1986   170.9  2010   455.5  1945   540.3  1960   298.9  2019  1456.5  1933
   55.1  1910   76.5  2007  117.5  1945  157.7  2009  197.2  2023  199.9  1911  183.5  1945  174.5  1992  145.3  2023  103.1  1922   65.5  1972   49.1  1952   169.6  2011   454.4  1946   538.9  2010   298.6  2004  1449.8  1976
   55.1  1995   76.0  1939  117.5  1965  157.0  1922  196.5  1986  198.4  1986  183.4  1918  173.8  1923  143.0  1947  102.5  1936   65.5  1952   49.0  1991   169.0  1983   453.5  2023   538.3  2017   298.3  2024  1448.8  1970
   55.0  1974   75.5  1937  116.4  1966  156.4  1956  196.2  2019  196.5  2011  182.1  1975  173.5  1974  142.7  1988  101.7  1964   65.2  1976   48.9  1979   168.9  1997   453.0  1949   538.0  1921   297.9  1961  1448.0  1935
   54.4  1956   74.4  1955  115.6  1938  156.2  1955  195.6  1942  196.0  1951  180.4  2003  172.8  2009  142.5  2016  101.4  1938   65.2  1915   48.0  1984   168.8  1958   453.0  1959   537.0  1930   297.7  1989  1438.4  1952
   53.9  1982   74.2  2012  115.6  1972  154.2  1959  195.5  1978  195.7  1942  179.6  1950  171.6  1914  141.5  1953  101.3  2016   65.0  2008   47.2  1935   167.6  2009   452.4  1922   532.1  2005   297.4  2015  1432.5  2004
   53.3  2010   72.6  1990  115.4  1973  154.0  1916  195.2  1995  193.8  1992  178.9  2017  171.2  1952  139.4  1932  100.9  2000   64.1  1999   46.8  1981   167.4  2006   451.1  1994   530.2  1992   296.9  2025  1430.0  1988
   53.3  2021   72.5  2005  114.8  2021  153.8  1953  194.6  2000  191.0  2009  178.8  2015  171.1  1955  137.2  2009  100.9  1920   63.7  2018   46.7  1960   165.3  1973   447.7  2000   525.3  1952   296.0  2009  1422.5  1984
   52.9  1930   72.0  1962  114.0  1915  153.6  1943  194.0  2012  190.9  1941  178.8  1952  171.0  1970  136.4  2021  100.1  1970   62.7  1965   46.6  1925   165.0  1987   443.1  1992   525.2  2016   295.8  2008  1421.9  2012
   52.6  1981   71.7  1936  113.8  1989  153.4  1965  192.7  2006  190.7  2024  178.6  1951  170.4  2001  136.0  1935  100.0  1928   62.7  1921   46.0  1949   164.7  1936   441.8  1952   524.5  1914   294.5  1973  1421.8  1934
   52.3  2009   71.5  1922  113.7  1944  151.5  1962  192.1  1955  186.1  1943  178.1  1942  170.3  1981  135.5  2013   97.9  1962   62.5  1913   45.8  1980   164.6  1991   440.0  1935   524.3  1991   294.4  1943  1419.2  1940
   51.7  1949   71.4  1985  113.6  1978  151.0  2005  192.0  1915  185.1  1961  178.0  1925  169.5  1964  135.4  1926   96.6  1923   62.0  1967   45.5  1954   164.5  1937   434.7  1939   523.1  1941   293.4  2023  1417.5  1973
   50.9  1979   71.3  1932  112.0  1962  149.5  1999  191.8  1960  184.7  1979  175.1  2011  168.8  2023  135.3  1975   96.5  1987   61.9  1929   45.4  1957   164.2  1968   434.5  1970   523.0  1997   293.1  1930  1413.9  2000
   50.9  1977   71.2  1933  111.5  1993  149.4  1927  190.6  2015  184.2  1945  175.0  2001  168.7  2018  134.5  2010   96.0  1950   61.6  2001   45.1  1982   163.7  1959   434.0  2005   521.0  1917   291.6  1917  1413.8  1914
   50.7  1938   69.2  1910  111.5  2016  149.2  1949  188.9  1975  183.8  1938  174.9  1941  166.4  1973  134.3  1919   95.6  1994   60.7  2000   44.8  1961   163.0  1977   433.2  1986   520.9  2021   291.3  1914  1413.5  1967
   50.4  2026   68.4  1945  110.0  1985  148.7  1991  188.5  1911  183.5  1946  174.7  1946  166.2  1998  132.8  1943   95.3  1969   60.7  2025   44.6  1921   162.4  1981   432.3  1912   519.7  1926   290.8  2017  1412.4  1996
   50.0  2014   67.1  1914  109.4  2001  148.5  1960  187.4  2003  183.5  1995  174.7  1923  165.8  1994  130.0  2002   95.0  1925   60.7  1964   44.4  1970   161.7  2024   430.8  1968   518.5  1929   290.4  1963  1408.8  1992
   49.7  1920   67.0  1987  107.9  1926  147.8  1929  186.7  1920  183.2  1928  173.1  1926  165.3  2010  129.8  1989   94.7  1979   60.5  1928   44.2  1931   161.3  1920   430.5  2004   517.2  1951   288.6  1919  1402.9  1982
   49.5  1940   66.6  1971  105.6  1921  147.2  1954  186.0  1946  181.8  2005  173.1  1964  165.2  1934  128.3  1937   94.6  2014   60.1  2020   44.1  2020   160.8  1998   428.2  1957   515.5  1925   285.7  1942  1395.9  1928
   48.9  1987   66.5  1963  105.6  1913  145.6  1947  185.3  1996  181.2  1919  172.7  1963  163.6  1928  128.2  1918   93.7  1942   58.9  1927   44.1  1964   160.5  1990   427.0  1984   515.0  1957   285.6  1958  1387.5  1947
   48.8  1951   66.1  1916  105.0  1958  145.2  1987  183.8  1963  181.1  1929  171.4  2007  162.2  1993  128.2  1958   93.7  1943   58.3  1948   44.0  1983   159.7  1946   426.8  1931   513.9  1999   283.6  1934  1385.0  1957
   48.7  1976   65.9  2025  104.9  1999  144.0  1958  183.6  1918  180.3  1932  171.3  1924  159.4  1940  127.9  1973   93.7  1977   58.2  1957   43.8  1948   159.1  1984   426.7  1965   513.2  1945   283.1  2020  1374.0  1915
   48.6  1928   65.5  1925  104.7  2004  142.9  1957  182.9  1988  180.2  1984  169.1  1953  158.8  1982  127.7  1980   93.3  1945   57.7  1974   43.5  1943   158.6  1939   426.2  1962   511.0  1973   282.8  1978  1370.1  2024
   47.5  1945   65.0  1983  104.7  1920  140.1  1973  182.7  1926  180.0  1936  168.4  1966  158.4  2004  126.7  1944   93.3  1965   57.6  1940   43.3  2025   158.5  1986   424.9  2014   510.3  2011   282.5  1980  1369.9  1981
   47.4  1988   64.3  1968  104.3  1927  138.8  1938  181.9  1917  179.8  1963  168.4  1977  157.7  1965  126.7  2022   93.3  2021   57.5  1911   42.9  2007   158.4  1956   424.4  1973   508.9  2001   282.4  1940  1365.4  1945
   46.8  2008   64.2  2006  104.0  1968  137.9  1950  180.8  1961  179.7  2004  167.4  2005  157.2  1941  126.6  1970   93.2  1912   57.3  2011   42.9  1928   157.5  1985   423.3  1940   505.1  2007   281.9  1970  1364.9  1951
   46.6  1980   64.1  1958  103.3  1946  137.2  1970  180.8  2013  179.3  1927  167.2  2024  155.9  1931  126.6  1949   93.2  1993   57.2  1981   42.0  1917   157.4  1982   419.3  1938   505.0  1943   281.1  1951  1360.6  1953
   46.3  1978   64.0  1981  102.0  1935  135.1  1932  178.7  1970  178.9  1988  167.0  1979  154.9  2012  126.4  1917   93.0  1949   57.0  1991   41.9  1932   157.3  1955   418.1  2013   504.8  1993   280.2  1915  1359.9  1977
   46.0  2004   63.9  1986  101.7  1940  135.1  1925  178.5  1939  178.5  1913  166.9  1958  154.3  1950  125.7  1995   92.9  1988   57.0  1994   41.9  1996   155.2  1933   417.9  1987   504.3  1988   278.5  1938  1359.5  2002
   45.8  1936   63.3  1961   99.0  1976  134.7  1981  178.4  1984  178.0  2008  166.9  1982  154.3  1918  124.5  1974   92.3  2019   56.9  1918   41.8  1923   155.1  1970   417.3  1999   504.3  1915   278.3  1925  1357.3  1950
   45.8  1918   62.8  1921   98.8  1963  133.2  1924  177.4  1998  176.9  1974  166.6  1993  152.9  1960  124.3  1961   92.3  1963   56.9  1936   41.8  1941   154.8  1945   413.6  1971   502.8  2004   277.8  1933  1348.8  1926
   45.4  1911   62.8  1911   98.8  1925  133.2  1997  177.2  1934  176.9  1935  164.7  2004  151.5  1929  124.1  1978   92.1  2004   56.9  1956   41.2  1990   154.3  1928   413.0  1910   502.2  1974   277.7  1956  1347.7  1948
   45.3  2006   62.3  1974   98.5  1930  131.9  2008  176.8  1947  176.5  2017  164.3  1948  151.0  1937  123.6  1990   91.7  1989   56.6  1995   39.9  1998   153.5  1961   410.1  1958   500.3  1979   274.2  1977  1346.9  1971
   44.5  1943   62.2  1953   97.6  1917  130.8  2000  175.6  1987  176.4  2013  164.3  1947  150.3  1944  122.5  1951   91.4  1975   55.2  1970   39.3  1938   153.4  1957   409.9  1974   495.0  1981   274.1  1998  1346.3  1961
   44.4  1916   61.9  2024   97.1  1987  130.2  1923  173.1  1910  176.0  1993  163.0  1985  150.0  1977  120.9  2024   91.2  1939   54.5  1982   39.2  1977   152.2  1964   407.7  1951   493.9  1936   273.3  1952  1344.6  1979
   44.4  2013   61.9  2017   97.0  1932  129.3  1944  171.8  2022  175.3  1952  161.9  1992  148.6  1979  120.3  1957   91.1  2002   54.5  1951   38.9  1944   151.9  1953   407.3  1961   490.0  1946   273.1  1949  1341.6  1991
   44.3  1935   61.7  1941   96.7  1988  129.1  2014  169.6  2021  174.7  1910  161.6  1986  148.4  1962  120.0  1916   90.8  1934   54.5  1960   38.5  2023   151.8  1950   406.5  1966   489.6  1961   271.7  1967  1340.6  1962
   43.9  1957   61.6  1994   96.0  2024  128.8  1935  169.3  1931  171.4  1965  159.4  1915  146.3  2002  119.9  1924   90.8  1944   53.9  1950   38.4  1939   150.7  1922   406.2  1944   487.8  1923   269.9  2002  1340.5  1974
   43.8  1998   61.2  1969   95.8  1939  127.4  1928  168.9  1973  170.8  1934  159.3  1981  145.9  1985  118.0  2017   90.8  1924   53.9  1937   38.1  1914   150.3  1976   406.1  1978   484.7  1942   269.2  2001  1335.8  1942
   43.5  1961   60.9  1915   95.8  1934  126.9  2018  168.2  1981  169.1  1955  159.1  2023  145.5  1945  115.8  1985   90.4  1941   53.5  1949   38.1  1940   148.4  1930   405.0  1919   484.5  1919   268.4  1944  1330.8  1925
   43.4  1924   60.3  1951   95.6  1975  125.7  2024  164.8  1938  165.4  1981  155.2  1940  144.3  1966  115.2  1966   90.3  1927   51.7  1966   37.3  2015   145.7  1951   402.5  1975   483.6  1939   268.0  1953  1328.6  1956
   43.4  1954   60.0  1964   95.6  2023  124.3  2001  163.9  2014  164.1  1985  153.8  1987  143.9  1938  114.6  2014   90.3  2015   51.5  1990   36.6  1950   145.3  1931   400.0  1967   481.8  1977   266.6  1931  1325.3  1922
   43.2  1939   58.9  2009   94.9  1941  123.3  1976  163.8  1979  163.7  1924  153.6  2010  143.7  1916  112.4  1996   89.6  2006   50.9  1944   36.5  1945   144.8  1927   399.6  1926   481.6  1972   266.1  1957  1319.8  1964
   43.2  1993   57.3  1977   94.5  1923  122.8  1996  163.6  1945  163.7  2014  153.6  2002  142.6  1951  111.8  1994   89.4  1972   50.8  1958   36.4  1992   144.3  1971   399.0  1960   478.9  1986   264.5  1983  1319.4  1918
   42.9  2002   57.2  1938   94.3  1949  122.5  1989  163.3  1944  163.5  1978  152.9  1972  142.5  2020  111.7  1913   88.3  1947   50.3  1962   36.0  1963   142.6  1965   397.3  1963   478.4  1964   264.3  1994  1316.4  1946
   42.1  1933   56.8  1982   93.9  1918  122.2  1983  163.0  1993  163.5  1977  152.8  1930  141.8  1913  111.4  1945   87.9  1948   50.2  2004   35.7  1995   141.2  1918   396.8  1927   476.7  2000   264.2  1935  1315.5  1923
   42.1  1997   56.5  1979   93.7  1914  120.5  1931  162.9  1999  163.4  2001  151.9  1974  141.8  1967  111.2  1948   87.6  1957   50.1  1939   35.0  2021   140.8  1960   396.1  1936   475.5  1962   264.1  1982  1315.4  1939
   42.0  1975   56.2  1948   93.0  2006  120.2  1974  162.9  2002  163.0  2002  150.8  1956  140.0  1999  111.1  1983   86.6  1978   49.9  1980   34.5  2024   140.7  1916   394.8  1911   474.2  1922   262.8  1969  1314.1  1938
   41.5  1947   54.9  1984   91.7  1912  119.6  1992  162.7  1962  161.9  2019  146.2  1998  139.5  1915  110.6  1925   86.4  2009   49.8  1987   34.4  1985   139.6  1975   394.4  1924   473.0  1985   262.6  1932  1313.7  1960
   40.9  1968   54.5  1956   90.3  1974  118.9  1911  162.3  1936  160.7  1999  145.7  1939  138.8  1932  109.4  1992   86.3  1990   49.7  1916   33.7  1971   138.6  1911   392.2  1947   472.8  2008   261.7  2000  1312.2  1936
   40.7  1953   54.4  1927   89.7  1992  117.9  1975  161.3  1937  160.3  1983  144.7  2012  138.8  2011  109.1  1956   85.5  1992   49.4  1914   33.7  1922   137.3  1925   392.0  1988   469.1  1938   261.4  1990  1311.2  1969
   39.6  1925   53.6  2011   88.4  1951  117.4  1933  161.2  1958  158.8  1937  144.0  1970  138.5  1958  108.8  1968   84.4  1954   49.2  1926   33.6  1911   136.6  1938   391.2  1950   467.4  1953   261.3  1992  1308.2  1917
   38.7  1937   53.4  1918   87.5  1911  116.2  1967  160.2  2007  157.7  1947  143.8  1988  138.5  1910  108.1  1960   84.3  1932   48.8  2002   33.3  1947   136.3  1978   391.0  1933   464.4  1924   258.9  1922  1307.4  1963
   38.0  1985   52.9  1931   87.1  1954  116.1  2004  157.8  1972  157.5  2000  142.6  2020  138.1  2006  107.1  1950   84.2  2017   48.0  2015   32.8  1913   133.5  2026   390.9  1917   462.9  2002   258.6  1924  1303.6  1930
   38.0  1927   52.5  2010   86.6  1979  115.6  1998  157.0  1994  156.7  1948  142.5  1916  137.4  1927  106.8  1910   83.7  2025   47.9  1924   32.3  1924   131.7  1924   388.7  1918   461.6  1963   258.3  1972  1292.7  1983
   37.9  1972   52.4  1913   86.1  1957  114.7  1963  155.8  1965  154.4  1926  141.4  1938  136.0  1969  106.0  1967   82.7  1935   47.6  1920   32.2  1997   131.2  1996   388.1  1972   458.9  1971   257.6  1974  1289.9  1980
   37.9  1944   50.9  1978   85.7  1977  114.6  1972  154.4  1930  153.2  2020  139.5  1978  134.6  1922  104.9  1938   82.5  1913   47.4  1917   32.1  1958   131.2  1914   387.3  1934   451.5  1966   257.6  1910  1288.2  1919
   37.4  1955   50.7  1912   85.4  1952  114.3  1934  153.4  1923  150.2  1944  139.0  1960  132.7  1939  103.9  2008   82.0  1953   47.0  2014   32.0  1972   130.2  1941   385.4  1925   450.0  1982   257.4  1948  1279.1  1985
   37.2  2016   49.8  1991   85.0  1971  113.5  1964  151.6  1925  149.5  1972  137.6  1914  131.8  1946  103.4  1972   81.5  2013   46.6  2022   31.5  1953   130.0  1980   385.1  1920   449.8  1927   257.1  1950  1275.0  1958
   36.8  1973   49.7  1959   85.0  1919  113.2  1986  151.0  2024  146.8  1980  136.9  1936  131.5  1921  103.3  1946   80.7  1933   46.4  1931   31.5  1918   129.1  1944   378.9  1993   445.6  1932   256.7  1913  1275.0  1931
   36.6  1946   49.0  1993   84.4  1983  112.8  1910  147.3  1914  144.2  1931  136.1  1980  131.2  1980  102.8  1920   76.8  1973   46.1  1959   31.5  1968   128.8  1979   378.2  1923   442.7  1910   256.2  2014  1268.0  1910
   36.0  1960   47.7  1919   84.2  1980  112.4  1919  147.1  1916  143.1  1991  135.9  1954  129.3  1924  102.0  1912   76.6  1991   45.5  1935   31.4  1942   128.7  1993   375.6  1954   441.9  1998   254.8  1918  1257.6  1998
   35.4  1948   47.7  1944   83.0  2018  112.4  1988  145.2  1951  139.6  1956  133.2  1927  128.9  2021  100.9  1952   75.4  1974   45.4  1942   30.4  1910   128.0  1915   373.1  1998   440.9  1920   254.4  1936  1250.3  1993
   34.6  1922   47.4  1935   82.8  1959  111.4  1917  144.6  1913  139.4  1923  132.7  1973  127.8  1925  100.6  1977   75.1  2023   45.2  1955   30.3  1915   126.4  1923   372.7  2024   438.3  2020   251.2  1920  1246.4  1987
   34.0  1926   47.2  1976   82.3  1937  111.1  1918  143.5  1968  138.8  1966  130.4  2000  126.6  1987  100.3  1969   75.1  1910   44.6  2019   30.0  1920   125.8  1947   366.7  1981   433.9  1968   250.5  1937  1244.3  1965
   33.3  1971   46.5  1924   81.7  1922  110.6  1985  143.0  1927  135.9  1964  129.6  1922  126.4  1968  100.1  2000   73.6  1911   44.6  1984   29.5  1933   124.9  1948   362.6  1916   432.3  1937   250.0  1984  1239.6  1924
   33.1  1919   46.2  1917   80.1  1998  110.1  1979  142.7  1941  135.3  2016  129.6  1910  125.6  1956   99.6  1930   73.1  1916   44.5  1953   29.4  1989   124.6  1926   360.5  1979   428.5  1948   247.7  1927  1239.4  1920
   31.8  1970   46.1  1930   69.8  1947  110.0  1913  142.6  1912  134.2  2007  127.3  1961  125.5  1971   98.6  1984   71.8  1966   44.4  1933   29.2  2002   124.2  1969   360.2  1913   426.9  1965   244.3  1945  1231.3  1972
   31.8  1929   44.2  1975   69.2  1942  109.1  1926  141.4  1954  129.8  1954  126.5  1932  122.8  1943   98.4  1927   70.3  2020   43.9  1983   29.2  1919   122.8  1921   359.4  1964   423.7  1958   242.8  1916  1220.0  1932
   31.5  1969   44.1  1926   69.0  2013  108.4  1940  137.1  1985  129.5  1998  125.4  1919  121.6  1957   98.3  1939   70.1  1914   42.6  1919   28.6  1937   118.7  1954   357.7  1985   419.9  1931   241.4  1965  1219.3  1978
   31.3  1914   43.8  1954   66.8  1991  107.0  1971  136.7  1928  128.7  1997  122.6  1937  119.4  1917   97.5  2001   69.7  1918   42.6  1963   28.6  1916   116.9  1940   354.0  1976   417.7  1913   239.5  1939  1209.8  1927
   31.2  1912   42.2  1942   66.2  1928  106.8  2012  136.2  1967  124.3  1982  121.4  1957  119.2  1920   95.0  1998   68.9  1940   41.7  1993   27.9  1930   115.5  1912   353.2  1996   416.0  1956   239.0  1962  1208.0  1966
   30.4  1941   39.8  2026   66.0  2005  104.5  1993  134.4  1924  124.2  1971  119.8  1931  118.9  1986   95.0  1936   68.3  1937   40.9  1934   27.4  1959   112.4  1919   349.9  1969   414.1  1980   238.7  1966  1206.0  1968
   29.9  1921   36.6  1923   65.1  1969   99.3  1941  131.7  1976  119.2  1912  116.9  1920  111.0  1942   90.7  1962   67.7  1976   39.6  1945   26.7  1987   112.4  1966   346.5  1930   411.8  1978   229.8  1912  1201.3  1941
   28.9  1915   36.2  1966   63.8  1981   97.0  1978  130.2  1950  118.3  1958  114.4  1962  109.8  2008   89.8  1993   63.1  1946   39.1  1941   25.0  1969   110.4  1935   343.5  1991   407.1  2012   224.7  1993  1199.6  1944
   27.1  1950   34.5  1980   61.6  1916   96.4  1961  128.1  1991  118.2  1953  107.1  1968  109.0  1963   86.0  1931   63.0  1968   38.9  1932   23.1  1956   108.7  1929   336.9  1941   400.5  1944   217.1  1976  1186.4  1954
   25.4  1966   34.1  1947   59.8  1936   93.7  1920  123.7  1969  113.8  1990   99.9  1944  108.9  1978   85.4  1965   61.8  1915   37.8  1997   23.1  1927   105.1  1972   333.3  1932   398.8  1916   214.3  1960  1145.3  1937
   20.2  1913   34.0  1965   58.7  1960   93.7  1930  120.9  1933  112.7  1916   99.9  1912  107.5  1948   84.2  1976   59.4  1982   34.6  1912   21.4  1978   102.7  1942   330.3  1928   382.5  1987   207.4  1941  1143.3  1916
   18.7  1942   33.9  1929   48.4  1984   86.8  1966  108.0  1983  107.5  2012   97.8  1965  102.9  1954   83.1  1922   58.3  2005   32.9  1968   20.9  1912    93.5  1913   319.9  1937   368.6  1954   204.7  1968  1140.0  1913
   16.6  1917   33.4  1972   45.1  1996   76.3  1937  101.2  1932  102.1  1987   97.4  1913   72.0  1912   77.9  1941   51.8  1960   32.2  1946   18.8  1934    91.3  1917   314.6  1983   291.1  1912   198.6  1946  1056.0  1912
   14.2  1996   29.0  1940   43.0  1964    ---  2026    ---  2026    ---  2026    ---  2026    ---  2026    ---  2026    ---  2026    ---  2026    ---  2026     ---  1910     ---  2026     ---  2026     ---  2026     ---  2026
