Areal values from HadUK-Grid 1km gridded climate data from land surface network
Source: Met Office National Climate Information Centre
Monthly, seasonal and annual mean air temperature for England E and NE
Areal series, starting in 1884
Last updated 01-Apr-2026 11:35
    jan  year    feb  year    mar  year    apr  year    may  year    jun  year    jul  year    aug  year    sep  year    oct  year    nov  year    dec  year     win  year     spr  year     sum  year     aut  year     ann  year
    6.3  1916    7.0  1998    8.6  1938   10.7  2011   13.2  2024   16.2  2025   18.3  2006   17.4  1997   15.8  2006   12.5  2001    8.5  2011    8.0  2015    5.61  1989    9.55  2024   16.70  2025   11.65  2006   10.28  2025
    5.9  2007    6.8  2024    7.8  2012   10.2  2007   12.2  2022   15.4  2023   17.8  2018   17.4  1975   15.6  2023   11.9  2005    8.4  1994    6.5  1934    5.46  2024    9.50  2025   16.40  2022   11.39  2011   10.24  2022
    5.7  2020    6.1  2023    7.7  1957    9.6  1943   12.1  2017   15.4  1976   17.6  2022   17.2  2022   15.3  2021   11.9  2006    8.1  2015    6.5  1974    5.45  2016    9.36  2011   16.16  2018   11.12  2021   10.13  2023
    5.6  1921    6.1  1990    7.6  2017    9.5  2025   12.1  2018   15.3  1940   17.3  2013   17.0  1990   15.1  2016   11.9  1995    8.0  2022    6.4  2024    5.40  2007    9.31  2017   16.08  2006   11.12  2022   10.06  2024
    5.5  1989    6.0  2019    7.6  1990    9.2  2014   12.0  2025   15.0  2003   17.1  2025   17.0  1995   15.0  1949   11.9  1921    7.7  2020    6.4  1988    5.29  1998    9.17  2014   16.04  2003   10.97  2023    9.98  2014
    5.5  1898    6.0  1945    7.5  1961    9.2  1949   11.8  2023   15.0  2017   17.0  2019   16.8  2025   14.8  1999   11.7  1969    7.7  1938    6.1  2025    5.25  2020    9.10  2022   15.81  1933   10.92  2014    9.84  2006
    5.4  2008    5.8  1914    7.4  1945    9.1  2020   11.7  1964   14.9  1950   17.0  1983   16.7  1947   14.4  1895   11.7  2022    7.6  2014    6.1  1900    5.14  1975    9.04  2007   15.80  1976   10.57  2005    9.82  2011
    5.4  1983    5.8  1903    7.3  2026    8.9  1946   11.7  1999   14.8  2006   17.0  1995   16.6  1933   14.3  2011   11.6  2017    7.6  1899    5.8  1971    5.04  2014    8.87  2020   15.67  2019   10.55  1999    9.73  2020
    5.4  1990    5.7  2022    7.3  1997    8.9  2009   11.7  1952   14.6  2021   16.9  2021   16.5  1911   14.1  2005   11.5  2013    7.5  1997    5.7  1953    5.02  1990    8.87  1999   15.64  2021   10.50  2001    9.68  2017
    5.3  1975    5.7  2002    7.1  2025    8.8  1987   11.7  1992   14.6  1992   16.8  1933   16.5  2019   14.0  1890   11.4  2011    7.4  2018    5.7  1898    4.98  1935    8.87  2003   15.63  1947   10.44  1995    9.63  2007
    5.1  2005    5.6  1997    7.0  2019    8.8  2004   11.7  2020   14.6  1960   16.6  1934   16.5  2003   14.0  1929   11.3  1959    7.3  1978    5.7  1924    4.89  2019    8.86  1945   15.54  2023   10.43  2009    9.60  2018
    5.1  1932    5.5  2026    7.0  2024    8.7  1914   11.6  2008   14.5  1896   16.6  2014   16.4  2004   13.9  1898   11.3  2014    7.3  2025    5.7  2023    4.89  2022    8.80  2009   15.48  1995   10.41  2025    9.58  2003
    4.9  1884    5.5  1961    6.9  1948    8.7  1944   11.5  2014   14.5  2018   16.6  2003   16.3  1955   13.9  1961   11.3  1968    7.3  1953    5.6  2016    4.83  2026    8.62  1943   15.48  2013   10.40  1978    9.56  2004
    4.8  1944    5.4  2011    6.9  2022    8.6  1945   11.4  1918   14.4  2022   16.5  1989   16.3  2002   13.8  1933   11.1  1908    7.3  2009    5.6  1921    4.72  2017    8.57  2002   15.43  1975   10.35  1949    9.55  1990
    4.7  1923    5.3  2017    6.9  2021    8.6  2003   11.4  2011   14.4  1970   16.5  1901   16.2  1893   13.8  2014   11.1  2021    7.3  1951    5.4  2013    4.69  2008    8.56  1990   15.34  1911   10.26  1959    9.53  1999
    4.6  1938    5.3  2014    6.8  1991    8.6  2018   11.4  1947   14.3  1947   16.5  1994   16.2  2013   13.8  1947   10.9  1978    7.2  2006    5.3  2018    4.54  2025    8.56  1992   15.33  1959   10.20  1945    9.53  2019
    4.6  1974    5.2  1926    6.8  1998    8.4  2024   11.4  1953   14.3  2004   16.5  1976   16.2  1959   13.7  1958   10.9  2023    7.2  2003    5.3  1954    4.51  2005    8.53  2023   15.29  1899   10.10  2020    9.52  2002
    4.6  1976    5.2  2020    6.8  2014    8.4  1999   11.4  1911   14.3  2005   16.4  1900   16.1  1991   13.7  1941   10.8  1990    7.1  1984    5.2  2006    4.49  1925    8.52  2004   15.22  1935   10.08  2018    9.52  2005
    4.5  1957    5.1  1918    6.6  2000    8.4  1955   11.4  1922   14.2  2014   16.4  1911   16.1  2009   13.7  2022   10.7  1954    7.0  2021    5.2  1942    4.43  1943    8.48  1961   15.21  1997   10.08  2017    9.40  2021
    4.5  2014    5.1  2000    6.6  2003    8.4  1961   11.4  1998   14.2  2010   16.4  1991   16.1  2018   13.6  1981   10.6  1945    7.0  1999    5.1  1918    4.39  2023    8.42  1938   15.16  1983   10.07  1898    9.39  1997
    4.4  1999    5.1  2007    6.5  1950    8.3  1959   11.4  2003   14.0  1889   16.3  1905   16.1  2024   13.6  1980   10.6  1989    7.0  1913    5.1  1910    4.39  1949    8.38  1998   15.16  2004   10.04  2015    9.36  2016
    4.4  2016    5.1  1943    6.5  1999    8.2  2002   11.3  1919   14.0  1887   16.3  1941   16.0  2020   13.6  2000   10.6  2025    7.0  1917    5.1  1987    4.35  1999    8.38  1952   15.15  2016   10.02  2016    9.35  2015
    4.4  2002    5.1  1995    6.4  2002    8.2  1952   11.3  1989   14.0  2020   16.3  2010   16.0  2016   13.6  2009   10.6  2024    7.0  2002    5.0  1912    4.33  1995    8.37  1997   15.12  2017   10.02  2007    9.34  1949
    4.4  2023    4.9  1989    6.4  2009    8.2  2010   11.2  1960   14.0  1973   16.3  1999   15.9  1935   13.5  2004   10.5  1977    6.9  1946    5.0  1994    4.33  1988    8.37  1959   15.05  2014   10.01  2004    9.33  1989
    4.4  1890    4.8  1992    6.4  2005    8.2  2022   11.2  2009   14.0  1933   16.2  1887   15.9  1899   13.5  1936   10.5  1949    6.9  1939    4.9  1997    4.31  1957    8.37  2019   15.05  2009    9.95  1913    9.31  2009
    4.4  1993    4.8  1946    6.3  1994    8.1  1933   11.2  1970   13.9  1966   16.2  1921   15.8  1984   13.5  2003   10.4  2009    6.9  2004    4.9  1932    4.31  1923    8.26  1893   15.04  2010    9.94  1947    9.26  1959
    4.3  2012    4.7  2004    6.3  2007    8.1  2017   11.1  2001   13.9  1899   16.1  1899   15.8  1983   13.5  1959   10.4  1996    6.8  1995    4.9  1977    4.30  1976    8.22  1933   15.02  2024    9.92  2013    9.24  1921
    4.3  2022    4.7  1935    6.3  1981    8.1  1993   11.1  1889   13.9  1930   16.0  1923   15.8  2001   13.4  1998   10.4  1898    6.8  1945    4.9  2019    4.29  2002    8.19  2018   15.02  1989    9.91  1938    9.23  1945
    4.3  2000    4.7  2008    6.3  1992    8.1  1926   11.1  1908   13.8  1935   16.0  1959   15.7  2008   13.4  1934   10.4  1985    6.8  2007    4.9  1985    4.28  1921    8.16  1948   15.01  2005    9.90  2024    9.19  1998
    4.2  2004    4.6  2025    6.2  1967    8.0  1960   11.1  2004   13.8  1959   15.9  2016   15.7  2023   13.4  2010   10.3  1971    6.7  1986    4.8  1956    4.28  1899    8.15  2012   14.94  2020    9.90  1989    9.15  1995
    4.1  1949    4.6  1920    6.2  1933    8.0  2015   11.0  2002   13.7  1893   15.9  1975   15.6  1884   13.3  2019   10.3  1947    6.6  1928    4.8  2021    4.25  2004    8.15  2005   14.93  1990    9.88  1968    9.14  2008
    4.1  1930    4.6  1949    6.2  1921    8.0  1964   11.0  1940   13.7  1917   15.9  1935   15.6  2012   13.3  1989   10.1  2007    6.6  2001    4.7  1959    4.23  2012    8.08  2000   14.91  2002    9.85  1984    9.13  1938
    4.1  1998    4.6  1939    6.1  1927    8.0  1948   11.0  1893   13.6  2007   15.9  1945   15.6  1944   13.3  2025   10.1  2016    6.6  1906    4.7  1986    4.22  1932    8.04  1912   14.91  2008    9.82  1906    9.13  2000
    4.1  1969    4.6  1928    6.1  1912    7.9  1894   11.0  1990   13.5  2002   15.9  1955   15.6  1906   13.3  1985   10.1  1979    6.6  1963    4.7  1941    4.20  1898    7.98  1957   14.90  1950    9.80  1908    8.98  1934
    4.1  1906    4.5  1967    6.1  2023    7.8  1997   11.0  2016   13.5  2024   15.8  2001   15.6  2000   13.3  1970   10.1  2015    6.5  1897    4.7  1949    4.19  1916    7.96  1960   14.87  1994    9.76  1951    8.97  1933
    4.0  2018    4.5  1974    6.1  1989    7.8  1904   10.9  2006   13.5  1982   15.8  1947   15.5  1976   13.3  2002   10.1  1984    6.5  1894    4.7  1980    4.17  1974    7.92  2008   14.83  1949    9.72  1997    8.92  1953
    4.0  2024    4.4  1993    6.1  1959    7.8  2019   10.8  1956   13.5  2016   15.8  1925   15.5  1996   13.3  1955    9.9  2018    6.5  1982    4.6  1983    4.17  1903    7.87  1921   14.83  1901    9.72  1953    8.90  1994
    4.0  1925    4.3  1938    6.0  1893    7.8  2005   10.8  1959   13.5  2000   15.7  1969   15.5  1932   13.2  1939    9.9  1886    6.5  1955    4.6  1911    4.15  2000    7.85  1993   14.81  1887    9.67  2003    8.90  1943
    4.0  1988    4.3  1980    6.0  2011    7.8  1893   10.7  1937   13.5  1994   15.7  1949   15.5  1949   13.2  1991    9.9  1965    6.4  1931    4.6  2002    4.08  1914    7.85  2015   14.80  1893    9.64  2002    8.85  2001
    3.9  2003    4.2  1999    5.9  1920    7.7  2023   10.7  2007   13.5  2009   15.7  2008   15.4  2015   13.2  1945    9.9  1910    6.4  1983    4.6  2004    4.04  1911    7.84  1991   14.78  2001    9.61  1961    8.83  1911
    3.8  1928    4.2  1885    5.8  2020    7.7  1896   10.6  2000   13.5  1961   15.6  1926   15.4  1897   13.1  1982    9.9  1999    6.4  1981    4.5  1975    4.03  1950    7.83  2010   14.76  1955    9.59  1970    8.82  1914
    3.8  1937    4.2  1897    5.8  1943    7.7  1992   10.6  1945   13.5  1945   15.6  1997   15.4  2021   13.1  2007    9.8  1913    6.4  2023    4.5  2011    3.95  1972    7.73  1896   14.75  1934    9.59  1982    8.82  2013
    3.7  1896    4.1  1908    5.8  1935    7.7  1982   10.5  1917   13.4  2011   15.6  2005   15.4  1989   13.1  1971    9.8  1906    6.3  1888    4.4  1922    3.92  1937    7.71  1981   14.75  1984    9.59  1958    8.79  1898
    3.7  1948    4.0  1934    5.8  1903    7.6  1995   10.5  1912   13.4  1900   15.5  2023   15.3  1937   13.1  1926    9.7  1958    6.3  2024    4.4  1948    3.91  1920    7.70  1944   14.69  1992    9.57  1994    8.78  2012
    3.7  1935    4.0  2021    5.8  1973    7.6  1909   10.5  1943   13.4  2019   15.5  2009   15.3  1939   13.1  1913    9.7  1976    6.2  1964    4.4  1998    3.90  1948    7.68  1914   14.67  1999    9.55  2000    8.76  1957
    3.7  1902    4.0  1884    5.7  1978    7.5  1912   10.4  1995   13.4  1968   15.5  1971   15.3  1942   13.1  1953    9.6  1961    6.1  1916    4.3  1979    3.86  2003    7.66  1982   14.61  1945    9.55  1990    8.75  1992
    3.7  1994    3.9  1912    5.7  1977    7.5  1980   10.4  1976   13.4  1957   15.5  1967   15.2  1916   13.1  1917    9.6  1963    6.1  1908    4.3  2014    3.86  1992    7.65  1920   14.59  1991    9.54  1921    8.74  1975
    3.6  1973    3.9  1953    5.7  2004    7.5  1939   10.4  1925   13.3  1993   15.4  1904   15.2  1936   13.0  1906    9.6  1986    6.1  2008    4.3  2000    3.81  1973    7.60  1949   14.58  1996    9.51  1971    8.74  1983
    3.6  1934    3.9  1982    5.7  1905    7.4  1972   10.4  1981   13.3  1941   15.4  2024   15.2  1969   13.0  2020    9.6  2004    6.1  1920    4.3  1931    3.81  1913    7.60  1940   14.55  1952    9.48  1969    8.72  1961
    3.6  2006    3.9  1988    5.6  1966    7.4  1947   10.4  1986   13.3  1938   15.4  1952   15.1  2005   13.0  1884    9.6  1942    6.1  1900    4.3  1905    3.80  1993    7.60  1989   14.54  1937    9.48  1941    8.72  1948
    3.6  1950    3.9  1911    5.6  2015    7.4  2006   10.3  1920   13.3  1943   15.3  2017   15.1  2006   13.0  1951    9.6  1943    6.0  1924    4.2  1947    3.79  2015    7.56  2016   14.53  1970    9.47  1933    8.72  1976
    3.5  1920    3.9  1971    5.6  1929    7.4  1942   10.3  1895   13.3  1949   15.3  1984   15.1  1926   13.0  1921    9.6  1957    6.0  1990    4.2  1929    3.71  1967    7.54  1953   14.53  1900    9.46  1946    8.69  1988
    3.5  2015    3.9  2016    5.6  1993    7.4  1937   10.3  1933   13.3  2008   15.3  1946   15.0  1953   13.0  1956    9.6  1970    6.0  1895    4.2  1984    3.68  1944    7.53  1994   14.52  1941    9.40  1934    8.65  1971
    3.5  1981    3.9  1913    5.5  1983    7.3  1996   10.3  2005   13.2  1910   15.2  1951   15.0  1901   13.0  2008    9.6  1962    6.0  1902    4.2  1972    3.68  2006    7.51  1964   14.50  1969    9.39  1983    8.65  1982
    3.4  1971    3.9  1921    5.5  1936    7.3  1957   10.3  1921   13.2  1934   15.2  1937   15.0  1918   12.9  1891    9.5  2020    5.9  1948    4.1  1955    3.65  1971    7.47  1939   14.48  1940    9.38  1955    8.63  1939
    3.4  1927    3.9  1950    5.5  1968    7.3  1985   10.3  2019   13.2  1952   15.2  1996   15.0  1981   12.9  1978    9.5  2010    5.9  1959    4.1  1936    3.62  1938    7.42  1946   14.47  1982    9.37  1963    8.60  1935
    3.4  2019    3.8  1959    5.5  2010    7.3  1975   10.3  2012   13.2  1897   15.1  1957   15.0  1952   12.9  2018    9.5  1967    5.9  1914    4.1  1951    3.61  1912    7.42  1995   14.46  1973    9.31  1954    8.58  1991
    3.4  1899    3.8  2012    5.5  1907    7.2  1994   10.2  1982   13.2  1919   15.1  1990   15.0  1895   12.9  2013    9.5  1937    5.9  1898    4.0  2020    3.59  1946    7.38  1972   14.45  1906    9.31  1977    8.55  1960
    3.3  2017    3.8  1937    5.5  1926    7.2  1901   10.2  1913   13.2  1914   15.1  1950   15.0  1914   12.9  2017    9.5  1972    5.9  1970    4.0  2007    3.58  1961    7.38  1950   14.45  1905    9.31  1991    8.54  1913
    3.3  1996    3.8  1976    5.4  1902    7.2  1921   10.2  1896   13.2  1913   15.1  1982   15.0  1970   12.9  1966    9.4  1920    5.9  1992    4.0  1902    3.57  1939    7.36  2006   14.44  1925    9.30  2008    8.54  1893
    3.3  1962    3.8  2005    5.3  1953    7.1  1968   10.2  1971   13.2  1965   15.1  1992   15.0  2017   12.8  2024    9.4  1914    5.8  1957    3.9  1945    3.54  1981    7.36  1988   14.42  1926    9.29  1979    8.54  1926
    3.2  1968    3.8  1948    5.3  1923    7.1  1900   10.2  1965   13.2  1905   15.0  1944   15.0  1999   12.8  1901    9.4  1960    5.8  1980    3.9  2003    3.50  1922    7.35  1926   14.41  1917    9.28  1929    8.49  1967
    3.2  1953    3.8  1891    5.3  1894    7.1  1990   10.1  1934   13.1  1988   15.0  1932   14.9  1958   12.8  1969    9.4  1941    5.8  2012    3.8  1990    3.49  1906    7.35  1911   14.41  1884    9.28  1899    8.49  1884
    3.2  1926    3.8  1905    5.3  2016    7.1  1988   10.1  1890   13.1  1989   14.9  1928   14.9  1898   12.8  1973    9.4  1988    5.8  2000    3.8  2005    3.48  1927    7.29  1918   14.40  1921    9.26  1948    8.48  1984
    3.1  1967    3.7  1923    5.3  1896    7.0  1963   10.1  1916   13.1  1963   14.9  1884   14.8  2007   12.8  1964    9.4  1934    5.8  1940    3.8  1913    3.47  1960    7.28  1927   14.39  2015    9.25  1939    8.46  1947
    3.1  1943    3.7  2009    5.3  1910    7.0  1898   10.1  1988   13.1  1895   14.9  1896   14.8  1930   12.7  1997    9.3  1927    5.7  1954    3.8  1894    3.45  1930    7.26  1967   14.38  1897    9.24  2019    8.46  1946
    3.1  1911    3.7  1925    5.2  1952    7.0  2000   10.0  1939   13.1  1936   14.9  1979   14.8  1982   12.7  1938    9.3  1933    5.7  1989    3.8  2017    3.39  1901    7.24  1913   14.37  2007    9.21  1996    8.44  1973
    3.1  1904    3.7  1899    5.2  1890    7.0  1916   10.0  1954   13.1  1942   14.8  1929   14.8  1917   12.7  1948    9.3  1938    5.7  2017    3.8  1991    3.34  2001    7.19  1973   14.34  1914    9.20  1914    8.43  1944
    3.1  1992    3.7  1962    5.2  2008    7.0  1895   10.0  1931   13.1  1998   14.8  1985   14.7  1973   12.6  1968    9.3  1983    5.7  1947    3.7  1989    3.34  1980    7.19  2021   14.32  1932    9.20  1886    8.42  1899
    3.0  2011    3.6  1966    5.1  1897    7.0  1965    9.9  2015   13.0  1984   14.8  1914   14.7  1950   12.6  1900    9.3  2000    5.7  1987    3.7  1993    3.33  2018    7.15  2001   14.32  1936    9.19  1924    8.40  1920
    3.0  1900    3.6  1973    5.1  1982    7.0  1938    9.9  1973   13.0  1986   14.8  2002   14.7  1998   12.6  1946    9.3  1991    5.7  1960    3.7  1888    3.31  1896    7.14  1895   14.29  1930    9.15  2010    8.37  1937
    3.0  1995    3.6  2006    5.1  1884    6.9  2008    9.9  1997   13.0  1937   14.8  1986   14.6  1994   12.6  1911    9.3  1925    5.7  1935    3.7  1926    3.30  2021    7.01  1905   14.29  2000    9.12  1920    8.35  1906
    3.0  1924    3.6  1896    5.1  1972    6.9  1930    9.9  1944   13.0  1911   14.8  2015   14.6  2011   12.6  1996    9.2  1909    5.7  1968    3.7  1893    3.28  1997    7.01  1976   14.28  1939    9.11  1890    8.35  1950
    2.9  2026    3.6  1957    5.0  1940    6.9  1998    9.9  1966   13.0  1906   14.8  1894   14.6  2010   12.6  1995    9.2  1998    5.7  1932    3.6  1970    3.27  1933    7.00  1966   14.26  1944    9.11  1960    8.34  1900
    2.9  1960    3.5  1910    4.9  1988    6.9  1967    9.9  1901   13.0  1925   14.8  2020   14.6  1886   12.5  1942    9.2  1930    5.7  2005    3.6  1919    3.23  1926    6.99  1954   14.25  1967    9.09  1998    8.33  1932
    2.9  1972    3.5  2015    4.9  1918    6.9  1991    9.9  1929   13.0  1996   14.8  1917   14.6  1967   12.5  1967    9.2  1924    5.5  2019    3.6  1958    3.18  1928    6.99  1907   14.24  1942    9.07  1928    8.33  1970
    2.9  1905    3.5  1898    4.9  1939    6.9  1927    9.9  2013   13.0  1979   14.8  2004   14.6  1909   12.4  2012    9.2  1948    5.5  1949    3.6  1897    3.18  1934    6.98  1890   14.23  2012    9.06  1980    8.33  1993
    2.9  1915    3.4  1964    4.9  1914    6.8  1976    9.9  1993   12.9  1912   14.8  1885   14.6  1938   12.4  1930    9.1  1982    5.4  1889    3.6  1966    3.16  1983    6.98  1971   14.21  1957    9.04  1956    8.31  1918
    2.9  1939    3.4  1975    4.8  1956    6.8  1928    9.9  1974   12.9  1921   14.8  1906   14.5  1980   12.4  1983    9.1  1916    5.4  1979    3.5  2012    3.13  2009    6.98  1884   14.17  1960    9.02  1981    8.29  1964
    2.9  1903    3.4  1894    4.7  1913    6.8  1940    9.9  1978   12.9  1920   14.7  2007   14.5  1925   12.4  1984    9.0  1951    5.4  1929    3.5  1915    3.12  1908    6.98  1968   14.16  1896    9.00  1936    8.28  1974
    2.8  1914    3.4  1927    4.7  1960    6.8  1934    9.9  1884   12.9  2013   14.7  1964   14.5  1927   12.4  1924    9.0  1966    5.4  1956    3.5  1957    3.11  1915    6.96  1965   14.14  1943    8.99  1942    8.26  1928
    2.8  2013    3.3  1887    4.6  1928    6.8  1913    9.8  1892   12.9  1975   14.7  1987   14.5  1943   12.3  2001    9.0  1997    5.4  1991    3.5  1907    3.10  1984    6.95  1977   14.14  2011    8.99  1900    8.26  1930
    2.7  2009    3.3  1932    4.5  1944    6.8  2013    9.8  1924   12.9  2015   14.7  1973   14.5  1919   12.3  1886    9.0  1903    5.4  1934    3.5  1973    3.10  1890    6.95  1925   14.10  1998    8.98  1916    8.24  1980
    2.6  1964    3.3  1977    4.5  1963    6.7  1911    9.8  1991   12.9  1901   14.7  1936   14.5  1988   12.3  1979    8.9  1994    5.4  1907    3.5  1914    3.10  1994    6.95  1956   14.06  1953    8.98  1986    8.21  1936
    2.6  1889    3.3  2001    4.4  1946    6.7  1935    9.8  1949   12.8  1939   14.6  1939   14.4  1992   12.3  1907    8.9  1950    5.3  1958    3.3  1920    3.06  1905    6.95  1978   14.04  1895    8.95  1943    8.20  1977
    2.5  1913    3.3  1933    4.4  1974    6.7  1984    9.8  2010   12.8  1980   14.6  1931   14.4  1945   12.3  1987    8.9  1975    5.3  1941    3.3  1938    3.04  1953    6.94  1934   14.03  1981    8.95  1964    8.17  1968
    2.5  1888    3.1  1893    4.4  1954    6.7  1915    9.7  1958   12.8  1915   14.6  1958   14.4  1910   12.2  1937    8.9  2008    5.3  1886    3.3  1940    3.03  1954    6.93  1929   14.02  1938    8.89  1937    8.17  1912
    2.5  2025    3.1  1972    4.3  1915    6.7  1920    9.7  1972   12.8  1890   14.6  1908   14.4  1928   12.2  1915    8.8  1946    5.3  1961    3.3  1943    3.02  1918    6.92  1935   13.96  1904    8.89  1985    8.16  1966
    2.5  1901    3.0  2003    4.3  1971    6.7  1931    9.6  1942   12.7  1931   14.6  1981   14.4  1934   12.2  1914    8.8  2019    5.3  2013    3.2  1999    2.97  2013    6.92  1963   13.88  1918    8.88  1957    8.15  1896
    2.5  1907    3.0  1915    4.2  1995    6.6  1885    9.6  1938   12.7  1891   14.6  1943   14.4  1987   12.2  1935    8.8  1928    5.3  1933    3.1  1967    2.96  1894    6.91  1910   13.87  1958    8.86  1930    8.14  1908
    2.4  2001    2.9  1944    4.2  1925    6.6  1954    9.6  1936   12.7  1924   14.5  2012   14.4  1971   12.2  1960    8.8  1907    5.2  1977    3.1  1960    2.95  1885    6.90  1904   13.87  1988    8.85  1976    8.14  1996
    2.4  1965    2.9  1958    4.1  1930    6.5  1907    9.6  1904   12.7  1999   14.5  1998   14.3  1964   12.2  1988    8.8  1890    5.2  1974    3.1  1930    2.80  1964    6.90  1894   13.87  1964    8.85  1966    8.14  2010
    2.4  1936    2.9  1965    4.1  1986    6.5  1899    9.6  1969   12.7  1967   14.5  1953   14.3  2014   12.1  1908    8.8  1897    5.2  1903    3.0  2008    2.76  1945    6.87  1936   13.87  1979    8.85  1907    8.14  1981
    2.3  1951    2.9  1922    4.1  1895    6.5  1971    9.6  1961   12.7  2001   14.5  1897   14.3  1915   12.1  1977    8.8  1953    5.2  1912    3.0  1884    2.76  1958    6.83  1942   13.82  1889    8.80  1987    8.14  1924
    2.3  1961    2.7  1987    4.0  1899    6.5  2001    9.6  1948   12.6  1884   14.5  1948   14.1  1929   12.1  1992    8.8  1904    5.2  1892    2.9  1982    2.76  1889    6.83  1901   13.79  1923    8.80  1917    8.13  1978
    2.3  1918    2.7  1960    4.0  1932    6.4  1979    9.5  1905   12.6  1885   14.5  1886   14.1  1974   12.1  1975    8.7  2002    5.2  1943    2.9  2001    2.71  1919    6.83  1987   13.78  1951    8.79  2012    8.12  1905
    2.3  1912    2.7  1924    3.9  1906    6.4  2016    9.5  1914   12.6  1990   14.5  1956   14.1  1887   12.1  1899    8.7  1956    5.2  1972    2.9  2022    2.68  1962    6.81  1947   13.76  1961    8.78  1902    8.11  1955
    2.3  1970    2.7  1916    3.9  1934    6.4  1981    9.4  1910   12.6  1908   14.4  1912   14.1  1961   12.1  1976    8.7  1936    5.1  1922    2.9  1939    2.68  1966    6.79  1985   13.74  1929    8.78  1967    8.09  1958
    2.3  1931    2.6  1952    3.9  1911    6.4  1902    9.4  1909   12.6  1997   14.4  1893   14.1  1904   12.1  1943    8.7  1940    5.1  1911    2.8  1944    2.68  1952    6.78  1889   13.74  1946    8.78  1895    8.08  1972
    2.2  1946    2.6  1984    3.9  1949    6.4  1919    9.4  1985   12.6  1922   14.4  2011   14.1  1940   11.9  2015    8.6  1893    5.1  1971    2.8  1896    2.67  1910    6.77  1980   13.70  1966    8.74  1935    8.08  1901
    2.2  1986    2.6  1890    3.8  2001    6.4  2012    9.4  1980   12.6  1983   14.3  1918   14.1  1957   11.9  1932    8.6  1902    5.0  1944    2.7  1965    2.62  1987    6.76  1937   13.67  1993    8.72  1988    8.06  1916
    2.2  1909    2.5  2013    3.8  2018    6.3  1962    9.4  1950   12.6  1969   14.3  1977   14.1  1913   11.9  1990    8.5  1929    5.0  1975    2.7  1992    2.62  1931    6.74  1974   13.63  1980    8.70  1897    8.06  1951
    2.1  1954    2.5  1931    3.8  2006    6.3  1958    9.2  1906   12.6  1964   14.3  1942   14.1  1968   11.9  1963    8.4  1918    5.0  1927    2.7  1885    2.60  1978    6.72  1928   13.62  1971    8.66  1975    8.05  1954
    2.1  1991    2.5  1951    3.8  1984    6.3  1950    9.2  1963   12.6  1953   14.3  1927   14.0  1977   11.8  1896    8.4  2003    5.0  1930    2.6  1895    2.59  1924    6.71  1930   13.61  1898    8.65  1940    8.05  1897
    2.1  1910    2.4  1981    3.8  1976    6.2  1925    9.2  1888   12.5  1926   14.3  1924   14.0  1921   11.8  1920    8.4  1955    4.9  1937    2.6  1978    2.54  1959    6.70  1919   13.59  1886    8.64  1911    8.05  1952
    2.1  1997    2.2  1909    3.7  1975    6.2  1977    9.2  2021   12.5  1962   14.3  1993   14.0  1951   11.8  1902    8.4  1987    4.8  1926    2.6  1908    2.51  1965    6.67  1903   13.59  1915    8.64  1903    8.02  1969
    2.1  1984    2.1  1904    3.7  1965    6.0  1969    9.2  1900   12.5  1978   14.3  1970   14.0  1923   11.8  1950    8.3  1935    4.8  1942    2.6  1904    2.49  1904    6.59  1915   13.59  1928    8.57  1884    8.01  1925
    2.1  1956    2.1  2018    3.7  1985    6.0  1910    9.1  1930   12.5  2012   14.2  1930   14.0  1960   11.8  1904    8.3  1923    4.8  1936    2.5  1928    2.49  1968    6.55  1983   13.58  1968    8.57  1927    8.00  1910
    2.0  1922    2.0  1907    3.6  1941    6.0  1923    9.1  1898   12.4  1981   14.2  1938   13.9  1972   11.8  1919    8.3  1901    4.8  1976    2.5  1946    2.47  1991    6.53  1970   13.55  1910    8.52  1962    8.00  1987
    1.9  2021    2.0  1906    3.5  1922    6.0  1884    9.1  1903   12.4  1995   14.1  1940   13.8  1978   11.8  1916    8.3  1900    4.8  2016    2.5  1909    2.44  1897    6.52  1922   13.52  1908    8.52  1891    7.98  1904
    1.9  1894    1.9  1892    3.5  1942    6.0  1974    9.0  1962   12.3  1932   14.0  1972   13.8  1941   11.7  1928    8.3  1891    4.8  1885    2.4  1996    2.36  1955    6.47  1898   13.50  1913    8.51  1901    7.98  1903
    1.9  1958    1.9  1889    3.5  1979    5.9  1906    9.0  1957   12.3  1904   14.0  1960   13.8  1892   11.7  1903    8.3  1944    4.7  1950    2.4  1891    2.33  1909    6.44  1909   13.48  1987    8.47  1950    7.97  1927
    1.8  1908    1.9  1996    3.4  1980    5.8  1973    9.0  1946   12.3  1946   14.0  1895   13.8  1905   11.6  1965    8.2  1911    4.7  1904    2.4  1963    2.32  2011    6.43  1916   13.46  1919    8.45  1973    7.95  1942
    1.8  1919    1.9  1930    3.4  1901    5.8  1953    9.0  1994   12.2  1898   14.0  1988   13.8  1979   11.6  1962    8.2  1915    4.7  1966    2.3  1889    2.25  1996    6.43  1986   13.45  1948    8.43  1972    7.95  1941
    1.8  1978    1.8  1994    3.4  1889    5.8  1886    9.0  1907   12.2  1954   14.0  1916   13.8  1889   11.6  1893    8.2  1899    4.7  1998    2.3  1969    2.16  1907    6.41  1902   13.44  1974    8.41  1904    7.91  1940
    1.8  1885    1.7  1985    3.4  1885    5.8  1905    8.9  1932   12.2  1918   13.9  1974   13.7  1900   11.6  1905    8.2  2012    4.7  1884    2.3  1964    2.15  1985    6.41  1923   13.43  1924    8.41  1931    7.90  1929
    1.8  1966    1.7  1941    3.3  1898    5.8  1924    8.9  1977   12.2  1974   13.9  1903   13.7  1948   11.5  1940    8.1  1973    4.6  1996    2.3  1968    2.13  1969    6.40  1931   13.40  1986    8.35  1932    7.90  1894
    1.6  1933    1.6  1970    3.3  1904    5.8  1889    8.8  1927   12.2  1929   13.9  1891   13.7  1985   11.5  1994    8.1  1884    4.6  1988    2.2  1903    2.10  1970    6.40  1908   13.40  1931    8.30  1926    7.88  1890
    1.5  1982    1.6  2010    3.3  1887    5.7  1892    8.8  1979   12.1  1948   13.8  2000   13.6  1946   11.5  1954    8.0  1952    4.5  1890    2.1  1952    2.07  1902    6.35  1906   13.37  1894    8.30  1965    7.86  1985
    1.5  1955    1.4  1901    3.2  1987    5.7  1951    8.8  1928   12.1  1894   13.8  1963   13.5  1966   11.4  1910    8.0  1931    4.5  2010    2.1  2009    2.03  1986    6.34  1975   13.28  1927    8.24  1894    7.83  1931
    1.5  1980    1.4  1991    3.1  1996    5.6  1890    8.7  1915   12.1  1944   13.7  1915   13.5  1965   11.4  1923    7.9  1964    4.5  1893    2.1  1923    1.93  1956    6.32  1984   13.28  1963    8.23  1893    7.82  1923
    1.5  1947    1.3  1888    3.1  1908    5.6  1932    8.7  1967   12.1  1951   13.7  1966   13.4  1993   11.4  1927    7.8  1980    4.5  1973    2.0  1901    1.90  1977    6.31  1900   13.28  1985    8.19  1992    7.80  1907
    1.4  1977    1.3  1936    2.9  1951    5.6  1970    8.7  1983   12.1  1958   13.7  1898   13.4  1954   11.4  1993    7.8  1922    4.4  1918    2.0  1937    1.87  1888    6.29  1897   13.27  1885    8.19  1944    7.79  1889
    1.4  1893    1.0  1919    2.9  1886    5.5  1897    8.6  1987   12.0  1955   13.7  1961   13.3  1907   11.3  1889    7.7  1894    4.4  1901    1.9  1933    1.85  1936    6.25  1899   13.26  1916    8.15  1889    7.78  1915
    1.3  1952    1.0  1954    2.8  1891    5.5  1918    8.6  1926   11.9  1902   13.7  1889   13.3  1908   11.3  1944    7.7  1889    4.4  1962    1.9  1906    1.81  1892    6.23  1955   13.26  1891    8.14  1888    7.76  1965
    1.3  1887    1.0  1900    2.8  1964    5.5  1941    8.5  1886   11.8  1892   13.7  1909   13.3  1962   11.2  1957    7.7  1939    4.4  1891    1.9  1935    1.79  1900    6.23  1979   13.24  1978    8.08  1909    7.74  1956
    1.1  1892    1.0  1940    2.8  1970    5.5  2021    8.5  1984   11.7  1956   13.5  1980   13.3  1890   11.0  1974    7.6  1912    4.3  1967    1.8  1917    1.78  1887    6.17  1932   13.22  1977    7.92  1922    7.72  1986
    1.1  1917    1.0  1968    2.7  1900    5.4  1983    8.3  1968   11.7  1907   13.4  1978   13.2  1924   11.0  1885    7.5  1932    4.2  1909    1.7  1887    1.71  1893    6.16  2013   13.14  1890    7.87  1910    7.69  1979
    0.9  1929    1.0  1983    2.6  1931    5.4  1936    8.3  1951   11.7  1886   13.4  1890   13.2  1903   10.9  1892    7.5  1993    4.1  1905    1.6  1916    1.69  1951    6.16  1996   13.13  1912    7.81  1918    7.66  1902
    0.9  1886    0.9  1978    2.5  1924    5.4  1966    8.3  1899   11.7  1903   13.3  1968   13.2  1894   10.9  1888    7.2  1888    4.1  1896    1.5  1995    1.55  1941    6.06  1924   13.05  1972    7.71  1912    7.54  1922
    0.8  2010    0.5  1886    2.4  1909    5.4  1887    8.2  1897   11.3  1987   13.3  1902   13.1  1891   10.9  1922    7.0  1981    3.8  1887    1.5  1925    1.52  2010    6.03  1958   13.04  1909    7.70  1915    7.51  1895
    0.6  1891    0.4  1979    2.4  1919    5.4  1989    8.2  1935   11.3  1928   13.3  1913   13.1  1896   10.8  1909    7.0  1926    3.8  1969    1.2  1899    1.46  1942    5.86  1969   13.03  1965    7.66  1974    7.50  1917
    0.5  1897    0.4  1902    2.3  1955    5.3  1956    8.1  1955   11.3  1923   13.2  1920   12.9  1963   10.8  1931    7.0  1919    3.7  1993    1.2  1927    1.46  1982    5.84  1885   12.97  1962    7.52  1993    7.49  1909
    0.5  1985    0.3  1917    2.2  1937    5.2  1929    8.1  1996   11.2  1985   13.2  1954   12.8  1888   10.8  1897    6.8  1974    3.7  1921    1.2  1961    1.38  1886    5.75  1892   12.95  1920    7.51  1925    7.48  1962
    0.5  1987    0.1  1955    2.2  1916    5.2  1978    8.1  1975   11.2  1977   13.1  1962   12.8  1931   10.6  1972    6.7  1992    3.4  1952    1.1  1962    1.27  1891    5.73  1886   12.95  1903    7.47  1923    7.40  1963
    0.3  1959   -0.3  1969    2.1  1958    5.1  1888    8.0  1887   11.2  1888   13.0  1910   12.7  1920   10.6  1986    6.4  1917    3.3  1965    1.1  1976    1.04  1917    5.68  1941   12.94  1954    7.35  1885    7.37  1919
    0.1  1942   -0.6  1942    2.1  1917    5.1  1903    8.0  1941   11.1  1972   12.7  1907   12.5  1902   10.5  1918    6.3  1885    2.9  1985    0.9  1886    0.96  1929    5.66  1962   12.78  1956    7.35  1892    7.35  1887
   -0.2  1945   -0.6  1956    2.0  1969    4.9  1908    7.9  1923   11.1  1991   12.7  1919   12.5  1922   10.5  1887    6.2  1905    2.8  1925    0.7  1892    0.74  1947    5.60  1951   12.70  1892    7.29  1896    7.35  1886
   -0.3  1941   -0.7  1929    1.9  2013    4.8  1986    7.8  1891   11.0  1971   12.6  1922   12.4  1885   10.5  1894    6.2  1887    2.6  1923    0.3  1950    0.68  1940    5.57  1887   12.59  1902    7.29  1905    7.35  1885
   -1.0  1895   -1.3  1986    1.8  1888    4.7  1891    7.6  1885   10.9  1927   12.5  1965   12.3  1986   10.4  1925    6.1  1895    2.6  1915   -0.3  1890    0.67  1979    5.55  1917   12.59  1907    7.17  1952    7.30  1891
   -1.0  1979   -1.7  1963    1.7  1892    4.6  1922    7.6  1894   10.8  1909   12.4  1892   12.1  1956   10.3  1912    6.0  1892    2.3  1919   -0.8  1981    0.33  1895    5.39  1888   12.53  1922    7.02  1919    7.03  1888
   -1.2  1963   -2.0  1947    1.6  1962    4.0  1917    7.4  1902   10.6  1916   12.0  1888   12.0  1912   10.1  1952    6.0  1896    2.2  1910   -1.2  2010   -0.56  1963    5.12  1891   12.01  1888    6.83  1887    6.77  1892
   -1.8  1940   -2.0  1895    1.6  1947    ---  2026    ---  2026    ---  2026    ---  2026    ---  2026    ---  2026    ---  2026    ---  2026    ---  2026     ---  1884     ---  2026     ---  2026     ---  2026     ---  2026
