Areal values from HadUK-Grid 1km gridded climate data from land surface network
Source: Met Office National Climate Information Centre
Monthly, seasonal and annual number of days in the month with air frost (minimum temperature below zero) for England E and NE
Areal series, starting in 1931
Last updated 01-Apr-2026 11:34
    jan  year    feb  year    mar  year    apr  year    may  year    jun  year    jul  year    aug  year    sep  year    oct  year    nov  year    dec  year     win  year     spr  year     sum  year     aut  year     ann  year
   29.2  1940   27.9  1963   23.3  1955   16.1  2021    5.2  1979    0.6  1962    0.0  1965    0.0  1977    2.0  1932    8.4  1931   15.5  1965   23.7  1981    77.6  1963    29.9  1955     0.6  1962    18.1  1993    90.8  1955
   26.4  1979   27.8  1947   22.1  1962   12.8  1956    4.7  1941    0.3  1991    0.0  2000    0.0  1932    0.8  1954    6.6  1955   14.7  1985   23.6  1950    63.8  1979    29.7  1970     0.3  1991    15.7  1965    89.9  1979
   26.4  1963   27.0  1942   21.1  1937   11.3  1970    3.9  1935    0.3  1975    0.0  1954    0.0  2012    0.7  1986    5.5  1993   14.2  1996   23.3  1962    63.1  1942    27.5  1962     0.3  1975    15.5  1973    88.4  1947
   25.2  1942   24.4  1956   20.8  1931   10.0  1968    3.6  1996    0.2  1974    0.0  1962    0.0  1964    0.7  1974    5.4  1992   13.6  1969   22.9  2010    63.0  1947    27.2  1958     0.2  1974    14.8  1985    88.1  1942
   24.3  1959   24.2  1986   18.8  1951    9.8  1936    2.8  2010    0.2  1955    0.0  1973    0.0  1931    0.5  1979    5.1  1981   12.3  1993   21.7  1961    59.6  1940    27.1  1951     0.2  1955    14.2  1996    86.4  2010
   24.1  1985   22.8  1979   18.5  2013    9.0  1984    2.7  1955    0.1  1971    0.0  1960    0.0  1983    0.4  1972    4.7  1997   12.2  1973   20.6  1976    55.0  1956    26.3  1969     0.1  1977    14.0  1971    86.3  1969
   23.6  1941   22.0  1968   18.4  1958    8.9  1969    2.7  2021    0.1  1941    0.0  1966    0.0  1937    0.4  1943    4.2  1983   12.1  1971   18.2  2001    53.4  1951    26.3  1931     0.1  1971    13.8  1969    85.0  1962
   23.5  1945   21.3  1955   18.3  1970    8.4  1983    2.6  1938    0.1  1989    0.0  1971    0.0  1934    0.3  1931    3.5  1935   11.6  2005   18.1  1964    52.7  2010    26.1  2013     0.1  1941    13.6  1988    84.9  1941
   21.3  1952   20.9  1969   17.6  1947    8.1  1986    2.5  1995    0.1  1978    0.0  1959    0.0  1994    0.3  1942    3.5  1980   11.0  1988   17.9  1937    51.5  1952    25.3  1941     0.1  1989    12.8  1952    83.1  1931
   20.8  1997   20.7  1983   16.9  1969    7.8  1958    2.5  1984    0.1  1977    0.0  1972    0.0  1962    0.3  1964    3.3  1964   10.9  1952   17.2  1952    51.3  1968    24.7  1995     0.1  1978    12.2  1962    82.9  1963
   20.5  1947   20.0  1936   16.5  1987    7.7  1932    2.4  1997    0.1  2015    0.0  1939    0.0  1965    0.3  1995    3.2  1973   10.7  1947   16.7  2009    51.1  1985    23.3  1956     0.1  2015    11.8  1948    82.5  1985
   20.4  1987   19.7  1996   16.1  1942    7.2  1990    2.4  1948    0.1  1939    0.0  1937    0.0  1969    0.2  1993    3.2  2008   10.3  1962   16.5  1995    50.8  1936    23.1  1937     0.1  1939    11.7  1992    81.4  1952
   20.1  1933   19.0  1991   15.7  1995    7.1  1978    2.3  1967    0.1  1935    0.0  1934    0.0  1961    0.2  1948    3.1  2002   10.0  1975   16.3  1935    50.7  1941    22.9  1979     0.1  1935    11.7  2005    80.8  1956
   19.1  1980   18.5  1940   15.3  1965    7.0  1938    2.3  1957    0.1  2001    0.0  1932    0.0  1959    0.2  1988    3.0  1948    9.8  2010   15.9  1982    49.0  1982    22.8  2021     0.1  2001    11.5  1936    80.7  1940
   18.9  1991   18.1  2010   15.1  1941    7.0  2013    2.3  1982    0.1  1969    0.0  1931    0.0  1963    0.2  1952    2.8  1951    9.4  1967   15.5  1968    48.8  1986    22.7  1932     0.1  1969    11.3  2010    78.1  1981
   18.6  2021   18.0  1954   14.6  1949    6.8  1951    2.2  1945    0.1  1934    0.0  1945    0.0  1999    0.2  1947    2.7  2018    9.3  1937   15.5  1969    46.4  1959    21.1  1953     0.1  1934    11.1  1975    77.8  1965
   18.0  1978   17.9  1978   14.2  1953    6.8  1989    2.2  1975    0.0  1973    0.0  1944    0.0  1982    0.2  1987    2.7  2003    9.2  1936   15.3  2008    46.3  1965    21.0  1947     0.1  1932    11.1  1947    77.6  1958
   17.9  2010   17.7  1952   14.2  2006    6.7  1950    2.1  1981    0.0  1936    0.0  1943    0.0  1968    0.1  2024    2.4  1988    9.2  1976   15.3  1933    46.2  1969    20.8  1965     0.1  1973    10.9  1931    76.6  1996
   17.9  1984   17.6  1981   14.1  1985    6.6  1977    2.0  2020    0.0  2005    0.0  1946    0.0  1966    0.1  1976    2.4  1950    8.8  1972   15.0  1992    46.1  1977    20.7  1942     0.0  1936    10.8  1955    76.3  1970
   17.8  1931   17.5  1970   13.8  1946    6.5  1996    2.0  1944    0.0  1942    0.0  1950    0.0  1935    0.1  1975    2.3  1939    8.7  1998   14.9  2003    45.6  1991    20.5  1996     0.0  2005    10.8  1983    75.8  1968
   17.7  1956   17.4  1941   13.2  1976    6.5  1995    2.0  1932    0.0  1987    0.0  1947    0.0  1953    0.1  2012    2.3  1987    8.7  1948   14.8  1946    45.5  1955    20.0  1975     0.0  1942    10.5  1998    75.1  2001
   17.6  1946   17.4  1985   13.0  2018    6.4  1973    2.0  2012    0.0  1933    0.0  1948    0.0  1993    0.1  1939    2.3  1949    8.5  2024   14.7  1960    45.5  1970    19.9  1968     0.0  1987    10.1  1972    74.7  1937
   17.3  1977   17.2  1931   12.9  1932    6.3  1953    1.9  1942    0.0  1953    0.0  1949    0.0  1980    0.1  1935    2.3  1936    8.5  1943   14.6  2017    45.2  1987    19.6  1984     0.0  1933    10.0  1964    74.3  1936
   16.8  2001   17.0  2018   12.8  1979    6.3  2008    1.9  1977    0.0  1951    0.0  1953    0.0  1945    0.1  1991    2.1  1932    8.3  2016   14.6  1978    44.6  1958    18.9  1986     0.0  1953     9.8  1967    74.3  1951
   16.7  1958   17.0  1994   12.6  1940    6.1  1954    1.8  1968    0.0  1932    0.0  1938    0.0  1938    0.1  1940    2.1  1946    8.1  1966   14.5  1996    44.4  2001    18.4  1987     0.0  1965     9.7  1937    70.6  1986
   16.6  1965   16.9  2001   12.5  2001    6.0  1966    1.7  1973    0.0  1967    0.0  1940    0.0  1940    0.1  1944    2.0  1962    7.8  1979   14.3  1973    43.8  1996    18.4  2006     0.0  1951     9.6  1980    70.4  1978
   16.5  1954   16.7  1960   12.3  1944    6.0  2022    1.7  1946    0.0  2009    0.0  1941    0.0  1941    0.1  2007    1.9  1941    7.5  1958   14.2  1967    43.0  1962    18.1  1971     0.0  1964     9.6  1981    70.4  1973
   16.3  1966   16.2  1933   12.1  1934    5.9  2016    1.7  1971    0.0  1985    0.0  1942    0.0  1942    0.1  2025    1.9  1971    7.5  1977   14.0  2022    42.8  2009    18.1  1976     0.0  2012     9.5  1943    69.9  1995
   16.2  2025   15.7  1987   12.1  1980    5.8  1975    1.6  1943    0.0  1957    0.0  1935    0.0  1939    0.1  1969    1.8  1998    7.5  1991   13.5  1999    42.8  1953    18.1  1940     0.0  1967     9.4  1976    69.6  1991
   16.1  1992   15.7  2003   12.0  1975    5.5  2019    1.6  1931    0.0  1996    0.0  1936    0.0  1933    0.1  1983    1.7  1952    7.4  2013   13.0  1965    42.8  1933    18.0  1934     0.0  2009     9.3  2024    68.4  1950
   16.0  1986   15.6  1958   11.2  1971    5.4  1940    1.6  1980    0.0  1981    0.0  1933    0.0  1936    0.1  1938    1.7  1974    7.2  1961   13.0  1944    42.6  1983    18.0  1949     0.0  1985     9.3  2008    67.9  1976
   15.8  1955   15.1  1951   10.9  1964    5.4  1941    1.5  1951    0.0  2020    0.0  1961    0.0  1960    0.1  2020    1.6  1953    7.0  1942   12.9  1955    42.6  1981    17.7  1973     0.0  1957     9.2  1966    67.8  1987
   15.7  1995   15.0  2013   10.7  1986    5.4  1991    1.3  1965    0.0  1998    0.0  1958    0.0  1958    0.1  2005    1.6  2012    6.8  1989   12.6  1938    41.6  2011    17.7  1985     0.0  1996     8.8  1979    67.5  1933
   15.6  1960   13.6  1984   10.4  1996    5.3  1971    1.3  1949    0.0  2004    0.0  1956    0.0  1956    0.1  2003    1.4  2010    6.7  2017   12.6  1993    41.3  2013    17.7  2001     0.0  1931     8.7  1950    67.2  2013
   15.6  1961   13.5  1957   10.1  1943    5.2  1974    1.2  2015    0.0  2019    0.0  1957    0.0  1957    0.0  1934    1.4  1956    6.6  1944   12.5  1951    41.2  1994    17.5  1980     0.0  1954     8.6  1932    65.8  1964
   15.3  1939   13.5  1944   10.1  2010    5.1  1934    1.2  2019    0.0  1946    0.0  1955    0.0  1955    0.0  1977    1.2  1954    6.5  1983   12.5  1991    40.8  1945    17.4  1946     0.0  1981     8.4  2016    64.5  1954
   15.2  1982   13.4  2012    9.8  1956    5.1  1988    1.2  1974    0.0  1952    0.0  1951    0.0  1954    0.0  2018    1.2  2007    6.4  2012   12.5  1963    40.6  1966    16.2  2010     0.0  2000     8.2  1991    64.2  2021
   15.1  2011   13.2  2009    9.8  1988    5.0  2012    1.1  2005    0.0  2023    0.0  1952    0.0  1951    0.0  1945    1.2  1934    6.4  1964   12.3  1957    40.5  1978    16.2  1936     0.0  1937     8.2  2012    63.0  1980
   15.0  1968   13.2  2016    9.7  1973    4.9  2000    1.1  1987    0.0  1964    0.0  1964    0.0  1952    0.0  1941    1.2  1982    6.4  1934   12.2  1945    40.4  1997    16.0  1944     0.0  1983     8.2  1942    62.3  1982
   15.0  2017   13.0  1953    9.3  1963    4.9  2003    1.0  1958    0.0  1938    0.0  1969    0.0  1947    0.0  1990    1.1  1940    6.3  1950   12.1  2014    39.8  1984    15.1  1988     0.0  1998     7.9  1974    62.2  2003
   15.0  2013   13.0  1973    9.0  1993    4.9  1979    0.9  1959    0.0  2011    0.0  1968    0.0  1948    0.0  1971    1.1  1966    6.3  1992   12.0  1936    39.3  2018    15.0  2018     0.0  2020     7.7  1944    61.8  1984
   14.8  1951   12.3  1932    8.5  2003    4.9  1976    0.9  2011    0.0  1997    0.0  1967    0.0  1950    0.0  2022    1.1  2019    6.2  1959   12.0  2007    38.3  2021    14.8  1954     0.0  2004     7.7  1934    60.6  1966
   14.6  1981   11.9  1934    8.5  1954    4.8  1962    0.8  2018    0.0  1993    0.0  1970    0.0  1949    0.0  1962    1.0  1975    6.2  1980   11.9  1939    38.0  1964    14.6  1974     0.0  2019     7.6  1958    60.5  1932
   14.6  1936   11.8  2008    8.4  1952    4.7  1981    0.8  2001    0.0  1937    0.0  1974    0.0  1946    0.0  1963    1.0  2023    6.1  2008   11.5  2005    38.0  1954    14.5  2008     0.0  1946     7.6  1941    60.3  1946
   14.3  2009   11.7  2015    8.3  2005    4.7  1935    0.8  1934    0.0  1961    0.0  1975    0.0  1943    0.0  1973    1.0  1944    6.0  1978   11.3  2012    37.5  1934    14.5  1989     0.0  1952     7.5  1977    59.8  1944
   14.3  1943   11.7  1959    8.2  1974    4.5  1998    0.7  1994    0.0  2016    0.0  1976    0.0  1944    0.0  1982    0.9  1942    6.0  2004   11.0  1931    37.3  1946    14.2  1982     0.0  1961     7.4  1961    59.3  1960
   14.0  2019   11.6  1965    8.2  2020    4.5  1997    0.7  2008    0.0  1954    0.0  1963    0.0  1967    0.0  1989    0.9  1972    5.9  2019   10.9  1941    37.1  2015    13.9  1977     0.0  2023     7.4  2013    59.1  1983
   13.9  1964   11.6  1964    8.1  1968    4.4  1945    0.7  1991    0.0  1983    0.0  1978    0.0  1976    0.0  1937    0.9  1994    5.8  2025   10.8  1998    37.0  1992    13.8  1935     0.0  1994     7.3  1935    58.5  1971
   13.3  2026   11.4  1948    8.1  1984    4.3  2001    0.7  1956    0.0  1956    0.0  1979    0.0  1975    0.0  2019    0.9  1933    5.8  1982   10.7  1970    35.9  1937    13.6  1978     0.0  1938     7.2  1949    58.0  1975
   13.3  2015   11.3  1966    8.1  2023    4.3  2002    0.7  2014    0.0  1931    0.0  1980    0.0  1974    0.0  1970    0.7  1999    5.7  1941   10.7  2000    35.7  2004    13.5  2003     0.0  2011     7.0  1982    57.6  1993
   12.6  1937   11.3  1937    8.0  1972    4.2  1965    0.7  1962    0.0  2012    0.0  1981    0.0  1973    0.0  1936    0.7  1970    5.6  1995   10.6  1966    35.6  1960    13.2  1983     0.0  1997     7.0  2017    57.5  1992
   12.5  1953   11.3  1950    7.9  1982    4.2  1999    0.7  2013    0.0  1984    0.0  1982    0.0  1981    0.0  1959    0.7  2024    5.5  1974   10.5  1943    35.2  1939    13.2  1966     0.0  1993     6.9  2019    57.4  1935
   12.5  1967   11.1  2004    7.8  2011    4.0  1982    0.6  1992    0.0  2010    0.0  1983    0.0  1979    0.0  1966    0.7  1943    5.4  2001   10.4  1980    34.4  1980    12.8  1950     0.0  1960     6.8  1989    56.5  2008
   12.5  1970   11.0  2021    7.6  2008    3.9  1955    0.6  1993    0.0  1970    0.0  1984    0.0  1984    0.0  1950    0.7  1991    5.2  1956   10.4  1958    34.1  2002    12.8  2005     0.0  2016     6.7  1954    56.3  1948
   12.4  2022   10.6  1962    7.4  2015    3.9  2006    0.6  1939    0.0  1966    0.0  1985    0.0  1978    0.0  1957    0.6  1995    5.1  2023   10.2  2004    34.0  1961    12.7  1943     0.0  1959     6.5  1956    54.2  1961
   12.0  1950   10.4  1975    7.4  1989    3.9  1931    0.6  1953    0.0  1960    0.0  1986    0.0  1985    0.0  1965    0.6  2011    5.1  1970   10.0  1948    33.7  1932    12.7  1981     0.0  1956     6.5  1997    54.1  1943
   11.8  2003   10.3  1971    7.2  1933    3.8  1980    0.6  1960    0.0  1965    0.0  1987    0.0  1986    0.0  1994    0.6  1979    4.9  1949    9.7  1940    33.5  1944    12.6  2016     0.0  1966     6.5  1995    53.9  1945
   11.6  1994   10.1  1982    6.9  2025    3.8  1994    0.5  2025    0.0  1986    0.0  1988    0.0  1988    0.0  1933    0.6  2000    4.6  1954    9.7  1984    32.5  2003    12.5  1948     0.0  1984     6.5  1959    52.9  1953
   11.3  1972    9.9  1988    6.9  1939    3.7  1952    0.5  1936    0.0  1979    0.0  1989    0.0  1987    0.0  1997    0.5  1938    4.5  1981    9.4  1989    32.2  1957    12.3  1952     0.0  2010     6.4  2003    52.9  1967
   11.2  2016    9.6  2005    6.8  1966    3.7  1957    0.5  1961    0.0  1947    0.0  1990    0.0  1989    0.0  1960    0.4  1937    4.5  1932    9.1  1986    31.9  2012    12.3  1990     0.0  1970     6.3  1978    52.5  2012
   11.2  1935    9.6  1999    6.6  1948    3.6  1967    0.5  2016    0.0  1948    0.0  1991    0.0  1970    0.0  2017    0.4  1957    4.3  1990    9.0  1975    31.7  1971    12.2  1964     0.0  1963     6.1  2023    52.2  2005
   10.9  1949    9.1  2006    6.5  2014    3.6  1948    0.4  1969    0.0  1994    0.0  1992    0.0  1972    0.0  2010    0.4  1960    4.3  2021    8.9  1979    31.1  1973    12.0  1963     0.0  1999     6.1  2025    52.0  2009
   10.9  1976    8.9  1976    6.4  2000    3.5  1933    0.4  1966    0.0  1949    0.0  1977    0.0  1971    0.0  1956    0.3  2017    4.2  1960    8.9  1956    30.7  1995    11.9  2015     0.0  1982     6.0  2004    51.6  1977
   10.7  1971    8.8  1972    6.4  1978    3.5  1939    0.4  1989    0.0  2021    0.0  1993    0.0  1992    0.0  1980    0.3  1967    4.2  1955    8.7  2020    30.5  1938    11.6  1938     0.0  1972     5.8  1970    50.7  2016
   10.6  1962    8.8  1935    6.2  2016    3.5  2005    0.4  2004    0.0  1940    0.0  1994    0.0  1991    0.0  2013    0.3  1959    4.1  1933    8.5  2011    30.4  1993    11.6  1993     0.0  1979     5.8  1987    50.6  1959
   10.6  1948    8.5  1949    6.2  2002    3.3  1985    0.3  2006    0.0  1980    0.0  1996    0.0  1990    0.0  1967    0.3  2021    4.1  2007    8.5  1985    30.1  2006    11.4  2000     0.0  1986     5.4  2007    50.3  1939
   10.4  1932    8.4  1992    6.2  1998    3.3  2010    0.3  1963    0.0  2000    0.0  1995    0.0  1996    0.0  2015    0.3  1984    4.0  1963    8.5  1994    30.0  1967    11.4  2020     0.0  1947     5.4  2001    50.1  1949
   10.4  1934    8.3  2007    5.9  1981    3.2  2015    0.3  1950    0.0  2008    0.0  1997    0.0  1997    0.0  2000    0.3  1990    4.0  1940    8.4  1954    30.0  1948    11.4  2022     0.0  1948     5.2  1940    50.0  2018
   10.1  2002    8.3  1989    5.8  1950    3.2  1947    0.2  1985    0.0  1944    0.0  1998    0.0  1998    0.0  2008    0.3  1978    3.7  1935    8.3  1983    29.4  1949    11.2  2023     0.0  2021     5.0  1933    49.4  1997
   10.0  2012    8.2  1977    5.8  1936    3.1  2023    0.2  1954    0.0  1972    0.0  1999    0.0  2000    0.0  1968    0.2  2009    3.7  2003    8.3  1972    29.4  2008    11.1  1945     0.0  1949     4.8  1951    48.4  1994
    9.9  2023    8.1  1974    5.4  1977    2.9  2017    0.2  1988    0.0  1943    0.0  2001    0.0  1995    0.0  2004    0.2  2020    3.7  1957    8.1  1947    29.3  2023    11.0  1939     0.0  1968     4.7  1939    48.4  1934
    9.9  1957    7.6  2019    5.4  2022    2.8  1960    0.2  1937    0.0  1958    0.0  2002    0.0  2002    0.0  2011    0.2  1947    3.4  1968    7.7  2006    29.2  1974    10.9  1933     0.0  1940     4.6  1990    48.0  1957
    9.8  2004    7.5  1946    5.4  2004    2.7  1942    0.2  1952    0.0  1959    0.0  2003    0.0  2003    0.0  1984    0.2  1986    3.3  1987    7.7  1990    28.9  1950    10.8  1998     0.0  1980     4.6  1960    47.9  1988
    9.8  1973    7.4  1939    5.3  2009    2.5  1963    0.2  1972    0.0  1950    0.0  2004    0.0  2004    0.0  1961    0.2  1961    2.9  1938    7.5  1987    28.8  2000    10.7  1997     0.0  2008     4.6  2021    47.9  1972
    9.8  1969    7.3  1938    5.2  1935    2.3  2025    0.2  1947    0.0  1945    0.0  2005    0.0  2005    0.0  2009    0.2  1965    2.7  2006    7.4  2023    28.8  1976    10.6  2002     0.0  1944     4.3  2018    47.4  2006
    9.6  1944    7.1  1943    5.0  1990    2.2  1959    0.1  1940    0.0  1968    0.0  2006    0.0  2006    0.0  1949    0.2  2025    2.6  1945    7.2  2021    28.3  1943    10.6  1991     0.0  1958     4.1  1963    47.2  2017
    9.4  2006    6.9  1967    4.7  1983    2.2  1992    0.1  2000    0.0  1963    0.0  2007    0.0  2007    0.0  1946    0.1  2014    2.6  1999    7.0  1942    28.0  1999     9.8  2025     0.0  1950     4.1  1957    45.6  1998
    8.8  1998    6.8  1993    4.5  2007    2.1  1949    0.1  1998    0.0  1976    0.0  2008    0.0  2008    0.0  1951    0.1  1985    2.4  2015    6.9  2019    27.8  2019     9.7  2012     0.0  1943     3.6  2002    45.0  2019
    8.8  2000    6.6  2025    4.5  1991    2.0  1961    0.1  1978    0.0  1982    0.0  2009    0.0  2001    0.0  1953    0.1  1958    2.2  1939    6.5  1932    26.3  2005     9.6  2019     0.0  1945     3.5  1938    44.2  2022
    8.6  1993    6.5  2000    4.4  1945    2.0  2024    0.1  2017    0.0  1992    0.0  2010    0.0  2009    0.0  1958    0.1  1969    2.2  2020    6.4  1997    26.1  2016     9.5  1967     0.0  1992     3.4  1968    43.7  2004
    8.4  2024    6.5  1995    4.3  1960    2.0  1993    0.1  2003    0.0  1990    0.0  2011    0.0  2010    0.0  1955    0.1  1976    2.2  2014    6.2  2018    25.5  1988     9.4  1972     0.0  1990     3.3  1999    43.7  1989
    8.1  1988    6.4  1980    4.1  2021    1.9  1946    0.1  1933    0.0  1988    0.0  2012    0.0  2011    0.0  1981    0.1  1945    2.1  1931    5.6  1949    25.4  1972     9.3  2011     0.0  1988     3.1  1946    41.3  1999
    7.7  1996    5.7  2002    3.7  1997    1.9  1937    0.1  2002    0.0  2007    0.0  2013    0.0  2013    0.0  1985    0.1  1963    2.1  1994    5.4  2016    25.2  2017     8.7  2014     0.0  1976     3.0  1994    41.2  2015
    7.6  2018    5.4  2020    3.7  1994    1.7  1944    0.1  1983    0.0  1995    0.0  2014    0.0  2014    0.0  1992    0.1  2015    2.1  2000    5.3  1971    24.7  2025     8.3  1957     0.0  1995     2.8  1953    41.1  1974
    7.5  1999    5.4  2023    3.6  1967    1.5  2014    0.1  1990    0.0  1999    0.0  2015    0.0  2015    0.0  1978    0.1  2022    2.1  2022    5.0  2002    24.0  2022     8.2  1994     0.0  2007     2.7  1945    41.1  2025
    7.1  1975    5.0  1997    3.4  1992    1.3  1964    0.1  1986    0.0  2003    0.0  2016    0.0  2016    0.0  1996    0.1  1996    2.0  1951    4.6  1977    21.3  2007     7.6  1960     0.0  2003     2.7  2006    40.2  1938
    6.8  1974    4.8  2017    3.3  1961    1.2  2018    0.1  1970    0.0  2002    0.0  2017    0.0  2017    0.0  1998    0.0  1968    1.8  1997    3.6  2013    21.0  1975     7.4  1999     0.0  2002     2.7  2000    40.1  2000
    6.5  2005    4.6  1998    3.2  2024    1.2  1972    0.1  2007    0.0  2006    0.0  2018    0.0  2018    0.0  2006    0.0  2016    1.5  2018    3.5  1974    20.4  1935     6.6  2004     0.0  2006     2.5  2020    40.0  2023
    6.3  2014    4.3  2022    3.2  1999    1.1  2020    0.0  1976    0.0  2017    0.0  2019    0.0  2019    0.0  2002    0.0  2006    1.4  1986    3.4  1953    20.1  2024     6.3  2009     0.0  2017     2.4  2015    38.0  2011
    6.0  1983    4.3  1945    3.0  2026    1.0  1943    0.0  1999    0.0  2013    0.0  2020    0.0  2020    0.0  1999    0.0  1977    1.3  2009    3.3  1959    19.8  1998     6.2  1992     0.0  2013     2.4  1986    36.4  2007
    5.6  2008    4.2  2024    2.9  2019    1.0  2009    0.0  2009    0.0  2014    0.0  2021    0.0  2021    0.0  2001    0.0  1989    1.2  1953    2.3  2025    19.3  2026     5.9  2017     0.0  2014     2.4  2014    35.1  2002
    5.3  2007    4.1  1990    2.8  2017    0.9  2004    0.0  2023    0.0  2018    0.0  2022    0.0  2022    0.0  2016    0.0  2005    1.0  1946    1.9  2024    17.9  1990     5.8  1961     0.0  2018     2.2  2022    33.4  2014
    5.2  1938    4.0  2014    2.8  2012    0.8  1987    0.0  2022    0.0  2022    0.0  2023    0.0  2023    0.0  2014    0.0  2004    0.9  2011    1.8  2015    16.3  2020     5.4  2007     0.0  2022     1.5  2009    33.0  1990
    4.6  1989    3.7  1961    2.3  1957    0.8  2007    0.0  1964    0.0  2024    0.0  2024    0.0  2024    0.0  2021    0.0  2013    0.8  1984    1.2  1988    14.0  1989     5.2  2024     0.0  2024     1.5  2011    32.1  2020
    4.4  1990    3.7  2011    1.9  1938    0.5  2011    0.0  2024    0.0  2025    0.0  2025    0.0  2025    0.0  2023    0.0  2001    0.6  2002    0.4  1934    13.9  2014     4.7  1959     0.0  2025     1.1  1984    29.0  2024
    4.0  2020    3.7  2026    1.6  1959    ---  2026    ---  2026    ---  2026    ---  2026    ---  2026    ---  2026    ---  2026    ---  2026    ---  2026     ---  1931     ---  2026     ---  2026     ---  2026     ---  2026
