Areal values from HadUK-Grid 1km gridded climate data from land surface network
Source: Met Office National Climate Information Centre
Monthly, seasonal and annual total precipitation amount for England E and NE
Areal series, starting in 1836
Last updated 01-Apr-2026 11:35
    jan  year    feb  year    mar  year    apr  year    may  year    jun  year    jul  year    aug  year    sep  year    oct  year    nov  year    dec  year     win  year     spr  year     sum  year     aut  year     ann  year
  162.2  1948  141.5  2020  125.4  1981  141.2  2012  128.7  1967  181.4  2007  152.9  1940  171.3  1956  159.3  1976  196.4  1903  151.1  2000  178.1  1978   342.1  1877   279.7  1979   366.8  1912   386.7  2000  1134.5  1872
  137.0  2008  119.4  1848  121.1  1947  138.5  2000  122.3  1847  148.0  1997  140.8  1888  169.4  1917  140.0  1918  166.3  1960  148.4  2025  176.4  1876   335.1  2021   259.6  1983   343.7  1956   366.2  1872  1043.3  2012
  131.4  2021  117.9  1900  120.1  1979  122.0  1846  114.7  1932  141.6  2012  135.9  1880  166.1  2004  135.6  1965  163.0  1865  148.4  1951  155.7  1868   321.5  2016   257.0  1981   338.9  2007   356.2  2019  1000.1  2000
  123.9  1939  113.0  1966  109.4  1909  121.7  1998  112.7  1924  136.8  1848  135.7  1930  145.4  1845  129.3  1871  154.5  2023  148.3  2009  147.3  2015   314.2  1915   252.3  1920   326.1  2012   348.0  1852   960.7  2023
  123.0  1960  109.5  1923  105.2  1916  102.8  1993  110.7  1979  130.3  1982  133.5  2009  142.0  1927  127.9  1944  149.6  1892  140.6  1875  146.8  1915   308.9  2024   246.3  1998   320.7  2004   342.1  1935   957.8  1848
  120.6  2016  108.8  1941  103.9  1848  100.3  1983  104.3  2014  128.7  1912  133.3  1988  141.3  1877  123.9  1883  142.4  1870  137.1  1946  144.6  1914   304.2  1960   245.6  1947   315.4  1927   338.4  1976   951.1  2008
  118.9  2014  105.6  2002   96.9  1862   98.5  1920  101.4  2021  126.2  1980  129.4  1895  141.0  1878  122.8  1880  140.5  1976  133.9  1878  136.6  2023   296.6  1869   243.6  2000   306.3  1839   338.1  1880   946.5  1877
  117.7  1928  104.1  1950   93.5  2018   98.2  1882  101.3  1886  116.1  2019  122.0  1922  140.3  1881  121.7  1968  138.6  1880  133.0  1852  129.2  1929   288.3  1979   240.8  1986   304.0  1879   337.4  1903   940.5  1903
  113.2  1984  101.5  1977   92.2  1980   95.2  1986  100.8  1869  115.8  2017  119.9  2023  139.0  1954  120.5  1927  138.4  1848  132.6  1984  128.0  2012   287.1  1995   240.2  1937   303.9  1931   337.1  1944   940.4  1882
  107.6  1995   99.8  1958   91.4  1999   94.4  1877   98.9  1983  110.9  1839  119.2  1915  135.4  1912  117.4  1852  137.0  1906  132.6  1965  123.7  1979   285.5  1916   238.1  2024   302.6  1845   336.3  1960   936.0  1960
  107.0  2004   99.5  1990   91.2  1836   88.6  2024   96.7  1951  109.3  1860  114.3  2007  134.5  1900  117.2  1935  136.0  1907  128.5  2019  118.5  2020   284.9  1900   236.2  1951   296.5  1848   329.8  2023   925.3  2019
  105.9  1895   96.5  1916   91.0  1897   87.9  2001   96.1  2006  107.8  1998  114.0  1839  131.3  1857  115.1  1866  132.8  1841  127.7  1944  117.0  1882   277.8  2014   233.3  1932   292.6  2008   329.1  1875   921.3  1912
  105.6  1956   96.3  2001   90.4  1888   86.7  1966   95.8  1907  106.8  1948  113.4  1872  125.0  1951  114.3  1993  131.6  1846  127.4  1969  114.4  1934   274.1  1980   231.4  1877   285.2  2019   314.6  2025   920.1  1852
  104.9  1877   92.6  1933   90.2  1964   85.2  1931   94.5  1878  105.5  1928  111.3  1879  122.0  1986  113.3  1872  131.0  1896  126.8  1963  113.0  1852   270.4  1939   230.5  1969   283.0  1872   314.0  1954   908.9  1954
  104.4  1936   91.3  1881   89.6  1913   84.3  2004   93.9  1843  102.2  1879  110.7  1875  117.5  1971  112.5  2000  129.3  1872  126.3  1950  113.0  1911   270.3  1977   230.2  1886   281.0  1980   299.8  1965   902.5  2002
  104.0  1945   91.2  2022   88.9  1951   83.7  1934   89.6  1856  100.7  1882  110.3  1920  116.2  1963  110.2  2019  129.2  1885  123.7  1872  112.9  1959   266.9  1990   224.9  2012   278.4  1930   295.8  1984   901.4  1927
  103.1  1988   90.3  1915   85.9  2006   83.6  1947   88.7  1986  100.3  1931  107.0  1960  115.7  1891  107.9  2008  126.6  2004  122.5  1836  112.4  1872   266.7  1848   222.6  1913   277.9  1881   293.6  1841   899.5  1930
  102.2  1943   89.5  1925   85.8  1908   82.8  1849   88.1  1899   98.9  1911  106.3  1931  114.4  1921  105.6  1981  126.0  1889  122.0  1954  111.0  1909   266.3  1883   222.3  1916   276.3  1997   293.0  2012   898.3  1876
   99.5  1978   89.1  1894   85.2  2023   81.3  1871   87.8  1954   97.0  1892  106.2  2008  113.7  1966  105.3  1946  123.2  2002  118.6  2010  110.7  1847   265.7  1853   221.0  2006   274.0  1860   283.0  2022   892.1  1880
   99.3  1863   89.0  1937   85.1  1876   80.2  1872   87.4  1969   95.7  1987  105.3  1883  111.8  1946  104.0  1876  123.1  2000  118.5  1888  110.7  1896   263.7  1994   218.9  1889   269.8  1877   278.1  1946   886.1  1886
   99.1  1886   87.6  2026   84.7  1992   79.6  1876   86.2  1925   94.3  1852  104.6  1886  111.2  2020  103.2  1984  121.0  1967  116.5  2015  109.8  1937   262.0  1984   217.1  1846   267.0  2020   275.0  1883   886.0  1881
   98.6  1961   87.2  1997   84.2  1987   77.9  1867   86.0  1906   93.3  1958  102.8  1912  110.9  2008  103.0  1896  119.9  1882  115.4  1861  108.8  2002   261.6  1910   214.5  1967   262.4  1958   274.8  1968   885.3  1900
   98.4  1994   86.6  2024   82.6  2019   77.9  2005   85.9  1937   91.4  1926  102.7  1973  110.6  1948  101.8  1856  119.6  1875  115.1  1935  108.3  1986   260.9  2026   213.4  1909   262.2  1946   274.1  1896   885.1  1998
   97.7  1921   85.1  1893   82.2  1937   77.2  2008   85.9  1865   90.0  1936  102.7  1968  107.3  1890  101.7  1869  118.2  1954  112.1  2012  108.0  1901   260.3  1948   208.6  1872   262.0  2017   273.5  1836   882.8  1860
   97.4  1999   85.1  2021   81.9  1919   75.3  2018   83.3  1976   89.8  2020  102.7  1936  106.8  2006  100.3  2025  118.0  1998  110.7  1970  106.9  1983   257.6  1966   206.0  1908   261.4  1882   271.6  1839   880.9  1965
   96.6  1977   84.4  1991   78.7  1903   75.2  1889   82.7  2015   86.6  1894   98.9  1958  105.4  1889   99.8  2024  117.5  2019  108.7  1905  106.2  1938   254.8  1941   204.7  1862   260.7  1966   271.6  1848   879.0  1916
   96.2  1998   82.3  2011   78.5  1941   75.0  1935   81.5  1993   85.1  1838   97.9  1884  104.5  1957   99.6  1950  116.9  1939  107.1  1940  106.1  1886   254.0  1930   204.6  1999   260.4  1895   271.0  1882   877.6  2024
   95.4  1884   82.3  1935   76.8  1872   74.8  1970   81.2  2024   85.1  1927   97.5  1924  103.7  1980   98.4  1995  116.2  1894  106.9  2002  105.7  1869   253.5  1935   202.8  1869   259.9  1888   270.8  1885   873.3  2004
   94.7  1972   82.0  2014   76.6  1886   73.1  1913   79.7  1920   84.4  1907   97.0  1855  103.6  1856   98.2  1930  116.1  1987  104.4  2022  104.8  1870   252.2  2020   201.7  1993   257.4  1866   269.2  1927   871.7  1966
   93.9  1913   81.2  1995   76.4  1839   72.6  1843   79.3  1840   83.9  1999   96.9  1846  103.6  1930   95.2  1881  115.2  1855  103.8  1929  104.3  1993   249.7  1991   201.7  1882   256.0  1900   267.5  2010   871.5  1951
   93.2  2026   78.9  1910   75.9  1988   72.1  1937   77.2  1892   83.8  2003   96.5  2012  102.8  1950   94.6  2012  114.7  1900  103.4  1926  100.6  1990   248.9  1923   201.6  1925   254.8  1954   267.5  1967   853.0  1931
   92.8  1930   76.4  1978   75.8  1877   72.1  1859   77.1  2007   83.8  1883   96.0  1850  102.7  1865   94.4  1952  111.6  2013  103.1  1960   98.2  1994   247.1  1912   201.4  2018   253.3  1852   266.8  1974   852.3  1883
   92.3  1860   76.1  1879   75.8  2008   71.7  1925   77.0  1958   83.2  1963   95.9  1866  102.4  1928   94.3  1957  110.8  1886  103.1  1901   97.4  1891   246.5  1978   201.1  1985   253.1  1909   264.4  1950   847.1  1979
   92.2  1937   75.6  1951   75.5  1969   71.7  1981   76.6  2013   80.8  1863   95.4  1918   98.6  1962   94.0  2001  110.0  1898  102.5  1839   97.3  1919   245.4  2007   201.0  1847   252.7  1987   262.5  1881   843.6  1980
   91.8  1867   75.4  1876   75.4  1851   70.8  1992   75.7  1938   80.7  1966   95.2  1871   97.8  1860   92.0  1839  109.8  1935   99.8  1959   97.2  1965   244.8  1956   196.9  1903   251.2  2009   261.1  2002   839.9  1950
   91.5  1900   75.3  1853   74.1  1912   70.5  2016   75.5  1943   80.3  1845   94.4  1891   97.7  1923   91.7  1992  109.7  1938   99.6  1996   96.6  1997   242.8  2008   196.7  1899   251.1  1948   260.6  1981   839.4  1866
   91.3  1919   74.8  1936   74.1  1920   70.2  1898   75.3  1838   79.8  1956   93.7  1903   97.3  1931   91.3  1887  107.3  1933   99.5  1890   96.0  1837   241.8  1936   193.6  1867   248.9  1880   260.5  1930   839.0  1839
   90.5  1872   73.7  1872   73.5  1934   69.9  1930   74.9  1916   79.7  1872   93.1  1861   96.4  1910   88.5  1962  107.2  1864   99.3  1911   95.7  1999   239.8  1928   192.5  1934   247.5  1963   258.8  1993   837.3  1946
   88.3  1852   73.6  1861   73.4  1881   68.7  1961   74.5  1903   79.5  1871   92.7  1956   96.3  1985   88.1  1903  106.9  2020   98.2  1949   94.0  1922   237.5  1937   191.2  1876   245.6  1917   256.7  1878   836.2  1993
   86.6  1990   73.2  1883   72.3  1928   68.3  1899   73.5  2000   78.9  1900   92.2  1837   96.1  2014   87.9  1868  106.6  1932   97.3  1882   93.5  1958   236.5  2004   190.9  2014   245.4  1957   253.0  1952   836.0  1878
   86.3  1917   72.9  1904   72.2  1889   67.6  1969   73.0  1860   77.7  2016   92.1  1957   95.0  1909   87.9  1994  104.7  1843   97.2  1930   92.7  1860   234.7  1919   189.9  1843   244.8  1855   252.5  1992   835.7  1968
   85.7  2024   72.9  1967   72.0  1939   66.4  1973   71.8  1985   77.3  1977   91.8  2002   94.3  1866   86.1  1899  104.6  1928   96.5  1923   92.0  1849   232.1  2013   189.5  1907   244.5  1857   251.9  1892   835.4  1978
   85.7  1986   72.3  1980   71.5  1982   66.2  1953   71.7  1845   75.6  2008   91.6  1932   94.1  2011   84.8  2017  104.3  1980   95.3  1914   90.5  1918   231.2  1961   188.3  1987   242.1  1891   250.2  1939   833.8  2020
   84.8  2007   71.8  2010   71.4  1984   66.1  1965   71.5  1889   75.3  1851   91.2  1840   92.9  1852   83.8  2010  104.1  1924   95.2  1916   90.4  1925   228.5  2010   184.1  1924   241.7  1936   250.2  1876   833.0  1939
   84.0  1970   71.6  2007   71.2  1896   65.7  1857   71.2  1885   74.7  1909   89.7  1851   91.7  1897   83.2  1848  103.9  1919   95.1  1939   89.4  1874   228.3  2001   183.9  1992   241.0  1928   250.0  1998   831.9  2014
   83.7  1922   70.9  1996   70.6  1998   65.6  1908   71.0  1955   74.2  1855   89.6  1841   91.3  1903   83.1  2023  102.7  1895   94.3  1840   89.0  2006   227.5  1926   181.0  1931   239.9  1875   249.1  2008   830.4  1937
   83.4  1906   70.4  1947   69.1  1895   65.5  1950   70.8  1945   73.1  2004   89.2  1939   91.2  1992   83.1  1931  102.3  1974   93.4  2016   88.9  1907   226.1  1958   180.2  1965   238.8  1985   248.2  1938   829.1  1958
   83.1  1912   70.1  1922   68.3  2024   65.4  1975   70.7  1931   72.5  1969   88.3  1927   91.0  2019   82.6  1841  100.3  2021   92.2  2023   88.8  1920   224.5  1950   179.8  1848   237.9  1883   248.1  1906   827.0  1845
   82.6  2003   69.4  1866   67.9  1864   65.1  1856   69.4  1902   71.7  1854   88.3  1867   90.5  1879   82.5  1943   99.0  1845   90.6  1876   87.8  2000   223.2  1925   178.8  2008   236.0  1926   245.8  1918   826.8  2007
   82.6  1942   68.9  1957   67.6  2016   65.0  1905   69.1  1879   71.7  1935   86.5  1853   90.2  1905   82.4  1925   98.8  2022   90.0  1906   87.7  1960   223.0  1897   178.7  1975   235.6  1903   245.6  1865   826.8  1967
   82.0  1899   68.3  1960   66.6  1985   65.0  1989   68.1  1904   71.5  1990   85.5  2015   90.0  1943   81.8  1922   97.6  1852   89.0  1919   87.6  1900   220.6  1873   177.9  2023   234.7  2023   243.2  1863   826.4  1846
   81.4  1941   66.8  1969   65.9  1860   64.8  1909   67.6  2003   71.3  1947   85.3  1946   89.9  1872   81.2  1974   95.9  1941   88.3  1854   87.3  1955   218.5  1920   177.0  1849   234.6  1892   243.1  1886   824.6  1944
   80.6  1974   65.9  2017   65.4  2010   63.8  1868   67.5  1973   71.1  1862   84.9  1882   88.4  1892   81.2  1885   94.0  1981   87.9  1982   87.3  2009   218.3  1872   176.5  1972   234.5  1922   242.0  1866   824.2  1999
   80.2  1854   65.4  1843   65.3  1963   62.7  1985   67.2  1923   71.1  1836   84.9  1877   88.3  2002   81.0  1859   93.8  1949   87.3  1910   87.2  1880   218.3  1938   176.4  1845   234.3  2002   241.9  1926   820.7  1986
   79.5  1926   64.9  1869   65.1  1914   62.2  1962   67.0  1912   70.5  1914   84.2  1881   88.1  1848   79.8  1983   93.7  1961   87.2  1931   86.2  2024   218.1  1922   174.8  1968   233.8  1878   241.6  2009   819.6  1841
   79.3  1985   61.7  1974   65.0  1972   61.9  2023   65.9  1942   70.5  1972   83.9  1992   88.0  2012   79.7  2022   93.3  1863   86.8  1977   85.3  1856   218.0  1945   174.5  2016   233.7  1982   239.7  1940   817.7  1987
   79.3  1915   61.6  1837   63.8  2017   61.5  1932   64.5  1862   68.7  1953   83.4  1909   87.3  1979   78.0  1857   93.3  1916   86.4  1992   85.1  1985   215.8  2003   174.4  1898   232.9  1894   238.1  1987   816.5  1936
   79.2  1875   61.5  1955   63.7  1861   61.4  1987   63.7  1891   68.0  1939   82.4  1858   86.4  1941   77.8  1999   91.8  2001   85.8  1927   82.7  1845   215.3  1969   171.9  1958   232.9  1841   237.7  1871   814.6  2015
   79.2  1920   61.0  1994   63.5  1975   61.4  1959   63.1  1910   67.7  1964   82.1  1836   85.5  1999   77.2  1840   91.8  1881   85.6  1928   81.6  1910   212.7  1894   171.8  1838   232.1  1890   236.8  2001   814.5  1909
   79.0  1993   60.9  2005   62.4  1994   60.1  1910   62.7  1854   67.5  1878   82.0  1910   83.5  1863   76.7  1936   91.5  1891   83.7  1895   80.9  1996   212.6  2002   171.7  1878   231.0  1838   236.8  1864   812.1  1923
   78.1  1980   60.8  1877   62.3  1971   59.5  1880   62.6  1972   67.2  1866   81.9  2017   83.2  1904   76.6  1863   90.8  1966   83.3  1974   80.8  1989   212.1  1870   171.0  1891   229.5  1851   236.3  1911   811.3  1928
   77.4  1853   60.6  1897   61.6  1940   58.3  1837   62.5  2002   67.0  1880   81.5  2004   83.0  1960   76.2  1861   90.6  1849   83.2  1900   80.3  1924   210.0  1970   170.9  1966   229.2  1988   235.6  1870   810.6  1969
   76.8  1965   60.6  1931   61.1  1930   58.3  1917   62.1  2012   66.8  1861   81.4  1938   82.6  1987   75.8  1849   89.1  2005   82.8  1938   80.2  1916   209.4  1860   170.7  1964   228.6  2011   233.9  1923   808.8  1875
   76.1  1883   60.2  1954   61.0  1958   57.9  1999   61.9  1997   66.7  1945   81.3  2024   82.5  1841   75.8  1897   89.1  1940   82.6  1980   80.1  2025   209.1  1947   170.4  1930   226.2  1846   233.6  1916   806.8  1935
   76.0  1869   59.7  1970   60.7  1968   57.7  1922   61.5  1962   66.5  1875   81.1  1965   82.2  1953   74.9  1932   89.0  1853   82.6  1860   79.8  1949   208.0  1986   168.8  2005   225.6  1971   233.2  1905   804.9  2009
   75.8  1969   59.4  1880   60.6  1857   57.0  1850   61.3  1968   66.1  1890   80.0  1985   82.2  1967   73.7  1954   87.2  1945   82.5  1886   79.2  2022   208.0  1998   168.5  1885   225.5  1910   232.9  1933   802.3  1981
   75.8  1938   59.3  1892   60.3  1983   56.9  1927   61.2  1877   65.9  1897   79.9  1849   81.6  1945   73.7  1924   86.3  2012   81.8  1995   79.2  1881   207.5  1850   168.3  1897   225.0  1968   232.7  1919   800.2  2021
   75.2  1903   59.3  1945   60.2  1842   55.3  1963   60.1  1926   65.5  1896   78.2  2019   81.4  1839   73.1  1877   85.8  1917   81.3  2014   77.1  2003   205.4  1881   167.5  1888   222.7  1939   231.6  1887   793.1  1948
   74.8  1975   59.1  1871   60.1  2013   55.0  1944   60.0  1913   65.0  1946   78.2  1950   79.4  1978   73.0  2006   85.7  1909   81.1  1941   76.9  2013   205.3  1988   166.2  2001   222.6  1950   229.2  1982   792.5  1924
   74.4  1857   59.0  1855   59.9  1977   55.0  1879   59.9  1981   64.6  1876   77.6  2005   79.3  1898   71.2  1836   85.6  1982   80.4  1967   76.5  2021   201.7  1875   165.7  1860   220.3  1973   228.6  1891   789.8  1895
   74.4  1849   57.5  1926   59.6  1989   54.8  1949   59.7  1918   64.2  1991   77.3  1843   78.9  1868   70.3  1842   84.3  1858   80.4  1985   76.3  2011   200.4  1951   163.0  1988   218.6  1953   224.9  1846   787.3  2001
   74.3  1837   57.1  1989   59.3  1991   54.5  1994   59.5  1867   63.5  1955   77.3  1978   78.9  2001   69.4  1858   83.3  1883   79.3  1936   75.5  1899   200.3  1903   163.0  1856   216.9  1998   224.6  1980   785.6  1919
   73.7  1840   56.1  1836   58.3  1927   53.4  1888   59.5  1849   63.3  1944   77.2  1970   78.8  1961   68.8  1875   83.1  2014   79.2  1842   75.0  1923   199.8  2000   162.1  2019   216.4  1924   224.6  2024   784.1  1891
   72.9  2018   55.9  1870   58.1  1901   53.1  1907   58.9  1890   63.3  1968   77.0  1845   77.4  1895   67.5  1838   82.6  2006   78.8  1874   74.3  1961   199.0  1987   161.3  1963   215.4  1978   224.5  1963   782.2  2016
   72.6  1851   55.6  1944   57.9  1911   52.8  1968   58.9  1894   63.2  1971   76.9  1914   77.2  1916   66.9  1975   81.9  2024   78.8  1991   74.0  1966   198.1  1867   160.1  1941   215.4  1856   224.4  1869   779.5  1920
   71.7  1910   55.1  2018   57.8  1845   52.3  1886   58.5  1966   62.9  2011   76.7  1893   76.9  1906   66.9  1960   81.5  1944   78.2  1841   73.7  1902   196.8  1861   159.1  2013   215.0  1938   224.3  1949   778.6  1985
   71.2  1890   55.0  1885   57.5  1965   51.9  1964   58.4  1873   62.7  1938   75.9  1961   76.6  1915   66.7  1923   81.3  1926   77.7  1979   73.7  1946   196.0  1871   159.1  1906   214.0  1915   223.7  1900   777.9  1922
   70.3  1962   54.8  1972   57.4  1866   51.7  1885   57.4  1898   62.5  1985   75.9  1844   76.4  2010   66.0  1967   80.9  1952   77.6  1952   73.4  1951   195.3  1892   158.2  1879   211.5  1960   223.4  1994   777.8  1956
   70.1  1982   54.7  2000   57.3  1905   51.5  1971   57.2  1953   62.5  1847   75.1  1926   75.8  1882   65.0  1958   80.8  1913   77.4  1968   72.8  1968   193.6  1957   158.0  1857   209.7  1871   223.3  2005   777.4  1910
   69.9  2013   54.3  1988   57.1  1932   50.8  1848   56.6  1965   62.3  1843   74.7  1974   75.1  1982   64.3  1948   80.6  1847   77.0  1891   72.5  1954   193.6  1921   157.4  1904   207.3  1843   223.2  1877   776.5  1836
   69.9  1846   54.1  1918   57.0  1844   50.6  1891   56.1  1841   60.7  1841   74.5  1942   74.9  1858   64.3  1874   79.7  1836   76.7  1880   72.2  1976   193.4  1974   157.0  1971   205.8  1944   223.1  1861   775.3  1869
   69.7  1868   53.9  1844   57.0  1986   50.6  1951   55.3  1999   60.5  1916   74.5  1987   74.8  1846   64.0  1908   78.7  1988   76.3  1893   72.1  2007   191.9  2022   156.8  2004   204.3  1916   223.0  1932   774.7  1994
   69.4  2010   53.6  2016   56.7  1891   50.4  1851   54.9  1988   59.8  2000   73.5  1908   74.5  2023   63.9  1851   78.5  1912   76.1  1971   71.5  2018   191.6  1999   156.5  1962   204.3  1862   222.6  2006   774.0  1938
   69.1  1878   53.0  1864   56.2  1867   49.3  1866   54.6  1908   59.6  1856   72.7  1894   74.3  1922   63.3  1892   78.4  1934   75.5  1881   71.0  1884   191.6  1837   155.9  1923   202.9  2016   222.5  1924   773.4  1992
   68.1  1959   52.9  1919   55.8  1952   49.0  1979   54.3  2022   59.3  1859   72.5  1923   74.3  1873   62.2  2005   77.5  1877   75.4  1972   70.8  1859   191.2  1913   155.8  1977   202.5  1951   220.8  1951   769.6  1915
   66.5  2025   52.6  1940   54.9  1873   48.9  1972   54.1  1998   58.7  1978   72.1  1838   73.8  1838   62.1  1942   77.1  1839   74.9  1933   70.6  1977   190.8  1931   154.7  1917   202.1  1992   219.5  2015   769.0  1925
   66.4  1842   52.4  2004   54.8  1882   48.6  1869   53.6  1842   58.0  1857   72.1  2021   73.7  2016   61.6  1973   76.8  1929   74.3  1997   70.6  1927   190.8  1955   154.3  2021   201.8  1837   219.5  1849   768.8  1988
   66.3  1873   51.8  1956   54.2  1978   48.0  1836   53.5  1933   57.3  1989   71.6  1842   73.6  1894   61.4  1860   76.3  1993   74.1  1887   70.6  1878   190.7  1917   154.2  1919   201.3  1840   218.2  1840   767.3  1849
   66.1  1850   51.5  1928   54.1  1922   47.8  1878   52.4  1858   56.9  1902   71.6  2011   73.5  1855   61.3  1956   76.2  1862   74.1  1898   70.5  1995   190.6  1943   154.1  1927   199.4  1940   218.1  1925   767.2  2006
   65.9  1976   51.5  1903   53.8  1955   47.2  1847   52.2  1950   56.9  1973   71.5  1848   73.0  2015   61.3  1911   75.7  1968   73.3  1863   70.5  1948   190.4  1884   154.1  1994   198.9  1861   215.8  1859   766.6  1894
   65.8  1866   51.4  1908   53.7  1859   46.9  1845   52.2  1864   56.8  1954   69.6  1944   72.9  1944   60.5  1862   75.7  1911   72.9  1998   69.3  1982   187.3  1895   154.0  2015   198.7  1836   214.9  1995   766.0  1856
   65.8  1971   51.0  1912   53.6  1890   46.9  1838   52.1  2009   56.6  1853   68.0  2025   72.9  1862   60.1  1891   75.3  1990   72.9  1866   69.2  1912   187.2  1899   153.5  1851   198.6  1986   213.3  1907   765.2  1926
   65.1  1947   50.7  1868   53.6  1884   46.5  1945   51.9  2019   56.5  2001   67.7  1953   71.7  1993   60.0  1905   74.7  1850   72.6  1877   69.2  1897   186.1  1967   152.4  1864   198.4  1965   213.1  1868   762.4  1914
   64.8  1931   49.5  2006   53.4  1869   46.4  1923   51.6  1872   56.1  1888   67.3  1941   70.9  1938   59.1  1998   74.5  1992   72.0  1966   68.8  1964   186.1  2025   151.3  1865   197.5  1867   212.5  1936   759.1  1892
   64.7  1991   49.4  2009   52.6  2001   46.2  1919   51.4  1977   55.2  1870   66.8  1860   70.9  1934   59.1  1844   74.3  2008   72.0  2005   68.4  1864   185.7  1840   149.4  1955   197.1  1863   211.9  1860   754.4  2017
   64.6  1958   49.3  1850   52.3  1846   46.2  1884   49.8  1975   55.1  2009   66.6  1916   70.8  1925   58.9  1987   72.6  1859   71.7  1865   66.7  1952   185.4  1857   149.3  1973   196.4  1858   210.7  1928   754.1  1906
   64.5  1856   49.0  1953   52.1  1995   46.0  1948   49.5  1874   54.5  1846   66.6  1889   70.3  1874   58.2  1878   71.8  1868   71.6  1864   66.4  1866   185.0  2018   148.9  1836   196.3  2014   210.4  1874   751.5  1918
   63.5  1918   48.4  1981   52.1  1933   44.7  1924   48.7  1946   54.2  2002   66.4  1966   70.3  1958   58.0  1864   71.2  1910   71.6  2018   66.4  1956   183.7  1996   148.8  1954   195.8  1914   207.9  2013   751.3  2005
   63.1  2015   48.4  1914   51.8  1868   44.5  1883   48.7  1882   54.1  1885   66.1  1852   69.7  1919   57.9  1978   70.7  1923   70.7  1994   66.4  1839   183.4  1997   148.2  1881   195.2  1945   207.5  1895   750.9  1974
   62.9  1951   48.3  1906   50.8  1917   44.5  1977   48.7  2011   53.5  1895   66.0  2020   69.6  1926   57.2  1926   70.2  1902   69.8  1912   66.4  1969   183.1  1908   148.0  1912   194.8  1961   205.7  1966   750.4  1983
   62.2  2009   48.3  1979   49.6  1838   43.7  1903   48.3  1887   53.4  1881   65.4  1873   69.2  1929   56.5  1961   70.0  1925   69.5  2017   65.9  1846   182.3  1933   147.5  1902   194.8  2001   205.6  1931   749.4  1984
   62.0  2005   47.9  1946   49.3  1954   43.4  1897   48.2  1883   53.3  1844   65.0  1947   69.1  1924   56.4  1845   68.0  1999   68.4  1843   65.4  1930   181.9  1868   147.2  1880   193.3  2015   205.6  1858   749.2  1977
   61.9  1979   47.8  1987   48.8  2026   43.3  1862   47.1  1948   52.8  1840   64.4  1929   68.0  1974   56.4  1879   68.0  1899   68.4  1986   64.7  1898   179.8  1972   147.0  1939   192.6  1865   203.9  2017   748.5  1907
   61.8  1894   47.3  1901   48.6  1904   43.1  1978   46.5  1941   51.4  1943   64.2  1865   67.9  1867   55.7  1938   67.9  1860   68.1  1993   64.6  1940   179.7  1962   146.6  1892   192.5  1923   203.3  1929   748.0  1982
   61.6  1983   46.5  1865   48.1  1906   42.6  1967   45.6  1917   50.9  1965   64.2  1901   67.8  1843   55.7  2018   67.3  1874   67.7  1883   64.3  1921   179.7  1885   146.4  1905   192.4  1999   203.2  1912   748.0  1963
   60.4  2023   46.3  1983   48.0  1970   42.4  1901   44.7  1921   50.5  1903   64.1  1937   67.1  1952   55.6  1982   66.3  1873   67.6  1838   63.1  1854   179.6  1838   146.3  1950   191.2  1854   203.1  1899   744.0  1934
   59.6  1924   46.3  1860   47.3  1855   42.3  1902   44.6  1852   50.2  2005   64.0  1902   66.4  1859   55.5  1873   66.2  1887   67.0  2006   62.6  1974   177.8  2011   145.7  1871   191.1  1920   203.1  1957   742.8  1868
   59.5  1952   45.7  1856   47.3  2005   42.2  1916   44.4  1978   49.8  1837   63.0  1997   66.4  1965   55.4  1853   65.9  2025   67.0  2008   62.6  2019   177.7  1879   144.6  1910   190.9  2005   202.9  2021   740.8  1911
   58.6  1954   45.6  1840   47.1  1883   42.1  1926   43.8  1995   49.8  1924   62.7  1854   65.8  1996   54.9  1912   65.6  1979   66.5  1847   62.6  1935   177.2  1983   144.3  1976   190.6  1853   202.0  1970   740.5  1940
   58.5  1904   44.9  1961   46.8  1898   42.1  2014   43.8  1893   49.5  1933   62.0  1967   65.5  1939   54.8  1963   65.2  1838   66.3  1850   62.3  1841   177.1  1887   142.4  1868   189.6  1907   201.8  1943   739.7  1879
   58.3  1957   44.7  1884   46.7  1974   42.1  1940   43.8  1915   48.8  1957   61.5  2010   65.3  1997   54.6  1867   65.1  2010   65.9  1844   62.1  1906   176.3  1902   141.8  1978   188.7  1974   200.9  1898   739.1  2010
   58.2  1944   44.6  1852   45.7  1880   41.5  1894   43.6  2005   48.1  1898   61.0  1993   65.2  1942   54.5  1913   65.0  1930   65.8  1925   62.0  1895   175.4  1866   141.5  1989   188.0  1844   200.7  1845   738.2  1871
   57.9  2002   43.4  1911   45.6  2015   41.4  1936   43.6  1944   47.1  1910   61.0  1975   65.1  1970   54.0  1909   64.8  1994   65.5  1869   61.9  1950   175.4  1904   141.1  1859   186.8  1897   200.6  1999   736.2  1961
   56.9  1935   42.1  1882   45.6  1885   40.9  1853   43.4  1984   47.1  1952   60.3  1862   65.1  1902   53.8  1882   64.6  1878   65.3  1943   61.8  1957   175.0  1846   140.0  1901   186.0  1902   200.4  1838   732.9  1941
   56.7  1955   42.0  1907   45.0  1936   40.7  1904   43.4  1914   46.8  1864   60.2  1998   65.1  1988   53.4  1985   64.5  1905   63.1  1934   61.8  1893   175.0  1901   139.9  1922   185.9  1850   198.4  2004   732.5  1957
   56.0  1927   42.0  1920   44.6  1887   40.5  1939   43.3  1971   46.0  1974   60.1  1919   64.5  1851   51.6  1969   64.5  1942   63.1  1987   61.5  1867   174.2  1965   139.9  1970   184.9  1859   197.7  2020   730.0  1932
   54.5  2011   42.0  1873   44.5  2014   40.2  1996   43.2  1850   45.8  2014   59.4  2001   64.4  2017   51.0  1953   64.2  2015   62.9  1947   61.3  2014   173.0  1959   139.8  1883   183.8  1889   196.4  1969   726.0  1917
   54.2  1946   42.0  1984   43.9  1957   40.1  1895   43.0  1952   45.5  1934   59.4  1949   63.8  1977   50.7  2020   62.9  1927   62.8  1962   61.0  1992   171.3  2009   139.5  1933   183.6  1886   194.8  1961   724.4  1865
   54.0  1841   41.9  1968   43.7  1925   39.7  1900   43.0  1996   43.9  1984   59.1  1859   63.7  1911   50.6  1933   62.6  2018   62.2  1859   60.6  1998   170.3  1863   138.6  1928   182.5  1967   194.0  1941   723.5  1896
   54.0  1934   41.8  1889   43.6  1841   39.2  1991   42.8  2017   43.7  1877   59.0  1954   63.4  1849   49.8  2021   62.3  1937   61.5  1907   60.3  1942   169.3  1911   138.4  1873   182.3  1849   193.5  1913   723.0  1888
   53.7  1885   41.8  1874   43.1  1967   38.9  2006   42.7  1846   43.2  1959   58.7  1890   63.0  2005   49.7  1886   62.2  2011   61.3  2007   59.8  2008   168.4  1882   138.2  1866   180.9  1911   192.2  1914   721.5  1997
   53.4  1925   41.6  1942   42.7  1960   38.6  1952   42.7  1987   42.6  2010   58.0  2000   63.0  1888   49.5  1837   61.9  2009   61.0  1981   59.0  1887   164.9  1918   137.4  1952   180.5  2010   192.2  2016   719.5  1885
   53.1  1862   41.0  1841   42.7  2022   37.9  1918   42.0  1880   42.4  1917   57.4  1904   62.7  1875   49.2  1945   61.9  1989   61.0  1897   58.6  1970   164.3  1924   137.3  1945   180.4  1943   192.2  1856   719.1  1863
   51.7  1897   40.7  1888   42.3  2004   37.3  1892   41.7  1881   42.3  1993   57.2  1899   62.5  2009   48.8  2016   61.6  1918   60.4  1885   58.5  1981   163.2  1865   136.1  1953   179.8  1873   190.9  1894   717.5  1899
   51.2  1933   40.6  1838   42.2  1923   36.6  1874   40.8  1947   42.0  1905   57.2  1896   62.0  1885   47.8  1991   60.6  1871   60.3  1870   58.1  1947   161.8  2015   135.8  1841   177.8  2000   190.6  1889   717.1  1837
   51.0  1929   40.5  1899   41.4  1870   36.2  1863   40.7  1963   41.7  1950   56.1  1981   61.9  1994   47.4  1934   60.1  1986   60.1  1915   57.5  1894   161.4  1975   134.9  2002   175.1  1993   189.8  2018   716.6  1970
   50.7  1914   40.3  1939   41.4  2021   36.2  1946   40.6  1900   41.5  1901   55.8  1934   60.9  1901   47.1  1988   60.0  1837   58.6  2003   57.5  1972   160.9  2023   134.6  1940   174.8  1969   189.7  1842   715.1  1838
   50.4  1870   40.1  1948   40.6  1907   36.1  1911   40.4  1936   41.3  1850   55.7  2013   60.9  2013   45.9  1893   60.0  1984   58.2  1913   57.1  2017   160.8  2005   134.3  1894   173.1  1904   189.6  1901   713.7  2018
   50.2  1887   39.8  1867   40.2  2002   36.0  1841   40.3  1957   41.3  1867   55.1  1857   60.7  1973   45.2  1884   59.0  1914   58.1  1988   56.4  1980   159.5  1878   134.0  1890   173.1  1929   188.9  1934   713.3  1897
   49.6  1940   39.6  1898   40.2  1899   35.2  1941   39.8  1961   40.7  2013   54.4  2014   60.2  1984   45.1  1916   58.2  1983   55.8  1904   56.4  1877   158.9  1842   133.4  1942   172.9  1896   188.9  1843   711.7  1867
   49.4  2000   38.9  1909   40.2  1915   34.7  1943   39.5  1901   40.6  2024   53.7  1969   60.1  2000   44.4  1850   57.2  1869   55.6  1855   56.3  1936   158.4  1852   131.2  1980   172.5  1970   186.0  1853   709.0  1889
   48.3  1932   38.2  1963   39.6  1853   34.0  1858   39.5  1928   40.5  1906   53.6  1962   59.8  1837   44.2  1937   57.1  1957   55.0  1921   55.7  1836   158.1  1876   131.0  1884   172.2  1934   185.4  1850   707.4  1862
   48.2  1865   37.8  1839   39.4  2007   33.9  1933   39.4  1930   40.4  2023   53.2  2003   59.1  1968   43.6  2013   56.5  1936   54.8  1999   55.2  1962   157.4  1993   130.7  1914   172.1  1942   184.8  1890   706.2  2022
   48.2  1874   37.3  2015   39.4  1865   33.9  1958   39.4  1855   40.1  1873   52.2  1856   58.9  1908   43.6  1940   56.5  1991   54.7  1953   54.7  1944   155.8  1893   130.5  1943   171.9  1893   184.1  1888   705.6  1976
   48.0  2020   37.2  1986   38.7  1874   33.1  1881   39.2  1909   40.1  1961   51.9  1959   58.8  1844   43.2  2003   55.6  1876   54.6  1990   54.1  1871   153.7  1854   130.1  1895   171.5  1876   183.8  1988   705.3  2013
   47.3  1966   36.9  1859   37.9  1837   32.3  1864   39.0  1927   39.9  1869   51.5  2016   58.3  1907   43.2  2011   55.3  1996   53.4  1868   54.0  1848   152.9  1982   128.8  1961   170.7  1918   183.6  1847   705.1  1847
   47.3  2012   36.3  2019   37.9  1942   32.3  1988   37.6  1949   39.7  1937   51.1  1980   58.3  1964   42.8  1966   55.1  1901   53.1  1849   54.0  1904   152.7  1886   128.7  1984   168.8  1941   183.1  1991   704.5  1947
   47.2  1882   36.3  1902   37.0  1959   32.2  2002   37.3  1994   39.5  1929   50.4  1933   57.9  1918   42.0  1920   54.1  1866   53.0  1846   53.3  1858   152.6  1856   128.3  1842   168.3  1962   182.8  1855   701.4  1945
   47.1  1844   36.1  1927   37.0  1863   32.0  2003   36.4  1990   39.5  2025   50.2  1876   57.3  1840   41.9  1990   54.1  1959   52.9  1903   51.8  1928   151.7  1954   127.7  2003   167.3  1932   182.6  2014   699.1  1857
   46.5  1968   35.2  1847   36.3  1946   31.9  1929   36.4  2016   39.5  1893   50.1  1994   56.8  1854   41.8  1947   54.0  1943   52.8  2021   51.1  1973   151.6  1906   126.9  1918   166.6  1901   180.3  1979   698.6  1843
   45.5  1963   35.2  1962   36.2  1921   31.7  1861   36.3  1982   39.2  1858   49.2  1892   56.7  1876   40.7  1890   52.8  1854   52.6  2013   50.7  1991   151.1  1940   126.8  1926   165.3  1964   178.6  1857   691.5  1901
   45.4  1923   34.9  1992   36.0  1976   31.0  1956   35.5  1960   39.1  1930   48.3  1972   55.7  1893   40.5  2007   52.7  1970   52.1  1879   50.4  1853   150.5  1849   126.8  1936   164.4  1905   178.5  1996   691.1  1853
   44.2  1911   34.2  2013   35.9  1902   31.0  1960   35.4  1934   39.0  1849   48.0  1963   55.3  1975   40.3  1846   52.1  1920   52.0  1858   50.3  1883   150.4  1952   126.5  2007   163.2  1921   177.3  1983   690.7  1861
   44.1  2001   34.1  1878   35.3  2020   30.1  1887   35.2  1871   39.0  1842   46.9  1945   55.2  1949   40.2  1951   51.0  1921   51.7  1957   50.3  1967   149.3  1971   126.0  2017   160.7  1977   176.7  1897   689.9  1890
   43.7  1836   33.7  2008   34.6  1849   29.7  2009   35.1  1929   38.4  1967   46.9  1907   55.0  2018   39.9  1889   50.5  1953   51.6  1857   50.0  1863   149.1  1946   125.7  1837   160.2  1908   175.1  1910   688.1  2025
   43.5  1847   33.6  1999   34.1  1879   29.6  1942   34.9  1863   38.1  1922   44.8  1971   54.7  1935   39.7  1919   50.4  1955   51.0  2001   49.6  1862   148.3  1944   124.7  1874   157.3  2013   171.9  1873   687.2  1859
   42.9  1838   33.5  2025   33.9  1894   28.7  1921   34.5  1939   37.9  2022   43.9  1951   51.7  1989   38.9  2015   50.4  1958   50.6  1975   49.1  2001   147.6  2012   123.0  1911   157.2  1919   171.8  1990   683.4  1990
   42.9  1839   33.2  1890   32.9  1962   27.5  2019   34.3  1875   37.7  1981   42.7  1900   50.9  1932   38.8  1904   50.2  1856   50.0  1873   49.1  1875   147.1  1855   123.0  1887   156.4  2024   171.7  1844   682.6  1952
   42.9  1908   33.1  1875   32.1  1892   26.8  1928   33.9  1897   37.6  1899   42.3  1874   50.2  1896   38.6  1970   50.0  2016   50.0  1848   48.9  1939   145.5  1981   122.7  1995   156.0  2006   170.7  1962   677.5  1943
   42.8  1987   32.7  1938   31.7  2000   26.7  1860   32.6  2018   36.2  1986   42.3  1996   49.8  1870   38.3  1939   49.7  2017   49.1  1899   48.0  1987   144.8  1890   121.6  1982   154.0  2003   167.8  1917   674.8  1840
   42.6  1893   32.0  1930   31.5  2009   26.7  1995   32.1  2025   35.9  1913   41.9  2018   49.2  1886   38.2  1888   49.1  1867   48.2  1837   47.4  1917   144.6  1847   121.6  2022   153.2  1979   167.7  1959   667.4  1913
   42.3  1996   30.2  1842   31.5  1847   26.2  1896   31.7  1857   34.8  1983   40.8  1925   49.0  1936   37.9  1914   49.1  1857   48.2  1917   46.9  1945   144.1  1942   121.5  1949   153.1  1906   167.7  1893   664.9  1933
   42.1  1916   30.1  1862   29.5  1878   26.1  1865   31.5  1866   34.8  2015   40.5  1986   48.9  1998   37.7  1980   48.0  1977   48.1  1937   46.3  1975   143.7  2017   121.3  1948   151.3  1898   167.0  1854   664.7  1870
   41.8  1891   30.1  1949   29.4  1858   25.8  2015   31.2  1884   34.3  1920   39.3  1964   48.8  1883   36.9  1979   47.4  1973   47.8  1871   45.5  2005   141.6  1953   121.2  1946   151.2  1842   166.2  1985   662.7  2011
   40.8  1981   29.7  1924   29.3  1918   25.1  1873   31.0  1870   33.6  1951   39.0  1943   48.6  1887   36.5  1847   47.2  1851   47.3  1894   44.0  1903   140.6  1976   120.8  1861   150.0  2021   165.7  1862   660.6  1898
   40.6  1950   29.5  1851   29.2  1871   25.0  1976   30.9  1853   33.3  1979   38.0  1983   48.6  1969   36.2  2004   46.8  1948   45.2  1845   43.8  1861   139.4  1914   119.0  1935   149.8  1884   163.9  1977   658.0  1855
   40.1  1901   28.6  1965   29.1  1949   25.0  1906   30.9  1940   32.5  1904   37.9  1887   48.5  1850   35.8  1915   46.7  1844   45.1  1978   42.8  1888   138.9  1963   118.2  1850   148.5  1952   163.7  1909   657.7  1851
   39.4  2017   28.3  1976   28.5  1950   24.7  1955   30.8  2023   32.3  1942   37.6  1991   48.4  1914   35.2  1972   46.7  1840   44.7  1924   42.7  1984   138.6  1968   116.7  1896   146.2  1990   161.5  1942   656.8  1995
   39.2  1967   28.2  1943   28.3  1900   24.6  2022   30.3  2004   32.0  1891   35.8  1921   47.5  1853   35.1  1955   46.0  2003   44.5  1884   42.4  1855   138.6  1898   115.8  1858   144.6  1937   158.7  1945   656.3  1962
   39.0  1992   28.1  1905   28.3  1948   24.0  1915   29.5  1837   31.6  2021   35.7  1906   46.5  1920   33.8  1917   45.5  1893   44.5  1961   41.0  1908   134.2  1864   114.8  1991   144.5  1975   157.8  1837   656.0  1972
   38.6  1892   28.1  1913   28.1  2003   22.9  1875   29.0  1911   30.9  1988   34.4  2022   46.3  2021   33.0  1870   44.7  1890   44.2  1918   40.9  2010   133.3  1949   114.0  1839   144.2  1972   156.1  1953   654.2  1874
   37.7  1859   27.9  1845   27.3  1956   22.3  2013   28.6  1964   30.2  1970   34.4  1952   46.1  1880   32.3  1949   44.0  1997   43.0  1902   40.4  1889   130.8  2019   113.3  2009   143.9  1935   155.7  1922   653.6  1929
   36.7  1845   25.6  1857   26.7  1924   22.3  1914   28.3  1992   29.8  1886   33.9  1917   45.5  1836   31.8  1964   43.7  1908   42.9  2024   40.3  1913   130.4  1851   113.2  1944   142.7  1947   154.6  1937   651.4  1942
   36.6  1848   25.3  1964   25.8  1966   21.6  1990   28.1  1922   28.2  1975   33.7  1948   43.8  1990   31.5  2009   42.9  1963   42.6  1955   40.2  1865   130.2  1985   112.9  1959   141.9  1885   150.0  1986   650.4  1908
   36.0  1843   24.9  1971   25.1  1931   21.5  1890   27.7  1851   27.8  1908   33.1  1928   43.2  2007   31.3  1901   42.9  1956   41.7  1853   38.6  1932   129.3  1907   111.4  1853   139.7  1874   148.9  1908   641.7  1864
   34.4  1909   24.4  2003   24.9  1996   21.4  2010   26.8  1868   27.6  1994   32.9  1863   43.1  1981   31.0  2002   42.8  1884   41.5  1932   38.4  2016   128.0  1859   110.1  1840   139.6  1994   148.0  1948   641.1  1971
   34.0  1973   24.2  1982   24.5  1926   20.6  1839   26.7  1980   27.4  1919   32.6  1979   43.1  1869   29.1  1977   41.9  1922   41.2  1908   38.0  2004   127.7  1888   109.7  1921   138.5  1989   147.7  2003   633.2  1850
   33.6  1876   24.2  1917   24.4  1997   19.8  1870   26.5  1876   27.1  1874   32.2  1905   40.8  1937   28.2  1921   41.4  1971   40.2  1856   36.9  1931   127.0  1862   109.2  1960   136.9  1981   147.0  1851   632.4  1904
   33.6  1889   24.1  1886   23.4  1843   19.4  2017   26.0  1919   27.1  1992   30.9  1990   40.6  1842   27.5  1894   40.3  1842   40.2  2020   35.4  1988   126.7  1929   108.9  2010   135.8  1949   144.8  1975   624.5  1884
   32.7  1949   24.0  2012   23.2  1935   18.9  1974   25.8  2008   26.0  2018   30.6  2006   40.3  1847   26.0  1902   40.0  1897   40.1  1896   34.5  1890   125.8  1843   108.6  1900   132.5  1996   141.8  1997   624.2  1949
   32.0  1871   24.0  1973   21.5  2012   17.9  1997   25.7  2001   25.7  1865   29.5  1989   39.0  1861   25.9  1900   38.5  1950   39.3  1983   34.5  1943   124.6  1992   108.2  1996   131.2  1847   141.3  2011   623.2  1991
   32.0  1902   24.0  1975   21.4  1910   17.4  1855   25.4  1861   25.6  1995   29.2  1897   35.0  1871   25.9  1854   35.7  1946   39.1  1892   33.6  1879   124.1  2006   108.1  1863   128.6  2025   139.2  1902   622.2  1854
   31.2  1864   23.9  1895   21.3  1875   15.6  1854   25.1  1848   24.9  1932   28.9  1955   34.8  2022   23.7  1996   35.4  1915   38.6  1976   32.9  1953   120.9  1841   107.9  1915   127.1  1984   137.6  1971   618.7  1953
   31.1  1879   23.9  1929   21.1  2025   15.4  1840   25.0  1974   24.4  1996   28.4  1847   34.5  2024   23.4  1997   35.4  1931   38.6  1989   31.0  1963   118.3  1989   104.2  1997   125.7  1870   137.1  1973   617.2  1873
   30.5  1861   23.1  1854   20.7  1990   14.9  1844   24.1  1905   22.3  1923   28.3  1982   33.1  1864   23.0  1989   34.6  1995   36.8  1948   30.2  1971   118.2  1889   104.1  1855   125.5  1991   137.0  1958   615.9  1973
   29.8  1898   22.4  1846   20.6  2011   14.5  1842   23.6  1888   21.5  1960   25.9  1885   32.7  1884   22.7  1929   32.5  1964   35.9  1851   29.6  1885   115.5  1973    97.6  1854   124.0  1933   136.7  1879   614.7  1902
   29.1  2006   22.1  1849   20.3  1943   14.2  1852   22.1  2010   21.2  1949   25.5  1995   31.9  1913   21.5  1986   32.4  1985   35.9  2011   28.4  1838   115.5  1927    96.1  1938   123.0  2018   134.1  1921   613.5  2003
   29.1  1896   22.1  1934   20.3  1961   13.8  1984   20.9  1895   19.5  1940   25.3  1878   27.0  1940   21.1  1906   32.2  1951   35.6  2004   28.3  1850   114.3  1909    95.1  1957   119.7  1899   132.9  2007   613.3  1996
   28.0  1888   21.4  1863   20.1  1945   13.8  1982   20.7  1935   19.3  1884   25.1  1976   25.9  1983   21.1  1895   31.6  1965   34.9  1942   28.0  1892   112.2  1844    92.2  1870   115.9  1925   132.6  1884   613.1  1975
   26.9  1881   21.2  2023   19.3  1854   12.3  1980   19.8  1956   18.6  2006   24.0  1898   25.4  1972   20.5  1928   31.5  1861   32.5  1964   25.9  1840   111.2  1896    90.5  1974   115.4  1955   132.1  1956   611.3  1905
   26.0  1953   20.8  1887   17.9  1850   11.8  1893   19.2  1896   18.2  1915   23.0  1999   24.8  1899   20.1  1971   31.1  2007   32.0  1920   25.5  1851   109.1  1839    82.2  1844   111.2  1959   131.3  1915   607.5  1858
   25.8  1989   20.1  1896   17.5  1993   11.7  1954   17.0  1839   17.4  1918   23.0  1984   24.1  1933   18.1  2014   28.2  1879   32.0  1922   24.8  1933   108.8  1874    79.7  2011   111.2  1868   128.2  1972   600.5  1893
   25.8  1964   19.5  1932   15.8  1893   11.7  2025   17.0  1970   16.0  1962   21.2  1913   23.6  1991   17.0  1941   27.4  1888   29.1  1862   24.4  1842   104.7  1932    78.7  1990   107.1  2022   128.1  1955   598.5  1955
   25.1  1907   17.5  1952   15.4  1840   11.5  2021   16.9  1989   15.9  1868   20.6  1870   23.0  1955   16.7  1898   27.3  1975   28.1  1973   23.4  1926   104.2  1880    78.4  1875   101.5  1869   127.4  1867   590.2  1842
   25.1  1855   17.4  1993   15.4  1973   11.0  1957   16.3  1991   15.0  1941   20.1  1864   21.1  2025   16.6  1910   21.9  1904   28.0  1956   19.9  1941   101.4  1905    78.1  1956    99.9  1864   126.1  1920   584.3  1959
   24.2  2022   16.1  1858   14.5  1944   10.4  2011   15.9  2020   12.9  1921   19.6  1977   19.7  1976   15.7  1907   21.2  1978   24.6  1889   19.9  1905   100.9  1934    73.2  1929    98.7  1983   124.2  1978   578.6  1887
   23.0  2019   15.1  1998   14.0  1852   10.0  2007   15.3  1859   11.9  1889   18.5  1869   17.0  2003   15.7  1843   19.5  1962   24.0  1909   18.8  1873    82.1  1964    72.9  1852    94.0  1887   123.4  1989   576.1  1921
   20.2  1858   11.4  1959   13.9  1938    9.7  2020   14.5  1959   11.6  1976   18.2  1911   16.2  1959   13.9  1959   18.0  1947   23.6  1867   18.0  1857    80.1  1845    71.4  1893    89.0  1913   122.7  1947   567.2  1989
   19.2  1905    8.1  1985   12.7  1953    6.8  1912   10.2  1844    7.4  1887   17.5  1935    8.8  1995   12.0  1855   17.6  1972   22.4  1945   15.5  1844    79.4  1891    64.9  2025    59.9  1995   116.5  1904   558.3  1844
   15.3  1997    7.1  1921    8.3  1856    6.6  1938    9.6  1836    4.4  1925   16.3  1868    6.3  1947   10.9  1865   17.4  1969   21.6  1958   11.1  1843    54.3  1858    60.9  2020    56.5  1976    96.8  1964   552.7  1964
   11.2  1880    3.1  1891    6.1  1929    ---  2026    ---  2026    ---  2026    ---  2026    ---  2026    ---  2026    ---  2026    ---  2026    ---  2026     ---  1836     ---  2026     ---  2026     ---  2026     ---  2026
