Areal values from HadUK-Grid 1km gridded climate data from land surface network
Source: Met Office National Climate Information Centre
Monthly, seasonal and annual mean of daily maximum air temperature for England E and NE
Areal series, starting in 1884
Last updated 01-Apr-2026 11:35
    jan  year    feb  year    mar  year    apr  year    may  year    jun  year    jul  year    aug  year    sep  year    oct  year    nov  year    dec  year     win  year     spr  year     sum  year     aut  year     ann  year
    9.3  1916   10.4  2019   12.9  1938   15.8  2011   17.4  2018   21.4  2025   24.4  2006   22.6  1975   20.0  2006   16.2  1921   11.4  2011   11.1  2015    8.60  1989   14.52  2025   21.58  2025   15.31  2006   14.29  2025
    9.0  2007   10.2  1998   12.5  2012   15.0  2007   17.1  2025   21.3  1940   23.4  2018   22.5  1995   19.9  1895   15.8  1995   11.3  1994    9.3  1974    8.50  2016   13.94  2011   21.51  2022   14.96  2011   14.28  2022
    8.6  1921    9.7  2024   11.8  1961   14.7  2025   17.1  2020   20.8  1976   22.6  2022   22.5  2022   19.9  2023   15.6  1959   11.2  2015    9.0  1988    8.38  2007   13.66  2020   21.37  1976   14.61  2021   13.83  2023
    8.5  2020    9.3  1945   11.7  2025   14.3  1914   17.1  2024   20.6  2023   22.5  2013   22.3  1947   19.3  2021   15.6  2001   10.9  1899    9.0  2024    8.16  2019   13.64  2017   21.18  2018   14.56  2022   13.72  2011
    8.4  1989    9.2  2023   11.7  1945   14.2  1943   16.8  1919   20.2  1950   22.3  1911   22.1  1997   19.3  1949   15.4  1969   10.8  2020    8.8  1900    8.15  2024   13.56  2003   21.16  2006   14.47  1959   13.71  2003
    8.3  1975    9.1  2022   11.5  1948   14.0  2020   16.8  1922   19.9  2006   22.2  1976   22.1  1990   19.3  1999   15.4  2006   10.7  1938    8.8  1898    8.12  1998   13.52  1945   21.01  1933   14.38  2023   13.70  2014
    8.3  1932    9.1  1914   11.4  2026   13.8  1946   16.8  2017   19.9  2003   22.2  1995   21.9  1933   19.2  1929   15.3  2022   10.6  2022    8.7  1921    8.10  2020   13.46  2022   20.73  2003   14.34  2014   13.67  2006
    8.3  2008    9.1  1990   11.4  2017   13.7  1949   16.7  1992   19.8  1960   22.2  1983   21.5  2025   19.1  2016   15.0  2011   10.6  2006    8.7  1934    8.00  2022   13.43  1893   20.62  1911   14.14  1999   13.62  2024
    8.2  1983    9.0  1903   11.4  2003   13.5  2003   16.6  1952   19.6  1970   22.0  1934   21.5  1911   18.8  1898   14.9  2005   10.5  1978    8.6  2016    8.00  1975   13.35  1943   20.54  1995   14.10  2005   13.54  2020
    8.2  1990    9.0  2002   11.3  1997   13.5  1945   16.5  2022   19.6  1899   21.9  1933   21.4  2003   18.7  1959   14.8  2017   10.3  2014    8.6  2013    7.98  2008   13.24  2007   20.53  1899   14.02  1947   13.47  2018
    8.1  1898    8.8  2008   11.3  1990   13.5  2009   16.5  1964   19.5  2018   21.8  2025   21.2  1959   18.7  2003   14.8  1908   10.3  2003    8.5  2025    7.94  2014   13.19  2014   20.49  1975   13.97  1995   13.46  2007
    8.1  2005    8.8  1997   11.2  2022   13.3  1893   16.5  1947   19.4  2022   21.7  1989   21.2  1935   18.7  1947   14.7  2014   10.2  1913    8.3  1971    7.83  1990   13.18  2009   20.44  1947   13.97  1949   13.45  1921
    7.7  1944    8.6  1943   11.2  1929   13.2  2014   16.4  1989   19.4  1992   21.7  1994   21.2  1893   18.5  1933   14.6  1945   10.2  2009    8.3  1924    7.60  1949   13.17  2024   20.37  1959   13.88  2001   13.40  1949
    7.7  1923    8.5  1961   11.2  1957   13.1  1952   16.4  1918   19.4  1896   21.7  2014   21.1  1991   18.5  2011   14.5  2013   10.1  2025    8.2  2023    7.54  2017   13.10  1990   20.32  1935   13.87  2009   13.40  1990
    7.6  1993    8.4  1949   11.1  1893   13.1  1944   16.4  1911   19.3  1887   21.7  1921   21.1  1976   18.4  1890   14.4  2021   10.1  2001    8.2  1912    7.51  2002   12.93  1948   20.31  2013   13.84  1978   13.40  2017
    7.6  1974    8.3  2000   10.8  2014   13.1  1987   16.4  2023   19.3  2017   21.6  2019   21.1  1899   18.3  1934   14.3  1971   10.1  2018    8.2  2018    7.50  1899   12.85  1938   20.16  1989   13.83  2025   13.38  2019
    7.6  2022    8.3  1989   10.8  2019   13.0  2010   16.3  1940   19.2  2021   21.6  1901   21.0  2019   18.3  1961   14.3  1978   10.1  1951    8.1  1953    7.49  1935   12.80  2002   20.15  2019   13.83  1898   13.35  1959
    7.5  2002    8.3  2020   10.7  1933   13.0  2015   16.2  2008   19.2  1933   21.6  1887   21.0  1955   18.3  2005   14.3  1947   10.1  2021    8.0  1994    7.49  2005   12.77  1997   20.07  1887   13.83  2007   13.31  2015
    7.5  1957    8.2  1920   10.7  1950   12.9  1955   16.1  1956   19.2  2010   21.5  1905   20.9  1884   18.1  1906   14.2  1968   10.1  1997    8.0  1918    7.42  1995   12.76  2019   20.06  2023   13.79  2015   13.29  1989
    7.4  1890    8.2  1992   10.5  1998   12.9  2002   16.1  2001   19.0  1889   21.5  1941   20.9  2013   18.1  1991   14.2  1996   10.0  1953    8.0  1954    7.37  2023   12.75  1999   20.01  2021   13.77  2018   13.26  2005
    7.4  2012    8.2  2007   10.5  2002   12.8  1909   16.0  1953   19.0  1930   21.4  1900   20.7  1984   18.0  1981   14.2  1989   10.0  1917    7.9  2006    7.36  1999   12.70  1952   19.99  1901   13.74  2003   13.25  1999
    7.4  1938    8.2  1995   10.4  2021   12.7  2017   16.0  1990   19.0  1917   21.4  2021   20.7  1983   18.0  2014   14.2  1949   10.0  2007    7.9  1942    7.33  1943   12.64  1992   19.95  1949   13.70  1945   13.23  2002
    7.3  2023    8.2  2014   10.4  2009   12.7  1948   16.0  2011   19.0  1957   21.2  1955   20.7  2024   17.9  1955   14.1  1954    9.9  1986    7.8  2004    7.31  1932   12.61  1921   19.92  1983   13.62  2020   13.22  2004
    7.3  1884    8.1  2011   10.3  2000   12.6  2019   15.9  1960   18.9  2005   21.2  1935   20.6  2018   17.8  1921   14.1  2007    9.9  1939    7.6  1986    7.28  1921   12.61  1959   19.74  1934   13.60  1906   13.18  1997
    7.3  1999    8.0  2017   10.3  1907   12.6  1912   15.9  1999   18.9  1947   21.1  1959   20.6  2009   17.8  1911   14.1  2024    9.8  1999    7.6  1980    7.28  1925   12.61  2004   19.73  1990   13.56  1921   13.18  2021
    7.3  2000    8.0  1926   10.2  2024   12.6  2004   15.9  1893   18.8  2004   21.0  1999   20.6  1906   17.8  2022   14.1  2023    9.8  1928    7.6  2019    7.27  1957   12.54  1961   19.72  1950   13.51  1913   13.13  1945
    7.2  1949    8.0  1928   10.2  1953   12.6  2022   15.8  2004   18.8  1973   21.0  1991   20.4  2002   17.8  2025   13.9  2018    9.7  2002    7.6  1910    7.25  2012   12.54  2023   19.67  2014   13.48  2017   13.09  1995
    7.2  1930    8.0  1918   10.2  1921   12.6  1959   15.8  1970   18.8  1949   20.9  2003   20.4  1949   17.7  1971   13.9  1977    9.7  1981    7.5  1997    7.24  2000   12.48  1933   19.65  2010   13.47  2016   13.07  2016
    7.1  2016    7.9  1891   10.2  1943   12.4  1999   15.8  2003   18.8  1893   20.9  1899   20.4  2016   17.7  1964   13.9  2009    9.7  2004    7.5  1941    7.23  2025   12.43  2012   19.60  1893   13.47  1908   13.07  2009
    7.1  1976    7.8  1946   10.1  1894   12.4  1926   15.8  1959   18.7  1959   20.8  1925   20.3  2000   17.6  1982   13.9  1985    9.7  1946    7.5  1987    7.19  1974   12.38  1912   19.59  2024   13.46  1938   12.91  1938
    7.1  2014    7.7  1939   10.1  1991   12.4  1960   15.7  1921   18.6  2014   20.8  2010   20.3  2001   17.6  2019   13.9  1990    9.6  1995    7.5  1998    7.18  1898   12.31  2010   19.59  1997   13.45  1929   12.89  1934
    6.9  1928    7.6  2026   10.1  1989   12.4  1933   15.7  2009   18.5  1935   20.6  1949   20.3  1897   17.6  1958   13.8  1984    9.4  1894    7.4  1985    7.17  2026   12.20  1914   19.58  1984   13.43  1989   12.88  1933
    6.9  2004    7.6  1935   10.1  2011   12.3  1982   15.7  1943   18.5  1895   20.6  1984   20.3  2004   17.6  2004   13.8  2015    9.4  1931    7.4  2021    7.14  1920   12.20  1982   19.58  1940   13.42  1971   12.87  1943
    6.8  1998    7.5  1934   10.1  1973   12.3  2018   15.7  1908   18.4  1989   20.5  1945   20.3  1989   17.6  1941   13.6  1898    9.4  1908    7.4  1983    7.12  2004   12.20  2018   19.58  1996   13.40  1951   12.87  1914
    6.8  1920    7.5  2004   10.0  2007   12.3  1894   15.6  1998   18.4  1914   20.5  1923   20.3  1996   17.6  2009   13.6  1965    9.4  1964    7.4  1975    7.07  1916   12.19  1998   19.57  2005   13.38  2004   12.86  2008
    6.7  1925    7.4  1899    9.9  1999   12.2  2024   15.6  1917   18.3  1919   20.5  1969   20.1  2012   17.6  1985   13.6  2025    9.4  1992    7.4  1949    7.04  1992   12.18  2015   19.54  1994   13.37  2013   12.79  2000
    6.7  1969    7.4  2025    9.9  2020   12.2  1997   15.6  1895   18.3  1975   20.5  1975   20.1  1944   17.5  1989   13.5  1986    9.4  1984    7.4  2011    7.00  1988   12.16  1957   19.54  2009   13.35  1899   12.77  1911
    6.7  1934    7.4  1974    9.9  1920   12.1  1961   15.6  2014   18.3  2011   20.4  2016   20.1  1901   17.5  1980   13.5  1970    9.4  1906    7.3  1959    6.96  1976   12.14  1953   19.51  1955   13.32  1953   12.75  1893
    6.6  1906    7.4  1908    9.8  1994   12.0  1901   15.5  1889   18.3  1941   20.4  1971   20.1  1937   17.4  2000   13.5  1979    9.4  1897    7.3  1932    6.94  1923   12.11  1896   19.48  2016   13.28  1961   12.74  1998
    6.6  1988    7.3  1967    9.7  1927   12.0  1904   15.4  1982   18.3  1961   20.3  1997   20.0  1936   17.4  1926   13.4  2016    9.3  2024    7.3  1951    6.92  1914   12.09  2000   19.47  1906   13.27  1970   12.69  1953
    6.6  2024    7.3  1999    9.6  1905   12.0  2005   15.4  1896   18.3  1966   20.3  1990   19.9  2015   17.4  2002   13.4  1943    9.3  1963    7.3  1955    6.87  1903   12.07  2005   19.45  2017   13.26  2024   12.65  1898
    6.5  1937    7.2  1885    9.6  1992   11.9  1942   15.4  2016   18.2  1921   20.2  1996   19.9  2020   17.4  1970   13.4  1958    9.2  1955    7.3  1911    6.84  1937   12.04  1944   19.44  2004   13.26  1997   12.64  2001
    6.5  2018    7.2  2016    9.5  1967   11.9  1980   15.3  1945   18.2  2020   20.2  1904   19.9  1914   17.4  2007   13.3  1906    9.2  2023    7.2  1948    6.84  1950   11.98  2008   19.34  1921   13.20  1955   12.60  1899
    6.5  1981    7.2  1950    9.5  1903   11.9  1990   15.3  2006   18.2  1942   20.2  2001   19.9  2005   17.3  1917   13.3  1999    9.2  1945    7.2  1956    6.80  1911   11.95  1940   19.31  1925   13.13  1958   12.59  1975
    6.4  1896    7.2  1913    9.5  2023   11.9  1921   15.3  1995   18.2  1901   20.1  2008   19.9  1932   17.3  1907   13.3  1920    9.2  1982    7.2  1977    6.77  1913   11.93  1949   19.30  1941   13.12  1914   12.56  1994
    6.4  2015    7.2  1921    9.5  1959   11.9  1896   15.1  1920   18.2  1996   20.1  1947   19.9  1926   17.3  1914   13.3  1961    9.1  1947    7.2  2014    6.75  2015   11.89  1929   19.26  1884   13.12  2002   12.53  2013
    6.4  1902    7.2  1938    9.5  1912   11.8  1968   15.1  1971   18.2  1915   20.0  1967   19.9  2023   17.3  2020   13.3  1972    9.1  2005    7.2  1936    6.67  1993   11.83  1989   19.25  2002   13.08  1934   12.52  1948
    6.4  2003    7.1  1971    9.5  2010   11.8  1995   15.0  1929   18.2  2024   20.0  1926   19.8  1916   17.3  1891   13.3  1957    9.1  1920    7.2  1931    6.66  1973   11.82  1960   19.23  2001   13.03  1979   12.51  2012
    6.4  1994    7.1  1911    9.4  1993   11.8  1939   15.0  1912   18.2  1968   20.0  2009   19.8  1953   17.3  1900   13.2  1942    9.1  1914    7.0  1922    6.51  1948   11.77  1946   19.23  1914   13.01  1969   12.50  1992
    6.3  1962    7.0  2021    9.4  1981   11.8  1964   15.0  2002   18.1  1925   20.0  1946   19.7  1898   17.3  2018   13.2  1963    9.1  1916    7.0  2003    6.49  1967   11.72  1920   19.21  1905   13.01  1982   12.48  1961
    6.3  1899    7.0  1973    9.4  2005   11.7  2023   15.0  1937   18.1  1934   20.0  1906   19.6  1981   17.3  1953   13.2  1962    9.0  1983    7.0  1991    6.47  2003   11.68  1995   19.16  2008   12.98  1984   12.48  1957
    6.3  1927    7.0  1957    9.4  2015   11.7  1900   15.0  2000   18.1  1945   20.0  1928   19.5  1939   17.3  1884   13.2  1925    9.0  1898    7.0  1972    6.47  1927   11.64  1993   19.15  1991   12.97  1954   12.45  1976
    6.2  1935    7.0  1993    9.4  1978   11.6  1957   15.0  1934   18.0  1994   19.9  1951   19.5  1895   17.2  2010   13.2  1927    9.0  1948    6.9  1984    6.45  1922   11.63  2021   19.14  1900   12.97  1941   12.44  1982
    6.2  1948    7.0  2012    9.3  2004   11.6  1993   14.9  1901   18.0  2009   19.9  1929   19.5  2008   17.2  1945   13.2  1913    9.0  1895    6.9  2007    6.44  1944   11.59  2016   19.14  1992   12.96  2000   12.38  1935
    6.2  2019    7.0  1982    9.3  1966   11.6  1992   14.9  2019   18.0  1911   19.9  1952   19.5  1919   17.2  1913   13.1  1937    9.0  1959    6.8  1929    6.44  1981   11.49  1895   19.13  1917   12.96  1890   12.36  1906
    6.1  1995    6.9  1912    9.3  1968   11.6  1984   14.9  1949   18.0  1900   19.9  2024   19.4  1918   17.2  1951   13.0  1910    8.9  1970    6.8  2005    6.43  1946   11.48  1939   19.13  1897   12.95  1991   12.35  1971
    6.1  2006    6.9  1897    9.2  1935   11.5  2006   14.8  2007   18.0  1952   19.8  2005   19.4  1952   17.0  2013   13.0  1948    8.9  2017    6.8  1905    6.41  2006   11.48  1991   19.12  1952   12.95  1933   12.34  1926
    6.0  2017    6.9  1887    9.2  1910   11.5  1916   14.8  2005   18.0  1905   19.8  1917   19.4  1942   17.0  1901   13.0  1914    8.9  1929    6.8  1947    6.38  1971   11.48  1926   19.11  1945   12.95  1964   12.32  1983
    6.0  1971    6.9  1988    9.2  1902   11.5  1947   14.8  1925   18.0  1913   19.8  1896   19.4  2017   17.0  1997   13.0  1941    8.9  1954    6.8  1893    6.31  1938   11.48  1950   19.10  2015   12.94  1986   12.29  1947
    6.0  1968    6.9  1953    9.1  1896   11.4  1996   14.8  1916   18.0  1938   19.8  2023   19.4  1970   17.0  1936   12.9  1951    8.8  1979    6.8  2000    6.30  1912   11.43  1981   19.10  1999   12.94  1963   12.28  1991
    6.0  1973    6.9  1894    9.0  1977   11.4  1965   14.8  1997   17.9  1943   19.7  1885   19.4  2021   16.9  1939   12.9  1909    8.8  1924    6.8  1979    6.30  1972   11.42  1956   19.09  1970   12.93  1928   12.27  1913
    6.0  1992    6.9  2001    9.0  1926   11.4  1938   14.8  1981   17.9  2002   19.7  2017   19.4  2007   16.8  1973   12.9  1938    8.8  2012    6.7  2017    6.30  1939   11.41  1927   19.09  1969   12.93  1994   12.26  1939
    6.0  1950    6.8  1905    8.9  1982   11.3  1895   14.7  1890   17.9  1910   19.7  1950   19.3  1930   16.8  1956   12.9  1983    8.8  1902    6.6  1973    6.28  1961   11.41  1894   19.06  2020   12.88  1948   12.26  1884
    5.9  1926    6.8  1980    8.8  2016   11.3  1906   14.7  1884   17.9  2015   19.5  1943   19.3  1950   16.8  1998   12.9  2010    8.8  1888    6.6  1945    6.25  2001   11.33  1918   19.04  1937   12.88  1920   12.25  1973
    5.9  1904    6.8  1896    8.8  1972   11.3  1915   14.7  1966   17.9  1920   19.4  1979   19.3  1887   16.8  1915   12.8  2004    8.8  1900    6.6  1897    6.25  1960   11.32  1973   18.98  1926   12.87  1895   12.25  1920
    5.8  1905    6.8  1925    8.8  1923   11.2  1898   14.7  1909   17.9  1993   19.4  2015   19.2  1973   16.8  1942   12.8  1930    8.7  2008    6.6  2020    6.24  1906   11.29  2006   18.94  1973   12.82  1981   12.23  1988
    5.8  2011    6.8  1962    8.7  1940   11.1  1927   14.7  1944   17.8  1906   19.4  1937   19.2  1909   16.8  1938   12.8  1904    8.7  2000    6.6  1894    6.19  1930   11.29  1907   18.91  1930   12.80  1968   12.19  1946
    5.8  1967    6.8  1927    8.7  1983   11.1  1994   14.7  1913   17.8  1936   19.4  1918   19.2  1969   16.8  1979   12.8  1967    8.7  1940    6.5  1957    6.13  1896   11.27  2001   18.87  1942   12.79  1990   12.17  1918
    5.8  1911    6.8  1937    8.7  1890   11.1  1975   14.6  1939   17.8  1922   19.4  1897   19.2  1999   16.7  1966   12.8  1934    8.7  1960    6.5  1919    6.09  1901   11.26  1994   18.82  1895   12.79  1900   12.16  1928
    5.7  1953    6.8  1898    8.7  2008   11.1  1928   14.6  2012   17.8  2008   19.4  1894   19.1  1934   16.7  1937   12.8  2000    8.6  1989    6.5  1966    6.09  1894   11.20  1972   18.82  1936   12.78  1907   12.15  1960
    5.6  1943    6.7  1959    8.6  1936   11.0  1972   14.6  1974   17.7  1939   19.4  1884   19.1  2006   16.7  2017   12.8  2020    8.6  1991    6.4  2002    6.08  1908   11.17  1965   18.81  1967   12.71  1996   12.15  1984
    5.6  1924    6.7  1884    8.6  1884   11.0  2008   14.6  1892   17.7  2000   19.3  2002   19.1  1958   16.7  1969   12.8  1916    8.6  1935    6.4  1888    6.07  1905   11.17  1988   18.79  2011   12.68  1983   12.13  1944
    5.6  1960    6.6  2015    8.5  1918   11.0  1954   14.6  1986   17.7  1965   19.3  1914   19.1  1913   16.6  1978   12.8  1886    8.6  1990    6.4  1913    6.06  1934   11.17  1911   18.79  1918   12.64  1977   12.13  1900
    5.5  1900    6.6  1910    8.4  1899   11.0  1902   14.6  1948   17.7  2019   19.3  1992   19.0  1982   16.6  2012   12.7  1899    8.5  2013    6.4  1993    6.05  2018   11.17  1913   18.78  1939   12.63  2008   12.11  1967
    5.4  2026    6.6  2003    8.4  1952   11.0  1985   14.6  1976   17.6  1986   19.3  1986   19.0  1886   16.6  1948   12.7  1997    8.5  1903    6.4  1902    6.04  1983   11.16  1910   18.76  1960   12.62  1942   12.09  1950
    5.4  1939    6.5  1948    8.4  1944   10.9  2013   14.5  1931   17.6  1897   19.3  1982   19.0  1928   16.6  2008   12.7  1893    8.5  1922    6.4  1926    6.03  1997   11.15  1905   18.76  1943   12.60  1939   12.09  1901
    5.4  1903    6.5  2005    8.4  1946   10.9  1892   14.5  2010   17.6  2007   19.2  1964   19.0  1925   16.5  1987   12.7  1897    8.5  1907    6.4  1990    6.03  2021   11.13  1968   18.75  1896   12.59  1917   12.05  1970
    5.4  1914    6.4  2009    8.3  1988   10.9  2000   14.4  1942   17.6  1908   19.2  2004   19.0  2010   16.5  1919   12.7  1953    8.4  1889    6.3  2012    6.01  1926   11.12  1901   18.69  1932   12.57  1946   12.04  1929
    5.4  1964    6.3  1932    8.3  1956   10.8  1940   14.4  2013   17.6  1937   19.1  2011   18.9  1998   16.5  1899   12.7  1976    8.4  1949    6.3  1915    5.98  1928   11.09  1942   18.63  2007   12.56  1916   12.03  1955
    5.4  2009    6.3  1976    8.3  1914   10.8  1919   14.4  1965   17.6  1967   19.1  1985   18.9  2011   16.5  1935   12.6  2008    8.4  1958    6.3  1989    5.97  1933   11.09  1919   18.61  2000   12.56  1943   12.00  1964
    5.3  1918    6.3  2006    8.3  1913   10.8  1988   14.4  1988   17.6  1969   19.1  1932   18.9  1964   16.5  1928   12.6  1924    8.4  1980    6.2  1958    5.91  1890   11.08  1890   18.58  1904   12.53  1936   11.98  1932
    5.3  1907    6.2  1975    8.3  1897   10.7  1963   14.3  1933   17.5  2016   19.1  1908   18.8  1940   16.4  1995   12.6  1933    8.3  1956    6.2  1999    5.89  1918   11.07  1964   18.55  1929   12.53  2019   11.98  1937
    5.3  2025    6.2  1933    8.1  1915   10.7  1991   14.3  1978   17.5  1979   19.1  1886   18.8  1994   16.4  2024   12.6  1998    8.3  1941    6.1  2001    5.84  1984   11.02  1884   18.53  1957   12.51  1937   11.95  1905
    5.3  1889    6.2  1964    8.1  1939   10.7  1937   14.3  1954   17.5  1918   19.0  1939   18.8  1927   16.4  1975   12.6  1936    8.3  1930    6.1  1920    5.84  2009   11.02  1934   18.53  1982   12.51  1956   11.93  1908
    5.3  1915    6.2  1893    8.0  1963   10.7  1885   14.3  1938   17.5  1962   19.0  1942   18.8  1967   16.4  1946   12.6  1907    8.3  1957    6.1  1907    5.84  1958   11.00  1909   18.50  1944   12.48  1924   11.93  1930
    5.2  1888    6.1  1966    8.0  1995   10.7  2021   14.2  1958   17.4  1884   19.0  2020   18.8  1915   16.4  2015   12.5  1928    8.3  1932    6.1  1914    5.83  1994   10.95  1954   18.46  1898   12.48  1911   11.92  2010
    5.2  1901    6.1  1958    7.8  1930   10.6  1967   14.2  1905   17.4  2013   18.9  1944   18.8  1988   16.3  1968   12.5  1975    8.3  1975    6.1  1970    5.78  1915   10.94  1925   18.42  1938   12.48  1985   11.91  1974
    5.2  1931    6.1  1915    7.8  1928   10.6  1976   14.2  2015   17.4  1984   18.9  1981   18.8  1938   16.3  1963   12.5  1955    8.2  1886    6.0  1967    5.78  1980   10.92  1915   18.40  1915   12.44  2010   11.90  1896
    5.2  2013    6.0  1922    7.8  1986   10.6  1934   14.1  1980   17.4  1988   18.9  1924   18.8  1943   16.3  1886   12.5  1988    8.2  1961    6.0  1982    5.75  1953   10.91  1971   18.35  1981   12.42  1998   11.89  1936
    5.2  2001    6.0  1923    7.7  1965   10.5  2016   14.1  1973   17.4  1885   18.9  2007   18.8  1974   16.2  1920   12.5  1890    8.2  1971    6.0  1943    5.74  1952   10.91  1967   18.34  1928   12.42  1886   11.89  1925
    5.1  1965    5.9  1987    7.6  1906   10.5  1958   14.1  1914   17.3  1963   18.9  1893   18.8  1904   16.2  1967   12.5  1994    8.2  1987    5.9  1940    5.72  1962   10.91  1947   18.33  1979   12.41  2012   11.85  1940
    5.1  1972    5.9  1952    7.6  1954   10.5  1950   14.1  1888   17.3  1924   18.9  1957   18.8  1992   16.2  1932   12.4  1931    8.2  1972    5.9  1938    5.62  1954   10.88  1980   18.32  1946   12.40  1975   11.85  1993
    5.0  1946    5.9  1977    7.6  1932   10.5  1913   14.0  1904   17.3  1891   18.8  1958   18.7  2014   16.2  1996   12.4  1901    8.2  1974    5.8  2008    5.60  2013   10.85  1904   18.32  1889   12.39  1980   11.84  1912
    5.0  1909    5.8  1960    7.6  1925   10.5  1931   14.0  1924   17.3  1982   18.8  1948   18.7  1945   16.2  1943   12.3  1956    8.1  1934    5.8  1930    5.59  1945   10.80  1963   18.30  1953   12.38  1901   11.83  1981
    5.0  1913    5.6  1944    7.5  1971   10.5  1911   13.9  1993   17.1  1890   18.8  1953   18.7  1929   16.2  1908   12.3  1900    8.1  1977    5.8  2022    5.56  1910   10.79  1966   18.27  1951   12.36  1897   11.83  1924
    5.0  1910    5.5  1916    7.5  1895   10.5  1899   13.9  1910   17.1  1999   18.8  1973   18.6  1980   16.2  1904   12.3  1950    8.1  1944    5.6  1960    5.55  1889   10.79  1922   18.27  1919   12.36  1930   11.81  1904
    4.9  1958    5.5  1972    7.5  1974   10.4  1907   13.8  1936   17.0  2001   18.8  1898   18.6  1961   16.2  1940   12.3  1929    8.1  1936    5.6  1891    5.49  1885   10.76  1978   18.25  2012   12.35  1935   11.80  1952
    4.9  1991    5.5  1907    7.5  1934   10.4  1925   13.7  1961   17.0  1932   18.7  1940   18.6  1917   16.1  1983   12.3  2003    8.1  1892    5.6  1904    5.48  1931   10.76  1935   18.25  1964   12.33  1904   11.78  1897
    4.9  1951    5.5  1909    7.3  2001   10.4  1935   13.7  1972   17.0  1946   18.6  1987   18.5  1923   16.1  1893   12.3  1966    8.1  1943    5.6  1885    5.47  1964   10.75  1977   18.21  1923   12.27  1960   11.77  1980
    4.9  1908    5.5  1931    7.3  1985   10.4  1924   13.7  2021   17.0  1929   18.6  1936   18.5  1910   16.0  1960   12.2  2002    8.1  1890    5.5  1964    5.42  1987   10.75  1987   18.19  1961   12.26  1967   11.75  1916
    4.9  1961    5.3  1965    7.3  1949   10.3  1962   13.7  1957   17.0  1926   18.6  1977   18.4  1972   16.0  1924   12.2  1982    8.0  1988    5.5  1884    5.42  1919   10.72  1906   18.15  1998   12.22  1940   11.75  1958
    4.8  1936    5.3  1984    7.1  1960   10.3  1910   13.7  1963   16.9  1912   18.6  1931   18.3  1971   16.0  1988   12.2  1991    8.0  1904    5.5  1928    5.40  1959   10.71  1903   18.12  1913   12.20  1903   11.74  1951
    4.8  1996    5.3  1951    7.1  1941   10.3  1998   13.6  1991   16.9  1931   18.6  1998   18.2  1960   15.9  1902   12.2  1903    8.0  1912    5.4  1992    5.31  1968   10.68  1976   18.10  1908   12.20  1987   11.73  1942
    4.8  1997    5.3  2013    7.1  1898   10.3  2001   13.5  1930   16.9  1980   18.5  1993   18.2  1987   15.9  1990   12.1  1960    7.9  2019    5.4  1965    5.30  1965   10.68  1936   18.07  1993   12.19  1966   11.71  1996
    4.8  1986    5.2  1924    7.0  2006   10.3  1969   13.5  1900   16.9  1978   18.5  1938   18.2  1892   15.9  1977   12.0  1935    7.9  1911    5.4  1896    5.27  1909   10.64  1974   18.05  1886   12.19  1884   11.71  1894
    4.8  1984    5.2  1906    6.9  1889   10.2  1930   13.4  1927   16.9  1998   18.4  1895   18.1  1905   15.9  1903   12.0  2019    7.9  1927    5.3  1908    5.20  1924   10.58  1928   18.03  1958   12.17  1988   11.70  1915
    4.8  1912    5.1  1981    6.9  1942   10.1  1971   13.4  1969   16.9  1898   18.4  1927   18.1  1951   15.9  1930   11.9  1891    7.9  1976    5.3  1944    5.19  2011   10.55  1899   18.00  1988   12.17  1902   11.70  1907
    4.7  1954    5.1  1890    6.9  2018   10.1  1977   13.4  1915   16.8  1983   18.4  2012   18.1  1977   15.9  1954   11.9  1915    7.9  2016    5.3  1946    5.18  1991   10.54  1902   17.97  1924   12.16  1931   11.67  1903
    4.7  1982    4.9  1996    6.9  1885   10.1  1953   13.3  1903   16.8  1995   18.4  1916   18.1  1941   15.9  1916   11.9  1923    7.9  1926    5.2  1909    5.17  1907   10.52  1970   17.89  1974   12.15  1891   11.67  1910
    4.7  1894    4.9  2018    6.9  1924   10.1  1920   13.3  1906   16.7  1990   18.4  1963   18.0  1921   15.8  2001   11.9  1987    7.9  1998    5.2  1895    5.16  1978   10.51  1889   17.85  1966   12.14  1893   11.65  1927
    4.7  1970    4.9  1892    6.9  1976   10.1  2012   13.2  1946   16.7  1904   18.4  1930   18.0  1979   15.8  1923   11.9  1912    7.9  1918    5.2  1939    5.12  1966   10.51  1931   17.81  1971   12.11  1957   11.64  1977
    4.7  1956    4.9  1889    6.8  1975   10.1  1981   13.2  1985   16.7  1951   18.3  1972   18.0  1946   15.7  1984   11.9  1940    7.8  1942    5.1  1889    5.07  1904   10.50  1930   17.78  1885   12.10  1976   11.64  1972
    4.6  2021    4.8  1985    6.6  1980   10.0  1979   13.2  1950   16.7  1974   18.3  1903   17.9  1900   15.7  1992   11.8  2012    7.8  1901    5.0  1978    5.05  1955   10.47  1985   17.76  1910   12.09  1927   11.64  1941
    4.6  1922    4.8  1970    6.6  1911    9.8  1951   13.1  1979   16.6  1964   18.3  1960   17.9  1907   15.7  1950   11.8  1918    7.8  1933    4.9  1963    4.93  1985   10.44  1955   17.71  1980   12.07  1926   11.61  1978
    4.4  1978    4.7  1941    6.6  1922    9.8  1887   13.1  1907   16.4  1981   18.3  1970   17.9  1965   15.7  1976   11.8  1964    7.8  1968    4.8  2009    4.91  1897   10.40  1924   17.70  1986   12.07  1973   11.61  1954
    4.4  1933    4.7  1904    6.6  1904    9.8  1973   13.1  1977   16.4  1894   18.3  1912   17.8  1993   15.5  1905   11.8  1884    7.8  1937    4.8  1969    4.88  1902   10.35  1937   17.69  1894   12.06  1972   11.61  1966
    4.2  1919    4.6  1994    6.6  1908    9.8  1974   13.1  1926   16.4  1944   18.2  1956   17.8  1968   15.4  1944   11.8  1902    7.8  1973    4.8  1996    4.85  1956   10.34  1916   17.64  1916   11.95  1962   11.60  1968
    4.1  1893    4.4  1930    6.5  1931    9.7  1932   13.1  1962   16.3  1892   18.2  1974   17.8  1957   15.4  1885   11.7  1911    7.7  1967    4.7  1906    4.79  1892   10.32  1892   17.63  1968   11.87  1932   11.58  1890
    4.0  1887    4.3  1936    6.5  1887    9.7  1884   12.9  1984   16.3  1997   18.2  1891   17.8  1889   15.4  1910   11.7  1946    7.7  1996    4.7  1952    4.75  1887   10.29  1898   17.62  1927   11.83  1950   11.56  1931
    4.0  1952    4.3  2010    6.5  1970    9.7  1890   12.9  1928   16.3  1955   18.2  1915   17.6  1985   15.4  1986   11.6  1973    7.6  1893    4.7  1923    4.73  1970   10.28  1908   17.57  1948   11.70  1944   11.55  1969
    4.0  1955    4.2  1991    6.4  1901    9.7  1923   12.8  1994   16.3  1948   18.2  1889   17.6  1924   15.3  1896   11.6  1944    7.6  1966    4.7  1901    4.56  1996   10.28  1984   17.49  1891   11.68  1909   11.54  1895
    4.0  1977    4.1  1901    6.4  1987    9.7  1956   12.8  1987   16.3  1953   17.9  1966   17.6  1908   15.3  1962   11.4  1922    7.5  1884    4.6  1903    4.56  1982   10.27  1900   17.48  1963   11.64  1992   11.47  1923
    3.9  1885    4.0  1900    6.4  1979    9.5  1936   12.7  1899   16.2  1903   17.9  1909   17.6  1948   15.1  1889   11.4  1980    7.5  1909    4.6  1917    4.54  1893   10.23  1986   17.48  1931   11.63  1888   11.44  1987
    3.9  1966    3.9  1954    6.4  1984    9.5  1905   12.7  1897   16.2  1902   17.8  1902   17.6  1903   15.1  1965   11.4  1952    7.5  1950    4.5  1968    4.53  1986   10.20  1923   17.41  1985   11.59  1965   11.40  1986
    3.9  1892    3.9  1919    6.2  1951    9.5  1886   12.6  1935   16.2  2012   17.8  1988   17.6  1978   15.1  1927   11.2  1894    7.3  1885    4.5  1887    4.53  1969   10.15  1897   17.39  1903   11.59  1894   11.40  1985
    3.8  1980    3.8  1968    6.1  1891    9.4  1897   12.6  1898   16.1  1958   17.7  2000   17.5  1890   15.1  1994   11.2  1919    7.3  1962    4.5  1937    4.52  1900   10.06  1983   17.39  1972   11.56  1922   11.38  1889
    3.8  1947    3.7  1888    6.0  1955    9.4  1929   12.6  1967   16.0  1886   17.7  1961   17.4  1966   15.0  1897   11.2  1888    7.2  1891    4.4  1962    4.49  1888   10.00  1975   17.38  1977   11.49  1915   11.37  1956
    3.6  1891    3.6  1978    6.0  1886    9.3  1970   12.5  1886   16.0  1928   17.6  1980   17.3  1962   14.9  1888   11.1  1932    7.2  2010    4.4  1916    4.46  1936   10.00  1958   17.37  1890   11.43  1889   11.36  1965
    3.4  1959    3.6  1983    5.7  1900    9.3  1903   12.5  1932   15.9  1954   17.5  1890   17.2  1894   14.9  1892   11.1  1939    7.0  1905    4.3  1925    4.35  1977    9.96  1932   17.35  1909   11.39  1918   11.36  1922
    3.4  1886    3.4  1940    5.7  1919    9.2  1983   12.5  1955   15.9  1907   17.5  1978   17.1  1954   14.9  1974   10.9  1926    6.9  1969    4.2  1935    4.33  1891    9.93  2013   17.34  1920   11.31  1912   11.35  1909
    3.3  1929    3.4  1902    5.7  1917    9.1  1889   12.3  1968   15.9  1956   17.3  1913   17.1  1896   14.8  1922   10.8  1889    6.9  1896    4.2  1961    4.22  1951    9.88  1917   17.31  1987   11.27  1910   11.34  1919
    3.2  2010    3.4  1917    5.6  1909    8.9  1918   12.3  1941   15.5  1927   17.3  1954   17.0  1888   14.8  1993   10.8  1981    6.6  1921    4.2  1933    4.14  1941    9.86  1979   17.31  1978   11.24  1925   11.34  1917
    3.0  1985    3.0  1955    5.5  1892    8.9  1922   12.3  1996   15.5  1923   17.2  1920   17.0  1891   14.7  1957   10.7  1993    6.4  1887    4.0  1995    4.09  2010    9.80  1885   17.29  1965   11.19  1923   11.32  1902
    2.8  1917    3.0  1886    5.3  1996    8.9  1941   12.2  1983   15.4  1985   17.1  1907   17.0  1902   14.7  1972   10.5  1917    6.2  1993    3.9  1899    4.08  1942    9.65  1996   17.28  1962   10.97  1919   11.29  1979
    2.8  1987    2.6  1979    5.3  1937    8.9  1989   12.1  1891   15.4  1888   17.1  1962   16.9  1920   14.6  1931   10.0  1905    6.2  1952    3.5  1892    4.00  1886    9.56  1962   17.12  1922   10.93  1974   11.19  1887
    2.6  1897    2.5  1956    5.3  1962    8.7  1888   12.1  1975   15.4  1972   17.0  1919   16.9  1931   14.6  1909    9.9  1992    6.0  1965    3.5  1886    3.63  1929    9.46  1941   16.99  1902   10.82  1905   11.18  1962
    2.5  1945    2.2  1969    5.2  1958    8.6  1908   12.1  1923   15.3  1977   16.9  1968   16.7  1963   14.5  1925    9.8  1895    6.0  1985    3.4  1976    3.52  1917    9.40  1887   16.99  1912   10.76  1892   11.07  1891
    2.3  1942    2.1  1942    4.9  1964    8.5  1978   12.0  1951   15.2  1991   16.9  1922   16.7  1922   14.5  1918    9.8  1974    5.9  1925    3.2  1927    3.31  1940    9.35  1969   16.99  1892   10.65  1885   10.97  1885
    2.0  1979    2.0  1929    4.8  1947    8.4  1891   11.9  1887   15.0  1987   16.9  1910   16.3  1885   14.3  1887    9.6  1887    5.8  1923    2.6  1950    3.28  1895    9.35  1886   16.98  1907   10.55  1993   10.95  1963
    1.8  1941    1.4  1895    4.7  1916    8.3  1966   11.8  1894   14.9  1909   16.4  1892   16.2  1986   14.1  1894    9.3  1892    5.8  1915    2.2  1981    3.23  1979    9.33  1951   16.79  1954   10.47  1896   10.81  1886
    1.7  1895    1.1  1963    4.6  1888    8.3  1917   11.8  1885   14.6  1971   16.3  1965   15.8  1956   14.1  1912    9.3  1885    5.3  1910    2.0  2010    3.08  1947    9.15  1888   16.66  1956   10.41  1952   10.55  1892
    1.3  1940    1.0  1986    4.5  2013    8.3  1986   11.5  1902   14.6  1916   15.7  1888   15.8  1912   13.7  1952    9.3  1896    5.2  1919    1.8  1890    2.27  1963    8.90  1891   16.07  1888   10.08  1887   10.51  1888
    1.2  1963   -0.1  1947    4.4  1969    ---  2026    ---  2026    ---  2026    ---  2026    ---  2026    ---  2026    ---  2026    ---  2026    ---  2026     ---  1884     ---  2026     ---  2026     ---  2026     ---  2026
