Areal values from HadUK-Grid 1km gridded climate data from land surface network
Source: Met Office National Climate Information Centre
Monthly, seasonal and annual number of days in the month with precipitation amount >= 1mm for England E and NE
Areal series, starting in 1891
Last updated 01-Apr-2026 11:34
    jan  year    feb  year    mar  year    apr  year    may  year    jun  year    jul  year    aug  year    sep  year    oct  year    nov  year    dec  year     win  year     spr  year     sum  year     aut  year     ann  year
   21.8  1895   19.5  1923   20.6  1947   19.9  1920   21.4  1967   21.1  1912   19.5  1988   21.3  1917   21.6  1918   24.8  1903   20.9  1946   21.9  1915    55.4  1915    47.0  1979    56.9  1912    52.7  1960   163.9  1900
   21.4  1948   18.7  1916   19.6  1916   19.4  1998   19.1  1924   17.3  1987   18.8  1920   20.3  1912   17.1  1896   22.1  1960   20.4  1900   21.8  1914    51.5  1900    45.6  1983    47.0  1956    50.9  1903   163.1  1903
   20.6  2014   18.3  1900   19.1  1981   18.3  2012   17.8  1932   17.3  1948   17.8  2023   19.9  1956   17.0  2017   21.9  1896   20.3  1919   20.8  1911    51.2  1912    44.7  1920    46.1  1958    50.0  1935   161.9  1912
   19.5  1928   17.9  1904   18.8  2023   18.2  2000   17.5  1983   17.2  2012   17.5  1936   19.6  1954   16.1  1952   21.7  1976   20.1  2019   20.5  1978    50.6  2010    44.1  1932    45.9  2012    49.6  1944   161.0  1916
   19.0  1939   17.6  2020   18.5  1909   16.9  2001   17.2  1969   17.1  1997   17.4  1931   19.2  1891   15.8  1965   20.2  1932   20.0  2025   20.2  1934    50.1  2021    43.7  1908    44.1  2004    49.2  1954   157.9  1960
   18.7  2008   17.5  2002   18.0  1897   16.6  1905   16.8  1907   16.8  1980   17.2  1915   17.3  1927   15.8  1927   20.2  1892   19.8  2010   20.1  1929    49.9  1916    42.9  2024    43.6  1985    49.2  2019   155.5  1923
   18.5  2016   17.4  2026   17.3  2018   16.6  1931   16.8  1902   16.7  1907   17.1  2009   17.2  1905   15.8  1954   20.1  1907   19.2  1944   19.8  1896    49.9  1960    41.9  1937    43.5  1954    47.6  1896   154.9  1954
   18.4  1900   17.3  1915   17.2  1908   16.5  1932   16.7  1979   16.5  1958   16.8  1940   16.9  2008   15.8  1950   20.0  1894   19.2  1950   19.5  1959    48.2  1910    41.8  1986    43.3  1931    47.0  2000   154.6  1927
   18.3  1943   16.8  2010   17.1  1913   15.6  2024   16.7  1925   16.4  1935   16.7  1922   16.8  1963   15.3  1930   19.9  1906   19.1  2009   19.1  1919    48.1  1956    41.6  1981    42.8  1946    45.8  1905   153.8  1894
   18.0  1960   16.6  1941   16.5  1914   15.6  1986   16.2  2021   16.1  1991   16.5  1960   16.8  2004   15.0  1957   18.5  1916   19.1  1963   19.1  2020    47.9  2026    41.5  1916    42.7  1900    45.1  1974   152.9  1950
   18.0  1919   16.4  1910   16.3  1979   15.6  2016   15.9  1906   15.6  1900   16.4  2007   16.7  1950   15.0  1974   18.5  2004   19.0  1935   19.1  2009    47.6  2014    41.5  1925    42.7  1927    44.7  1976   151.7  1930
   18.0  1956   16.4  1977   16.3  1903   15.4  1899   15.4  1976   15.4  1928   16.4  1957   16.6  1985   15.0  1968   18.5  2013   18.4  1914   18.8  1938    47.6  2016    41.5  1899    41.9  1907    44.6  1950   151.5  2000
   17.9  2004   16.1  1966   16.3  2024   15.2  1966   15.3  1899   15.3  1998   16.2  1939   16.6  1951   14.8  2000   18.2  1909   18.3  1965   18.7  1937    46.2  1939    41.3  1969    41.8  2008    44.4  2025   151.5  1928
   17.9  1972   15.8  1925   16.2  1988   15.1  2008   15.3  1958   15.1  1892   15.9  1924   16.4  1921   14.7  1899   18.0  2020   18.3  1960   18.1  2015    45.4  1897    40.3  1947    41.6  1894    44.2  1918   151.0  1966
   17.8  1985   15.8  1978   15.8  1937   15.1  1950   15.1  1894   15.1  1972   15.8  1895   16.3  1923   14.6  2001   17.6  1998   18.3  1926   18.1  1979    45.3  1966    40.2  1913    41.4  1963    44.1  2022   150.6  1958
   17.7  1984   15.7  1950   15.8  1928   15.0  1983   15.0  2014   15.1  2007   15.5  1953   16.2  1941   14.3  1984   17.1  1935   18.1  1905   18.0  2012    45.0  1919    40.0  1903    41.3  1957    44.1  1923   150.6  1906
   17.6  1899   15.2  1955   15.8  1912   15.0  1975   15.0  2003   14.8  1946   15.5  1912   16.2  1900   14.1  1944   17.1  1900   17.9  1951   17.7  1993    44.9  1948    39.9  1907    40.6  1924    43.8  1932   150.6  1998
   17.3  1912   15.1  2007   15.6  2006   14.9  1930   14.8  1926   14.6  2020   15.5  2017   16.1  1897   14.1  1946   17.0  1902   17.8  1911   17.6  2023    44.8  1941    39.8  1909    40.3  2020    43.8  2010   150.3  2023
   17.3  2026   15.1  1990   15.4  2008   14.9  1925   14.4  1972   14.5  1990   15.5  2012   16.1  2006   13.9  1976   17.0  1961   17.4  1984   17.2  1909    44.7  1935    39.5  1998    40.0  1953    43.5  1900   150.1  2012
   17.2  1938   15.0  1958   15.4  1896   14.7  1935   14.4  2006   14.5  1945   15.2  1909   15.9  1910   13.9  1935   16.5  1891   17.4  2015   17.2  2021    44.2  1994    39.5  1951    39.9  1987    43.2  1984   149.8  1919
   17.2  1961   14.9  1951   15.2  1901   14.4  1970   14.2  1892   14.3  1982   15.2  1918   15.7  1946   13.8  1992   16.4  1895   17.3  1980   17.1  1999    44.2  1980    39.4  2006    39.7  1948    42.9  1938   149.8  1907
   17.0  1970   14.8  1956   14.9  1905   14.4  1937   14.1  2002   14.0  1927   15.1  1958   15.6  1960   13.8  1903   16.3  1944   17.2  1895   16.9  1965    43.8  1923    39.3  1972    39.1  1902    42.6  2023   149.8  1965
   16.9  1894   14.7  1931   14.9  1980   14.4  1989   13.7  2015   13.9  2016   15.0  2004   15.6  1943   13.7  1995   16.2  1954   17.2  1954   16.8  1920    43.7  1947    39.0  1967    39.1  1895    42.5  1891   149.2  2008
   16.9  1936   14.6  1893   14.7  1922   14.3  1908   13.7  1955   13.8  2019   14.9  2015   15.5  1930   13.5  2025   16.1  2022   17.1  1970   16.8  1986    43.7  1930    38.3  1897    39.0  1997    42.5  1952   148.5  1909
   16.6  2003   14.5  2014   14.7  1951   14.2  1934   13.6  1981   13.8  1926   14.9  1903   15.3  1903   13.5  1962   16.0  2000   16.9  1929   16.7  1901    43.6  1926    37.6  1963    38.9  2007    42.5  1927   147.7  1922
   16.6  2021   14.4  2021   14.6  1999   14.2  1910   13.5  1986   13.7  1931   14.5  1932   15.2  1957   13.5  1924   16.0  1980   16.9  1928   16.6  2002    43.6  1970    37.2  2023    38.8  1891    42.5  1930   147.6  1895
   16.5  1986   14.3  2011   14.4  1895   14.1  1961   13.3  1910   13.6  1985   14.3  1938   15.1  1928   13.3  2019   16.0  1974   16.8  2002   16.5  1918    43.5  1938    37.0  1999    38.8  1939    42.4  1980   147.3  1910
   16.5  1945   14.2  2022   14.2  1927   13.9  1979   13.3  1951   13.5  1963   14.1  1930   15.1  1894   13.3  2010   15.9  1938   16.8  1893   16.2  1952    43.3  2007    36.7  1905    38.6  1966    42.0  1946   147.1  2004
   16.5  1937   14.2  1937   14.1  1919   13.6  1963   13.0  1898   13.4  1956   13.9  1942   14.6  2011   13.2  1932   15.9  2019   16.8  1949   15.9  1946    43.2  1977    36.7  2000    38.5  1903    41.9  1919   146.2  1946
   16.5  1926   14.2  1933   14.0  1939   13.1  1965   12.7  1973   13.2  1964   13.8  1894   14.6  1948   13.0  1938   15.8  1917   16.3  1985   15.9  1907    43.0  1894    36.6  1985    38.5  1909    41.8  1998   145.8  1931
   16.4  1922   14.2  1995   13.8  1977   13.1  1917   12.7  1945   13.2  1944   13.7  1956   14.5  1961   13.0  1925   15.8  1982   16.2  2000   15.8  1891    42.8  1995    36.6  1906    38.4  1922    41.8  1911   145.6  1951
   16.3  1915   14.0  1892   13.8  1911   13.1  1913   12.7  2007   12.9  1897   13.7  1891   14.5  1958   12.8  1923   15.7  1928   16.0  1923   15.6  1916    42.7  1951    36.4  1988    38.3  1980    41.4  1982   145.3  1926
   16.3  1999   14.0  1969   13.8  1992   13.1  1992   12.7  1923   12.8  1894   13.6  2002   14.5  2014   12.8  1908   15.6  1967   15.7  1939   15.6  1949    42.3  1922    36.1  1904    38.1  2017    41.1  1892   145.2  1985
   16.2  1988   14.0  1947   13.6  1972   13.0  1909   12.3  1962   12.8  1902   13.4  1985   14.4  1915   12.7  1967   15.6  1939   15.7  1940   15.5  1910    42.2  1937    35.9  1930    38.1  1910    40.9  1926   145.0  2002
   16.0  1994   13.7  1997   13.5  1985   13.0  1993   12.3  1988   12.7  1896   13.3  1965   14.3  1895   12.7  2022   15.3  1934   15.6  1977   15.4  1923    41.9  1978    35.8  1927    38.0  2009    40.5  1906   144.9  1924
   16.0  1906   13.7  1996   13.4  1994   13.0  1927   12.3  1965   12.6  1916   12.9  1998   14.3  1924   12.6  1981   15.3  2023   15.6  2014   15.3  1955    41.9  2024    35.7  1965    38.0  1917    39.8  1968   144.6  1937
   15.8  2007   13.6  1954   13.4  1934   13.0  2004   12.3  1933   12.6  1999   12.9  1893   14.2  1906   12.6  1993   15.2  1923   15.5  1927   15.2  1958    41.9  1961    35.6  1898    37.9  1988    39.7  1992   144.1  1897
   15.8  1917   13.5  2000   13.3  1904   12.8  1907   12.2  1931   12.5  2011   12.8  1954   13.9  1978   12.6  1958   15.2  1905   15.5  1966   15.2  1900    41.7  1920    35.6  2008    37.9  1930    39.5  1925   144.1  1896
   15.7  1965   13.3  1894   13.3  1989   12.7  1953   12.2  1891   12.3  2004   12.7  1907   13.9  2001   12.5  1905   15.0  2006   15.4  1969   15.1  1997    41.6  1984    35.6  1934    37.7  2011    39.5  2001   144.0  1939
   15.7  1930   13.0  1912   13.2  1906   12.4  1985   12.2  1903   12.2  2017   12.7  2008   13.8  1902   12.5  1994   14.9  2002   15.3  2022   15.0  2011    41.5  1904    35.5  1901    37.5  2019    39.3  2006   144.0  1891
   15.7  1941   13.0  1970   13.2  1920   12.3  1969   12.1  1908   12.2  1966   12.7  1993   13.8  1986   12.5  1897   14.9  1940   15.2  1992   15.0  1960    41.4  1928    35.2  1975    37.4  1960    39.1  1965   143.5  2014
   15.5  1913   12.8  1926   13.0  1964   12.2  1973   12.1  1943   12.2  2008   12.6  1966   13.8  1966   12.4  1922   14.5  1898   15.1  1982   14.9  1985    41.4  1936    35.0  1931    37.3  1950    39.0  1940   143.4  1963
   15.4  1990   12.8  1980   13.0  1963   12.1  1994   12.1  2013   11.6  1971   12.5  1902   13.6  1953   12.4  2023   14.4  1966   15.0  2023   14.8  1899    41.3  1990    34.8  1917    37.3  1938    38.9  1916   142.5  1915
   15.3  1978   12.8  1935   13.0  1983   12.1  1977   11.9  1938   11.5  1943   12.5  1970   13.5  1929   12.3  1960   14.4  1941   14.9  1906   14.6  1983    41.1  1957    34.4  1891    37.2  1936    38.8  1928   142.2  1935
   15.2  1975   12.7  2024   13.0  1975   11.9  1901   11.9  1904   11.5  1898   12.5  2020   13.4  1962   12.2  1975   14.4  1987   14.8  1959   14.5  1950    40.7  1931    34.3  1902    37.2  1926    38.7  1967   142.1  1980
   15.2  1920   12.6  2018   12.9  1995   11.9  1922   11.9  1916   11.5  1936   12.4  1910   13.3  1979   12.2  1936   14.3  2012   14.8  1996   14.4  2022    40.1  2004    34.2  1977    37.0  1916    38.6  1895   142.1  1899
   15.2  1942   12.5  2001   12.8  1917   11.9  2005   11.8  1968   11.2  1947   12.4  1916   13.3  2012   12.1  1983   14.3  2001   14.7  1997   14.3  1925    40.1  1895    34.2  2001    36.7  1928    38.6  2012   141.9  1918
   15.1  1921   12.4  2017   12.7  1986   11.9  1897   11.8  2000   11.1  1954   12.3  2024   13.2  1982   12.0  1942   14.2  1981   14.7  1913   14.3  1922    39.9  2002    34.0  1928    36.4  1998    38.5  1939   141.8  1920
   15.0  1998   12.4  1957   12.5  1891   11.8  1898   11.7  1954   11.1  1939   12.3  1946   13.2  2020   11.9  2008   14.0  1911   14.5  2012   14.3  1994    39.8  1945    33.9  1950    36.1  1978    38.2  1961   141.7  1925
   14.9  1993   12.4  1901   12.5  1978   11.6  1964   11.6  1920   11.0  1938   12.2  1978   13.2  1898   11.8  1999   13.9  2014   14.5  1891   14.2  1906    39.8  2000    33.9  2018    35.9  1943    38.2  1981   141.6  1914
   14.8  2010   12.4  1922   12.3  2019   11.5  1951   11.6  2022   10.8  1953   12.0  1923   13.1  1926   11.6  1909   13.9  1924   14.3  1941   14.2  1956    39.6  1979    33.8  1924    35.6  1915    38.0  1966   140.9  1956
   14.6  1910   12.4  1940   12.2  1987   11.5  1903   11.6  1937   10.7  1968   11.8  1950   13.0  1992   11.6  1891   13.5  1901   14.2  1952   14.2  2000    39.4  1986    33.6  1958    35.5  1896    37.5  2017   140.9  1938
   14.5  1952   12.3  1906   12.2  1984   11.4  2023   11.5  1999   10.6  1977   11.7  1997   13.0  1896   11.4  1943   13.5  1930   14.2  1974   14.0  1897    39.3  1892    33.4  1894    35.4  1897    37.3  1893   140.8  2019
   14.5  1957   12.3  1960   12.1  1970   11.2  1972   11.4  1942   10.6  2003   11.6  1974   12.9  1988   11.2  2024   13.4  1933   14.0  1933   14.0  1942    39.2  1901    33.2  2016    35.2  2023    37.2  1963   140.1  1979
   14.4  1995   12.3  1974   11.9  1998   11.2  1919   11.3  2009   10.5  1909   11.5  1908   12.8  2010   11.1  1892   13.3  1926   13.9  1910   14.0  1998    39.1  1899    33.2  1992    34.9  1965    37.0  1907   139.9  1978
   14.4  2018   12.2  1944   11.8  1971   11.1  1959   11.0  1963   10.5  1924   11.4  1973   12.7  1893   10.9  2006   13.2  1929   13.9  1938   13.7  1966    39.1  2013    33.1  2014    34.8  1945    37.0  1924   139.9  1944
   14.4  1897   12.1  2005   11.8  1969   11.1  2018   11.0  2005   10.3  2002   11.4  1987   12.7  1909   10.8  1978   13.1  1918   13.7  1930   13.7  1912    38.7  1943    33.1  1922    34.6  2016    36.9  1909   139.6  1999
   14.3  2013   12.0  1991   11.4  1957   10.9  1999   11.0  1950   10.2  1933   11.4  1927   12.7  1971   10.7  1945   13.1  1925   13.6  1998   13.6  1969    38.4  1925    32.7  1910    34.4  1892    36.8  1936   139.3  1957
   14.2  1974   11.7  1972   11.4  1940   10.9  1904   11.0  1921   10.2  1911   11.3  2019   12.6  1922   10.7  1998   13.1  1912   13.6  2008   13.6  1924    38.3  2018    32.6  1914    34.3  1923    36.8  2008   139.1  1936
   14.1  1931   11.6  1914   11.4  1974   10.8  1894   11.0  2024   10.1  1955   11.3  1968   12.6  1908   10.6  1961   13.0  1922   13.5  1898   13.5  1935    38.3  2003    32.6  1962    34.1  1951    36.6  2013   139.1  1917
   14.0  1977   11.6  1945   11.4  1952   10.7  1962   10.9  1997   10.1  1978   11.3  2021   12.5  1907   10.6  1893   12.9  2011   13.4  1968   13.5  1921    38.2  1950    32.5  2005    34.0  2002    36.4  1894   139.0  2016
   13.9  1947   11.5  1988   11.4  1982   10.7  1939   10.9  1987    9.9  1937   11.2  1944   12.5  1934   10.4  1982   12.7  2021   13.4  2006   13.4  1970    38.1  2020    32.4  1994    33.6  1944    36.3  1913   138.5  1902
   13.9  1903   11.3  2004   11.2  1958   10.6  1947   10.7  1985    9.8  1910   11.2  1904   12.3  2019   10.2  1920   12.7  1919   13.3  1925   13.2  2018    37.7  1958    32.4  1966    33.3  2015    36.1  1914   138.3  1911
   13.8  1962   11.3  1897   11.1  2001   10.6  1945   10.6  2019    9.8  1965   11.2  1947   12.3  1904    9.9  1911   12.6  1989   13.2  1931   13.2  1990    37.6  1999    32.2  1964    33.1  1920    36.0  1934   138.2  1892
   13.3  1951   11.3  1918   11.1  1915   10.3  1940   10.5  1966    9.6  1952   11.2  1963   12.2  1925    9.9  1934   12.6  1988   13.2  1943   13.2  2025    37.4  1972    32.2  1923    32.9  1893    35.9  2020   138.1  2009
   13.2  1980   11.0  2006   11.0  1933   10.3  1911   10.1  1912    9.6  1957   11.2  1975   12.1  1942    9.8  1948   12.5  2005   13.2  1936   12.8  1893    37.3  2022    31.9  1989    32.4  1993    35.9  2002   138.0  1932
   13.0  2009   11.0  2016   11.0  2013   10.3  1926   10.0  1930    9.6  1929   11.1  2025   12.1  1999    9.8  2012   12.3  1990   13.1  1916   12.8  1951    36.9  1917    31.8  1919    32.2  1905    35.8  2004   137.9  1988
   13.0  1927   11.0  1948   10.9  1930   10.1  1924   10.0  1948    9.6  1917   10.9  1992   12.1  1931    9.8  1913   12.2  1952   12.8  1907   12.8  1976    36.7  1988    31.7  1987    32.0  1968    35.6  1987   137.8  1986
   12.8  1904   11.0  1936   10.9  1991   10.1  1916   10.0  1913    9.4  2025   10.9  1900   12.1  2000    9.7  1973   12.2  1996   12.8  1972   12.8  1902    36.6  1991    31.6  2012    31.4  2014    35.5  1957   137.7  2001
   12.6  1971   10.9  1967   10.9  1898   10.0  1923   10.0  1995    9.4  1901   10.8  1899   12.1  2009    9.6  2011   12.1  2024   12.6  1897   12.7  1974    36.6  2008    31.5  1926    31.3  1964    35.5  2009   137.4  1934
   12.5  1929   10.7  1928   10.8  2004    9.7  1891    9.9  1957    9.4  2005   10.7  1914   12.0  1916    9.5  1956   12.1  2016   12.5  1986   12.7  1895    36.5  1955    31.4  1933    31.3  1982    35.3  1994   137.2  2015
   12.4  1983   10.6  1908   10.8  1899    9.6  1918    9.8  1928    9.3  1969   10.7  2011   12.0  1938    9.5  2005   12.0  1949   12.5  2018   12.6  1947    36.4  1969    31.3  1939    31.2  2001    35.0  1943   137.1  2024
   12.4  2015   10.5  1898   10.6  1954    9.5  2006    9.8  2011    9.3  1934   10.7  1933   11.8  1967    9.4  1931   11.9  1913   12.4  2016   12.5  1964    36.1  2001    31.1  1970    31.2  1929    34.8  1949   136.7  2010
   12.2  1966   10.5  1994   10.5  1921    9.5  1968    9.7  1993    9.2  1922   10.5  2000   11.7  1965    9.4  1926   11.8  1942   12.4  1903   12.5  2013    36.1  1974    31.0  1955    31.2  1961    34.8  1902   136.7  1974
   12.0  1918   10.4  1919   10.4  1941    9.2  1949    9.6  1914    9.2  1906   10.3  2016   11.7  2023    9.2  1987   11.7  1910   12.4  1991   12.5  1962    35.7  1965    30.9  1911    31.1  1974    34.6  1970   136.3  1948
   12.0  1893    9.9  1983   10.4  2017    9.1  1900    9.6  1918    9.1  1993   10.3  2003   11.7  1980    9.1  1947   11.7  1983   12.3  1975   12.5  1940    35.7  1903    30.9  1968    31.0  1906    34.5  1899   135.9  2020
   11.9  1934    9.8  1961   10.4  1907    9.1  1896    9.6  1996    9.1  1919   10.3  1926   11.6  2015    9.0  1980   11.5  1984   12.3  1962   12.4  2006    35.5  1913    30.7  2004    31.0  2000    34.4  2015   135.9  1967
   11.9  1958    9.6  1902   10.3  2016    8.9  1944    9.4  1946    9.1  1981   10.0  1951   11.5  1939    9.0  1953   11.5  1936   12.3  1990   12.4  1995    35.3  1893    30.5  2015    30.9  1971    34.3  1933   135.6  1970
   11.9  1981    9.6  1989   10.2  1936    8.9  1981    9.3  2012    9.1  1913   10.0  1937   11.3  2005    9.0  1919   11.5  1968   12.2  2005   12.3  1898    35.2  1924    30.5  1892    30.8  1942    34.2  2005   135.4  1901
   11.8  1935    9.5  1946   10.2  1965    8.8  1921    9.3  1949    9.1  1895    9.9  1896   11.2  1892    9.0  1955   11.4  2009   12.2  1912   12.3  1894    35.2  1996    30.3  1921    30.5  1918    34.2  1929   135.0  1952
   11.7  1959    9.3  1911   10.0  2010    8.7  1895    9.2  1929    8.9  2024    9.8  1980   11.2  1987    8.8  1988   11.3  2008   12.1  1995   12.2  1961    35.0  1918    29.8  1976    30.4  1934    33.6  2014   135.0  2006
   11.7  2005    9.3  1927    9.9  1925    8.7  1991    9.2  1941    8.9  1959    9.8  1901   11.1  1952    8.8  1937   11.2  1927   12.1  2003   12.2  1904    35.0  1908    29.5  2002    30.3  1904    33.3  1993   134.9  1969
   11.6  1901    9.3  1984    9.8  1932    8.6  2014    9.1  1953    8.9  1974    9.7  1981   10.9  1945    8.6  1963   11.1  1986   11.9  1987   12.1  1948    34.9  1962    29.4  2013    30.2  1898    33.2  1990   134.5  1977
   11.6  2024    9.3  1907    9.6  1960    8.6  1948    9.1  1971    8.8  2009    9.7  1919   10.9  1977    8.6  1990   11.1  1993   11.9  1994   12.0  2019    34.6  1933    29.3  1895    30.0  1908    33.2  1917   134.5  1905
   11.6  2002    9.2  1953    9.6  1968    8.5  1987    9.0  1947    8.7  1950    9.7  1941   10.8  1911    8.6  2004   10.9  1994   11.9  1971   12.0  1930    34.4  1967    29.3  1940    29.9  1991    33.1  1922   134.3  1904
   11.5  1891    9.2  1987    9.6  1955    8.5  1967    8.8  1917    8.6  1914    9.5  1961   10.7  1996    8.5  2016   10.9  2025   11.7  1979   11.9  1980    34.2  1954    29.0  1973    29.9  1999    33.1  1912   134.2  1908
   11.5  1946    9.1  2025    9.5  2005    8.5  1902    8.6  1927    8.6  2013    9.4  1945   10.6  1974    8.5  1902   10.8  1957   11.7  1947   11.8  1928    34.2  1911    28.9  1896    29.5  1914    33.1  2016   134.1  1961
   11.5  1969    9.1  1899    9.5  1962    8.5  1960    8.4  1893    8.4  2000    9.3  2010   10.6  1993    8.4  1951   10.8  2010   11.4  1981   11.8  1917    34.2  1902    28.8  1945    29.4  2010    33.1  1995   133.2  1987
   11.4  2023    9.0  1903    9.5  1923    8.4  1936    8.4  1897    8.3  1984    9.2  2001   10.6  1964    8.4  2007   10.8  1958   11.0  2007   11.7  1984    34.1  2011    28.5  1995    29.2  1941    32.5  1941   133.0  2017
   11.4  1991    9.0  1905    9.5  2014    8.4  1943    8.3  1977    8.3  1903    8.8  1943   10.4  2017    8.4  1940   10.7  1979   10.8  1915   11.7  1944    34.0  1998    28.4  2019    29.1  1972    32.3  1996   132.8  1994
   11.4  1940    9.0  1924    9.4  2015    8.4  1928    8.3  1901    8.3  1989    8.7  2014   10.4  2016    8.3  1904   10.7  1992   10.8  1934   11.6  1967    33.8  1987    27.9  1942    29.0  2024    32.0  1999   132.7  1981
   11.2  2012    8.9  1963    9.2  1976    8.1  1933    8.3  1909    8.3  1930    8.7  1934   10.2  1914    8.3  1985   10.5  1945   10.8  2017   11.5  1954    33.6  1906    27.8  1912    28.9  1992    31.8  1977   132.2  1968
   11.2  1954    8.8  1962    9.0  1902    8.0  1942    8.2  1998    8.2  2014    8.4  1991   10.2  1997    8.2  2013   10.4  1914   10.6  2001   11.5  1936    33.5  1921    27.6  1993    28.7  1901    31.2  1898   131.5  1945
   11.0  1944    8.5  2015    9.0  1967    8.0  1952    8.1  1900    8.2  2001    8.4  1967   10.1  2002    8.2  2020   10.4  1943   10.6  1961   11.4  1996    33.5  1975    27.6  2021    28.7  2005    31.1  1951   131.5  1940
   10.9  1976    8.5  1942    8.7  1900    7.9  1978    8.0  2017    8.1  1905    8.4  1959   10.0  1968    8.1  2018   10.3  1959   10.5  1999   11.3  2017    33.2  1952    27.4  1978    28.6  1952    31.0  1908   131.0  1947
   10.9  1924    8.4  1939    8.7  1892    7.9  1988    8.0  1944    8.1  1899    8.4  1972    9.9  2018    8.1  1966   10.1  2018   10.4  1917   11.3  2024    33.2  1953    27.3  2003    28.5  1986    30.8  1942   130.7  1993
   10.8  1982    8.3  1979    8.5  1942    7.8  1956    8.0  1952    7.9  1995    8.2  1925    9.9  1969    8.0  2021   10.0  1991   10.4  1932   11.2  1927    32.9  1983    27.3  1952    28.5  1919    30.7  1931   130.7  2021
   10.7  1979    8.2  1992    8.5  1959    7.7  1955    8.0  1934    7.7  1979    8.2  1921    9.8  1918    7.9  2015    9.9  1893   10.4  1967   11.2  2007    32.1  2023    27.3  1918    28.4  1935    30.7  1897   129.9  2005
   10.7  1968    8.0  1986    8.4  2002    7.6  1996    7.6  1964    7.6  1994    8.1  1929    9.7  1919    7.9  1901    9.9  1948   10.2  1899   11.0  1945    32.0  1946    26.8  1941    28.3  1990    30.7  2018   129.1  1972
   10.6  1933    7.9  2009    8.4  2022    7.6  1892    7.5  1940    7.5  1951    8.1  1996    9.5  1901    7.9  1912    9.9  1970   10.1  1904   10.9  1968    31.8  1940    26.5  1971    28.3  1921    30.6  2011   128.8  1983
   10.1  1914    7.9  1968    8.3  2007    7.5  1906    7.3  2016    7.3  1893    8.0  1892    9.4  2021    7.8  1991    9.9  1973   10.0  1953   10.9  1977    31.8  1985    26.4  1949    27.5  1973    30.4  1901   128.5  2007
   10.1  1923    7.9  1930    8.2  1946    7.4  1929    7.3  1915    7.3  2010    8.0  2005    9.3  1973    7.7  1964    9.8  2017    9.9  2013   10.9  1957    31.6  1929    25.9  1900    27.2  1977    30.4  1983   127.5  1913
   10.0  1963    7.6  1976    8.1  1918    7.4  2015    7.2  1961    7.2  2022    7.9  1986    9.2  1944    7.6  1970    9.6  1950    9.9  1892   10.8  2003    31.6  1971    25.9  1954    27.2  1937    30.3  1962   127.5  1943
    9.9  2017    7.5  1938    8.0  2021    7.1  1941    7.2  1975    7.2  1961    7.9  1952    9.0  1994    7.3  1914    9.6  1999    9.8  1894   10.8  1903    31.5  1963    25.8  1936    27.0  1940    30.1  1991   127.2  1942
    9.9  1955    7.4  1965    7.9  1949    7.1  1958    7.1  1936    6.9  1904    7.9  1948    8.8  2013    7.3  1916    9.5  1899    9.7  2020   10.8  2001    31.2  1944    25.7  1935    26.9  1933    30.0  1910   126.5  1984
    9.8  2011    7.4  1929    7.8  1950    7.0  1915    7.0  1982    6.8  1986    7.7  1994    8.6  1989    7.2  1939    9.4  1963    9.6  1957   10.8  1989    31.1  2015    25.6  2022    26.8  1979    30.0  1985   126.1  1898
    9.8  1967    7.3  1920    7.7  2009    7.0  2002    7.0  1978    6.7  2015    7.7  1906    8.3  1936    7.1  1977    9.4  1955    9.6  1993   10.8  2005    31.0  2005    25.5  1961    26.8  2025    29.7  2024   126.0  1941
    9.5  1892    7.3  2019    7.6  1894    6.9  1990    6.9  1990    6.7  1973    7.7  2022    8.2  1998    7.0  1969    9.2  1956    9.6  1921   10.6  1982    31.0  2017    25.4  1915    26.5  1969    29.5  1975   125.9  1933
    9.4  2001    7.3  1999    7.6  1956    6.9  1946    6.9  2004    6.3  1983    7.6  1964    8.1  1970    7.0  1917    9.1  1977    9.5  1924   10.5  1908    30.9  2012    25.1  1953    26.5  1970    29.3  1997   125.3  2022
    9.3  1911    7.0  1909    7.5  2020    6.8  2003    6.9  2023    6.2  1920    7.5  1949    8.1  1920    7.0  1933    9.1  2015    9.5  1918   10.2  2014    30.8  1898    24.8  1957    26.3  2006    29.1  1979   124.8  1893
    9.3  1916    6.8  1932    7.3  2026    6.5  1914    6.9  1994    6.0  1923    7.4  1969    7.8  1984    6.9  2003    9.1  2003    9.3  1908   10.1  1981    30.7  2009    24.6  2009    26.1  1911    29.0  1948   124.7  2018
    9.1  2000    6.7  2008    6.9  1996    6.3  2013    6.8  1974    6.0  1996    7.3  2013    7.7  2024    6.7  1979    9.0  1908    9.2  1948   10.0  2010    30.3  1981    24.6  1946    26.0  1967    28.9  1958   124.5  1997
    9.1  1996    6.7  2013    6.8  1997    5.7  2010    6.8  1911    5.9  1891    7.2  1917    7.7  1990    6.5  1894    8.9  1915    9.2  1902    9.9  1972    30.2  1968    24.0  1996    26.0  2021    28.9  2021   124.3  2013
    9.1  1909    6.7  1949    6.7  2000    5.6  1995    6.6  2025    5.9  1908    7.0  1962    7.5  1949    6.5  1997    8.3  1937    9.1  1937    9.8  1932    29.9  1997    24.0  1943    24.8  1932    28.8  1945   124.0  1990
    9.0  1925    6.6  1981    6.6  1966    5.6  2022    6.6  1919    5.9  1970    6.9  1905    7.4  2007    6.2  1915    8.1  1931    9.1  1901    9.7  2008    29.4  1959    23.7  2017    24.7  1996    28.8  1988   123.9  2011
    8.7  1932    6.4  1943    6.6  1935    5.6  2019    6.6  1984    5.8  1967    6.6  1971    7.4  1935    6.2  1928    8.0  1997    9.0  1976    9.5  1973    29.3  1907    23.5  1980    24.7  2013    28.1  2003   123.7  1929
    8.5  1908    6.4  1913    6.4  1926    5.6  2009    6.6  1939    5.7  2023    6.4  1995    7.3  1937    6.1  1949    7.7  1953    8.8  1955    9.4  1953    28.9  1914    23.5  1991    24.7  1962    27.9  1969   123.7  1992
    8.5  2020    6.2  2023    6.1  1931    5.5  1971    6.4  1922    5.6  1949    6.4  1897    7.2  1913    6.0  1900    7.3  1964    8.8  1964    9.1  1987    28.9  1942    23.2  1984    24.5  1899    27.6  1959   122.7  1962
    7.9  2025    6.1  1973    5.5  2003    5.3  2017    6.4  1992    5.5  1918    6.2  1928    6.6  1932    5.6  1906    7.2  1971    8.7  2004    8.7  1892    28.8  1927    23.2  2007    24.4  2003    27.2  1955   121.9  1982
    7.8  1902    6.1  1982    5.5  1945    5.2  1976    6.2  1895    5.5  1988    6.1  1990    6.3  2025    5.3  1996    7.2  1995    8.6  1978    8.6  2016    28.3  2006    23.1  1948    24.3  1994    26.8  1953   120.0  1995
    7.8  1987    6.0  1895    5.2  1910    5.0  1997    6.1  2001    5.3  1975    5.9  2018    6.1  1940    5.1  1989    7.1  1920    8.6  1896    8.5  1933    28.3  2025    23.0  1959    24.3  1981    26.4  1956   118.2  1953
    7.8  1953    5.9  1952    5.0  2025    4.5  1984    6.1  2010    5.3  2021    5.8  1979    6.1  2022    5.1  1895    7.1  1921    8.2  2021    8.2  1963    27.7  1993    22.7  1997    24.1  1947    26.2  1937   117.4  1976
    7.7  1949    5.8  1964    5.0  1990    3.6  1980    5.5  2018    5.3  1960    5.7  2006    6.0  1933    5.0  1971    6.9  1946    8.2  2011    8.1  1939    27.0  1982    22.5  1960    22.5  1989    26.1  1947   116.8  1955
    7.6  1973    5.6  1971    5.0  1993    3.6  1954    5.2  1956    5.1  1992    5.7  1977    5.9  1975    4.9  2009    6.5  1904    7.8  1922    8.1  1992    26.8  2019    21.9  2010    22.3  1975    26.1  1986   116.1  2025
    7.6  1896    5.6  1917    4.8  1944    3.5  1957    5.1  1905    4.8  1942    5.7  1989    5.7  1899    4.8  1921    5.7  1897    7.6  1956    8.0  1931    26.7  1905    21.8  1982    21.9  1913    25.9  1915   115.3  1996
    7.0  1950    5.5  1975    4.6  1924    3.4  2021    5.0  2008    4.5  2006    5.6  1913    5.6  1972    4.4  1910    5.5  1969    7.6  1945    7.9  1943    26.5  1909    21.7  1944    21.6  1925    25.7  1973   114.6  1975
    6.5  2006    5.1  2003    4.5  1948    3.4  1982    4.9  1980    4.3  1962    5.6  1898    5.5  1981    4.3  1972    5.4  1978    7.4  1988    7.8  1971    26.5  1949    21.2  1974    21.4  1984    25.0  1904   113.6  1991
    6.3  2019    4.7  2012    4.2  2011    3.2  1893    4.5  1970    4.2  2018    5.3  1976    5.4  1991    4.1  2014    5.4  1985    7.3  1920    7.3  2004    25.3  1976    20.5  1956    21.0  2022    24.8  1978   112.4  2003
    6.2  1898    4.7  1993    4.1  1961    3.0  2025    4.5  1960    4.1  1940    5.3  1984    4.9  1955    4.1  2002    5.4  1947    7.1  1909    7.3  1913    25.0  1896    18.8  1990    20.7  1949    24.6  1920   111.8  1949
    6.2  1964    4.7  1896    4.1  1973    3.0  1974    4.4  1896    4.0  1915    5.2  1983    4.5  1983    4.0  1929    5.1  2007    7.0  1942    7.2  1988    23.7  1934    18.4  1929    20.2  1959    24.4  2007   111.8  1964
    5.9  2022    3.9  1998    4.0  2012    2.8  2020    4.4  1935    3.7  1921    5.2  1999    3.5  2003    4.0  1907    5.0  1965    6.7  1989    6.8  1975    23.6  1973    17.2  1938    19.9  2018    24.4  1989   110.2  1921
    5.8  1907    3.3  1934    3.7  1893    2.5  2011    4.2  1989    3.7  1932    5.1  1911    3.1  1995    3.7  1941    5.0  1975    6.6  1983    6.7  1991    23.5  1932    16.5  2011    18.3  1955    24.1  1971   107.4  1971
    5.8  1989    2.5  1959    3.5  1943    2.3  2007    4.1  2020    3.4  1976    4.7  1935    2.9  1976    3.3  1898    4.8  1951    6.4  2024    6.4  1926    22.6  1989    15.3  1893    17.5  1995    23.7  1964   105.4  1973
    5.6  1992    2.2  1985    3.5  1938    2.0  1912    4.0  1991    3.3  1941    3.8  1982    2.9  1959    2.5  1986    4.5  1962    6.1  1973    5.3  1905    20.5  1992    14.7  2025    16.0  1983    21.4  1921   105.0  1989
    5.5  1905    1.6  1921    3.2  1953    1.7  1938    3.4  1959    1.2  1925    3.3  1955    1.8  1947    2.5  1959    4.1  1972    5.6  1958    5.3  1941    20.2  1964    14.4  2020    11.6  1976    21.2  1972   104.6  1959
    4.7  1997    1.1  1891    1.8  1929    ---  2026    ---  2026    ---  2026    ---  2026    ---  2026    ---  2026    ---  2026    ---  2026    ---  2026     ---  1891     ---  2026     ---  2026     ---  2026     ---  2026
