Areal values from HadUK-Grid 1km gridded climate data from land surface network
Source: Met Office National Climate Information Centre
Monthly, seasonal and annual mean of daily minimum air temperature for England E and NE
Areal series, starting in 1884
Last updated 01-Apr-2026 11:35
    jan  year    feb  year    mar  year    apr  year    may  year    jun  year    jul  year    aug  year    sep  year    oct  year    nov  year    dec  year     win  year     spr  year     sum  year     aut  year     ann  year
    3.3  1916    3.8  1998    4.4  1938    5.5  2011    9.3  2024   11.1  2025   12.5  2022   12.6  1997   11.6  2006    9.3  2001    5.6  2011    4.9  2015    2.79  2024    5.93  2024   11.81  2025    8.00  2006    6.51  2024
    2.9  2020    3.8  2024    4.2  1957    5.3  2007    7.8  2022   10.9  2017   12.4  2019   12.5  2004   11.3  2023    9.0  2005    5.6  1994    4.5  1934    2.63  1989    5.16  2014   11.36  2003    7.81  2011    6.42  2023
    2.8  2007    3.5  2026    3.8  2024    5.3  2014    7.6  1999   10.3  2023   12.3  2025   12.2  2002   11.2  2016    8.6  2013    5.4  2022    3.9  2024    2.51  1998    5.00  1999   11.31  2022    7.68  2022    6.28  2025
    2.8  1898    3.1  1990    3.8  2017    5.0  1943    7.5  2017   10.3  2003   12.3  2021   12.1  1975   11.2  2021    8.5  2006    5.0  2015    3.8  1974    2.50  1935    4.97  2017   11.29  2021    7.64  2021    6.28  2014
    2.7  1921    3.0  2023    3.8  1990    4.9  2004    7.5  2014   10.0  2021   12.3  2006   12.1  2019   10.7  1949    8.4  2017    4.9  1997    3.7  1988    2.49  2026    4.83  2007   11.23  2019    7.55  2023    6.22  2022
    2.6  1989    2.8  1945    3.5  1991    4.9  2018    7.2  2023   10.0  1976   12.2  2003   12.1  2020   10.3  1999    8.4  1968    4.9  2014    3.7  2025    2.44  2007    4.76  2011   11.16  2018    7.50  2014    6.03  2006
    2.6  2008    2.7  2011    3.4  1997    4.7  1949    7.1  1998    9.9  2014   12.2  2018   12.0  2008   10.2  1936    8.1  2022    4.8  1984    3.5  1953    2.43  2020    4.74  2022   11.05  2006    7.14  2001    5.99  2017
    2.5  1990    2.7  2017    3.3  2005    4.7  1961    7.1  2002    9.8  2004   12.0  2013   12.0  2025   10.1  2011    8.1  1969    4.7  2020    3.4  1900    2.42  2016    4.60  1998   11.04  2023    7.05  2005    5.94  2020
    2.5  1983    2.6  1903    3.3  2021    4.6  2024    7.1  1964    9.8  2020   11.9  1983   12.0  1990   10.0  1998    8.0  1995    4.7  1938    3.4  1971    2.30  1975    4.51  2023   10.90  2004    7.02  1968    5.93  2011
    2.4  1884    2.5  1914    3.3  2019    4.6  1993    7.0  2008    9.8  1992   11.8  2010   11.9  2022    9.9  2005    8.0  2014    4.6  2018    3.3  1924    2.24  1990    4.50  1992   10.89  1947    7.00  2009    5.91  2004
    2.4  1975    2.5  1961    3.3  2026    4.5  1987    7.0  2003    9.8  1947   11.8  1991   11.7  2009    9.8  1958    7.8  2021    4.6  1953    3.2  2023    2.15  2014    4.47  2025   10.87  2016    7.00  1978    5.84  2002
    2.1  2005    2.5  1926    3.2  1961    4.4  1999    6.9  2018    9.7  1982   11.8  1995   11.7  1955    9.8  1980    7.7  2011    4.5  2025    2.8  2002    1.92  2017    4.44  1961   10.85  2020    7.00  2025    5.83  1999
    2.0  1976    2.4  2002    3.2  1981    4.3  2009    6.9  1952    9.7  1896   11.7  1933   11.6  2018    9.8  1941    7.7  1921    4.4  1945    2.7  1898    1.83  2025    4.42  2004   10.84  1997    6.99  1999    5.81  2007
    2.0  1932    2.4  2014    3.1  1998    4.3  1964    6.8  1953    9.7  2005   11.6  1923   11.6  2016    9.8  2000    7.7  2023    4.4  2009    2.7  1910    1.80  2022    4.42  2009   10.83  2017    6.93  1995    5.80  2005
    1.9  2014    2.3  1997    3.1  2012    4.2  1944    6.8  1889    9.6  2006   11.5  1947   11.6  2003    9.7  2014    7.6  1990    4.4  1951    2.7  1987    1.78  1925    4.35  2002   10.69  2008    6.76  1984    5.77  2018
    1.8  1944    2.2  2022    3.0  1999    4.2  2025    6.8  2011    9.6  2007   11.5  2014   11.5  1911    9.6  1890    7.5  2025    4.2  1946    2.7  1954    1.72  1923    4.23  2005   10.68  2013    6.75  1945    5.71  1990
    1.8  1938    2.2  1918    3.0  1945    4.2  2020    6.8  2025    9.6  1966   11.5  1999   11.5  2013    9.6  1939    7.5  1978    4.2  1899    2.7  1977    1.67  1988    4.23  1945   10.65  1933    6.75  1949    5.70  2019
    1.8  1923    2.1  2020    2.9  1992    4.0  1937    6.7  1992    9.6  2018   11.5  1957   11.5  2024    9.5  1961    7.4  1908    4.2  2002    2.6  2016    1.66  1976    4.20  1991   10.61  2002    6.72  2017    5.66  1998
    1.7  2016    2.0  2004    2.9  2000    4.0  1959    6.6  2009    9.6  1950   11.5  1901   11.5  2023    9.5  2009    7.3  1954    4.2  1999    2.6  1932    1.65  1972    4.19  2003   10.58  2009    6.65  2004    5.66  2016
    1.7  1996    2.0  1995    2.9  1967    4.0  1946    6.6  1970    9.5  2016   11.5  1900   11.5  2021    9.5  2022    7.2  1898    4.2  1978    2.5  1921    1.65  2019    4.18  2018   10.49  2014    6.59  2020    5.64  2021
    1.6  1974    1.9  2007    2.9  1994    3.9  1933    6.6  2007    9.5  2022   11.4  2016   11.4  1995    9.5  2010    7.2  1977    4.1  1917    2.5  2018    1.55  2005    4.16  1959   10.48  2024    6.58  2016    5.62  1997
    1.6  2018    1.9  1993    2.7  2014    3.9  1955    6.6  1918    9.3  2010   11.4  2001   11.4  1933    9.4  2004    7.1  1886    4.1  2003    2.5  1942    1.54  1943    4.15  1960   10.47  2010    6.56  2024    5.56  2009
    1.6  1999    1.9  1935    2.7  1912    3.9  1992    6.6  2016    9.3  1998   11.4  1975   11.4  1893    9.3  2008    7.1  2024    4.0  2004    2.5  2006    1.47  1903    4.12  1952   10.47  2005    6.48  2013    5.50  2000
    1.6  1969    1.9  2025    2.7  1959    3.8  1926    6.6  1960    9.3  1940   11.3  1989   11.3  1947    9.3  1970    7.1  1959    4.0  1995    2.4  1956    1.45  1921    4.09  2000   10.44  1995    6.42  2018    5.47  2003
    1.5  1906    1.9  2000    2.6  2023    3.8  1945    6.5  1908    9.3  1960   11.3  1899   11.2  1942    9.3  1978    7.0  1989    4.0  1939    2.4  1997    1.43  2008    4.08  2020   10.43  1983    6.40  1913    5.43  2008
    1.5  1957    1.8  1946    2.6  2022    3.8  1972    6.5  1947    9.3  2000   11.3  1926   11.2  1932    9.3  2024    7.0  2009    4.0  2021    2.4  1918    1.42  2023    4.08  1993   10.41  1982    6.39  1938    5.40  2015
    1.5  2004    1.7  2019    2.6  2007    3.8  2022    6.5  1911    9.2  2002   11.3  2005   11.2  2012    9.3  1933    6.9  1985    3.9  1963    2.4  1985    1.42  2004    4.03  1964   10.37  1975    6.39  1898    5.39  1989
    1.5  1998    1.7  1967    2.6  1927    3.7  2003    6.4  2006    9.1  1973   11.3  1994   11.2  1969    9.3  1981    6.9  2016    3.9  1982    2.2  2013    1.39  1957    4.02  1938   10.33  2001    6.38  1989    5.38  1938
    1.5  2024    1.7  1980    2.5  2025    3.7  2023    6.4  1933    9.1  2019   11.3  1945   11.2  2006    9.2  1956    6.9  1949    3.9  2006    2.2  2019    1.36  1999    4.02  1997   10.30  1959    6.38  1946    5.36  1945
    1.4  2023    1.6  1974    2.4  1935    3.7  1960    6.4  1937    9.1  1935   11.3  2023   11.2  2001    9.2  1989    6.8  1910    3.9  1906    2.2  1959    1.34  1948    4.01  1990   10.26  1992    6.33  1990    5.29  1949
    1.4  2003    1.5  1938    2.4  1977    3.6  1904    6.3  1922    9.1  1970   11.2  1905   11.2  1939    9.2  2002    6.8  1960    3.9  1888    2.2  2021    1.31  1916    4.00  1981   10.26  1999    6.30  2015    5.28  1994
    1.3  1988    1.5  1939    2.4  2002    3.6  1896    6.3  1976    9.0  1889   11.2  1941   11.2  1991    9.2  1945    6.7  1979    3.9  1983    2.0  1994    1.30  1911    3.98  2019   10.23  2012    6.27  1994    5.23  1995
    1.3  1890    1.5  1943    2.4  1936    3.6  1930    6.3  2004    8.9  2009   11.2  1934   11.2  1959    9.2  1984    6.7  1976    3.8  1913    2.0  1949    1.30  1995    3.97  1933   10.23  1976    6.21  1982    5.20  1959
    1.3  2012    1.5  1989    2.4  1921    3.6  1985    6.2  2020    8.9  1994   11.2  2008   11.1  1944    9.1  1985    6.7  1945    3.8  1955    2.0  1979    1.26  2003    3.90  1943   10.22  1994    6.21  1997    5.18  1953
    1.3  2000    1.4  1992    2.3  1950    3.6  2005    6.2  2001    8.9  1997   11.1  1944   11.0  1984    9.1  1898    6.6  1996    3.7  1897    2.0  1911    1.26  1932    3.89  2012   10.16  2007    6.20  2007    5.18  1983
    1.3  2002    1.4  1923    2.3  1983    3.5  2002    6.2  1989    8.9  2024   11.0  2009   11.0  1917    9.1  1966    6.5  1999    3.7  1894    1.9  2000    1.26  1914    3.87  2008   10.16  1990    6.20  2000    5.17  1988
    1.3  1973    1.3  1897    2.3  2009    3.5  1997    6.2  1893    8.9  1988   11.0  1932   11.0  1983    9.1  2017    6.5  2004    3.6  1931    1.9  1922    1.25  2012    3.86  1957   10.13  1935    6.18  2002    5.16  1921
    1.2  1925    1.3  1976    2.3  1948    3.5  2017    6.2  1925    8.9  1963   11.0  1937   10.9  2015    9.0  1969    6.4  2015    3.6  2023    1.9  1983    1.24  1950    3.82  1994   10.12  1899    6.16  1951    5.13  2013
    1.2  1948    1.2  1884    2.2  1960    3.5  1894    6.1  1986    8.9  1945   11.0  2017   10.9  1996    9.0  1968    6.4  1913    3.6  1968    1.8  1912    1.18  1898    3.72  1912   10.11  1945    6.15  1959    5.10  1934
    1.2  2006    1.2  1928    2.2  1903    3.5  1998    6.1  2000    8.9  1912   11.0  2024   10.8  2000    9.0  2019    6.4  1984    3.6  1928    1.8  1941    1.18  1974    3.68  1920   10.09  1950    6.14  1953    5.10  1933
    1.2  1930    1.1  1966    2.1  1989    3.5  1975    6.1  1919    8.8  1959   10.9  1997   10.8  1999    9.0  1947    6.4  1971    3.6  2007    1.8  1986    1.18  1949    3.63  1967   10.07  1937    6.14  1983    5.09  1957
    1.1  1993    1.1  1999    2.1  2004    3.4  1952    6.0  1991    8.8  1897   10.9  1969   10.7  1899    9.0  1913    6.3  2020    3.5  1990    1.8  1980    1.12  2000    3.59  1972   10.07  1998    6.10  1908    5.09  2001
    1.1  1937    1.1  1920    2.1  1978    3.4  1988    6.0  1981    8.8  1953   10.9  1952   10.7  1937    9.0  1930    6.3  1991    3.5  1986    1.7  1947    1.11  2002    3.55  1988   10.04  1893    6.09  1958    5.07  2012
    1.1  1935    1.1  2005    2.0  1952    3.4  1994    6.0  1965    8.8  1993   10.9  1967   10.7  1958    8.9  1953    6.3  1947    3.4  2008    1.7  1905    1.07  1899    3.54  1911   10.04  1911    6.04  1906    5.02  1939
    1.1  1950    1.1  1948    2.0  1926    3.4  2010    5.9  1990    8.8  1933   10.9  1887   10.7  1949    8.9  1951    6.3  1988    3.4  1900    1.7  2011    1.03  1937    3.52  2016   10.03  1991    6.03  1933    5.02  1992
    1.1  2022    1.1  1885    2.0  1920    3.4  1995    5.9  1924    8.8  2012   10.9  1992   10.6  2017    8.9  1996    6.3  1965    3.4  1957    1.7  1975    0.99  1973    3.51  2015   10.03  1944    6.02  1886    5.00  1976
    1.0  1949    1.0  2009    2.0  1897    3.4  1963    5.9  1993    8.8  1930   10.9  1982   10.6  1970    8.9  2025    6.3  1967    3.4  1924    1.7  1929    0.98  2006    3.48  1939   10.02  1955    6.02  1977    5.00  1960
    1.0  1994    1.0  2021    1.9  2011    3.3  1914    5.9  1912    8.8  2008   10.9  1959   10.6  1906    8.9  1895    6.3  1906    3.3  1980    1.7  1948    0.98  1938    3.45  2006   10.01  1932    6.02  1941    4.99  1961
    1.0  1896    1.0  1953    1.9  1966    3.3  1947    5.9  1954    8.8  1900   10.8  1949   10.6  1918    8.9  1917    6.3  2010    3.3  2024    1.6  1902    0.97  1993    3.41  1896   10.00  1952    6.00  1960    4.99  1971
    0.9  1902    0.9  2006    1.9  1923    3.3  1920    5.9  2012    8.8  1980   10.8  1921   10.6  1982    8.9  1946    6.2  2007    3.2  1987    1.6  2020    0.97  1971    3.40  1989   10.00  1973    5.99  1969    4.97  1898
    0.9  1971    0.9  1959    1.8  2015    3.3  2006    5.9  1940    8.7  1887   10.8  1925   10.6  1987    8.9  2001    6.1  1963    3.2  1920    1.5  1984    0.96  1967    3.37  1976    9.99  1970    5.99  1924    4.95  1943
    0.8  1928    0.9  1988    1.8  2020    3.2  1939    5.8  1969    8.7  1943   10.7  1976   10.6  1897    8.9  2007    6.1  1958    3.2  1916    1.5  2014    0.94  1944    3.36  1948    9.98  1900    5.99  1961    4.92  1975
    0.8  1972    0.9  1912    1.8  1905    3.2  1996    5.8  1945    8.7  1931   10.7  1987   10.6  1935    8.8  1926    6.1  1933    3.2  1981    1.4  1931    0.93  1980    3.36  1926    9.98  2000    5.98  1970    4.91  1967
    0.7  2019    0.9  1982    1.8  2003    3.2  2000    5.8  1913    8.7  1984   10.7  1956   10.5  1952    8.8  1884    6.1  1982    3.2  2019    1.4  1972    0.92  1961    3.36  2010    9.97  1926    5.97  2008    4.91  1948
    0.7  1927    0.9  1908    1.8  1968    3.2  1948    5.8  1973    8.7  1938   10.7  1904   10.5  1989    8.8  1973    6.0  1961    3.2  1902    1.4  2004    0.92  1912    3.35  1944    9.94  1984    5.96  2019    4.89  1911
    0.6  1934    0.9  1937    1.7  1993    3.2  1980    5.8  1959    8.6  1893   10.7  1936   10.5  1895    8.8  1924    6.0  2018    3.2  2001    1.3  1998    0.88  1939    3.34  1950    9.93  1957    5.94  1939    4.88  1991
    0.6  1953    0.8  1949    1.7  1890    3.1  1967    5.8  2005    8.6  1968   10.7  1935   10.5  1916    8.8  1948    6.0  1934    3.0  1964    1.3  1990    0.86  2015    3.31  1913    9.93  1989    5.91  1947    4.88  1982
    0.6  1943    0.8  1921    1.7  1939    3.1  1976    5.8  1988    8.6  1961   10.7  2012   10.5  1884    8.8  1929    6.0  1946    3.0  1932    1.3  1970    0.84  1913    3.30  1921    9.92  1969    5.87  2010    4.86  1914
    0.6  2017    0.7  1972    1.7  2016    3.0  1935    5.7  2015    8.6  1965   10.7  1955   10.5  1980    8.8  1967    6.0  1942    3.0  2000    1.3  1945    0.83  1920    3.29  1940    9.84  1936    5.87  1963    4.83  1935
    0.6  2015    0.7  2012    1.7  1902    3.0  1982    5.7  1920    8.6  1910   10.6  2020   10.5  1926    8.8  1983    6.0  1957    2.9  1959    1.2  1913    0.80  1930    3.28  1949    9.83  1953    5.79  1980    4.83  1984
    0.5  1915    0.7  1971    1.6  1933    3.0  1991    5.7  1972    8.5  2011   10.6  1931   10.5  1957    8.8  1938    6.0  1937    2.9  1895    1.2  1989    0.79  1946    3.27  1918    9.78  1988    5.77  1998    4.83  1926
    0.5  1920    0.7  1977    1.6  2008    3.0  2019    5.7  1995    8.5  1990   10.6  1946   10.5  1981    8.8  2013    6.0  1914    2.9  1948    1.1  2007    0.74  1960    3.26  1914    9.78  1939    5.75  1934    4.82  1993
    0.5  1900    0.7  1925    1.6  1884    3.0  2015    5.6  2019    8.5  1964   10.6  1912   10.5  1998    8.8  1901    5.9  1941    2.9  1940    1.1  1955    0.73  1906    3.22  1966    9.77  1934    5.72  1954    4.80  1913
    0.5  1967    0.7  1911    1.6  2010    3.0  1957    5.6  1950    8.5  1937   10.6  1985   10.4  1994    8.7  1955    5.9  1962    2.9  1989    1.1  1936    0.72  1901    3.20  1927    9.76  1917    5.72  1957    4.79  1968
    0.5  1926    0.7  1905    1.5  1943    3.0  1911    5.6  1985    8.5  1952   10.6  1971   10.4  1936    8.7  1995    5.9  1998    2.9  1970    1.1  1888    0.69  1992    3.18  1977    9.75  1930    5.70  1996    4.79  1937
    0.5  1981    0.7  1964    1.5  1896    3.0  1913    5.6  1890    8.5  1954   10.5  1973   10.4  1968    8.7  2020    5.8  1943    2.9  1908    1.1  1993    0.66  1981    3.17  1995    9.75  1949    5.67  1921    4.78  1977
    0.5  2026    0.6  1934    1.5  1973    2.9  2008    5.6  1917    8.5  1979   10.5  2007   10.4  1971    8.7  1982    5.8  2000    2.8  1898    1.1  1894    0.64  2018    3.17  1937    9.75  1941    5.67  1948    4.75  1932
    0.5  1911    0.6  2008    1.5  1988    2.9  1934    5.6  1916    8.4  2013   10.5  1911   10.4  2005    8.6  1971    5.8  1966    2.8  1935    1.0  1926    0.62  1922    3.15  1893    9.74  1905    5.66  1991    4.75  1946
    0.4  1968    0.6  1975    1.4  1914    2.9  1898    5.5  1931    8.4  1981   10.5  1951   10.4  1927    8.6  1891    5.8  1924    2.8  2012    1.0  1958    0.60  2021    3.14  1978    9.73  1981    5.66  1976    4.74  1944
    0.4  1899    0.6  1962    1.4  1928    2.9  1931    5.5  1898    8.4  1934   10.5  1950   10.4  1930    8.6  2018    5.8  1986    2.8  1914    0.9  1951    0.59  1927    3.13  1985    9.72  1901    5.65  1971    4.74  1884
    0.4  1924    0.5  1950    1.3  1972    2.9  1979    5.5  1939    8.4  1986   10.5  1914   10.4  1938    8.6  1976    5.8  1983    2.8  1960    0.9  1907    0.59  1933    3.12  1982    9.72  1967    5.61  2003    4.74  1966
    0.4  2013    0.5  1913    1.3  1910    2.9  1942    5.5  1956    8.4  1999   10.4  1998   10.3  1967    8.5  1992    5.8  1903    2.8  1933    0.9  1914    0.54  1997    3.11  1889    9.72  1958    5.61  1956    4.73  1980
    0.3  1939    0.5  2016    1.3  1940    2.8  1971    5.4  1936    8.4  1905   10.4  1884   10.3  1953    8.5  1934    5.7  1970    2.7  1934    0.9  2017    0.53  1926    3.11  1935    9.70  2015    5.61  1955    4.69  1947
    0.3  1960    0.5  1910    1.3  1982    2.8  1981    5.4  1978    8.4  1890   10.4  2004   10.3  2007    8.5  1997    5.7  1938    2.7  1954    0.9  1919    0.50  1896    3.10  1954    9.69  1925    5.61  1979    4.68  1974
    0.3  2011    0.5  1965    1.2  1956    2.7  1940    5.4  1961    8.4  1941   10.4  1986   10.3  1943    8.5  1886    5.7  1972    2.6  1949    0.8  1938    0.50  1954    3.10  1946    9.69  1987    5.57  1966    4.66  1930
    0.3  1903    0.5  2015    1.2  1984    2.7  1895    5.4  2013    8.4  1917   10.4  1958   10.3  2011    8.5  1921    5.7  2019    2.6  2017    0.8  2005    0.47  2001    3.09  1971    9.68  1897    5.50  1936    4.66  1973
    0.3  1904    0.4  1896    1.2  1974    2.7  2012    5.4  1932    8.3  2001   10.4  1927   10.3  1973    8.4  1977    5.7  1930    2.6  1956    0.8  2012    0.47  1928    3.08  1973    9.63  1938    5.45  1902    4.66  1920
    0.2  1962    0.3  1932    1.2  1911    2.7  1927    5.3  1971    8.3  1936   10.3  2002   10.2  2010    8.4  1896    5.6  1920    2.5  1889    0.8  2003    0.46  1915    3.08  1963    9.62  1896    5.44  1916    4.66  1978
    0.2  1914    0.3  1933    1.1  1913    2.7  1928    5.3  1934    8.3  1983   10.3  1953   10.2  1886    8.4  1959    5.6  1909    2.4  1912    0.8  1915    0.44  2009    3.08  1925    9.62  1942    5.44  1930    4.64  1950
    0.1  1913    0.3  1944    1.1  1954    2.6  2001    5.3  1904    8.3  1924   10.3  1894   10.2  1910    8.4  1960    5.5  1940    2.4  1886    0.8  1920    0.41  1885    3.07  1983    9.61  1968    5.43  1987    4.64  1970
    0.1  1992    0.2  1973    1.1  1971    2.6  1965    5.3  1943    8.2  1899   10.3  1981   10.2  1925    8.4  1988    5.5  1927    2.4  1992    0.8  1940    0.40  1994    3.07  1936    9.60  1996    5.42  1920    4.62  1964
    0.1  2009    0.2  1924    1.1  1918    2.6  1938    5.2  1906    8.2  1913   10.3  1939   10.2  1988    8.4  1991    5.5  1950    2.4  1977    0.7  1966    0.40  1984    3.05  2001    9.59  1960    5.38  1942    4.61  1900
   -0.0  1905    0.1  1957    1.0  1963    2.6  2013    5.2  1958    8.2  1906   10.3  1979   10.2  1914    8.3  1942    5.4  1902    2.4  1907    0.7  1943    0.37  1953    3.00  1884    9.58  1966    5.38  1914    4.58  1996
   -0.1  1995    0.1  1898    1.0  1893    2.6  1916    5.2  1966    8.1  1891   10.2  1988   10.2  1921    8.2  2003    5.4  1925    2.4  1961    0.6  1960    0.37  2013    2.99  1904    9.58  1914    5.38  1943    4.57  1987
   -0.1  1964    0.1  1893    0.9  1996    2.6  1900    5.2  1944    8.1  1920   10.2  1970   10.2  1950    8.2  1965    5.4  1916    2.4  1947    0.6  1957    0.33  1983    2.97  1953    9.58  1887    5.38  1967    4.56  1954
   -0.1  1970    0.0  1890    0.9  1925    2.5  1912    5.2  1983    8.1  1926   10.2  2015   10.2  1945    8.2  2012    5.4  1994    2.3  1941    0.6  1893    0.32  1934    2.96  1930    9.56  1980    5.33  1985    4.55  1924
   -0.1  1912   -0.0  1927    0.8  1964    2.5  1899    5.2  1994    8.1  1919   10.2  1964   10.2  1898    8.2  1987    5.3  1975    2.3  1958    0.6  1939    0.30  1890    2.95  1890    9.56  1921    5.32  1928    4.55  1936
   -0.1  1936   -0.0  1899    0.7  1895    2.5  1907    5.2  1974    8.1  1978   10.1  1996   10.2  1978    8.1  1908    5.3  1948    2.3  1974    0.6  1991    0.26  1966    2.93  1905    9.54  1943    5.31  1937    4.55  1972
   -0.1  1888   -0.1  1984    0.7  2018    2.5  1885    5.2  1892    8.1  1958   10.1  1984   10.1  1992    8.0  1935    5.3  1907    2.3  1911    0.6  1930    0.17  1964    2.93  1928    9.54  1884    5.30  1988    4.52  1969
   -0.2  1901   -0.1  1915    0.7  1976    2.5  1968    5.2  1895    8.0  1925   10.1  1930   10.1  1901    8.0  1900    5.2  1997    2.3  1943    0.5  1897    0.17  1908    2.91  1987    9.51  1964    5.29  1890    4.50  1912
   -0.2  1889   -0.1  2013    0.7  1907    2.5  1966    5.1  1997    8.0  1914   10.1  1908   10.0  1977    8.0  1950    5.2  1928    2.3  1885    0.5  1884    0.11  1919    2.89  1934    9.51  2011    5.25  1981    4.48  1958
   -0.2  1951   -0.1  1894    0.6  1944    2.5  1889    5.1  1896    8.0  1995   10.1  1893   10.0  1976    8.0  1943    5.2  1890    2.3  1991    0.4  1944    0.10  1905    2.87  1974    9.46  1906    5.22  1900    4.47  1918
   -0.2  1961   -0.2  1922    0.6  1975    2.5  1921    5.1  1884    8.0  1911   10.1  1928   10.0  2014    8.0  1979    5.2  1951    2.2  1892    0.3  1973    0.09  1918    2.87  1895    9.45  1971    5.21  1899    4.46  1981
   -0.2  2025   -0.2  1958    0.6  2006    2.4  1962    5.1  1982    7.9  2015   10.1  1977    9.9  1909    8.0  1964    5.2  2002    2.2  2005    0.3  1896    0.06  1978    2.87  1968    9.44  1979    5.18  2012    4.45  1896
   -0.3  2001   -0.2  1916    0.6  1946    2.4  1923    5.1  2010    7.9  1948   10.0  1993    9.9  1928    8.0  1962    5.2  2008    2.1  1972    0.3  1967    0.02  1924    2.78  1965    9.42  1931    5.17  1935    4.43  1928
   -0.3  1907   -0.3  1887    0.6  1915    2.3  1901    5.1  1921    7.9  1942   10.0  1896    9.8  1985    8.0  1993    5.1  1918    2.1  1929    0.3  2008   -0.01  1897    2.75  1947    9.41  1923    5.15  1929    4.40  1916
   -0.3  1966   -0.3  1951    0.5  1922    2.3  1909    5.1  1962    7.9  1967   10.0  1948    9.8  1889    8.0  1906    5.1  1956    2.1  1927    0.3  1999   -0.01  1889    2.73  2021    9.40  1940    5.13  1962    4.39  1927
   -0.3  1885   -0.3  1931    0.5  1995    2.3  1893    5.0  1910    7.9  1885    9.9  1990    9.8  1948    7.9  1994    5.0  1944    2.1  1979    0.2  1978   -0.04  1996    2.72  1907    9.35  1889    5.13  1927    4.38  1951
   -0.3  1965   -0.3  2001    0.5  1901    2.3  1977    5.0  1901    7.9  1939    9.9  1886    9.8  1951    7.9  1937    4.9  1987    2.1  1937    0.2  1968   -0.05  1945    2.71  1975    9.34  1961    5.12  1950    4.37  2010
   -0.4  1986   -0.4  1981    0.5  1930    2.3  2016    5.0  1938    7.9  1989    9.9  1917    9.8  1964    7.8  1975    4.9  1953    2.0  2013    0.1  1996   -0.08  1904    2.69  1903    9.32  1904    5.12  1940    4.36  1893
   -0.5  1954   -0.4  1891    0.5  1979    2.3  1990    5.0  1900    7.8  1944    9.9  1924    9.7  1960    7.8  1990    4.9  1897    2.0  1903    0.1  1895   -0.10  1931    2.69  1980    9.31  1910    5.12  1903    4.36  1985
   -0.5  1956   -0.4  1960    0.5  1894    2.3  1884    5.0  1914    7.8  1957    9.9  2000    9.7  1915    7.8  1927    4.9  1923    2.0  1971    0.0  1965   -0.16  1894    2.69  1898    9.30  1895    5.10  1917    4.36  1906
   -0.5  1917   -0.4  1904    0.5  1949    2.3  1954    5.0  1907    7.8  1996    9.8  1885    9.7  1929    7.8  1915    4.9  1936    1.9  1944   -0.0  2022   -0.17  1987    2.69  1923    9.28  1993    5.07  1897    4.35  1897
   -0.6  1919   -0.4  1987    0.5  1986    2.2  1974    4.9  1942    7.8  1949    9.8  1938    9.6  1900    7.8  1902    4.8  1904    1.8  1950   -0.0  1992   -0.20  1910    2.69  1910    9.26  1948    5.06  1965    4.35  1910
   -0.6  1931   -0.5  2003    0.4  1953    2.2  1925    4.9  1967    7.7  1894    9.8  1929    9.6  1954    7.8  1957    4.8  1911    1.8  2010   -0.1  1963   -0.23  1991    2.68  1996    9.24  1951    5.03  1986    4.34  1908
   -0.6  1946   -0.6  1930    0.4  1932    2.1  1886    4.9  1903    7.7  1974    9.8  1960    9.6  1966    7.7  1916    4.8  1952    1.8  1922   -0.1  1982   -0.24  1969    2.65  1986    9.24  1912    5.00  1964    4.34  1905
   -0.6  1922   -0.7  2018    0.4  1934    2.1  1918    4.8  1963    7.7  1932    9.7  1968    9.6  1961    7.7  1899    4.7  1935    1.8  1966   -0.1  1969   -0.26  1965    2.62  1979    9.18  1978    4.99  1884    4.33  1952
   -0.6  1909   -0.7  1952    0.3  2001    2.1  1905    4.8  1930    7.7  1904    9.7  1961    9.6  1934    7.7  1905    4.7  1889    1.8  1926   -0.1  1908   -0.27  1958    2.62  1901    9.18  1985    4.99  1907    4.32  1903
   -0.7  1984   -1.0  1994    0.3  1980    2.1  1919    4.8  1905    7.7  1987    9.7  1972    9.6  1941    7.7  1932    4.6  1891    1.8  1884   -0.1  1903   -0.28  1955    2.59  1942    9.16  1886    4.96  1975    4.29  1941
   -0.7  1997   -1.0  2010    0.3  1906    2.1  1958    4.8  1929    7.7  1895    9.7  2011    9.6  1979    7.6  1903    4.6  1973    1.8  1942   -0.2  1946   -0.30  1968    2.59  1916    9.14  1946    4.94  1894    4.27  1899
   -0.7  2021   -1.0  1996    0.2  1985    2.1  1915    4.8  1946    7.7  1921    9.7  1942    9.6  1892    7.6  1963    4.6  1893    1.8  1975   -0.2  2001   -0.31  1959    2.56  1970    9.12  1986    4.92  1891    4.24  1955
   -0.7  1991   -1.0  1889    0.2  1887    2.0  1941    4.8  1977    7.7  1955    9.6  1895    9.6  1974    7.5  1889    4.6  2003    1.7  1976   -0.2  1885   -0.34  1962    2.53  1908    9.11  1927    4.89  1889    4.24  1925
   -0.7  1918   -1.0  1892    0.1  1929    2.0  1950    4.7  1949    7.7  1908    9.6  1974    9.5  1919    7.5  1910    4.6  2012    1.7  2016   -0.2  1933   -0.37  1952    2.52  1956    9.10  1954    4.88  1932    4.23  1923
   -0.8  1910   -1.0  1909    0.1  1904    1.9  1973    4.7  1928    7.6  1884    9.6  1943    9.5  1905    7.5  1911    4.6  1929    1.7  1930   -0.3  1909   -0.45  1986    2.50  1897    9.09  1963    4.87  1973    4.23  1889
   -0.8  1978   -1.1  1888    0.0  1942    1.9  1902    4.7  2021    7.6  1922    9.6  1891    9.5  1904    7.5  2015    4.5  1915    1.5  1936   -0.3  1904   -0.53  1977    2.46  1894    9.09  1977    4.85  1911    4.22  1890
   -0.8  1947   -1.3  1901    0.0  1941    1.9  1989    4.6  1980    7.6  1956    9.6  1897    9.5  1972    7.5  1904    4.4  1884    1.5  1996   -0.4  1937   -0.53  1970    2.43  1932    9.09  1894    4.84  1972    4.21  1931
   -0.9  1980   -1.3  1906    0.0  1889    1.9  1978    4.6  1886    7.6  1898    9.6  1916    9.4  1923    7.4  1920    4.3  1993    1.5  1891   -0.4  1935   -0.56  2011    2.43  1919    9.06  1891    4.77  1992    4.20  1904
   -0.9  1894   -1.3  1985   -0.1  1987    1.8  1970    4.5  1948    7.6  1969    9.6  1903    9.4  1891    7.4  1914    4.3  1955    1.5  1998   -0.4  1928   -0.58  1909    2.42  1900    9.04  1924    4.76  1931    4.19  1942
   -0.9  1955   -1.3  1941   -0.1  1885    1.8  1969    4.5  1951    7.6  1902    9.6  1906    9.4  1940    7.3  1907    4.3  1900    1.5  1962   -0.4  1952   -0.60  1985    2.41  2013    9.03  1918    4.70  1944    4.19  1965
   -1.1  1977   -1.3  1940   -0.2  1886    1.8  1984    4.5  1979    7.5  1901    9.5  1940    9.3  1962    7.2  1944    4.3  1894    1.5  1904   -0.5  1889   -0.69  1902    2.39  1969    8.99  1974    4.69  1888    4.15  1956
   -1.1  1933   -1.4  1991   -0.2  1965    1.7  1910    4.4  1987    7.5  1946    9.5  1909    9.2  1946    7.2  1922    4.3  1939    1.3  1896   -0.5  1923   -0.71  1888    2.38  1922    8.98  1929    4.69  1895    4.14  1894
   -1.2  1929   -1.4  1907   -0.2  1908    1.7  1897    4.4  1957    7.5  1962    9.5  1966    9.2  1963    7.2  1974    4.3  1980    1.3  1893   -0.6  1901   -0.75  1936    2.38  1931    8.93  1928    4.67  1901    4.13  1979
   -1.2  1893   -1.5  1970   -0.3  1900    1.6  1983    4.4  1888    7.5  1907    9.4  1918    9.2  1894    7.2  1893    4.3  1901    1.3  1905   -0.6  1927   -0.81  1951    2.33  1984    8.93  1890    4.61  1926    4.11  1901
   -1.2  1958   -1.6  1983   -0.3  1899    1.6  1953    4.4  1927    7.5  1975    9.4  1980    9.2  1896    7.1  1928    4.2  1922    1.3  1887   -0.6  2009   -0.83  1907    2.32  1902    8.91  1956    4.59  1904    4.06  1986
   -1.2  1908   -1.6  1919   -0.3  1898    1.6  1888    4.3  1968    7.4  1915    9.4  1920    9.1  1890    7.1  1919    4.0  1964    1.2  1993   -0.8  1891   -0.94  1900    2.27  1915    8.91  1916    4.54  1909    4.02  1902
   -1.4  1952   -1.7  1968   -0.4  1916    1.6  1951    4.3  1926    7.4  1929    9.3  1978    9.1  1887    7.1  1954    4.0  1932    1.2  1988   -0.9  1906   -0.95  1956    2.19  1886    8.88  1908    4.51  1910    4.00  1940
   -1.4  1887   -1.8  1954   -0.4  1891    1.5  1890    4.2  1909    7.3  1951    9.2  1890    9.1  1965    7.1  1909    3.9  1974    1.2  1973   -0.9  1964   -1.00  1941    2.14  1958    8.81  1898    4.50  1993    3.95  1907
   -1.5  2010   -1.8  1936   -0.4  1951    1.5  1932    4.2  1887    7.3  1971    9.2  1915    9.0  1913    7.1  1923    3.7  1899    1.0  1967   -0.9  1887   -1.03  2010    2.07  1955    8.81  1915    4.44  1974    3.93  1886
   -1.6  1897   -1.8  1978   -0.5  1969    1.4  1924    4.2  1915    7.3  1886    9.2  1889    9.0  1993    7.0  1931    3.6  1931    1.0  1890   -0.9  1995   -1.11  1893    2.05  1929    8.79  1913    4.40  1922    3.88  1915
   -1.6  1886   -1.9  1979   -0.7  2013    1.3  1986    4.0  1975    7.2  1892    9.2  1962    9.0  1924    7.0  1892    3.4  1992    1.0  1901   -0.9  1917   -1.15  1942    2.02  1899    8.79  1885    4.34  1893    3.87  1963
   -1.7  1892   -1.9  1886   -0.7  1909    1.3  1908    4.0  1984    7.1  1977    9.2  1963    8.9  1931    6.9  1940    3.4  1885    1.0  1918   -1.1  1976   -1.17  1892    2.02  1906    8.78  1965    4.27  1918    3.85  1922
   -1.7  1982   -2.0  1900   -0.8  1970    1.3  1936    3.9  1996    7.1  1923    9.2  1913    8.9  1903    6.9  1888    3.4  1981    0.9  1909   -1.1  1916   -1.19  1887    1.94  1885    8.73  1972    4.14  1896    3.84  1929
   -1.9  1987   -2.6  1902   -0.9  1937    1.2  1929    3.9  1899    7.1  1903    9.2  1954    8.9  1908    6.9  1894    3.4  1912    0.8  1921   -1.2  1925   -1.23  1886    1.94  1909    8.72  1909    4.12  1912    3.80  1962
   -2.0  1985   -2.6  1917   -0.9  1888    1.0  1903    3.9  1935    7.0  1991    9.1  1910    8.8  1907    6.8  1887    3.3  1888    0.7  1969   -1.4  1899   -1.39  1917    1.92  1941    8.70  1919    4.10  1885    3.76  1885
   -2.2  1942   -2.7  1969   -0.9  1919    1.0  1887    3.8  1955    7.0  1985    8.8  1902    8.7  1888    6.7  1918    3.2  1926    0.6  1965   -1.7  1961   -1.55  1947    1.90  1951    8.70  1920    3.96  1892    3.74  1917
   -2.4  1891   -2.9  1955   -0.9  1958    0.9  1891    3.8  1897    7.0  1918    8.7  1965    8.6  1885    6.6  1972    2.8  1887    0.6  1952   -1.8  1886   -1.62  1929    1.85  1924    8.66  1962    3.96  1952    3.66  1909
   -2.5  1941   -3.3  1942   -1.3  1931    0.8  1956    3.7  1923    6.9  1972    8.6  1898    8.5  1920    6.6  1885    2.8  1919   -0.1  1985   -1.8  1950   -1.64  1982    1.80  1962    8.54  1903    3.94  1915    3.59  1888
   -2.7  1959   -3.4  1929   -1.4  1917    0.6  1892    3.7  1941    6.9  1888    8.5  1919    8.5  1986    6.6  1912    2.7  1892   -0.2  1925   -2.1  1892   -1.77  1891    1.80  1887    8.45  1892    3.86  1925    3.56  1891
   -3.0  1945   -3.6  1986   -1.4  1955    0.5  1906    3.6  1891    6.8  1928    8.5  1892    8.4  1922    6.6  1897    2.7  1896   -0.4  1923   -2.1  1962   -1.87  1979    1.70  1888    8.21  1907    3.86  1923    3.55  1887
   -3.6  1963   -3.6  1956   -1.5  1947    0.3  1922    3.5  1885    6.7  1909    8.4  1922    8.4  1956    6.5  1952    2.5  1905   -0.4  1919   -2.4  1890   -1.91  1940    1.40  1891    8.17  1902    3.80  1905    3.51  1895
   -3.7  1895   -3.9  1947   -1.8  1924    0.2  2021    3.5  1894    6.6  1916    8.4  1907    8.2  1912    6.4  1925    2.4  1917   -0.5  1915   -3.8  1981   -2.61  1895    1.32  1917    8.13  1922    3.62  1887    3.49  1919
   -4.0  1979   -4.5  1963   -2.0  1962   -0.2  1917    3.4  1902    6.5  1927    8.3  1888    8.2  1902    5.8  1986    2.3  1895   -0.9  1910   -4.4  2010   -3.39  1963    1.25  1892    7.97  1888    3.14  1919    3.02  1892
   -5.0  1940   -5.5  1895   -2.1  1892    ---  2026    ---  2026    ---  2026    ---  2026    ---  2026    ---  2026    ---  2026    ---  2026    ---  2026     ---  1884     ---  2026     ---  2026     ---  2026     ---  2026
