Areal values from HadUK-Grid 1km gridded climate data from land surface network
Source: Met Office National Climate Information Centre
Monthly, seasonal and annual mean of daily maximum air temperature for England N
Areal series, starting in 1884
Last updated 01-Apr-2026 11:35
    jan  year    feb  year    mar  year    apr  year    may  year    jun  year    jul  year    aug  year    sep  year    oct  year    nov  year    dec  year     win  year     spr  year     sum  year     aut  year     ann  year
    9.2  1916   10.2  2019   12.2  2012   15.6  2011   17.5  2018   21.3  1940   24.1  2006   22.7  1995   19.6  2006   15.9  1921   11.3  2011   11.0  2015    8.50  1989   14.59  2025   21.21  1976   15.04  2006   14.03  2025
    8.9  2007    9.9  1998   12.2  1938   14.9  2007   17.3  2025   20.9  2023   23.1  2018   22.6  1947   19.5  2023   15.6  1959   11.1  1994    9.2  1974    8.42  2016   13.64  2011   20.95  2025   14.64  2011   13.99  2022
    8.5  1921    9.4  2024   11.6  2025   14.8  2025   17.2  2024   20.5  2025   22.4  2013   22.3  1975   19.5  1895   15.4  1995   11.1  2015    9.0  1988    8.27  2007   13.61  1893   20.94  2018   14.42  1959   13.65  2023
    8.4  1989    9.0  1945   11.6  1948   14.2  2020   17.2  1919   20.2  1976   22.3  1983   22.1  2022   19.1  1949   15.3  2001   10.7  1899    8.8  2024    8.02  2019   13.56  2020   20.92  2022   14.34  2022   13.52  2014
    8.3  1975    9.0  2023   11.3  1961   13.9  1914   16.9  1992   19.9  1970   22.0  1976   21.9  1997   18.9  2021   15.2  1969   10.6  1938    8.7  1898    8.00  1998   13.42  2003   20.89  2006   14.31  2021   13.50  2003
    8.3  1932    8.9  1914   11.3  2003   13.9  1893   16.8  2020   19.9  1960   22.0  1934   21.4  1976   18.9  1999   15.1  2006   10.6  2020    8.7  1900    7.98  2024   13.41  2017   20.66  1933   14.19  2014   13.48  2006
    8.3  2020    8.9  1990   11.3  1929   13.7  2003   16.8  2017   19.9  2018   22.0  1995   21.3  1911   18.7  1959   14.9  2022   10.6  2022    8.7  1934    7.96  1975   13.30  2022   20.64  1995   14.13  2023   13.44  2011
    8.2  2008    8.8  2022   11.3  1945   13.6  1943   16.6  1947   19.8  1950   21.9  1911   21.2  1933   18.7  2016   14.8  1908   10.5  2006    8.6  2016    7.96  2008   13.24  1945   20.40  2003   13.90  1999   13.34  2024
    8.2  1990    8.8  2008   11.2  2022   13.5  2009   16.6  1952   19.7  2006   21.7  2022   21.2  1990   18.6  1929   14.7  2011   10.4  1978    8.6  1921    7.92  2020   13.16  2007   20.39  1911   13.85  2005   13.32  2020
    8.1  1983    8.8  2002   11.2  2026   13.4  1946   16.6  2023   19.5  2003   21.7  1921   21.2  1955   18.6  1933   14.6  2005   10.2  2014    8.6  2013    7.86  2022   13.09  2024   20.32  1975   13.80  1995   13.27  2007
    8.0  1898    8.7  1903   11.1  1957   13.3  1945   16.5  2008   19.5  1992   21.7  1901   21.1  2003   18.3  1898   14.4  1945   10.2  2003    8.3  2025    7.84  2014   13.01  1943   20.22  1947   13.78  1949   13.27  2018
    8.0  2005    8.6  1997   11.1  2017   13.1  2014   16.5  1911   19.5  1887   21.6  1955   21.1  2025   18.2  2003   14.4  2014   10.1  1913    8.3  1924    7.67  1990   13.00  2014   20.21  1899   13.68  2001   13.25  1949
    7.7  1944    8.4  1961   11.0  1893   13.1  1949   16.5  1918   19.4  1899   21.5  2014   21.0  1899   18.1  1947   14.4  2017   10.1  2001    8.2  1912    7.49  2017   12.96  1948   20.03  2013   13.65  1947   13.25  1921
    7.6  1923    8.4  1943   10.9  1997   13.0  1987   16.5  1940   19.3  1933   21.5  1989   20.8  1959   18.0  1961   14.2  2013   10.0  2025    8.2  1971    7.46  1949   12.92  1990   19.96  1959   13.63  2015   13.24  1959
    7.6  1993    8.1  2000   10.9  1990   12.9  1944   16.4  1964   19.3  1896   21.4  1933   20.8  1984   17.9  2014   14.1  1971   10.0  1953    8.2  2023    7.45  2002   12.92  2009   19.93  1935   13.56  2009   13.13  1990
    7.6  1974    8.1  1989   10.6  1933   12.9  1952   16.3  1959   19.2  2021   21.3  2021   20.7  1935   17.9  1934   14.1  2021   10.0  1997    8.1  2018    7.42  2005   12.65  2002   19.93  1983   13.55  2007   13.12  2017
    7.5  2002    8.1  1949   10.5  2014   12.9  2019   16.3  1989   19.2  2010   21.3  1994   20.7  1983   17.9  1991   14.1  1978   10.0  2009    8.1  1953    7.38  1935   12.65  1959   19.82  2021   13.55  1978   13.10  2019
    7.5  1890    8.1  1992   10.5  1950   12.8  2015   16.3  2001   19.1  1889   21.3  2025   20.6  1884   17.9  1890   14.0  1968   10.0  1951    8.1  1918    7.38  1899   12.62  1997   19.82  1949   13.53  1945   13.09  2005
    7.5  1957    8.0  1920   10.3  2002   12.8  2010   16.3  1922   19.0  1957   21.1  2019   20.5  1893   17.9  2011   13.9  1949   10.0  2018    8.0  1994    7.36  1995   12.62  2019   19.78  1989   13.50  2025   13.08  1999
    7.4  2022    8.0  2011   10.3  1998   12.8  2002   16.2  1990   19.0  1949   21.1  1941   20.5  1991   17.9  2005   13.9  1947    9.9  2021    8.0  1942    7.33  1943   12.61  1952   19.77  2023   13.44  2003   13.05  1989
    7.3  1938    8.0  2007   10.3  2019   12.7  1955   16.1  1953   18.9  2022   20.9  1900   20.3  2019   17.7  1906   13.9  1996    9.9  2007    8.0  1954    7.32  1999   12.56  1938   19.74  1887   13.42  1898   13.05  1997
    7.2  1999    8.0  2020   10.1  1894   12.6  1912   16.1  1960   18.9  1893   20.9  1887   20.2  2013   17.6  1981   13.9  2007    9.8  1986    7.9  2006    7.26  1925   12.55  1999   19.71  1955   13.37  1913   13.03  2015
    7.2  2023    8.0  1891   10.1  2021   12.6  2022   16.1  2022   18.8  1930   20.8  1999   20.1  2004   17.6  1958   13.8  1989    9.8  1939    7.8  2004    7.24  2023   12.51  2023   19.64  2019   13.36  1908   13.02  2004
    7.2  2012    8.0  1995   10.1  1953   12.5  1909   16.0  1970   18.7  2005   20.8  1905   20.1  1937   17.6  1971   13.8  1954    9.7  1917    7.7  1986    7.18  1957   12.50  1992   19.62  1934   13.35  1921   13.01  2021
    7.2  1884    7.9  1926   10.0  2000   12.5  1894   16.0  1893   18.7  2017   20.7  1991   20.0  1949   17.5  2022   13.8  2024    9.7  1999    7.6  1980    7.17  1932   12.45  2004   19.58  1901   13.35  2018   13.00  1995
    7.2  2016    7.9  1918   10.0  2024   12.4  2004   15.9  1998   18.5  1917   20.7  1935   20.0  1906   17.5  1941   13.8  2023    9.7  2002    7.6  1997    7.15  1974   12.42  1933   19.55  1984   13.34  2020   13.00  2002
    7.2  1949    7.9  2014   10.0  1907   12.4  1948   15.9  1917   18.5  2014   20.7  1925   20.0  1996   17.5  1921   13.7  2009    9.6  1946    7.6  1998    7.13  2000   12.38  1961   19.50  1997   13.29  1971   12.93  1945
    7.1  1930    7.8  1928    9.9  2009   12.3  2017   15.8  1999   18.5  1973   20.6  1959   20.0  2002   17.4  1955   13.7  1977    9.6  1995    7.5  1910    7.12  2012   12.38  2012   19.42  1893   13.29  1906   12.90  2016
    7.1  2014    7.8  2017    9.9  1991   12.3  1999   15.8  2004   18.5  1941   20.6  2003   19.9  1944   17.2  2002   13.6  2015    9.6  1928    7.5  2019    7.11  2025   12.26  1921   19.41  2014   13.21  2016   12.80  2009
    7.1  2000    7.5  1946    9.9  1943   12.3  1960   15.8  1896   18.5  1959   20.5  1984   19.9  2018   17.2  1911   13.5  1990    9.6  1981    7.5  1941    7.11  1921   12.21  1957   19.33  2005   13.20  2017   12.71  1933
    7.0  1976    7.5  2026    9.9  2011   12.3  1926   15.8  1895   18.5  1947   20.4  1949   19.8  2000   17.2  1964   13.5  1965    9.5  2004    7.5  1983    7.10  2026   12.17  1998   19.26  1990   13.20  1938   12.69  1934
    7.0  1928    7.4  2004    9.8  2007   12.2  1982   15.8  1889   18.5  1975   20.2  1971   19.8  2001   17.2  2004   13.5  1985    9.4  1894    7.4  1985    7.09  1920   12.15  1912   19.25  1940   13.18  1951   12.65  2008
    6.9  2004    7.4  1939    9.8  1989   12.2  1959   15.7  2016   18.4  1925   20.1  1899   19.8  2024   17.2  1982   13.4  2018    9.4  1908    7.4  2011    7.08  2004   12.13  2018   19.23  1921   13.14  1989   12.64  1893
    6.8  1925    7.3  1935    9.7  1973   12.1  1942   15.6  1956   18.4  2004   20.1  1997   19.8  2009   17.2  1907   13.4  1984    9.3  1964    7.4  2021    7.06  1898   12.12  1953   19.22  1925   13.12  1953   12.64  2000
    6.7  1998    7.3  2025    9.7  2020   12.1  1980   15.5  1943   18.4  1915   20.1  1975   19.8  1897   17.2  2025   13.4  1979    9.3  1897    7.4  1949    6.95  1916   12.11  2010   19.22  1950   13.11  2004   12.64  1943
    6.7  1920    7.2  1974    9.7  1921   12.1  2018   15.5  1908   18.3  1935   20.1  1923   19.7  2016   17.2  2000   13.3  2025    9.3  1992    7.4  1987    6.93  1992   12.07  1982   19.17  1996   13.10  2013   12.63  1938
    6.7  1934    7.2  1899    9.5  1920   12.1  1961   15.5  1901   18.3  1989   20.1  1990   19.7  2020   17.2  1884   13.3  2016    9.3  1931    7.4  1911    6.90  1923   12.06  1896   19.17  2010   13.08  1961   12.63  1914
    6.6  1969    7.1  1999    9.5  1999   12.0  1933   15.4  2011   18.3  1905   20.0  2001   19.6  2012   17.1  1985   13.2  1898    9.2  1963    7.3  1975    6.88  1988   12.05  2000   19.15  2009   13.08  1929   12.61  1911
    6.6  1937    7.1  1934    9.4  2005   12.0  1901   15.3  2009   18.3  2009   20.0  1926   19.6  2005   17.1  1989   13.2  1920    9.2  1906    7.3  1959    6.87  1976   11.97  2005   19.12  1906   13.04  1899   12.59  1998
    6.6  1988    7.1  1967    9.4  1927   12.0  2024   15.3  2014   18.3  1921   20.0  1945   19.6  1916   17.1  1913   13.2  1970    9.2  1984    7.3  1932    6.83  1914   11.96  1929   19.12  2016   13.04  2024   12.58  1953
    6.6  1906    7.1  1913    9.4  1959   12.0  1997   15.3  2000   18.2  1895   19.9  1904   19.6  1914   17.1  2019   13.2  1972    9.2  2024    7.3  1951    6.80  1913   11.95  2008   19.09  1941   13.02  1997   12.52  1975
    6.5  2024    7.1  1950    9.4  1994   11.8  2005   15.3  2003   18.2  1934   19.9  1969   19.6  1932   17.0  1980   13.2  1943    9.1  1955    7.2  1955    6.79  1937   11.95  1960   19.08  2004   13.00  2002   12.47  2001
    6.4  1981    7.1  1885    9.3  1905   11.8  1984   15.3  1921   18.2  2020   19.9  1917   19.5  1989   17.0  1945   13.2  1986    9.1  1945    7.2  2014    6.77  1950   11.94  1940   19.00  1884   12.99  1970   12.40  1957
    6.4  1896    7.0  1908    9.3  1992   11.8  1921   15.3  1982   18.2  1914   19.8  2010   19.5  1926   17.0  2009   13.1  1999    9.1  1948    7.2  1936    6.70  1903   11.88  1914   19.00  1994   12.97  1958   12.38  1898
    6.4  2018    7.0  2016    9.3  1981   11.8  2023   15.2  2006   18.1  1968   19.7  2016   19.4  1939   17.0  1914   13.1  1957    9.1  2023    7.2  1948    6.65  1911   11.86  1944   18.97  2024   12.93  1955   12.37  1948
    6.4  1994    7.0  1938    9.2  2010   11.8  1993   15.2  1937   18.1  1966   19.7  1996   19.4  1936   17.0  1891   13.1  1961    9.1  1982    7.1  1956    6.62  2015   11.82  2015   18.97  1914   12.88  1941   12.36  1899
    6.3  1962    6.9  1982    9.2  2004   11.7  1995   15.1  1929   18.0  1942   19.7  2008   19.4  1901   17.0  1926   13.0  1927    9.0  1983    7.1  1977    6.61  1993   11.80  1946   18.94  2017   12.85  1914   12.34  2013
    6.3  2003    6.9  2021    9.2  2023   11.7  1990   15.1  1945   18.0  1900   19.6  2005   19.4  2015   16.9  1900   13.0  1963    9.0  1920    7.1  1931    6.59  1973   11.74  1949   18.92  1970   12.84  1969   12.33  1994
    6.3  2015    6.9  1957    9.1  1993   11.7  1968   15.1  1995   18.0  1910   19.6  1943   19.3  2023   16.9  2010   13.0  1958    9.0  2005    7.1  1972    6.47  1967   11.69  1989   18.92  2001   12.83  1933   12.32  1976
    6.2  1902    6.9  1993    9.1  1903   11.6  1957   15.0  1971   18.0  1906   19.5  1947   19.2  1953   16.9  1970   13.0  1962    9.0  1947    7.0  1922    6.43  1922   11.63  1993   18.89  1905   12.82  1979   12.32  1982
    6.2  1899    6.9  1921    9.1  1912   11.6  1896   15.0  1997   17.9  1911   19.5  1929   19.2  1898   16.9  2020   13.0  1913    8.9  1895    7.0  1991    6.37  1981   11.60  2016   18.88  1999   12.80  1991   12.30  1992
    6.2  1927    6.9  1971    9.1  1910   11.6  1939   14.9  1948   17.9  1939   19.4  2024   19.2  1970   16.9  1917   13.0  1906    8.9  2017    7.0  2003    6.36  2003   11.50  2021   18.87  1897   12.80  1982   12.29  2012
    6.2  1995    6.8  1912    9.0  2015   11.5  1900   14.9  1890   17.8  2016   19.4  1967   19.2  1981   16.8  2007   12.9  1925    8.9  1959    6.9  1984    6.35  1948   11.48  1950   18.86  1945   12.75  1934   12.26  1971
    6.1  1948    6.8  1980    9.0  1935   11.5  1904   14.9  1978   17.8  1993   19.4  2009   19.1  1918   16.8  1953   12.8  1942    8.9  1914    6.9  2007    6.35  2006   11.48  1995   18.86  1917   12.75  1994   12.24  1961
    6.1  1935    6.8  1894    9.0  1967   11.5  1964   14.9  2002   17.8  2007   19.4  1906   19.1  1973   16.8  1998   12.8  1937    8.9  1970    6.9  1929    6.35  1944   11.43  1918   18.86  1900   12.74  1963   12.23  1983
    6.1  2017    6.8  1911    9.0  1978   11.3  1938   14.9  1949   17.8  1919   19.3  2017   19.0  1969   16.8  1951   12.8  1941    8.8  1979    6.8  1905    6.34  1927   11.42  1991   18.82  1926   12.73  2000   12.23  1935
    6.1  1926    6.7  1896    9.0  1966   11.3  1916   14.8  2012   17.8  2011   19.3  1952   19.0  2021   16.8  1936   12.8  1910    8.8  1924    6.8  1893    6.31  1912   11.42  1981   18.82  1969   12.73  1920   12.17  1926
    6.1  1971    6.7  1973    8.9  1902   11.3  2006   14.8  1939   17.8  1996   19.3  1982   18.9  1942   16.7  1901   12.7  1951    8.8  1916    6.8  2005    6.30  1972   11.41  1939   18.79  1992   12.72  1964   12.16  1913
    6.0  1968    6.7  2012    8.9  1923   11.3  1906   14.8  2007   17.8  1936   19.3  1951   18.9  1945   16.7  1956   12.7  2010    8.8  1954    6.8  2000    6.30  1971   11.41  1920   18.77  1991   12.70  1954   12.14  1906
    6.0  2006    6.7  1988    8.9  1968   11.3  1992   14.8  1920   17.7  1988   19.3  1946   18.9  2008   16.7  1939   12.7  1948    8.7  1929    6.7  1979    6.28  1946   11.40  1894   18.74  1937   12.68  1890   12.12  1984
    6.0  1973    6.7  1897    8.9  1977   11.2  1996   14.7  1912   17.7  1920   19.3  1896   18.9  1999   16.6  1915   12.7  1914    8.7  1898    6.7  1973    6.22  1961   11.36  1895   18.74  2020   12.68  1984   12.12  1991
    5.9  2019    6.6  1905    8.7  1896   11.2  1928   14.7  1988   17.7  1986   19.3  1885   18.9  2007   16.6  2018   12.6  1909    8.7  1888    6.7  1894    6.19  1960   11.36  1956   18.73  2002   12.65  1986   12.11  1973
    5.9  1950    6.6  1953    8.7  1972   11.2  1895   14.7  1980   17.7  1945   19.2  1897   18.9  1887   16.6  1973   12.6  1886    8.7  2012    6.6  1947    6.17  1906   11.29  1926   18.72  1973   12.64  1928   12.11  1939
    5.8  1992    6.6  1959    8.7  1982   11.1  1965   14.7  2019   17.7  1961   19.2  1950   18.8  2006   16.6  2013   12.6  2004    8.6  1902    6.6  2017    6.17  1938   11.27  1901   18.66  2008   12.61  1948   12.10  1884
    5.8  1904    6.6  2001    8.7  2016   11.1  1898   14.7  1981   17.6  1967   19.2  1894   18.8  1895   16.6  1997   12.6  1938    8.6  2008    6.6  1897    6.15  1939   11.24  2001   18.64  2015   12.61  1968   12.09  1947
    5.8  1967    6.6  1887    8.6  1936   11.1  1947   14.7  1909   17.6  1943   19.1  2023   18.8  1952   16.5  1969   12.6  1899    8.6  1960    6.6  1945    6.13  2001   11.20  1988   18.59  1939   12.60  1895   12.08  1988
    5.7  1924    6.6  1927    8.6  1926   11.0  1937   14.6  1916   17.6  1965   19.1  1914   18.8  1913   16.5  1966   12.6  1983    8.6  1900    6.6  1919    6.10  1894   11.19  1927   18.58  1932   12.59  1907   12.08  1960
    5.7  1943    6.6  1925    8.5  1956   11.0  1915   14.6  2005   17.6  1908   19.0  1884   18.8  1919   16.4  1938   12.5  1997    8.5  1940    6.6  1966    6.09  1930   11.19  1973   18.55  1960   12.58  1996   12.04  1918
    5.7  1905    6.6  1937    8.5  1940   11.0  1954   14.6  1933   17.6  1901   19.0  1937   18.8  1930   16.3  1937   12.5  2020    8.5  2000    6.5  1888    6.08  1896   11.16  2006   18.51  1952   12.55  1981   12.00  1920
    5.7  1911    6.5  1884    8.5  2008   10.9  1892   14.5  1925   17.6  2015   18.9  2011   18.8  2017   16.3  1995   12.5  1953    8.5  1989    6.5  2020    6.06  1926   11.14  1942   18.50  1942   12.49  1900   11.98  1955
    5.6  2011    6.5  1962    8.5  1890   10.9  1975   14.5  1884   17.6  2024   18.9  1918   18.7  1958   16.3  1942   12.5  2000    8.5  1991    6.5  1957    6.00  2018   11.13  1911   18.50  1943   12.48  1990   11.98  1944
    5.6  1953    6.5  2003    8.4  1884   10.9  1994   14.5  1934   17.6  1897   18.9  1928   18.7  1938   16.3  2017   12.5  1930    8.5  2013    6.4  1913    5.99  1901   11.09  1907   18.50  1967   12.44  1939   11.97  1928
    5.5  1960    6.5  1910    8.4  1952   10.9  1972   14.5  1913   17.6  2000   18.9  2015   18.7  1950   16.2  2008   12.5  1897    8.5  1922    6.4  1993    5.99  1983   11.09  1910   18.45  1930   12.44  1983   11.96  1946
    5.5  2026    6.5  1898    8.3  1983   10.8  2021   14.5  1966   17.6  1913   18.8  1992   18.7  1909   16.2  1979   12.5  1904    8.4  1935    6.3  2002    5.95  1997   11.09  1994   18.44  1936   12.39  1998   11.94  1901
    5.5  1918    6.4  2015    8.3  1918   10.8  1940   14.5  1944   17.5  1963   18.8  1979   18.6  1934   16.2  1978   12.5  1916    8.4  1941    6.3  2012    5.95  2021   11.06  1980   18.43  2000   12.39  1946   11.92  1970
    5.4  1900    6.3  2005    8.3  1946   10.8  1902   14.5  1974   17.5  1969   18.8  1893   18.6  1925   16.2  1996   12.5  1967    8.3  1990    6.3  1926    5.92  1908   11.06  1890   18.40  1896   12.37  1977   11.91  1900
    5.4  1964    6.3  1975    8.2  1899   10.8  2000   14.5  1931   17.5  1891   18.8  1908   18.5  1928   16.2  2015   12.4  1975    8.3  1889    6.3  1990    5.90  1890   11.05  1965   18.40  1957   12.36  2008   11.89  1950
    5.4  2009    6.3  1948    8.2  1944   10.8  2008   14.4  1892   17.5  1932   18.8  2002   18.5  2010   16.1  1987   12.4  1976    8.3  1949    6.3  1902    5.90  1918   11.04  1972   18.39  1982   12.36  1956   11.88  1967
    5.4  1914    6.2  1976    8.1  1988   10.7  1988   14.4  1936   17.4  2002   18.7  1944   18.5  1998   16.1  2024   12.4  1934    8.3  1907    6.3  1915    5.90  1928   11.03  1913   18.38  2011   12.33  1943   11.85  1929
    5.4  1903    6.2  2006    8.1  1914   10.7  1991   14.4  1942   17.4  2019   18.7  2004   18.5  1886   16.1  1968   12.4  1998    8.3  1958    6.3  1999    5.90  1905   11.01  1964   18.35  1918   12.32  1936   11.84  1937
    5.3  1889    6.2  2009    8.1  1913   10.7  1974   14.4  2010   17.4  1979   18.7  1985   18.5  1927   16.1  1946   12.4  1994    8.3  1903    6.1  2001    5.88  1933   10.97  1905   18.33  2007   12.32  1916   11.84  1932
    5.3  1907    6.1  1964    8.0  1963   10.6  2013   14.3  1976   17.4  2013   18.7  1977   18.4  1982   16.1  1935   12.4  1988    8.2  1975    6.1  1958    5.88  1934   10.97  1954   18.31  1895   12.27  1924   11.82  1974
    5.3  1939    6.1  1966    8.0  1897   10.6  1963   14.3  1954   17.4  1982   18.6  1932   18.4  1964   16.1  1919   12.4  1933    8.2  1956    6.1  1982    5.84  1984   10.97  1919   18.28  1904   12.26  1917   11.80  1908
    5.3  2025    6.1  1893    7.9  1939   10.6  1985   14.3  1965   17.4  2008   18.6  1957   18.4  1940   16.1  1928   12.3  1924    8.2  1957    6.0  1989    5.82  1958   10.97  1968   18.27  1944   12.25  2010   11.80  1964
    5.2  1915    6.1  1932    7.8  1915   10.6  1927   14.2  1910   17.4  1994   18.6  1958   18.4  2011   16.0  1904   12.3  1936    8.2  1932    6.0  1967    5.78  1994   10.96  1974   18.17  1953   12.25  1937   11.76  1936
    5.2  1888    6.0  1958    7.7  1965   10.6  1976   14.2  1986   17.4  1952   18.6  1973   18.4  1967   16.0  1948   12.3  1893    8.2  1971    6.0  1970    5.76  2009   10.95  1935   18.09  1898   12.24  1942   11.73  1905
    5.2  1901    6.0  1923    7.7  1974   10.5  1935   14.2  1905   17.3  1884   18.5  1948   18.3  1994   16.0  2012   12.3  1955    8.2  1980    6.0  1907    5.75  1980   10.94  1884   18.08  1929   12.21  1975   11.73  1896
    5.1  2013    6.0  1933    7.7  1928   10.5  1913   14.1  1938   17.3  1922   18.5  1942   18.3  1974   16.0  1967   12.3  1928    8.2  1930    6.0  1914    5.70  1952   10.93  1971   18.06  1915   12.20  2019   11.72  1925
    5.1  1972    6.0  1922    7.7  1995   10.5  1958   14.1  1973   17.2  1984   18.5  1964   18.3  1943   16.0  1975   12.2  2008    8.2  1961    5.9  1920    5.70  1915   10.90  1978   18.06  1889   12.19  1985   11.70  1930
    5.1  1913    5.9  1915    7.6  1954   10.5  1934   14.1  2013   17.2  1938   18.5  1927   18.2  1980   16.0  1963   12.2  1907    8.1  1972    5.9  1940    5.64  1953   10.89  1909   17.96  1951   12.18  1911   11.70  1993
    5.1  2001    5.9  1987    7.5  1986   10.4  1885   14.0  1888   17.2  1995   18.5  1886   18.2  1915   15.9  1920   12.2  1890    8.1  1886    5.9  1938    5.62  1954   10.88  1915   17.95  1979   12.18  1886   11.70  2010
    5.1  1909    5.8  1952    7.5  1932   10.4  2016   14.0  1993   17.1  1937   18.4  1986   18.2  1904   15.9  1899   12.2  1901    8.1  1974    5.8  1943    5.59  1889   10.82  1936   17.94  1938   12.16  1901   11.69  1912
    5.0  1931    5.7  1977    7.4  1960   10.4  1967   13.9  1958   17.1  1962   18.4  1939   18.2  2014   15.9  1908   12.1  1956    8.1  1987    5.7  2008    5.57  1962   10.80  1947   17.94  1913   12.14  1897   11.68  1940
    5.0  1965    5.7  1960    7.4  1930   10.4  1971   13.8  1957   17.1  1885   18.4  1987   18.2  1917   15.8  1932   12.1  1982    8.0  1943    5.7  1930    5.56  2013   10.78  1934   17.91  1908   12.14  1960   11.67  1980
    5.0  1958    5.5  1972    7.4  1906   10.3  1907   13.8  1915   17.0  1918   18.4  1912   18.2  1988   15.8  1960   12.1  2002    8.0  1890    5.7  1891    5.55  1945   10.76  1928   17.91  2012   12.13  1930   11.64  1958
    5.0  1996    5.5  1944    7.3  1971   10.3  1962   13.8  1924   17.0  1951   18.4  1972   18.1  1977   15.8  1886   12.1  1931    8.0  1988    5.7  2022    5.52  1910   10.72  1987   17.89  1919   12.10  1980   11.62  1897
    4.9  1910    5.4  1909    7.3  1934   10.3  1919   13.8  1961   17.0  1926   18.4  1953   18.1  1961   15.8  1943   12.0  1991    8.0  1892    5.6  1885    5.45  1964   10.70  1925   17.86  1958   12.09  1904   11.62  1981
    4.9  1961    5.3  1916    7.3  1949   10.3  1981   13.8  1946   16.9  1924   18.3  1898   18.1  1992   15.8  1902   12.0  1966    8.0  1944    5.6  1965    5.43  1987   10.69  1977   17.84  1981   12.09  2012   11.60  1924
    4.9  1946    5.3  1931    7.3  1925   10.3  1925   13.7  1950   16.9  1999   18.3  1924   18.1  1929   15.7  1983   12.0  1950    7.9  1934    5.5  1960    5.41  1885   10.68  1963   17.75  1968   12.07  1935   11.59  1894
    4.9  1951    5.3  2013    7.2  1941   10.2  1998   13.7  1904   16.9  1953   18.3  2007   18.0  1968   15.7  1930   12.0  2003    7.9  1998    5.5  1964    5.39  1919   10.61  1967   17.72  1964   12.03  1884   11.59  1942
    4.8  1997    5.3  1965    7.2  2001   10.2  1969   13.7  1914   16.8  2001   18.3  1981   18.0  1971   15.7  1903   12.0  1960    7.9  1977    5.4  1944    5.37  1959   10.59  1903   17.72  1946   12.00  1967   11.58  1951
    4.8  1970    5.2  1984    7.2  1985   10.2  1950   13.7  2015   16.7  1983   18.3  2020   18.0  1910   15.7  1924   12.0  1900    7.9  1912    5.4  1908    5.35  1931   10.58  1966   17.71  1928   11.99  1972   11.58  1996
    4.8  1908    5.2  1907    7.1  1895   10.2  1930   13.6  1991   16.7  1912   18.2  1963   18.0  1972   15.7  1916   11.9  1903    7.9  1976    5.4  1904    5.30  1968   10.55  1976   17.70  1923   11.99  1966   11.57  1910
    4.8  1956    5.1  1924    7.0  1942   10.2  2001   13.6  1930   16.7  1904   18.2  1916   17.9  1960   15.6  1940   11.9  1929    7.9  1927    5.4  1928    5.29  1909   10.54  1906   17.69  1988   11.98  1973   11.57  1916
    4.8  1991    5.1  1951    6.9  1924   10.1  1931   13.6  1927   16.7  1974   18.1  1940   17.9  1987   15.6  2001   11.8  2019    7.8  1936    5.4  1992    5.27  1924   10.54  1922   17.69  1998   11.96  1903   11.56  1977
    4.8  1982    5.0  1906    6.9  2006   10.1  1911   13.6  2021   16.7  1898   18.1  1936   17.8  1923   15.5  1893   11.7  1915    7.8  1973    5.4  1884    5.24  1965   10.54  1984   17.67  1961   11.95  1902   11.56  1952
    4.8  1912    5.0  1981    6.9  1975   10.1  1899   13.5  1972   16.7  1929   18.1  2012   17.7  1921   15.5  1990   11.7  1940    7.7  1904    5.3  1896    5.20  1966   10.51  1889   17.67  1993   11.95  1987   11.55  1904
    4.8  1984    4.9  1890    6.8  2018   10.1  1953   13.5  1903   16.6  1931   18.0  1956   17.6  1941   15.5  1976   11.7  1912    7.7  2019    5.3  1946    5.15  1978   10.50  1904   17.67  1971   11.95  1988   11.55  1941
    4.8  1986    4.9  2018    6.8  1898   10.1  1924   13.5  1984   16.6  1978   18.0  1931   17.6  1965   15.5  1977   11.7  1964    7.7  1918    5.2  1909    5.12  2011   10.45  1937   17.66  1910   11.95  1976   11.54  1968
    4.7  1894    4.8  1889    6.7  1976   10.0  1910   13.5  1977   16.5  1980   18.0  1998   17.6  1900   15.5  1988   11.7  1987    7.7  1911    5.2  1889    5.10  1991   10.44  1970   17.65  1966   11.94  1940   11.53  1915
    4.7  1936    4.8  1892    6.7  1885   10.0  2012   13.4  1963   16.5  1998   18.0  1889   17.6  1892   15.5  1954   11.7  1935    7.7  2016    5.1  1895    5.08  1907   10.41  1930   17.62  1886   11.93  1927   11.52  1972
    4.7  1954    4.8  1996    6.7  1911    9.9  1979   13.4  1928   16.5  1890   17.9  1960   17.6  1979   15.4  1992   11.6  2012    7.6  1926    5.1  1939    5.04  1955   10.39  1985   17.52  1974   11.92  1957   11.50  1978
    4.6  1922    4.7  1985    6.7  1889    9.9  1884   13.4  1969   16.4  1902   17.9  1903   17.6  1905   15.4  1984   11.6  1891    7.6  1968    4.9  1923    4.96  1904   10.39  1931   17.47  1977   11.90  1891   11.47  1903
    4.6  2021    4.7  1970    6.6  1922    9.8  1920   13.4  1985   16.4  1990   17.9  1895   17.6  1957   15.3  1923   11.6  1911    7.6  1996    4.9  1978    4.92  1956   10.35  1899   17.46  1885   11.89  1931   11.47  1927
    4.5  1978    4.6  1941    6.6  1931    9.8  1956   13.3  1935   16.4  1997   17.9  2000   17.5  1951   15.3  1910   11.6  1918    7.6  1901    4.9  1969    4.90  1985   10.32  1955   17.46  1916   11.76  1962   11.47  1966
    4.4  1933    4.5  1994    6.4  1980    9.8  1923   13.2  1900   16.4  1946   17.8  1938   17.4  1946   15.3  1950   11.6  1923    7.6  1942    4.8  2009    4.80  1897   10.31  1902   17.42  1980   11.75  1893   11.45  1907
    4.2  1919    4.5  1904    6.4  1904    9.7  1890   13.0  1926   16.3  1903   17.8  1993   17.4  1993   15.2  1944   11.6  1973    7.6  1937    4.8  1963    4.79  1970   10.27  1924   17.40  1963   11.73  1926   11.44  1969
    4.1  1952    4.3  2010    6.3  1984    9.7  1977   13.0  1994   16.3  1894   17.8  1930   17.3  1908   15.1  1896   11.5  1902    7.6  1933    4.8  1906    4.77  1902   10.23  1892   17.40  1927   11.68  1932   11.44  1954
    4.1  1955    4.2  1936    6.3  1901    9.7  1886   13.0  1962   16.2  1958   17.7  1891   17.3  1948   15.0  1905   11.5  1946    7.5  1967    4.8  1952    4.75  1892   10.18  1916   17.38  1924   11.56  1950   11.35  1931
    4.0  1887    4.1  1991    6.3  1908    9.7  1973   13.0  1987   16.2  1955   17.7  1966   17.3  1978   15.0  1889   11.5  1884    7.5  1884    4.7  1996    4.66  1887   10.16  1923   17.33  1986   11.48  1944   11.33  1890
    4.0  1893    4.1  1930    6.3  1987    9.6  1951   13.0  1907   16.2  1964   17.6  1970   17.2  1966   15.0  1885   11.3  1944    7.5  1966    4.7  1901    4.56  1982   10.15  1908   17.33  1894   11.48  1894   11.29  1987
    4.0  1977    3.9  1901    6.3  1970    9.6  1887   13.0  1906   16.2  1944   17.6  1974   17.1  1889   15.0  1962   11.2  1922    7.4  1950    4.6  1903    4.55  1996   10.14  1898   17.30  1948   11.47  1888   11.28  1956
    4.0  1966    3.9  1954    6.2  1887    9.4  1929   12.9  1897   16.1  1948   17.6  1915   17.1  1907   14.9  1986   11.1  1894    7.4  1893    4.5  1917    4.51  1986   10.10  1897   17.23  1891   11.46  1909   11.27  1889
    3.9  1885    3.9  1900    6.2  1979    9.4  1932   12.7  1899   16.0  1892   17.5  1913   17.1  1903   14.9  1927   11.1  1980    7.3  1962    4.5  1968    4.51  1893   10.09  1975   17.17  1931   11.45  1992   11.26  1923
    3.8  1980    3.7  1968    6.0  1955    9.4  1918   12.7  1979   16.0  1981   17.4  1980   17.0  1985   14.8  1888   11.1  1952    7.3  1909    4.5  1887    4.49  1969   10.09  1900   17.13  1965   11.44  1922   11.26  1895
    3.7  1892    3.7  1919    6.0  1951    9.4  1936   12.5  1898   16.0  2012   17.3  1909   16.9  1924   14.8  1965   11.0  1932    7.1  1885    4.4  1962    4.41  1900    9.95  1986   17.10  1903   11.43  1965   11.26  1965
    3.7  1947    3.7  1978    5.9  1891    9.4  1905   12.5  1941   15.9  1886   17.3  1978   16.9  1890   14.8  1994   11.0  1919    7.1  1891    4.4  1925    4.40  1888    9.94  1983   17.08  1972   11.28  1889   11.19  1985
    3.7  1891    3.6  1983    5.7  1886    9.3  1897   12.5  1932   15.8  1954   17.3  1961   16.9  1931   14.7  1993   10.9  1888    7.1  2010    4.3  1937    4.36  1936    9.93  1958   17.06  1987   11.25  1915   11.17  1909
    3.5  1959    3.5  1888    5.7  1900    9.1  1903   12.5  1975   15.8  1956   17.2  1902   16.8  1962   14.7  1922   10.9  1939    6.8  1905    4.2  1916    4.31  1891    9.85  1917   17.05  1978   11.15  1912   11.17  1986
    3.3  1886    3.5  1940    5.6  1996    9.1  1983   12.4  1967   15.6  1888   17.2  1988   16.7  1954   14.7  1972   10.6  1926    6.8  1969    4.2  1935    4.30  1977    9.81  1932   17.01  1985   11.13  1918   11.15  1917
    3.2  1929    3.3  1902    5.5  1909    9.1  1970   12.4  1951   15.6  1928   17.1  1968   16.7  1902   14.6  1897   10.5  1889    6.7  1896    4.0  1961    4.16  1951    9.74  2013   17.00  1909   11.08  1910   11.15  1919
    3.1  2010    3.2  1917    5.5  1917    9.0  1889   12.4  1968   15.5  1977   17.1  1919   16.7  1896   14.5  1892   10.5  1981    6.6  1921    4.0  1933    4.12  1942    9.67  1996   16.96  1962   10.91  1925   11.14  1922
    3.0  1985    2.9  1886    5.4  1919    8.9  1989   12.4  1955   15.3  1985   17.1  1907   16.6  1888   14.5  1909   10.5  1993    6.2  1887    3.9  1995    4.07  2010    9.58  1979   16.95  1920   10.86  1923   11.12  1902
    2.8  1987    2.9  1955    5.4  1958    8.7  1978   12.4  1983   15.3  1907   17.0  1962   16.5  1894   14.4  1974   10.2  1917    6.2  1993    3.8  1899    4.04  1941    9.57  1885   16.81  1912   10.70  1919   11.08  1979
    2.6  1917    2.6  1979    5.4  1892    8.7  1922   12.3  1886   15.2  1927   17.0  1910   16.5  1920   14.4  1957    9.9  1905    6.0  1952    3.6  1892    4.00  1886    9.52  1962   16.78  1890   10.70  1974   11.02  1962
    2.6  1897    2.6  1956    5.3  1962    8.7  1941   12.2  1891   15.1  1923   16.9  1890   16.5  1891   14.3  1931    9.7  1992    6.0  1965    3.5  1886    3.65  1929    9.48  1941   16.78  1902   10.56  1905   11.00  1887
    2.5  1945    2.2  1942    5.2  1937    8.6  1908   12.2  1996   15.0  1909   16.7  1954   16.5  1963   14.1  1925    9.6  1974    5.9  1985    3.3  1976    3.37  1917    9.34  1969   16.66  1892   10.52  1892   10.95  1891
    2.5  1942    2.2  1969    5.2  1964    8.6  1888   12.0  1887   15.0  1991   16.6  1920   16.2  1922   14.0  1887    9.5  1895    5.7  1923    3.0  1927    3.23  1940    9.31  1951   16.61  1922   10.45  1993   10.85  1963
    2.0  1979    2.1  1929    4.7  1947    8.4  1891   11.7  1923   14.8  1972   16.4  1922   16.1  1885   14.0  1918    9.4  1887    5.7  1925    2.6  1950    3.20  1979    9.25  1887   16.51  1907   10.37  1885   10.75  1885
    1.7  1941    1.3  1963    4.6  1916    8.2  1966   11.6  1894   14.8  1987   16.3  1892   15.8  1986   14.0  1894    9.1  1892    5.4  1915    2.2  1981    3.13  1895    9.24  1886   16.46  1956   10.22  1896   10.61  1886
    1.5  1895    1.0  1895    4.5  1888    8.1  1986   11.6  1885   14.6  1971   16.2  1965   15.6  1956   13.8  1912    9.0  1885    5.2  1910    2.0  2010    3.02  1947    9.05  1888   16.41  1954   10.16  1952   10.41  1888
    1.2  1940    1.0  1986    4.5  2013    8.1  1917   11.2  1902   14.5  1916   15.6  1888   15.3  1912   13.3  1952    9.0  1896    5.0  1919    1.6  1890    2.27  1963    8.85  1891   15.95  1888    9.88  1887   10.37  1892
    1.0  1963   -0.2  1947    4.4  1969    ---  2026    ---  2026    ---  2026    ---  2026    ---  2026    ---  2026    ---  2026    ---  2026    ---  2026     ---  1884     ---  2026     ---  2026     ---  2026     ---  2026
