Areal values from HadUK-Grid 1km gridded climate data from land surface network
Source: Met Office National Climate Information Centre
Monthly, seasonal and annual mean of daily minimum air temperature for England N
Areal series, starting in 1884
Last updated 01-Apr-2026 11:35
    jan  year    feb  year    mar  year    apr  year    may  year    jun  year    jul  year    aug  year    sep  year    oct  year    nov  year    dec  year     win  year     spr  year     sum  year     aut  year     ann  year
    3.6  1916    4.0  1998    4.4  1938    5.7  2011    9.4  2024   11.1  2025   12.5  2022   12.6  1997   11.5  2006    9.4  2001    5.9  1994    5.0  2015    2.94  1989    5.94  2024   11.91  2025    7.99  2006    6.51  2024
    3.1  1898    3.7  2024    4.3  1957    5.4  2014    8.0  2022   10.8  2017   12.4  2025   12.5  2004   11.4  2023    9.0  2005    5.7  2011    4.6  1934    2.77  2024    5.27  2014   11.41  2003    7.93  2011    6.50  2023
    3.0  2020    3.4  2026    3.9  1990    5.3  2007    7.7  1999   10.5  2023   12.4  2006   12.3  1975   11.2  2016    8.6  2013    5.5  2022    4.0  1974    2.62  1998    5.11  1999   11.30  2022    7.74  2022    6.34  2014
    3.0  1921    3.3  1990    3.9  2017    5.1  2004    7.6  2014   10.3  2003   12.4  2019   12.3  2019   11.1  2021    8.6  1968    5.2  2015    4.0  1988    2.60  1935    5.08  2017   11.29  2019    7.66  2021    6.33  2025
    2.9  2007    3.0  2023    3.7  2024    5.0  1943    7.5  2017   10.1  1976   12.4  2021   12.1  2025   10.6  1949    8.5  2017    5.1  1997    3.9  2024    2.59  2007    4.86  2007   11.26  2021    7.55  2023    6.27  2022
    2.9  1989    2.8  1903    3.6  1991    4.9  2018    7.3  1964    9.9  2020   12.3  2003   12.1  2002   10.3  1999    8.4  2006    5.0  1938    3.7  1924    2.54  2016    4.83  2011   11.18  2023    7.48  2014    6.10  2017
    2.8  1990    2.8  1945    3.5  1997    4.8  1949    7.3  1998    9.9  2014   12.2  1983   12.1  1990   10.2  2011    8.4  1969    5.0  1953    3.6  1900    2.51  2020    4.79  2022   11.16  2018    7.26  2001    6.08  2006
    2.7  2008    2.8  2011    3.5  1961    4.8  1961    7.3  2008    9.9  2016   12.1  1995   12.1  2008   10.0  1958    8.3  2022    4.9  2014    3.6  2025    2.49  2026    4.69  1992   11.15  2006    7.23  1978    6.00  2011
    2.6  1983    2.7  2017    3.4  2012    4.8  1993    7.2  1952    9.9  2021   12.1  2013   12.0  2020   10.0  1936    8.3  1995    4.9  2020    3.6  1971    2.46  1975    4.68  1998   11.07  2016    7.04  1968    5.97  2004
    2.6  1975    2.7  1914    3.4  2005    4.7  1987    7.2  2023    9.9  1966   12.0  1991   11.8  2022   10.0  1998    7.9  2021    4.7  1984    3.5  1953    2.39  2014    4.56  1961   10.96  2004    7.03  2025    5.96  2020
    2.5  1884    2.6  1961    3.4  2019    4.6  2024    7.1  2002    9.9  2004   12.0  2018   11.7  2009    9.9  1980    7.9  2011    4.7  1899    3.3  2023    2.31  1990    4.55  2023   10.90  2020    7.01  2005    5.93  1999
    2.4  2005    2.6  1926    3.4  2026    4.5  1999    7.1  2003    9.8  2007   11.9  2010   11.7  2016    9.9  1941    7.9  1921    4.6  2018    3.0  1898    2.16  2017    4.52  2025   10.89  1997    6.99  1995    5.89  2002
    2.3  1976    2.6  1918    3.3  1998    4.4  1944    7.0  2011    9.8  1982   11.9  1923   11.7  1955    9.8  2005    7.9  2014    4.5  1951    3.0  1954    2.01  2022    4.50  2004   10.88  1947    6.99  2009    5.88  2007
    2.2  1932    2.5  2002    3.2  2021    4.3  2025    7.0  1992    9.8  2006   11.7  1933   11.7  2003    9.8  2000    7.7  1978    4.5  2025    2.9  2016    2.00  1925    4.47  2009   10.88  2017    6.97  1999    5.85  2005
    2.1  1923    2.5  2014    3.2  1981    4.3  2009    7.0  2018    9.8  1947   11.6  1901   11.7  2018    9.7  1890    7.7  2025    4.5  2002    2.9  1910    1.96  1923    4.42  2002   10.76  2013    6.86  1949    5.84  1990
    2.1  2014    2.5  1997    3.1  1999    4.3  1964    6.9  1889    9.8  1896   11.6  1999   11.7  2023    9.6  1961    7.7  2023    4.4  2009    2.9  2018    1.88  2019    4.36  1952   10.74  1933    6.81  2017    5.80  2018
    2.0  1944    2.4  2022    3.0  1945    4.2  2020    6.9  1970    9.8  1992   11.6  2016   11.6  2013    9.6  2014    7.6  1990    4.4  1946    2.8  2006    1.86  1976    4.33  1959   10.74  2008    6.78  1984    5.80  1998
    1.9  2016    2.2  2020    3.0  1992    4.2  1937    6.9  1953    9.8  2005   11.6  1900   11.6  1911    9.6  2004    7.5  1954    4.4  1978    2.7  1942    1.86  2025    4.32  1991   10.68  1995    6.73  1945    5.78  2019
    1.9  1938    2.2  1995    3.0  1967    4.1  1946    6.7  1947    9.7  2018   11.6  1926   11.6  2024    9.5  2009    7.5  1908    4.3  1917    2.7  1977    1.75  1943    4.30  2005   10.65  2009    6.71  2004    5.75  2016
    1.9  1996    2.1  2000    3.0  2000    4.1  1959    6.7  1960    9.7  1950   11.6  1947   11.6  1995    9.5  1978    7.4  1977    4.2  1945    2.6  1918    1.74  1972    4.30  2003   10.63  2002    6.57  2020    5.73  1997
    1.9  1974    2.0  1993    3.0  1994    4.0  1992    6.7  2016    9.5  2022   11.5  2014   11.5  1933    9.5  2010    7.3  1959    4.2  2003    2.6  1921    1.73  1988    4.27  1945   10.58  1983    6.56  1938    5.67  2021
    1.7  1906    2.0  2007    2.8  2014    3.9  1926    6.7  2025    9.4  1970   11.5  1975   11.5  2021    9.5  1970    7.2  1898    4.2  1939    2.6  2002    1.73  2005    4.25  1960   10.56  2005    6.56  2013    5.58  2009
    1.7  1999    2.0  1935    2.8  1912    3.9  1933    6.7  1911    9.4  1960   11.5  1989   11.5  1893    9.4  2022    7.2  1989    4.2  2004    2.6  2013    1.61  1921    4.21  1990   10.53  2024    6.55  2024    5.57  2000
    1.7  2023    1.9  2019    2.7  1959    3.9  2003    6.7  2007    9.4  2000   11.5  1957   11.4  1942    9.4  1985    7.2  2024    4.1  1999    2.6  1932    1.55  1903    4.20  1997   10.51  1975    6.49  2016    5.52  1989
    1.7  1969    1.9  1946    2.7  2023    3.9  1955    6.7  1908    9.4  2002   11.4  2001   11.3  2012    9.4  1956    7.0  1949    4.1  1913    2.5  1987    1.50  1999    4.19  1993   10.50  2014    6.49  1913    5.50  2003
    1.7  2018    1.9  2025    2.6  2022    3.9  1945    6.6  2009    9.3  2010   11.4  2023   11.3  1969    9.3  1939    7.0  2009    4.0  2006    2.5  1956    1.49  2008    4.17  2018   10.49  2010    6.48  1898    5.49  2008
    1.7  2004    1.9  1943    2.6  2007    3.8  1972    6.6  1918    9.3  1998   11.4  2005   11.3  1932    9.3  1981    7.0  1886    4.0  1995    2.4  1985    1.48  1995    4.14  2019   10.47  1982    6.45  1946    5.48  2015
    1.6  1957    1.8  1989    2.6  1927    3.8  2017    6.6  1933    9.2  1940   11.4  1934   11.3  1947    9.2  2008    7.0  1985    4.0  1982    2.4  1997    1.48  1957    4.12  2000   10.43  1976    6.42  1994    5.45  1949
    1.6  1998    1.8  1980    2.6  2002    3.8  1896    6.5  2006    9.2  1973   11.3  1945   11.2  1991    9.2  2024    6.9  1996    4.0  1894    2.3  2019    1.48  2012    4.11  1964   10.40  1959    6.41  2018    5.40  1938
    1.5  1988    1.8  1974    2.6  2025    3.8  1960    6.4  1989    9.2  1935   11.3  2008   11.2  1959    9.2  1898    6.9  1945    4.0  1963    2.3  2021    1.47  2023    4.08  2020   10.39  2001    6.41  1989    5.37  1995
    1.5  2012    1.8  1967    2.5  1936    3.8  2023    6.4  1919    9.2  2019   11.3  1899   11.2  2006    9.2  2019    6.8  1979    3.9  1897    2.3  1959    1.45  1916    4.06  1981   10.38  1990    6.38  1997    5.37  1994
    1.5  2002    1.7  1992    2.5  1983    3.7  1997    6.4  1976    9.1  1963   11.3  1994   11.1  2001    9.2  1917    6.7  2016    3.9  1931    2.3  1994    1.44  1914    4.04  1933   10.37  1999    6.35  2015    5.36  1945
    1.4  1890    1.7  2004    2.5  1935    3.7  1930    6.4  2004    9.1  1988   11.2  1944   11.1  1984    9.1  2017    6.6  1910    3.9  2021    2.3  1911    1.43  1898    4.01  2008   10.34  2012    6.32  1990    5.32  1959
    1.4  1925    1.5  1938    2.5  1977    3.7  2022    6.4  2001    9.1  1993   11.2  2009   11.1  1939    9.1  1968    6.6  1976    3.9  1888    2.2  1922    1.42  1911    4.00  2012   10.29  1992    6.31  2007    5.31  1988
    1.4  2024    1.5  1897    2.5  1921    3.7  2005    6.4  1937    9.0  1959   11.2  1905   11.0  1917    9.1  1984    6.6  1960    3.8  1983    2.1  1949    1.41  1974    3.99  1957   10.26  2007    6.30  1953    5.29  1953
    1.4  1993    1.5  1923    2.4  1950    3.7  1985    6.3  1893    9.0  2024   11.2  1932   11.0  1944    9.1  1895    6.6  1971    3.7  1906    2.1  1912    1.37  1948    3.94  1938   10.24  1994    6.29  1982    5.28  1983
    1.3  2000    1.5  1939    2.4  2009    3.6  1904    6.3  1986    9.0  1897   11.1  1952   11.0  1996    9.1  1945    6.5  1984    3.7  2007    2.1  1905    1.37  2004    3.88  1943   10.23  1899    6.28  2000    5.25  1921
    1.3  2022    1.4  1920    2.4  1948    3.6  1952    6.3  1922    9.0  2009   11.1  1941   11.0  1983    9.1  2002    6.5  1999    3.7  1955    2.1  2011    1.35  1932    3.87  1920   10.21  1998    6.28  1951    5.18  2012
    1.3  1973    1.4  1928    2.4  1903    3.6  1894    6.2  1925    9.0  1933   11.1  1976   10.9  2015    9.1  1947    6.5  1913    3.6  2023    2.0  1983    1.35  1949    3.85  1994   10.19  1950    6.28  1958    5.18  2013
    1.3  1949    1.4  1999    2.3  1989    3.6  1963    6.2  2000    9.0  1953   11.1  1997   10.9  1999    9.1  1969    6.4  1958    3.6  1986    2.0  1941    1.29  2000    3.82  1912   10.16  1991    6.27  1959    5.17  1957
    1.3  1937    1.3  1966    2.2  1960    3.6  1975    6.2  1990    8.9  1994   11.0  2017   10.9  1949    9.1  1951    6.4  1967    3.6  1928    2.0  1979    1.28  1950    3.73  1967   10.15  1970    6.22  2002    5.14  1934
    1.3  2003    1.3  1976    2.2  1966    3.5  2002    6.2  1959    8.9  1900   10.9  1937   10.9  2000    9.1  1989    6.4  1965    3.5  2008    2.0  1986    1.20  1899    3.70  1988   10.15  1893    6.21  1908    5.14  2001
    1.3  1948    1.2  1908    2.2  1952    3.5  1988    6.2  1981    8.9  1997   10.9  2024   10.8  1899    9.1  1953    6.4  2004    3.5  1920    2.0  2000    1.19  1937    3.66  1972   10.13  1945    6.21  1970    5.13  1992
    1.2  1930    1.2  1884    2.2  1920    3.5  1995    6.1  2020    8.9  1945   10.9  1992   10.8  1906    9.1  1966    6.4  1991    3.5  2001    2.0  1975    1.19  1973    3.61  1911   10.11  1932    6.18  1983    5.10  1898
    1.2  1896    1.1  1948    2.2  1978    3.5  1914    6.1  1991    8.9  1889   10.9  1959   10.8  1958    9.1  1946    6.4  1963    3.4  1981    1.8  1980    1.18  2002    3.59  1989   10.10  1911    6.13  1961    5.09  1971
    1.1  1935    1.1  1988    2.1  2004    3.5  1920    6.1  1924    8.9  1912   10.9  1949   10.8  2017    9.1  1948    6.3  2015    3.4  1957    1.8  1929    1.17  1967    3.58  2016   10.10  1935    6.13  1969    5.08  1976
    1.1  2006    1.1  2005    2.0  1923    3.5  1996    6.1  1965    8.9  2012   10.9  1967   10.7  1918    9.0  1930    6.3  2007    3.4  1900    1.7  1947    1.17  2003    3.56  2015   10.10  1989    6.10  1977    5.07  1961
    1.1  1994    1.1  1949    2.0  1897    3.4  2006    6.1  1954    8.8  1965   10.9  1969   10.7  1989    9.0  1933    6.3  1947    3.4  1990    1.7  1931    1.10  1993    3.53  1896   10.09  1952    6.07  1941    5.05  1933
    1.1  1950    1.1  1885    2.0  1926    3.4  1947    6.0  1973    8.8  1990   10.9  1921   10.7  1970    9.0  1973    6.3  2020    3.4  1968    1.7  2004    1.09  1920    3.52  1939   10.08  1955    6.02  2008    5.05  1948
    1.0  1928    1.1  2021    2.0  1993    3.4  1998    6.0  1940    8.8  1968   10.9  1925   10.7  1987    9.0  1955    6.3  1988    3.4  1916    1.7  1972    1.04  1971    3.49  2006   10.08  1926    6.01  1924    5.02  1960
    1.0  1902    1.0  1953    1.9  1905    3.4  1994    5.9  1912    8.8  1984   10.9  1982   10.7  1982    8.9  1926    6.3  1906    3.3  1987    1.6  1984    1.02  1912    3.43  1950   10.07  1973    6.00  1886    5.01  1967
    1.0  1927    1.0  1959    1.9  1902    3.4  2010    5.9  1920    8.8  1930   10.9  1987   10.7  1916    8.9  1913    6.2  1961    3.3  1924    1.6  1902    1.00  1913    3.41  1926   10.07  1984    5.99  1947    5.00  1991
    0.9  2017    1.0  1982    1.9  2020    3.3  1980    5.9  2012    8.8  1980   10.9  1887   10.6  1897    8.9  2025    6.2  1934    3.3  1902    1.6  1948    0.98  2015    3.41  1893   10.07  2000    5.98  1963    5.00  1975
    0.9  1971    1.0  1937    1.9  2003    3.3  1948    5.9  1988    8.8  1887   10.9  1985   10.6  1998    8.9  2007    6.1  1957    3.3  1948    1.6  2020    0.97  2006    3.41  1948   10.05  1900    5.95  1960    4.99  1943
    0.8  2019    1.0  2009    1.8  2015    3.2  2019    5.9  1969    8.8  1931   10.8  1956   10.6  1953    8.9  1924    6.1  1982    3.3  1980    1.6  2014    0.94  1938    3.39  1976   10.05  1944    5.95  1948    4.98  1982
    0.8  1926    1.0  1921    1.8  2011    3.2  1939    5.9  1945    8.7  2008   10.8  2012   10.6  1926    8.9  2013    6.1  1942    3.3  2024    1.5  1913    0.94  1992    3.38  1944   10.03  1953    5.94  1998    4.96  1911
    0.8  1972    0.9  1912    1.8  1968    3.2  1991    5.9  1993    8.7  1893   10.7  1955   10.6  1957    8.9  2001    6.0  1933    3.2  1964    1.4  1998    0.93  1980    3.38  1966   10.03  1937    5.93  1906    4.96  1939
    0.8  2015    0.9  1971    1.7  1939    3.2  1967    5.9  2015    8.7  1943   10.7  1931   10.6  1980    8.8  1884    6.0  1941    3.2  1970    1.3  1970    0.92  1906    3.38  1949    9.99  1969    5.93  2019    4.93  1984
    0.7  1967    0.9  2012    1.7  1890    3.2  1976    5.8  2005    8.7  1979   10.7  1912   10.6  1937    8.8  1983    6.0  2010    3.2  1959    1.3  1936    0.89  1944    3.37  1940    9.98  1949    5.88  1954    4.92  1914
    0.7  1920    0.9  2006    1.7  2016    3.1  2000    5.8  1995    8.7  1986   10.7  1971   10.6  1981    8.8  1929    6.0  1914    3.2  2000    1.3  1945    0.88  1961    3.34  1913    9.97  1957    5.85  1980    4.92  1926
    0.7  1900    0.8  1905    1.7  1988    3.1  1982    5.8  1917    8.6  1910   10.7  1935   10.5  1952    8.8  1997    6.0  1986    3.1  1932    1.2  1888    0.85  1939    3.34  1914    9.93  1988    5.84  1934    4.91  1913
    0.7  1953    0.8  1925    1.6  2008    3.1  2008    5.8  2019    8.6  1938   10.7  2020   10.5  1927    8.8  1982    6.0  1938    3.0  1940    1.2  1955    0.77  1901    3.33  1927    9.92  1936    5.82  1933    4.86  1966
    0.7  1943    0.8  1964    1.6  1933    3.1  1913    5.8  1985    8.6  1964   10.7  1904   10.5  1895    8.8  1967    6.0  2018    3.0  2019    1.2  1894    0.77  1930    3.32  1995    9.88  1925    5.81  1957    4.84  1968
    0.7  1934    0.8  1972    1.6  1943    3.0  1957    5.7  1913    8.6  1961   10.7  1911   10.5  1936    8.7  1996    6.0  1903    3.0  1898    1.2  1919    0.76  1960    3.32  1921    9.86  1958    5.79  1971    4.84  1993
    0.7  1968    0.7  1962    1.6  1928    3.0  1935    5.7  1890    8.6  1952   10.7  1936   10.5  2005    8.7  1891    5.9  1998    3.0  1895    1.2  1990    0.75  1946    3.32  2010    9.84  1967    5.79  1991    4.84  1935
    0.6  1911    0.7  1977    1.5  1914    3.0  1931    5.7  1978    8.6  1954   10.7  1998   10.5  1967    8.7  1938    5.9  1970    2.9  1908    1.2  1951    0.74  1922    3.30  1978    9.84  1897    5.76  1996    4.83  1920
    0.6  1981    0.7  1911    1.5  1884    3.0  1911    5.7  1972    8.5  1999   10.6  1951   10.5  1971    8.7  1901    5.9  1930    2.9  1960    1.1  2007    0.73  2018    3.29  1918    9.83  1930    5.75  1939    4.83  1977
    0.6  1924    0.6  1913    1.5  1973    3.0  2015    5.7  1950    8.5  1936   10.6  1927   10.5  1884    8.7  1971    5.9  1962    2.9  1949    1.1  1966    0.73  1981    3.28  1963    9.82  1987    5.73  1921    4.83  1974
    0.6  1915    0.6  1934    1.5  1896    3.0  1898    5.6  1939    8.5  1937   10.6  1946   10.4  1930    8.6  2018    5.9  1983    2.9  1989    1.1  1993    0.70  1927    3.22  1977    9.82  1981    5.73  1979    4.82  1978
    0.6  2013    0.6  2008    1.4  2010    2.9  1942    5.6  1931    8.5  2001   10.6  2007   10.4  1994    8.6  1995    5.9  2000    2.9  1935    1.1  1926    0.69  1926    3.20  1985    9.82  1934    5.73  1956    4.80  1980
    0.6  2026    0.6  1910    1.4  1972    2.9  1940    5.5  1956    8.5  1983   10.6  1973   10.4  1935    8.6  1934    5.9  1943    2.9  2012    1.0  1907    0.64  2021    3.20  1982    9.80  1901    5.71  2010    4.80  1973
    0.5  1899    0.6  2016    1.4  1910    2.9  1979    5.5  1916    8.5  1981   10.6  1950   10.4  1973    8.6  1992    5.9  1946    2.8  1914    1.0  2017    0.61  1896    3.19  1954    9.77  1939    5.67  1916    4.79  1932
    0.4  1904    0.5  2015    1.3  1956    2.9  1928    5.5  1898    8.5  2011   10.5  1958   10.4  1943    8.6  2020    5.8  1920    2.7  1954    1.0  1991    0.57  1933    3.19  1983    9.77  2015    5.65  1976    4.79  1970
    0.3  1962    0.5  1950    1.3  1982    2.8  1971    5.5  1971    8.5  1899   10.5  1914   10.4  1938    8.5  1988    5.8  1924    2.7  2017    1.0  1989    0.55  1954    3.19  1937    9.76  1917    5.64  1955    4.76  1944
    0.3  1903    0.5  1975    1.3  1893    2.8  1934    5.5  2013    8.5  2013   10.5  1986   10.4  1925    8.5  1977    5.8  1937    2.7  1889    0.9  1958    0.53  1928    3.18  1925    9.75  1996    5.64  2003    4.75  1964
    0.3  1960    0.5  1896    1.2  1974    2.8  1927    5.4  1936    8.5  1934   10.5  2004   10.4  2011    8.5  1976    5.7  1972    2.7  1886    0.9  2005    0.53  1997    3.18  1889    9.72  1941    5.63  1920    4.75  1930
    0.3  1914    0.5  1973    1.2  1940    2.8  1981    5.4  1932    8.4  1890   10.5  1953   10.4  2007    8.4  1896    5.7  1966    2.7  1934    0.9  1938    0.52  1984    3.17  1973    9.69  1960    5.59  1966    4.75  1937
    0.3  1939    0.3  1965    1.2  1963    2.7  2001    5.4  1906    8.4  1924   10.4  1964   10.4  1968    8.4  1991    5.7  1909    2.6  1992    0.9  1914    0.49  1915    3.15  1971    9.69  1966    5.58  1930    4.74  1946
    0.2  1913    0.3  1893    1.2  1913    2.7  1895    5.4  1961    8.4  1941   10.4  1884   10.3  1898    8.4  1921    5.7  1916    2.6  1956    0.9  1915    0.48  1994    3.13  2001    9.68  1896    5.55  1987    4.73  1947
    0.2  1905    0.3  1898    1.2  1984    2.7  1965    5.4  1934    8.3  1906   10.4  1988   10.3  1978    8.3  2003    5.6  2019    2.6  1912    0.8  2012    0.47  2001    3.11  1935    9.67  1905    5.54  1902    4.71  1884
    0.2  2011    0.3  1933    1.2  1911    2.7  1899    5.4  1974    8.3  1917   10.4  1979   10.3  1988    8.3  1959    5.6  1927    2.5  1947    0.8  1920    0.45  1953    3.11  1928    9.67  1942    5.50  1936    4.70  1950
    0.1  1992    0.2  1957    1.2  1954    2.7  1912    5.4  1997    8.3  1905   10.4  2002   10.3  1950    8.3  1942    5.6  1950    2.5  1991    0.8  1930    0.44  1983    3.08  1930    9.66  1968    5.46  1943    4.68  1954
    0.1  1995    0.2  1944    1.1  1971    2.7  2012    5.4  1895    8.3  1913   10.4  1981   10.3  1910    8.3  2012    5.6  1902    2.5  1961    0.8  2003    0.43  1966    3.08  1987    9.66  1921    5.43  1967    4.67  1924
    0.1  1964    0.2  1924    1.1  1918    2.7  1916    5.4  1958    8.3  1925   10.4  1939   10.2  1886    8.3  1987    5.5  1925    2.5  1974    0.8  1893    0.41  2013    3.07  1936    9.66  1980    5.42  1985    4.66  1996
    0.0  1889    0.1  1894    1.0  1925    2.6  1893    5.3  1966    8.3  1995   10.3  1970   10.2  1914    8.3  1960    5.5  1948    2.5  1943    0.8  1897    0.40  1918    3.06  1946    9.64  1914    5.42  1890    4.65  1900
    0.0  2009    0.1  1932    0.9  1996    2.6  1900    5.3  1892    8.2  1891   10.3  2015   10.2  2010    8.3  1886    5.5  1994    2.4  1933    0.7  1940    0.36  2009    3.00  1890    9.64  1964    5.41  1914    4.63  1987
    0.0  1907    0.0  1899    0.8  1907    2.6  1968    5.3  1896    8.2  1920   10.3  1948   10.2  1921    8.2  1950    5.5  1940    2.4  1907    0.7  1957    0.34  1885    2.99  1905    9.64  1923    5.38  1899    4.61  1972
   -0.0  1951   -0.0  1958    0.7  1964    2.5  1966    5.3  1983    8.2  1958   10.3  1894   10.1  1992    8.2  1908    5.4  1890    2.4  1977    0.6  1973    0.33  1890    2.99  1953    9.59  1979    5.36  1988    4.61  1918
   -0.1  1888   -0.0  1922    0.7  1895    2.5  1977    5.3  1904    8.2  1978   10.3  1996   10.1  1976    8.2  1965    5.3  1928    2.4  1958    0.5  1999    0.30  1908    2.97  1974    9.58  1943    5.36  1928    4.60  1958
   -0.1  1970   -0.0  1927    0.7  1894    2.5  1901    5.2  1944    8.2  1919   10.2  1993   10.1  1945    8.1  1964    5.3  2008    2.4  1892    0.5  1960    0.25  1934    2.94  1968    9.58  1938    5.36  1981    4.59  1936
   -0.1  1912   -0.0  1915    0.7  2018    2.5  2013    5.2  1994    8.1  1914   10.2  1984   10.1  1901    8.1  1935    5.3  1997    2.3  1929    0.5  1939    0.25  1919    2.93  1904    9.58  1906    5.34  1917    4.58  1912
   -0.2  1901   -0.0  1891    0.6  1915    2.5  1962    5.2  1910    8.1  1949   10.2  1977   10.1  2014    8.1  1962    5.3  1975    2.3  1941    0.5  1967    0.23  1978    2.93  1895    9.56  1887    5.31  1929    4.56  1969
   -0.2  1936   -0.0  1984    0.6  1995    2.4  1990    5.2  1962    8.1  2015   10.2  1893   10.0  1977    8.1  1979    5.3  1907    2.3  1911    0.5  1943    0.21  1964    2.91  1884    9.54  2011    5.29  2012    4.55  1928
   -0.2  2025   -0.1  1931    0.6  1986    2.4  1889    5.2  2010    8.1  1948   10.2  1930   10.0  1985    8.0  1943    5.3  1951    2.3  1979    0.5  1944    0.21  1905    2.88  1947    9.53  1971    5.29  1942    4.54  1916
   -0.2  1956   -0.1  1916    0.6  1930    2.4  1907    5.1  1982    8.0  1967   10.2  1990   10.0  1948    8.0  1916    5.2  1956    2.3  1972    0.4  1884    0.17  1924    2.86  1965    9.50  1931    5.28  1935    4.53  1981
   -0.2  1966   -0.2  1890    0.6  1976    2.4  1909    5.1  1903    8.0  1989   10.1  1928   10.0  1928    7.9  1994    5.2  1923    2.2  1903    0.3  1896    0.14  1889    2.86  1903    9.49  1884    5.26  1900    4.52  1893
   -0.3  2001   -0.2  1951    0.6  1944    2.4  1923    5.1  1943    8.0  1926   10.1  1896    9.9  1951    7.9  1990    5.2  1918    2.1  2005    0.3  1965    0.07  1894    2.83  1934    9.47  1940    5.26  1903    4.49  1896
   -0.3  1961   -0.2  2013    0.6  1979    2.4  1921    5.1  1884    8.0  1911   10.1  1908    9.9  1909    7.9  1957    5.1  1897    2.1  1927    0.2  1982    0.06  1931    2.81  1910    9.46  1948    5.23  1897    4.48  1951
   -0.3  1965   -0.4  1960    0.5  1975    2.4  1938    5.1  1929    7.9  1996   10.0  1924    9.9  1929    7.9  1975    5.1  2002    2.1  2013    0.1  2008   -0.01  1996    2.80  1980    9.43  1993    5.22  1962    4.48  1927
   -0.4  1986   -0.4  2001    0.5  2006    2.3  2016    5.1  1921    7.9  1942    9.9  2000    9.8  1915    7.8  1900    5.0  1987    2.1  1971    0.1  1895   -0.01  1897    2.79  1996    9.40  1961    5.20  1950    4.46  1903
   -0.4  1954   -0.4  1887    0.5  1949    2.3  1915    5.0  1963    7.9  1944    9.9  1929    9.8  1889    7.8  1927    5.0  1904    2.1  1922    0.1  1968   -0.02  1904    2.77  2021    9.37  1951    5.19  1927    4.45  1897
   -0.4  1918   -0.4  1981    0.5  1901    2.3  1954    5.0  1907    7.9  1894    9.9  1886    9.8  1964    7.8  1937    4.9  1936    2.1  1885    0.1  1978   -0.08  1945    2.77  1907    9.35  1985    5.18  1964    4.44  1985
   -0.4  1909   -0.5  1904    0.5  1946    2.3  1925    5.0  1914    7.8  1974    9.9  1972    9.8  1961    7.8  1993    4.9  1944    2.0  1944    0.1  1992   -0.13  1958    2.74  1986    9.33  1910    5.16  1986    4.44  1908
   -0.4  1885   -0.5  1987    0.4  1922    2.3  1919    5.0  1901    7.8  1921    9.9  1960    9.8  1954    7.8  1899    4.9  1953    2.0  1966    0.1  1996   -0.13  1910    2.74  1970    9.33  1978    5.15  1940    4.43  1906
   -0.4  1919   -0.5  2003    0.4  1932    2.3  1885    5.0  1938    7.8  1956    9.9  1974    9.8  1960    7.8  1906    4.8  1935    1.9  1998    0.1  1908   -0.15  1955    2.73  1923    9.31  1895    5.12  1937    4.42  1952
   -0.5  1922   -0.6  1952    0.4  1953    2.3  1974    5.0  1942    7.8  1987    9.9  1916    9.7  1974    7.7  1902    4.8  1929    1.8  1976    0.0  1903   -0.18  1968    2.71  1898    9.31  1904    5.09  1907    4.40  1923
   -0.5  1984   -0.6  2018    0.3  1906    2.2  1905    5.0  1967    7.8  1932    9.9  1917    9.7  1979    7.7  1915    4.8  1893    1.8  1975   -0.1  2022   -0.18  1987    2.68  1942    9.29  1889    5.05  1973    4.39  1910
   -0.6  1931   -0.8  1892    0.3  1980    2.2  1958    5.0  1930    7.8  1957    9.8  1897    9.7  1892    7.7  1932    4.7  1952    1.8  1950   -0.2  1969   -0.26  1952    2.67  1975    9.29  1912    5.05  1965    4.39  1905
   -0.6  1978   -0.9  1930    0.3  2001    2.1  1950    4.9  1900    7.8  1902    9.8  1968    9.7  1919    7.6  1963    4.7  1911    1.8  1930   -0.2  1963   -0.26  1965    2.65  1979    9.27  1963    5.03  1884    4.38  1899
   -0.7  1917   -0.9  1994    0.3  1934    2.1  1918    4.9  1928    7.8  1955    9.8  1961    9.7  1941    7.6  1903    4.7  2012    1.7  1926   -0.2  1909   -0.26  1962    2.65  1901    9.26  1927    4.99  1975    4.33  1925
   -0.7  2021   -0.9  1889    0.2  1985    2.1  1886    4.9  1949    7.8  1895    9.7  1885    9.6  1923    7.6  1907    4.7  1973    1.7  1937   -0.2  1885   -0.27  1969    2.63  1956    9.24  1986    4.99  1894    4.32  1931
   -0.7  1894   -0.9  1909    0.1  1942    2.1  1884    4.8  1905    7.8  1908    9.7  1903    9.6  1940    7.6  1905    4.6  1891    1.7  1884   -0.2  1923   -0.30  1959    2.59  1908    9.21  1954    4.95  1891    4.30  1955
   -0.7  1991   -1.1  1996    0.1  1889    2.0  1984    4.8  1980    7.8  1939    9.7  2011    9.6  1934    7.6  1920    4.6  1884    1.6  1962   -0.3  1946   -0.33  1991    2.58  1916    9.21  1886    4.92  1889    4.29  2010
   -0.7  1910   -1.2  1906    0.0  1987    2.0  1989    4.7  2021    7.7  1898    9.7  1938    9.6  1900    7.5  1889    4.6  1900    1.6  1936   -0.3  1889   -0.41  1986    2.57  1894    9.19  1924    4.90  1932    4.27  1965
   -0.7  1997   -1.3  1985   -0.0  1941    2.0  1978    4.7  1946    7.7  1885    9.7  1942    9.6  1966    7.5  1911    4.5  1889    1.6  2010   -0.3  1952   -0.41  1909    2.57  1919    9.18  1894    4.88  1931    4.27  1941
   -0.8  1947   -1.3  2010   -0.1  1929    2.0  1973    4.7  1977    7.7  1904    9.6  1966    9.6  1972    7.5  2015    4.5  1901    1.6  1904   -0.3  2001   -0.54  1970    2.49  1897    9.17  1946    4.87  1992    4.27  1889
   -0.8  1946   -1.3  1941   -0.1  1899    1.9  1941    4.6  1927    7.7  1969    9.6  1909    9.5  1904    7.5  1904    4.5  1915    1.6  1996   -0.3  1904   -0.55  1977    2.47  1932    9.15  1974    4.85  1972    4.27  1956
   -0.9  1955   -1.3  1888   -0.1  1904    1.9  1970    4.6  1987    7.6  1975    9.6  1891    9.5  1962    7.4  1914    4.4  2003    1.5  2016   -0.4  1928   -0.57  1985    2.45  1931    9.14  1977    4.82  1911    4.26  1894
   -1.0  1980   -1.3  1940   -0.1  1887    1.9  1902    4.6  1957    7.6  1922    9.6  1943    9.5  1891    7.4  1910    4.4  1980    1.5  1973   -0.4  1901   -0.60  2011    2.44  1984    9.12  1891    4.75  1895    4.24  1890
   -1.0  1958   -1.4  1901   -0.2  1908    1.9  1969    4.5  1951    7.6  1901    9.6  1895    9.5  1905    7.3  1893    4.4  1955    1.5  1891   -0.5  1891   -0.65  1902    2.44  1902    9.11  1918    4.72  1901    4.21  1904
   -1.1  1893   -1.4  1907   -0.2  1965    1.8  1910    4.5  1886    7.6  1962    9.6  1980    9.4  1963    7.3  1954    4.3  1894    1.5  1942   -0.5  1933   -0.69  1907    2.38  1969    9.11  1916    4.69  1944    4.20  1942
   -1.1  1977   -1.4  1970   -0.3  1885    1.7  1983    4.5  1948    7.6  1946    9.6  1940    9.4  1894    7.3  1974    4.2  1964    1.3  1905   -0.6  1937   -0.75  1888    2.38  1915    9.10  1929    4.67  1904    4.19  1979
   -1.2  1933   -1.6  1991   -0.3  1898    1.7  1897    4.5  1888    7.5  1884    9.5  1906    9.3  1965    7.3  1923    4.1  1922    1.3  1988   -0.6  2009   -0.76  1951    2.36  1900    9.05  1956    4.66  1888    4.17  1986
   -1.3  1908   -1.6  1978   -0.4  1916    1.6  1953    4.5  1979    7.5  1951    9.5  1920    9.3  1946    7.2  1919    4.0  1932    1.2  1896   -0.6  1935   -0.81  1956    2.32  1922    9.02  1928    4.62  1926    4.16  1901
   -1.3  1929   -1.7  1919   -0.4  1886    1.6  1888    4.4  1968    7.5  1907    9.5  1918    9.2  1896    7.2  1922    3.9  1993    1.2  1890   -0.7  1906   -0.83  1936    2.32  2013    9.02  1965    4.55  1974    4.10  1902
   -1.3  1952   -1.7  1954   -0.4  1900    1.6  1951    4.3  1926    7.4  1915    9.5  1962    9.2  1913    7.2  1928    3.9  1974    1.2  1887   -0.7  1964   -0.92  1892    2.23  1958    8.99  1898    4.50  1909    4.05  1907
   -1.4  1887   -1.7  1983   -0.5  1891    1.6  1932    4.2  1887    7.4  1929    9.4  1978    9.2  1924    7.2  1944    3.8  1939    1.1  1893   -0.8  1927   -0.92  1900    2.18  1906    8.96  1908    4.46  1922    4.02  1940
   -1.5  1982   -1.7  1936   -0.5  1951    1.5  1890    4.2  1909    7.4  1886    9.3  1963    9.1  1903    7.1  1892    3.8  1899    1.1  1967   -0.8  1917   -0.98  1893    2.17  1899    8.94  1913    4.42  1910    3.95  1963
   -1.5  1892   -1.8  1968   -0.6  1969    1.4  1924    4.2  1915    7.4  1923    9.3  1913    9.1  1890    7.1  1931    3.7  1931    1.1  1918   -0.9  1887   -1.10  1941    2.15  1955    8.91  1890    4.41  1893    3.95  1929
   -1.6  2010   -1.9  1886   -0.7  1970    1.3  1929    4.1  1984    7.4  1892    9.3  1954    9.0  1887    7.0  1909    3.5  1912    1.0  1901   -0.9  1995   -1.16  2010    2.13  1929    8.87  1915    4.38  1918    3.93  1962
   -1.7  1897   -2.0  1979   -0.8  1909    1.3  1986    4.1  1955    7.3  1971    9.3  1915    9.0  1908    7.0  1940    3.4  1992    1.0  1993   -1.1  1916   -1.17  1942    2.07  1886    8.87  1962    4.22  1993    3.91  1922
   -1.7  1886   -2.1  1900   -0.8  1958    1.3  1908    4.0  1996    7.2  1903    9.2  1890    9.0  1993    6.9  1918    3.4  1981    0.8  1969   -1.2  1976   -1.20  1887    1.96  1924    8.83  1920    4.20  1912    3.89  1886
   -2.1  1987   -2.7  1902   -1.0  1937    1.2  1936    3.9  1975    7.1  1985    9.1  1889    9.0  1931    6.7  1887    3.4  1888    0.8  1921   -1.2  1925   -1.28  1886    1.95  1909    8.82  1972    4.05  1896    3.89  1915
   -2.1  1942   -2.7  1917   -1.0  2013    1.0  1903    3.9  1899    7.1  1977    9.1  1910    8.9  1907    6.7  1888    3.3  1885    0.8  1909   -1.5  1899   -1.46  1917    1.88  1941    8.80  1919    4.05  1923    3.84  1917
   -2.1  1891   -2.8  1955   -1.0  1919    1.0  1956    3.8  1935    7.1  1991    8.9  1965    8.8  1888    6.7  1894    3.3  1926    0.6  1952   -1.8  1961   -1.51  1982    1.88  1951    8.74  1909    4.01  1892    3.69  1909
   -2.2  1985   -2.8  1969   -1.0  1888    0.8  1887    3.8  1897    7.1  1918    8.8  1898    8.7  1920    6.6  1897    2.9  1919    0.5  1965   -1.8  1886   -1.59  1929    1.85  1962    8.67  1903    3.93  1952    3.65  1891
   -2.7  1959   -3.3  1929   -1.2  1931    0.8  1891    3.8  1923    7.0  1972    8.8  1902    8.6  1922    6.5  1972    2.9  1887   -0.2  1985   -1.9  1962   -1.64  1891    1.79  1885    8.60  1885    3.93  1885    3.63  1885
   -2.8  1941   -3.6  1956   -1.4  1917    0.7  1906    3.8  1891    7.0  1888    8.6  1907    8.5  1986    6.5  1912    2.7  1892   -0.3  1923   -2.0  1950   -1.64  1947    1.69  1888    8.53  1892    3.85  1925    3.60  1919
   -3.3  1945   -3.6  1986   -1.4  1955    0.7  1892    3.7  1941    6.9  1928    8.5  1919    8.5  1956    6.5  1925    2.7  1917   -0.5  1919   -2.1  1892   -1.96  1979    1.66  1887    8.35  1907    3.78  1905    3.59  1888
   -3.8  1895   -3.7  1942   -1.5  1947    0.3  2021    3.5  1902    6.7  1916    8.5  1892    8.3  1885    6.5  1952    2.6  1896   -0.5  1925   -2.6  1890   -2.04  1940    1.50  1917    8.31  1902    3.74  1915    3.52  1895
   -4.0  1963   -4.1  1947   -1.7  1924    0.2  1922    3.5  1894    6.6  1909    8.4  1888    8.3  1902    6.5  1885    2.5  1905   -0.8  1910   -3.8  1981   -2.67  1895    1.37  1891    8.18  1922    3.58  1887    3.50  1887
   -4.0  1979   -4.5  1963   -2.0  1962    0.0  1917    3.4  1885    6.5  1927    8.4  1922    8.3  1912    5.8  1986    2.3  1895   -1.0  1915   -4.5  2010   -3.43  1963    1.31  1892    8.05  1888    3.21  1919    3.11  1892
   -5.2  1940   -5.7  1895   -2.1  1892    ---  2026    ---  2026    ---  2026    ---  2026    ---  2026    ---  2026    ---  2026    ---  2026    ---  2026     ---  1884     ---  2026     ---  2026     ---  2026     ---  2026
