Areal values from HadUK-Grid 1km gridded climate data from land surface network
Source: Met Office National Climate Information Centre
Monthly, seasonal and annual total precipitation amount for England N
Areal series, starting in 1836
Last updated 01-Apr-2026 11:35
    jan  year    feb  year    mar  year    apr  year    may  year    jun  year    jul  year    aug  year    sep  year    oct  year    nov  year    dec  year     win  year     spr  year     sum  year     aut  year     ann  year
  188.8  1948  207.0  2020  161.8  1981  135.5  2012  145.4  1967  187.6  2007  157.1  2023  208.7  1956  193.1  1918  219.8  1903  204.6  2009  216.6  2015   451.2  2016   314.2  1979   401.1  1956   491.8  2000  1328.7  1872
  178.2  2008  160.9  2002  138.0  1947  126.4  2000  124.5  1924  167.4  2012  156.0  1988  194.5  2004  162.6  1968  187.9  1870  189.3  1951  194.7  1868   406.4  1995   313.8  1920   397.5  1912   435.3  1954  1276.2  2012
  177.5  1928  154.8  1848  130.4  1979  121.1  1846  121.3  1886  140.2  1848  153.7  2009  180.1  1917  160.3  1976  180.2  1967  183.0  2000  179.2  1876   400.9  2024   303.0  1981   395.5  2012   427.1  1935  1243.2  2000
  155.0  2021  140.6  2022  125.5  2019  114.8  1998  120.8  1932  138.7  1980  153.5  1888  156.0  1891  155.2  1965  174.0  2000  175.7  2015  179.0  2023   400.9  1877   298.8  1983   374.5  2007   426.7  1872  1207.6  2023
  150.3  1995  137.5  1990  114.2  2023  113.6  1920  120.1  2021  136.7  1912  143.7  1895  155.9  1927  149.4  1935  168.9  1938  173.2  2025  171.5  1978   394.2  1869   298.5  1947   359.7  1931   405.6  2025  1183.4  1877
  145.2  2014  135.9  1997  113.5  2006  110.0  1993  118.2  1979  135.1  1982  142.6  1880  154.3  1845  149.2  1866  165.7  1954  160.9  1946  170.3  1915   391.0  2021   296.7  2024   359.2  1879   401.3  2019  1181.4  1954
  145.1  2016  134.2  1966  112.6  1903  109.2  1843  115.5  1847  130.2  1931  142.4  1930  151.6  1877  146.8  1869  165.6  1998  158.8  1944  167.5  1929   384.9  1915   281.2  1986   352.6  1927   398.8  1903  1164.6  2008
  143.5  1984  132.0  1923  112.5  1836  107.2  2024  109.8  1983  128.8  1860  141.6  1940  150.0  1954  145.3  1927  158.7  2023  158.1  1954  163.8  1993   377.7  2014   276.4  2006   352.0  2004   398.3  1944  1148.7  1903
  139.9  1939  126.4  1958  111.8  1897  107.0  1882  107.6  2006  128.7  1997  138.6  1920  149.2  1912  144.5  1872  155.2  1865  157.0  1969  163.5  1914   377.1  2020   273.6  1913   347.1  2020   387.9  2023  1142.8  2019
  139.4  1877  126.0  1950  111.3  1913  102.8  1867  106.3  1878  127.4  1998  138.1  1839  145.9  1881  143.1  2019  154.9  1892  155.4  1963  161.0  1979   371.2  1960   268.1  1998   338.4  2019   382.4  1984  1133.2  2020
  139.3  1960  125.6  1977  107.8  1912  102.3  1983  106.1  2014  127.4  1928  131.7  2007  145.7  1900  142.5  2025  154.2  1906  155.4  1984  160.9  2012   366.4  1990   267.3  1886   337.5  1839   373.2  1976  1117.5  2002
  137.2  1988  124.8  1894  107.7  1848  100.3  1970  106.0  1920  123.1  1907  128.8  1939  145.1  1878  141.6  1950  153.0  1841  151.9  1929  160.3  1986   353.8  1994   265.4  1932   335.5  1848   372.9  1960  1116.8  2024
  134.3  1921  120.3  1937  106.9  1919   99.9  1947  105.4  1925  121.2  2017  127.7  1922  135.3  2020  138.7  1944  151.4  1976  150.4  1852  159.8  1852   352.4  1916   256.0  1862   334.8  1872   371.3  1981  1111.8  1882
  134.3  1990  119.8  1925  106.4  1987   99.5  2001  105.4  2015  121.1  1948  127.7  1960  135.2  1950  137.3  1981  150.6  1872  148.8  1836  150.6  1999   349.5  1980   252.9  2000   333.7  2008   367.3  1967  1104.8  1848
  129.7  2004  118.4  2014  106.0  1992   98.7  1986  102.8  1907  118.9  1882  127.0  1872  134.7  1921  136.5  1946  150.5  1935  145.3  1888  150.1  1959   344.8  1910   251.4  1969   328.4  1845   365.6  2012  1095.9  1960
  129.4  1930  115.7  1900  105.3  1861   96.6  1913  100.4  1906  117.3  1987  124.6  1879  134.7  1946  134.8  2000  149.6  1980  145.2  1960  148.4  1911   342.2  2007   245.6  1951   324.2  1930   355.0  1875  1094.0  1998
  129.3  1863  115.6  2011  103.6  1951   93.0  1966   99.9  1869  115.8  1879  121.5  1915  132.8  1971  134.7  1883  146.4  1960  144.2  1861  146.9  1965   342.1  1984   244.1  1967   322.9  1882   354.7  1852  1092.2  1852
  128.7  1999  115.5  1915  103.1  1896   90.4  2005   99.6  1865  113.8  2020  120.0  1882  132.3  1962  131.7  2012  145.4  1846  141.3  1970  143.3  1909   338.2  2008   241.0  1903   317.9  1877   350.2  1968  1089.6  1928
  128.3  1943  115.0  1995  103.0  1998   87.7  1931   99.5  1986  113.5  2019  119.3  2008  132.1  1930  131.2  1896  144.2  1907  135.7  1931  142.1  1891   335.0  1966   240.7  1999   316.7  1954   349.5  2022  1088.0  2015
  127.9  1872  114.7  1935  102.8  1862   86.5  1961   97.8  1969  110.9  1872  116.7  2012  130.9  1985  130.4  1839  143.2  1843  134.6  1940  141.1  1994   333.0  1848   239.7  1877   315.7  1860   348.8  1938  1077.1  1912
  127.9  1852  114.6  1941  102.1  1988   85.4  1859   97.7  1976  104.5  1852  115.9  1840  128.9  1951  129.4  1984  141.3  2021  134.1  1890  140.8  1983   326.6  1939   233.7  1972   315.2  1946   343.0  1880  1073.4  1930
  126.4  1884  111.1  1916  101.2  1909   84.8  1877   97.5  1993  104.3  1958  115.8  1846  128.6  1857  124.3  1957  141.1  2020  133.6  1875  139.8  1934   322.7  1928   232.5  1882   315.2  1980   342.7  1841  1065.4  1927
  123.5  1994  108.7  1893  100.4  1980   84.0  2004   97.0  2024  103.7  1839  115.7  1931  128.5  1923  123.9  1871  140.4  1987  133.3  1926  139.5  2006   321.3  1930   232.5  1843   312.3  1881   338.6  1883  1065.2  1967
  121.1  2007  106.9  1881   99.9  1994   83.4  2018   94.8  1892  101.7  1892  115.4  1886  128.2  1928  122.6  2008  139.8  1916  131.6  1872  135.2  2020   319.9  2026   231.0  1993   311.2  1928   333.5  1950  1065.2  1966
  120.7  1975  105.8  1933   98.0  1876   83.1  1871   92.5  1843  100.7  1838  114.3  1973  127.8  2008  121.6  1880  139.6  1932  131.6  1950  134.1  1918   319.9  2000   231.0  1968   301.0  2017   333.2  1918  1064.3  1980
  120.1  1961  105.5  2024   97.7  1982   81.9  1934   92.5  1958   98.6  1836  114.2  1956  126.2  1957  119.4  1974  139.5  2004  131.4  1928  131.7  1919   319.7  1853   230.7  1846   300.1  2009   333.2  1927  1063.3  1866
  118.6  1986  104.3  1910   97.1  2017   81.8  1925   89.3  1954   97.9  1863  114.1  1836  125.5  1910  116.2  1863  139.2  1848  130.9  1939  131.6  1951   319.3  1937   229.2  2012   299.3  1958   332.1  1863  1062.3  1951
  118.3  1899  103.9  2026   96.5  1999   81.8  1899   88.8  1899   97.7  1963  114.0  1884  124.3  1860  115.3  2024  139.2  1885  129.6  2010  130.2  2011   318.4  1923   228.7  1925   298.7  2023   328.7  1980  1060.2  1923
  118.3  1974  103.5  1869   94.8  1881   81.5  1935   88.5  1856   97.3  1911  113.1  1936  123.4  1948  114.2  2017  136.2  2013  128.7  2019  129.6  1847   317.9  1948   228.2  1889   297.9  1987   327.8  1866  1056.8  2004
  117.8  1886  102.3  2001   94.2  1920   81.4  1872   88.4  2003   96.5  1936  112.3  1875  122.4  1986  111.7  1899  136.0  2002  128.1  1982  126.1  1949   314.1  1883   228.2  1992   295.7  1895   327.6  1946  1047.6  1981
  116.4  2024  100.9  2021   93.4  1908   81.3  1985   86.9  1945   96.0  1927  111.9  1909  122.1  1889  111.5  1954  135.5  1855  128.1  2012  124.1  1886   312.4  1925   228.1  1916   295.1  1866   326.6  1930  1042.3  1931
  116.3  1860   95.2  1980   93.2  1989   80.0  1949   86.2  1862   95.5  1966  111.6  1912  120.6  1890  111.0  1876  135.0  1981  128.1  1882  123.6  1845   311.6  1935   228.1  1908   293.8  1891   326.3  1998  1041.8  1965
  116.2  1978   95.1  1876   92.5  2024   79.6  1989   85.8  1951   93.8  2016  109.5  1861  119.8  1943  111.0  1903  133.1  1928  127.3  2022  123.4  1990   307.8  1900   227.3  1872   290.9  1948   325.8  1923  1038.5  1886
  115.0  1936   93.6  1866   92.5  2008   79.5  1992   85.6  1938   92.3  1972  109.2  1871  119.5  2019  110.9  1993  132.3  1900  127.2  1935  123.4  1901   307.5  1920   225.5  1937   290.5  1900   325.4  1974  1036.1  1946
  114.3  1906   93.6  1861   92.2  1968   79.1  1959   83.9  2007   91.5  1999  108.9  1924  118.8  1879  109.4  2010  130.8  2022  126.4  1949  123.2  1896   306.4  1950   223.9  1907   290.2  1985   325.0  2008  1035.1  1986
  112.6  1998   92.8  1967   91.8  1916   78.9  1932   83.8  2013   91.4  1883  108.8  1877  118.6  1966  109.4  2023  130.2  1896  125.2  2002  121.4  1869   303.8  2002   222.8  1985   289.4  1988   322.7  2009  1030.5  1999
  112.4  1883   92.0  1872   91.5  2018   78.7  1950   83.7  2002   90.7  1851  108.2  1932  118.4  1856  107.3  1859  129.4  2019  122.6  1877  121.2  2024   303.8  1894   222.7  1909   289.3  1888   322.7  1965  1027.9  2014
  112.1  1993   91.8  1989   90.0  1964   78.4  1962   83.6  1840   89.8  1977  107.5  1938  117.9  1903  106.1  2001  129.2  2008  121.9  1992  120.5  2002   301.7  1958   221.3  1899   288.7  1838   321.2  1836  1027.9  1979
  111.5  1900   91.4  1922   89.5  1860   78.4  2016   83.4  1943   89.0  1935  107.4  1957  117.7  2014  105.0  1856  129.2  1862  121.8  1914  120.0  1872   301.2  1912   219.4  1867   287.9  1966   320.0  2010  1027.7  1841
  111.1  1956   89.5  2016   88.6  1963   77.9  1898   81.8  1903   88.5  1938  106.8  1918  117.7  1892  104.6  1887  128.2  1886  121.0  1959  119.4  1882   300.3  1977   219.1  2014   285.8  1841   319.3  1877  1026.2  1950
  110.8  1849   88.9  1904   88.5  1839   77.4  1937   81.7  1955   87.9  1900  105.6  1958  117.3  1865  104.4  1962  126.2  1917  120.7  1996  118.9  1900   298.0  1922   217.5  2019   284.5  1852   315.0  1839  1025.4  1900
  110.4  1875   88.4  2000   88.4  1859   77.4  2008   81.6  1923   87.4  1926  105.4  1853  117.0  1980  103.9  1861  125.6  1889  120.6  1938  118.8  1922   296.7  2004   217.4  1966   282.8  1957   312.8  1940  1019.7  2007
  108.2  1919   88.4  1945   88.4  1914   76.9  1969   81.6  1838   87.3  1845  105.3  2019  115.5  1992  103.0  1943  125.0  1875  120.1  1923  117.0  1997   293.8  1872   216.6  1987   282.3  1922   312.1  1885  1019.6  1860
  108.0  1983   88.0  1991   88.0  1872   76.3  1905   81.5  1942   86.6  2008  103.4  1841  115.2  1963  102.3  1885  123.2  1863  119.8  2023  116.8  1880   291.2  1961   214.8  1934   281.0  1909   311.2  1870  1014.9  1938
  107.7  1873   87.8  1951   87.6  1888   74.7  1889   79.9  1972   86.5  1862  102.8  1855  114.7  2006  101.9  1994  121.1  2001  119.1  1965  116.8  1924   290.4  1991   214.5  2015   280.6  1910   309.4  1869  1014.1  1881
  107.6  1890   87.8  1918   87.5  1868   74.5  1876   79.6  1997   85.8  1894  102.3  1850  113.8  1931  101.6  1852  119.3  1894  119.0  1901  116.1  1985   289.9  1979   213.8  1963   280.3  1938   309.2  1992  1013.9  1916
  107.4  1962   87.5  1837   87.2  1842   74.4  1909   78.7  1860   83.5  1945  101.7  1866  112.0  1898  101.0  1924  118.9  1961  116.2  1972  115.8  2025   288.6  1919   213.2  1994   278.0  1892   308.2  1892  1012.0  2021
  107.2  1851   86.4  1928   86.6  1983   74.3  1994   78.4  1916   83.4  2003  101.0  1946  111.8  1848  100.4  1936  118.5  1880  116.2  1905  115.2  1964   285.4  2013   212.5  2023   276.7  1998   307.9  1963  1007.6  1994
  106.9  1938   85.4  1996   85.3  1978   74.0  1973   77.5  1968   83.4  1871  100.8  1927  111.4  2012  100.4  1840  118.2  1945  116.0  1977  114.6  1955   284.3  2022   209.6  1897   276.6  1846   303.6  1926  1005.6  1968
  106.0  1920   85.1  1974   85.3  1886   73.4  1965   77.1  1966   83.2  1866  100.7  1903  110.7  1897  100.2  1999  118.1  2005  115.4  1930  114.6  2000   282.8  1926   208.0  2018   273.7  1890   303.2  1896  1005.1  2009
  105.9  1915   84.6  1931   85.2  1941   73.4  1953   76.5  1841   83.2  1855  100.5  1968  110.7  1941   99.5  1983  118.0  1909  114.1  1991  114.1  1938   282.5  1974   207.6  1847   273.3  1950   303.0  1882  1005.0  1944
  105.9  2018   84.5  1926   84.0  1895   73.1  1975   76.1  1937   83.1  1897  100.4  1953  110.1  1866   98.9  1967  117.4  1990  113.9  1911  114.1  2013   280.0  1988   207.6  2021   272.8  1840   302.4  1916  1002.1  1836
  105.7  1937   84.1  1885   83.0  1986   72.9  1850   75.7  2011   83.1  1990  100.2  1867  108.9  1841   98.9  1841  115.9  1874  113.6  1979  111.1  1837   279.1  1978   207.4  1964   271.5  1836   300.5  1874  1000.4  1876
  105.2  1972   83.8  1903   82.5  1972   72.2  1999   75.2  1889   81.0  1875   99.9  2002  108.1  1967   98.8  1952  115.8  1941  113.3  1866  110.9  1954   273.2  1941   206.8  1924   271.4  1963   300.0  2002   996.5  1958
  104.1  1853   82.9  1946   81.7  1851   71.5  1963   75.0  2009   80.9  2004   99.2  1843  107.2  1979   97.4  1930  115.5  1933  112.7  1840  110.1  1966   272.0  1903   204.3  1965   270.9  1880   299.1  1929   994.5  1883
  104.1  1866   82.3  1883   81.4  1877   71.3  1972   74.6  1902   80.7  1991   98.9  1849  107.0  1874   96.9  1975  115.4  1882  112.5  1980  108.7  1907   271.9  2001   203.3  1860   270.7  1917   298.6  1970   994.1  2006
  104.0  1913   82.3  1877   80.9  1928   70.5  1910   74.1  1981   80.5  1890   98.8  1974  105.8  1961   96.7  1992  113.8  1930  111.5  1974  108.5  1921   270.5  1945   202.6  1869   269.8  1857   298.0  2017   993.9  1988
  103.7  1840   82.1  1852   80.5  1844   69.8  1930   73.4  1877   80.2  1854   98.1  2020  104.6  1852   96.6  1932  113.7  1898  109.0  2016  108.3  2007   269.2  1899   200.0  1988   269.4  1982   297.9  1932   989.8  1880
  102.7  1965   81.8  1960   80.0  1940   69.5  1856   73.3  2000   79.8  1880   97.8  1910  104.3  1922   96.4  1995  112.9  1845  108.2  1839  107.8  1897   268.3  1956   199.4  1838   268.5  1875   296.9  1928   987.4  1935
  102.4  2023   81.5  2007   79.8  1927   68.8  1849   73.3  1931   79.6  1946   97.5  1881  103.8  1982   96.3  1875  112.6  1949  108.1  1910  105.8  1982   268.0  1943   198.7  2008   268.2  1939   296.3  1987   984.6  1845
  102.2  1945   80.9  1970   78.3  1889   67.7  1927   72.2  1962   78.8  1969   97.2  1883  103.5  2011   95.8  1892  112.5  1924  106.5  1986  104.5  1854   266.3  1892   198.2  1989   268.1  2002   296.1  2006   984.4  1918
  101.8  2015   80.6  2017   77.8  1991   67.0  1981   72.0  1999   78.3  1896   96.9  2010  102.9  1905   94.3  1958  112.1  1934  106.1  1916  104.0  2021   263.8  1998   197.9  1878   267.9  1953   295.9  2001   982.8  1987
  101.6  1926   79.7  1879   77.0  2026   67.0  1862   71.6  1973   78.2  1956   96.8  2017  100.6  1953   94.0  1858  112.1  1877  105.8  1878  103.9  1856   263.3  1936   197.4  1876   267.6  1936   295.5  1886   982.7  2017
  100.3  2026   78.8  1911   76.6  1969   66.2  2023   71.5  1904   78.1  1878   95.3  1837   99.7  1929   94.0  1923  112.0  2006  105.2  1881  103.7  1960   262.8  1867   196.5  1881   267.4  1903   295.1  1982   981.5  1920
   99.6  1942   78.2  1957   76.5  1905   66.1  1868   71.4  1985   76.9  1954   94.9  1914   99.7  1863   94.0  1925  111.9  1929  103.9  1947  102.8  2018   261.8  1884   196.3  2016   265.7  1997   294.6  1861   976.5  1839
   99.1  1977   77.9  1850   76.3  1864   65.7  1923   70.7  1926   76.8  1853   94.7  1851   99.2  1904   93.9  1897  111.7  1923  103.3  1936  102.5  2014   261.6  1837   194.5  1848   265.1  1924   293.7  1891   973.0  1993
   98.7  1944   77.2  1871   75.4  1934   65.6  1908   69.1  1908   75.9  1909   94.0  1842   98.5  1960   92.5  1978  111.2  1891  103.0  1843  101.6  1958   261.6  1873   194.5  1906   265.1  1907   290.6  1951   968.4  1948
   98.5  1903   76.6  1880   75.4  2016   65.6  1979   68.6  1912   75.8  1939   93.6  1985   98.1  1838   91.3  2022  111.2  1895  103.0  1927  101.4  1910   260.7  1987   194.2  2005   264.7  1855   289.9  1848   968.2  2016
   98.4  1867   76.0  1978   74.9  2021   65.6  1922   68.2  1891   75.5  1856   93.2  1961   98.1  1859   91.1  1922  110.9  1883  102.9  1880  101.2  2003   260.6  1986   192.9  1919   263.9  1851   289.8  2005   967.5  1891
   98.1  1922   74.8  1914   73.9  1939   65.2  1857   68.1  2012   75.3  2000   92.1  1891   97.8  1988   90.4  1891  110.1  2014  102.6  1842  101.1  2022   260.4  1970   192.4  1923   261.7  1926   288.3  2015   966.6  1924
   97.3  1912   74.6  1897   73.7  1882   64.1  1977   68.1  1898   75.1  1947   92.1  1987   97.5  2016   89.3  1878  109.1  1849  100.0  1994  100.7  1866   258.8  1931   192.1  1927   261.6  2016   288.2  1994   965.7  1974
   97.2  1910   73.1  1954   73.5  1995   62.8  1944   67.5  1965   74.8  1944   91.5  1965   97.3  2002   88.8  1908  109.0  1968   99.0  1981  100.4  1912   258.6  1983   191.6  2001   261.5  1894   285.1  1936   965.6  1978
   96.4  1895   72.8  1936   73.0  2015   62.6  1987   67.4  1885   74.7  1955   91.3  1923   96.9  1872   88.0  1849  105.9  1940   98.6  1895   99.0  1884   257.8  1967   191.6  1904   261.2  1971   284.2  1878   964.3  1909
   96.3  1976   72.7  1939   72.7  2010   61.5  1964   67.2  1894   74.4  1876   90.8  2015   96.7  1924   88.0  1874  105.8  2012   97.1  1906   99.0  1974   257.6  1957   191.1  1898   260.1  1960   280.6  1906   963.1  1936
   96.0  1869   72.4  1868   72.0  1937   61.3  1968   66.6  1854   74.2  2025   89.8  1954   95.7  1895   88.0  1836  105.1  1860   96.9  2006   99.0  1841   256.4  1999   190.5  1845   255.5  1856   279.7  1881   962.0  1939
   95.6  1970   71.1  1988   70.7  1977   60.7  1886   65.8  1910   73.9  1857   89.8  1838   95.6  1839   87.5  2018  103.8  1858   96.7  1874   98.0  1937   256.2  1870   190.3  1868   253.8  1883   279.4  2020   961.9  1982
   93.2  1980   70.4  1969   70.7  1930   60.2  1904   65.7  1913   73.6  1968   89.3  1908   95.4  1873   87.2  2006  102.7  1986   95.5  1847   97.9  1898   255.5  2015   190.2  1912   253.6  1861   278.9  1849   956.6  1983
   91.2  1932   69.8  1920   70.5  1921   59.9  1845   65.6  1881   73.5  1841   88.7  1893   94.3  1894   85.2  1864  102.6  1852   95.1  1850   97.2  1881   255.2  2012   188.3  1962   251.4  1862   277.4  1911   956.5  1992
   91.2  1846   67.6  1884   70.1  1985   59.9  1836   65.3  1890   73.0  1843   88.6  1873   93.3  1868   84.9  1931  102.0  1847   94.9  1876   96.8  1925   251.8  2018   185.0  1941   250.7  1843   276.0  1876   947.5  1910
   89.6  1878   67.3  1961   69.8  1845   58.0  1880   62.8  1918   71.1  1971   87.3  1942   93.2  1909   84.6  1877  101.8  1838   94.6  1869   96.2  1956   251.3  1846   184.8  1859   250.3  1878   274.5  1949   946.9  1869
   89.5  2005   66.6  1994   69.6  1846   58.0  1916   62.4  1879   70.9  2002   86.8  1845   92.4  2001   84.4  1848  101.1  1983   93.0  2005   96.2  1923   249.1  1962   184.7  1885   247.5  1961   273.6  1864   944.4  1846
   89.2  1982   66.4  1836   69.3  1857   57.9  1917   61.9  1858   70.8  1840   86.8  1970   92.2  1906   84.0  1953  100.9  1944   93.0  1883   95.6  2009   248.0  1975   183.9  1977   247.3  1973   273.3  1924   941.8  1977
   89.1  1946   66.1  1856   69.0  1901   57.0  1847   61.8  1842   69.8  1989   86.0  1950   91.7  1846   83.4  1881  100.8  1925   92.8  1854   95.1  1980   247.8  2025   183.6  1841   246.4  2011   272.9  2024   941.3  1863
   88.7  1854   66.1  2010   68.8  1890   56.7  1897   60.8  1845   69.4  1965   86.0  2021   90.9  1978   83.0  1963  100.6  1966   92.7  1863   94.8  1946   247.1  1860   183.3  1976   246.3  1923   272.0  1931   938.4  1894
   88.3  1931   65.9  2004   68.7  1884   56.4  1952   60.7  1947   69.1  1846   84.8  1926   89.9  1952   82.6  1948  100.2  1868   92.6  1900   94.7  1989   246.5  1863   182.9  1930   246.1  1943   272.0  2021   937.0  1926
   87.2  1969   65.5  1906   67.6  1873   56.4  1885   60.1  2022   69.0  1847   83.5  1848   89.7  1942   81.8  1987   99.5  1853   92.5  2017   93.7  1893   246.3  1852   182.8  2002   242.7  1920   268.6  1957   936.4  1961
   87.0  2009   65.4  1908   67.1  1984   56.3  1838   59.3  1867   68.9  1881   83.3  2024   89.5  1926   81.3  1960   99.3  1864   92.2  1891   93.5  1920   246.1  1866   182.4  1931   241.7  1871   268.1  1952   935.8  1969
   86.4  1958   64.1  2005   66.5  1971   56.2  1951   59.1  1933   68.5  1964   82.9  1975   89.5  1958   81.1  1868   98.6  1952   91.3  1998   93.5  2019   246.0  1897   181.5  1958   241.5  1965   265.5  1939   935.1  1956
   85.8  1868   64.1  1882   66.0  1907   56.0  1869   58.6  1873   68.1  1943   82.7  1862   88.4  1987   80.4  1857   98.4  1873   91.1  1953   93.4  1936   245.7  1913   181.4  1836   241.1  1853   265.4  2004   931.5  1985
   85.4  2003   63.8  1844   65.7  1932   55.8  1879   58.2  1864   68.0  1861   82.3  1993   88.4  1915   79.9  1886   98.0  2024   90.8  1841   92.5  1836   245.3  1881   180.5  1905   240.9  1967   265.3  1847   930.6  1878
   85.3  1894   63.7  1867   64.9  2014   55.4  1888   58.0  1953   67.1  1916   82.3  1967   88.3  1925   79.7  1926   97.7  1984   90.5  1897   91.7  1870   245.3  1938   179.9  1942   236.8  1944   265.2  1859   928.7  1922
   85.2  2002   63.4  1898   64.2  1957   55.3  2006   58.0  1849   66.9  1953   82.1  1844   88.2  2023   78.9  1942   96.8  1942   90.2  2014   90.5  1860   244.2  1885   178.5  1970   236.4  1850   265.2  1900   928.7  1914
   84.6  1934   63.1  1972   63.7  1874   55.1  1907   57.9  1872   66.7  2011   81.4  1992   86.2  2009   78.7  2005   96.5  1988   89.7  1997   90.1  1948   242.6  2003   176.7  1945   235.8  1915   263.3  1871   928.2  1862
   83.8  1951   63.0  1864   63.4  1933   55.1  1848   57.4  1934   65.6  1985   81.4  1894   86.2  1840   78.2  1956   96.4  1912   89.7  1966   90.0  1849   241.9  1908   176.5  2003   235.7  1863   263.2  1843   927.4  1957
   83.6  1952   62.9  1981   63.4  1965   54.7  1971   57.4  1941   65.5  1978   81.3  1929   85.3  1934   78.1  1985   96.1  1989   89.3  1971   89.7  1902   241.6  1965   176.4  1857   235.1  1978   261.7  1966   923.9  1907
   83.3  1947   62.0  2018   62.9  1906   54.6  1996   56.7  1944   64.1  1864   79.3  1944   84.3  1938   77.5  2011   95.7  1982   89.1  1864   88.9  1957   240.8  1933   176.4  1902   233.2  1974   261.7  2013   923.3  1875
   83.2  1904   61.3  1865   62.5  1866   54.5  1945   56.4  1988   63.2  1952   79.1  1998   84.0  1882   76.7  1911   94.5  1974   88.6  1985   88.7  1942   240.3  1952   176.2  1891   232.1  1873   261.5  1840   921.6  1925
   83.2  1957   61.0  1870   61.5  1841   54.3  1901   56.1  1917   62.7  1885   78.7  1978   83.9  2015   75.8  1844   94.1  1939   88.2  1967   88.1  1874   238.3  1840   175.2  2013   231.6  1968   260.6  1925   921.2  2025
   83.1  2025   61.0  1892   61.4  1838   54.3  1991   55.8  1964   61.9  1914   78.6  1858   83.4  1973   75.0  1961   93.2  1837   87.4  1886   87.7  1940   238.1  1850   175.0  1955   229.6  1897   260.2  1943   921.1  2011
   82.3  1927   59.9  1843   61.4  1954   54.1  1940   54.4  2005   61.5  1859   78.2  2013   83.0  2017   74.3  1934   93.1  2011   86.3  1919   86.9  1977   237.8  1951   174.5  1975   228.2  1992   259.2  1899   919.0  1970
   82.0  2012   59.4  1947   61.2  1922   53.6  1891   54.1  1852   60.8  1837   77.3  2025   82.7  1944   72.4  1862   92.3  1919   86.3  2018   85.9  1930   237.5  1947   173.9  1864   224.4  2014   257.9  1917   916.9  1984
   81.6  1837   59.2  1955   60.8  1885   53.4  1911   53.8  1963   60.7  1898   76.7  2004   82.6  1919   72.3  1940   92.1  1871   86.0  1898   85.2  1916   236.9  1955   173.8  1888   224.2  1929   257.0  1865   916.6  1892
   80.9  2000   59.0  1992   59.9  1904   52.9  1883   53.8  2019   60.3  1959   76.2  2011   82.3  1908   72.3  1893   91.3  2017   84.7  1913   84.9  1877   235.8  1921   173.6  1894   222.9  1951   256.8  1977   916.6  1932
   80.5  1918   58.9  1840   59.7  1952   52.4  1853   53.0  1893   60.3  2009   75.6  1947   82.2  1862   72.2  1845   91.2  1881   84.5  1912   84.5  1961   233.6  1868   173.0  1973   220.8  1914   255.7  1905   915.4  1906
   80.5  1917   58.7  2006   59.7  1970   52.4  1837   52.8  1921   59.4  1924   75.4  1852   82.2  1999   72.1  2004   90.8  1957   84.2  1865   84.4  1952   232.8  1981   172.9  1971   220.2  1837   254.2  1845   914.8  1868
   80.0  2013   58.6  1948   58.9  1917   52.2  1948   52.5  1949   59.2  1844   74.4  1889   81.5  1907   71.9  1867   90.6  1926   84.1  2003   84.0  1895   231.8  1875   172.9  1917   220.2  1867   254.2  1890   914.7  1990
   79.0  1991   57.8  1984   58.0  2013   51.9  1919   52.1  1995   57.5  1877   73.9  1966   80.7  1965   71.9  1988   90.6  1992   84.1  1838   83.9  2017   231.6  2011   172.7  1950   219.8  1986   253.8  1961   909.0  2022
   78.2  1874   57.2  1987   57.9  1975   51.8  1900   52.0  1952   57.3  1888   73.2  1902   80.6  1849   71.6  1879   89.9  2025   83.2  1941   83.8  1969   231.3  1904   172.6  1865   219.6  1962   252.1  1846   907.8  2001
   78.2  1857   57.2  1962   57.3  1867   51.6  1895   51.8  1914   57.3  1910   72.6  1890   80.3  1850   71.4  1966   89.8  1970   82.1  1837   83.6  1859   231.2  1882   172.0  1949   218.7  1854   252.0  1999   904.9  1897
   78.0  1968   57.1  1839   57.0  1855   51.5  1878   51.8  1882   57.0  1974   71.5  1916   79.6  1970   71.4  1982   89.1  1878   81.8  1849   83.4  1992   230.9  1946   171.8  2004   218.4  1859   250.1  1838   901.3  1861
   77.1  2011   55.8  1853   57.0  2020   51.5  1902   51.7  1996   56.6  2001   70.3  2016   79.3  1858   70.7  1853   88.1  1996   80.8  1978   83.0  1972   230.5  2023   169.0  1954   218.4  1844   249.9  2018   897.9  1843
   76.6  2020   55.5  1944   56.7  1967   51.5  1858   51.7  1971   56.3  1895   69.9  1949   78.7  1855   70.0  1973   87.8  1902   78.9  1860   81.6  1862   229.6  2010   169.0  1914   218.2  1945   249.5  1991   894.1  1963
   76.4  1954   55.5  1859   56.5  1942   50.8  2002   51.4  1880   55.5  1933   69.5  1896   78.5  1843   69.4  1998   86.8  1911   78.8  1859   81.5  1848   228.9  1997   168.8  1856   216.7  1849   248.5  1983   894.0  1934
   75.8  1985   55.5  1912   56.4  1880   50.3  1894   51.1  1887   55.2  1981   69.4  1997   78.5  1851   69.4  1951   86.3  1994   78.5  1968   80.5  1899   228.2  1849   168.1  1952   216.0  1916   248.3  1858   892.4  1943
   75.8  1925   54.2  1940   56.1  1894   50.2  1960   50.2  1998   54.9  2005   69.0  1854   78.4  1888   69.3  2016   84.9  1927   77.7  1917   80.5  1864   226.4  1898   168.0  1940   215.7  2015   248.2  1969   891.8  1895
   75.7  1924   53.0  1899   55.4  1936   50.1  1924   50.2  1863   54.8  1842   68.7  1959   77.4  1916   67.8  1847   84.6  1918   77.0  2020   80.0  1991   226.3  1911   166.7  1910   214.6  2000   247.6  1979   891.4  1849
   75.4  1959   52.6  1907   55.4  1955   49.2  1943   49.1  1950   54.8  1984   68.4  2005   77.4  1974   67.5  1970   84.5  1836   76.7  1907   79.9  1944   225.9  1969   165.8  1880   214.5  1908   247.6  1996   891.4  2005
   74.9  1981   51.8  2019   54.7  1958   48.2  2014   49.1  1929   53.9  1850   67.9  2003   77.1  1844   66.6  1980   83.8  1999   76.5  1995   79.9  1996   225.6  2005   165.5  1879   214.4  1918   246.6  1860   891.2  1919
   73.7  1870   51.7  2008   54.7  2001   47.8  1851   49.1  1977   53.7  1870   67.2  1857   76.8  1996   66.5  1842   83.4  1959   75.9  2007   79.2  1894   224.0  1857   165.4  2017   213.2  1889   246.0  1868   884.9  1911
   72.8  1856   51.6  1999   54.5  1974   47.8  1863   48.1  1961   53.4  2023   67.1  1933   76.6  1893   65.9  1905   83.3  1943   74.1  1987   79.1  1973   222.4  1918   164.2  1851   212.6  1893   243.9  1934   883.0  1915
   72.6  1979   51.3  1953   54.4  1891   47.8  1939   47.8  1946   53.1  1934   67.1  1937   76.2  1945   65.3  1945   82.7  1977   74.0  1943   78.3  1906   220.0  1861   164.0  1842   211.7  2010   243.8  1887   881.8  1937
   71.7  1933   51.3  1889   53.2  2000   47.5  1926   47.7  2017   52.7  1917   66.1  1964   76.1  1918   64.7  1884   82.6  1850   73.1  2008   77.4  2008   218.9  1887   164.0  1922   209.5  1876   242.4  1993   880.2  1940
   71.5  1862   51.2  2015   53.1  1911   46.6  1903   47.7  1987   52.1  1950   65.4  1899   76.1  1861   64.6  1873   81.8  1991   73.0  1893   76.4  1858   218.1  1901   164.0  1892   209.5  1858   240.0  1895   876.7  2018
   71.0  1916   51.1  1874   53.1  2007   45.6  1841   47.4  1884   51.8  2024   64.9  1865   75.3  1994   64.1  1838   81.4  1936   72.8  1894   76.2  1998   217.3  1878   163.7  1871   209.2  1970   238.7  1907   876.1  1859
   70.9  1941   50.9  1943   53.0  1870   45.3  2003   47.2  1900   51.6  1905   64.7  2000   75.2  1875   63.7  2021   81.0  1913   71.9  1887   75.6  1976   215.6  1902   163.3  1861   208.8  1896   238.6  1837   876.1  2013
   70.1  1850   50.7  1949   52.8  1976   45.0  1884   47.1  1909   51.6  1858   64.3  1972   75.0  2013   63.6  1909   80.9  2010   70.6  1952   75.6  1839   212.7  1993   163.2  1961   207.1  1964   238.3  1862   874.5  1856
   70.0  1882   49.1  1909   51.6  2004   44.6  1874   47.0  1850   50.5  1993   62.6  1860   74.6  2000   63.3  1837   80.8  1899   70.6  1885   75.5  1935   211.2  1871   162.5  1890   207.0  1999   236.2  1912   873.0  1899
   69.7  1843   49.0  1851   50.7  1899   44.5  1866   46.9  1957   50.5  1967   62.4  1941   74.4  1902   62.6  1969   79.2  1859   69.9  1870   75.4  1867   210.3  1906   161.9  1933   206.5  1993   235.6  1990   872.2  1997
   69.3  1971   48.5  1841   50.3  1902   42.6  1956   46.6  1875   50.3  1922   62.0  1981   74.4  1876   62.5  1860   77.4  1979   69.7  1904   74.0  1871   205.1  1865   161.6  1978   206.5  1886   235.2  1897   871.8  1896
   69.1  1836   47.4  1855   49.3  2005   42.4  1941   46.2  1870   50.2  1913   61.9  1901   73.9  1867   61.3  1947   77.3  1867   69.1  1845   73.2  1863   204.3  2009   161.1  1884   206.3  1942   234.9  1919   866.0  1837
   68.5  1859   47.2  1860   48.3  2002   42.0  1967   45.9  1874   49.9  1920   61.7  1856   73.9  2010   61.3  2007   77.1  1958   68.8  2001   72.7  1962   203.2  1842   160.2  1901   205.8  1865   233.8  1914   864.3  1929
   68.3  1841   46.8  1847   47.3  1879   41.9  1942   45.5  2025   49.7  1930   60.7  1876   73.7  1993   61.2  2020   76.6  2009   68.0  1999   72.1  2004   202.9  1972   160.2  1943   205.3  2001   232.2  1888   863.2  1917
   67.9  2010   46.6  1971   47.2  1966   41.5  1988   44.7  1960   49.7  1973   60.6  2014   72.6  1964   60.7  1851   76.3  1839   68.0  1903   71.7  1987   202.8  1851   160.0  1982   204.0  2024   231.6  1901   862.2  1871
   67.8  1908   46.5  1968   46.7  1869   40.1  1915   44.6  1927   49.4  2022   60.4  1907   72.1  1911   60.5  1890   76.1  2018   67.6  2013   71.1  1887   202.4  1914   159.7  2009   201.7  1952   230.4  1995   861.4  1874
   67.7  1923   46.4  1927   46.6  1959   39.6  1978   43.7  1948   49.2  1957   60.2  1951   71.8  2018   59.5  1882   75.2  1901   67.0  2021   70.5  1947   201.1  1989   159.1  1849   200.7  2013   229.4  1986   861.2  1972
   66.8  1955   46.3  1919   46.5  1887   39.4  1864   43.6  1975   48.8  1903   59.6  1980   71.7  1901   59.4  1938   75.1  1893   66.6  1899   70.2  1904   200.9  1944   158.0  1896   200.2  1898   229.2  1953   859.0  1838
   66.8  1914   45.8  1979   46.3  2009   39.4  1933   42.9  1883   48.5  1902   58.9  1859   71.6  1989   58.1  1977   75.0  1910   66.4  1933   68.3  1968   200.8  1924   156.5  1921   200.0  1940   229.2  1988   857.2  1867
   66.7  1842   45.3  1901   45.2  1898   38.4  2009   42.7  1982   48.5  1961   58.6  1962   71.0  2005   57.8  2013   74.9  1851   66.3  1848   67.8  1883   200.4  1859   156.3  1939   199.0  1842   228.0  1898   856.5  1847
   63.3  1892   45.0  1973   45.0  1950   38.3  2019   42.7  1992   48.2  1937   58.6  1892   70.2  1998   57.6  2003   73.6  1905   65.8  1925   67.2  1928   198.5  1890   156.2  1895   198.0  1905   227.7  1853   856.3  1947
   63.3  1865   44.7  1983   45.0  1923   38.1  1946   42.5  2016   48.1  1873   58.5  1963   69.6  1854   57.4  1913   72.0  1971   65.7  1846   67.0  1988   198.4  1976   156.0  2007   196.1  1902   226.9  1873   853.5  1890
   63.0  1887   44.5  2013   44.5  1948   38.1  1892   42.4  1915   47.5  2013   58.4  1945   68.9  2024   57.4  1990   70.2  1876   65.2  1975   66.3  1950   195.9  1982   155.7  1858   195.3  1972   226.5  1850   852.6  1879
   62.7  1844   44.3  1942   43.9  1883   37.9  1955   42.3  1930   47.4  1986   58.2  1943   67.7  1977   56.7  1937   69.5  2015   64.9  1844   65.9  1878   195.5  1954   154.5  1953   195.0  1904   225.6  2011   849.4  1962
   62.2  1839   43.9  1976   43.6  1997   37.8  1896   42.0  1857   47.3  1893   57.8  1904   67.6  1997   56.6  1979   69.5  1963   64.7  1868   65.3  1888   195.4  1876   154.4  1926   194.8  1969   225.5  1933   845.5  1945
   61.0  1885   43.5  2025   43.2  1915   37.6  1936   41.6  1855   47.3  1901   57.7  1919   66.4  1984   56.6  1916   67.9  1869   64.3  1993   65.2  1984   195.1  1895   154.2  1874   194.8  1934   223.1  1913   844.1  1976
   57.5  1940   43.4  1905   43.1  1960   37.6  1887   41.1  1897   46.1  2014   57.3  1971   65.1  1883   56.3  1919   67.3  1887   63.9  1873   65.2  1967   194.8  2019   153.5  1995   194.4  2005   222.5  2016   843.2  1885
   57.1  1935   43.0  2012   42.8  2003   36.1  2015   40.0  1911   46.0  1867   56.8  1994   65.1  1975   55.3  1912   67.2  1854   62.5  1962   64.3  1981   194.6  1893   150.5  1928   190.9  1921   221.0  1842   836.4  1840
   55.8  1891   42.7  1878   42.7  2022   36.1  1881   40.0  1846   45.7  1891   56.8  1900   64.1  1837   54.4  1914   67.2  1993   61.7  1932   63.4  1932   194.1  1959   150.3  1997   189.4  1977   220.3  1893   835.9  1898
   55.2  1845   42.6  1956   42.2  1858   35.7  2022   39.5  1984   44.5  1906   56.4  1934   64.0  1914   54.3  1889   66.6  1937   61.4  1976   62.8  1889   192.8  1917   149.8  1959   189.2  1874   220.3  1941   833.5  1888
   55.2  1898   42.4  1982   42.2  1853   35.6  1929   39.4  1871   43.2  1929   56.2  2001   63.7  1949   54.2  1920   65.3  1866   61.2  1908   60.8  1913   192.5  1996   148.7  1991   189.2  1941   219.5  1959   833.5  1908
   55.0  2001   41.9  1857   41.6  1925   35.5  1990   39.1  1994   43.0  1908   55.7  1928   63.6  1939   54.1  1917   63.5  1921   60.9  1921   60.4  1861   192.3  1949   147.4  1873   187.6  1911   218.3  2014   830.9  1949
   54.9  1967   41.3  1913   41.3  1865   35.1  1860   38.9  1990   42.9  1994   53.6  1874   63.1  1969   53.6  1991   61.0  1956   60.8  1990   60.1  1995   189.8  1968   146.6  1911   186.7  1979   217.2  1889   830.9  1952
   54.3  1950   41.1  1854   41.1  1871   34.8  1918   38.5  1928   42.8  1970   52.9  1969   60.9  1896   53.4  1870   61.0  1948   60.8  1988   59.5  2005   189.4  1838   142.0  1866   186.5  2025   216.0  1909   828.0  1942
   53.9  1966   41.0  1838   40.9  1837   34.4  1958   37.4  2001   42.1  1899   50.3  1991   60.5  1885   52.4  1955   61.0  1955   60.4  1915   59.5  1908   187.5  1992   141.4  1850   185.5  1932   214.7  1985   827.3  2010
   53.8  1901   40.4  1938   40.6  1946   33.4  2013   37.3  1922   41.0  2010   50.2  1996   60.4  2021   48.8  1850   60.8  1973   59.9  1961   59.5  1939   187.5  2017   140.4  1948   182.4  1906   214.0  1894   823.4  1913
   53.7  2017   40.0  2009   40.1  1878   33.2  1921   36.9  1901   41.0  2015   50.0  1986   58.9  1836   48.0  1964   60.4  1950   59.8  1924   59.2  1903   185.4  1886   139.6  1883   180.8  1901   209.2  1942   818.5  1941
   53.1  1902   39.1  1902   39.5  1949   32.8  1976   36.7  1978   40.4  1979   48.5  1952   58.9  1853   47.0  1997   59.6  1844   59.6  2024   58.9  1945   185.0  1864   138.5  2022   179.8  2006   207.4  1856   817.3  1889
   52.2  1909   37.5  1842   37.8  1962   32.6  1861   36.7  1868   39.8  1983   47.5  2022   58.3  1935   46.3  1854   59.6  1890   57.6  1892   58.8  1927   183.6  1843   138.0  1960   179.0  1990   206.3  1854   813.4  1991
   51.7  1973   36.8  2003   37.4  1863   31.6  1865   36.3  1936   38.7  1869   47.3  2018   58.0  1936   43.6  1933   57.9  1856   57.5  1853   58.2  1975   182.5  1942   137.4  1996   178.6  1935   205.2  1978   808.4  1865
   51.5  1949   36.5  1846   36.9  1918   31.2  1906   36.2  2004   37.9  1904   46.8  1887   57.8  1847   43.1  2015   57.6  1914   57.5  1934   57.7  2001   181.5  1856   136.8  1980   177.2  1919   204.9  1855   799.0  1850
   50.9  1929   36.1  1896   36.2  1926   31.1  1928   35.7  1974   37.3  1886   46.7  1925   57.5  1968   42.4  1904   57.5  1995   56.1  1902   57.3  1846   180.8  1879   135.7  1944   177.2  1884   204.3  1962   798.9  1884
   49.1  1847   35.9  1849   35.3  1945   30.7  1870   35.1  1866   37.2  1849   46.4  1948   55.1  2007   41.5  2009   56.4  1964   56.0  1948   57.2  1875   179.8  1973   135.4  1863   176.0  1975   202.3  1975   798.6  1870
   48.9  1864   35.7  1863   35.1  1847   28.7  1914   34.7  1851   36.9  1919   45.7  1906   54.9  1990   41.0  1846   55.2  1884   55.6  1989   56.2  1970   175.0  1855   135.2  1887   175.0  1994   201.2  1958   795.5  1857
   48.6  1848   35.4  1888   34.6  1956   28.4  1890   34.6  1939   35.5  1988   44.1  1921   54.2  1920   40.6  1939   54.2  1953   55.5  1918   55.3  1931   172.1  1971   134.5  1918   174.7  1989   201.0  1945   795.1  1901
   48.4  1992   34.2  1998   32.3  1849   28.0  1995   34.1  1919   35.0  1996   43.4  1905   54.1  1981   40.3  1900   54.0  1920   54.9  2011   54.1  1917   171.8  1953   134.4  1935   172.5  2021   200.3  1844   793.1  1851
   48.1  1897   33.8  1873   32.3  1924   27.1  1997   33.9  1940   33.9  1951   41.0  1990   53.9  1886   38.8  2002   53.5  1997   54.8  1964   54.0  1842   171.1  1940   130.0  1870   171.3  1981   199.6  1948   791.5  1853
   47.0  1996   33.3  1875   31.1  1892   26.7  1875   33.8  1837   33.9  1960   39.7  1995   52.5  1887   38.8  1996   52.0  1842   53.8  2004   53.1  2016   167.2  1854   129.3  1936   170.4  2003   198.2  1908   791.0  1995
   46.1  1911   32.7  1845   31.0  1996   25.7  2010   33.1  2018   31.5  1918   39.0  1983   51.9  1870   37.8  1888   51.9  1857   53.5  1957   51.9  1879   165.8  1907   129.2  1839   168.2  1991   197.3  1910   785.5  1864
   44.6  1889   31.8  1887   30.8  1843   25.5  1855   32.3  1956   31.4  1992   39.0  1979   50.2  1869   37.3  1901   51.5  1931   53.3  1857   48.5  1865   162.5  1896   127.1  1837   162.7  1937   190.2  1997   784.9  1953
   43.7  1893   31.2  1963   30.7  1854   25.0  1844   32.1  2023   29.8  1932   38.1  1863   50.2  1842   36.7  1972   50.8  1897   51.4  1955   46.7  1943   161.8  1839   126.5  1946   162.1  1996   189.3  2003   779.8  1873
   43.6  2006   29.4  1862   30.6  1990   25.0  1839   31.8  1848   29.5  1995   38.1  2006   49.1  1871   36.0  1921   49.1  1888   50.5  1858   46.6  1850   161.7  2006   126.2  2011   161.1  1885   189.1  1971   777.7  1989
   43.2  1987   28.9  1924   30.4  1910   21.2  1873   30.9  1853   29.3  1942   37.9  1885   49.0  1864   35.6  1902   48.4  1840   50.2  1973   46.0  1953   161.3  1862   125.7  1957   159.7  1933   186.5  1947   777.1  1973
   43.1  1876   28.3  1975   30.4  1935   21.1  2011   30.7  1888   29.2  2018   37.9  1917   48.5  1880   35.6  1949   48.3  1965   48.2  1855   43.7  1857   161.2  1874   125.7  1915   158.1  1947   185.5  1857   777.0  1904
   42.5  1896   28.1  1890   29.4  2011   20.6  2017   28.9  2008   28.7  1874   35.9  1897   47.5  1932   35.3  1929   48.2  1908   47.9  1983   42.6  1855   161.1  1889   125.5  1853   158.1  1847   181.0  1973   774.7  1854
   42.4  1871   27.4  1886   28.7  1938   20.1  1840   27.7  1905   28.6  1962   34.6  1976   47.4  1937   32.4  1928   48.0  1985   47.7  1884   42.6  1838   160.8  1909   124.4  1938   156.1  1949   180.8  1972   773.6  1971
   42.3  1989   27.2  1917   28.6  1961   19.6  1982   27.0  1980   28.0  1975   34.2  1955   43.9  1913   31.1  1915   47.6  2003   47.4  1920   42.2  1892   160.0  1927   124.1  1855   148.2  2018   180.1  1867   772.1  1893
   40.3  2019   27.1  2023   27.5  1943   19.1  2007   25.4  1861   27.1  2006   33.3  1999   42.7  2022   30.2  1895   46.5  1861   47.3  1871   40.2  1885   159.6  1932   123.6  1900   146.6  1959   179.6  1902   760.0  1975
   39.7  2022   26.6  1964   27.4  1973   18.3  1954   25.4  1989   26.5  1923   33.2  1989   39.6  1884   29.2  1906   44.3  2016   46.7  1879   38.9  2010   153.1  1847   122.7  2010   146.1  1984   178.2  2007   759.6  2003
   37.6  1888   26.0  1986   26.0  2025   18.1  1854   24.9  1876   26.2  2021   32.6  1864   38.7  1972   28.3  1898   42.7  1879   46.3  1937   38.6  1941   153.0  1985   121.9  1984   145.7  1864   176.1  1989   759.3  1996
   37.3  1838   25.0  1952   25.6  1875   15.4  1984   24.2  2010   26.0  1915   31.9  1977   37.2  1991   27.8  1971   41.0  2007   45.7  1922   37.4  1853   148.6  1905   116.4  1840   140.7  1899   174.6  1956   758.7  1921
   37.0  1858   24.9  1929   25.5  2012   15.2  2025   24.2  1959   23.7  1865   31.3  1935   37.1  1933   24.5  1989   40.3  1975   44.5  1856   36.3  1851   148.3  1844   115.4  1854   139.9  1925   174.1  1922   758.4  1959
   36.7  1963   24.4  1930   25.2  1893   15.0  1842   22.5  1935   23.5  1884   31.3  1847   36.9  1983   21.9  1894   38.2  1915   41.9  1896   34.5  1971   145.1  1880   113.8  1844   139.6  2022   172.6  1851   750.2  1964
   36.1  1953   23.7  1965   24.6  1900   15.0  1852   20.5  1895   22.5  1949   30.5  1982   36.3  1940   21.3  1941   37.4  1962   37.2  1889   33.1  1963   144.1  1888   109.6  1956   139.2  1955   169.7  1937   746.8  1933
   35.9  1861   19.5  1895   23.5  1993   14.9  1893   18.5  1970   22.1  1940   27.5  1898   35.0  2025   21.3  1855   37.2  1922   37.0  1851   31.9  1873   143.0  1929   105.0  1990   131.1  1870   167.6  1884   743.2  1905
   35.3  1879   17.2  1993   23.1  1953   14.6  1957   17.2  2020   20.5  1976   27.0  1878   33.2  1899   20.2  1986   36.1  1904   36.7  1862   31.3  1926   140.5  1963   104.7  1974   125.6  1868   164.7  1955   742.3  1842
   35.0  1905   17.1  1959   21.5  1850   14.6  1974   17.1  1896   16.8  1868   26.4  1913   30.3  1955   18.0  2014   32.0  1978   35.4  1956   30.6  1905   139.8  1841    98.9  1875   120.5  1913   161.1  1879   742.0  1858
   34.9  1907   16.2  1934   21.4  1931   13.8  2020   16.6  1991   16.7  1889   25.5  1870   19.1  2003   17.8  1907   31.9  1951   34.4  1909   27.4  1890   123.1  1934    97.7  1929   115.8  1983   160.5  1921   734.1  1902
   34.8  1964   15.1  1858   16.1  1944   13.8  1912   15.7  1839   16.2  1941   25.0  1869   17.5  1959   17.6  1865   30.1  1946   33.4  1942   23.1  1840   101.0  1845    93.1  1893   114.0  1869   159.2  1964   719.5  1955
   23.1  1855   13.1  1932   14.1  1852   12.6  2021   11.0  1859   12.0  1921   24.9  1984   16.7  1976   17.0  1843   28.6  1969   30.8  1867   22.3  1933    95.8  1858    88.0  2020   109.8  1887   155.6  1920   706.9  1855
   21.5  1881   11.9  1985   13.1  1929   10.0  1938    8.9  1836   10.5  1887   18.3  1911   12.5  1995   15.1  1959   27.8  1972   29.8  1958   21.9  1843    94.4  1964    86.8  2025    81.7  1995   148.2  1904   672.1  1844
   16.6  1880    8.0  1921   12.7  1840    9.4  1980    8.3  1844    4.9  1925   15.5  1868    7.5  1947   14.2  1910   21.3  1947   17.5  1945   13.1  1844    89.0  1891    83.2  1852    71.8  1976   129.7  1915   654.6  1887
   13.1  1997    5.9  1891   10.8  1856    ---  2026    ---  2026    ---  2026    ---  2026    ---  2026    ---  2026    ---  2026    ---  2026    ---  2026     ---  1836     ---  2026     ---  2026     ---  2026     ---  2026
