Areal values from HadUK-Grid 1km gridded climate data from land surface network
Source: Met Office National Climate Information Centre
Monthly, seasonal and annual number of days in the month with precipitation amount >= 1mm for England N
Areal series, starting in 1891
Last updated 01-Apr-2026 11:35
    jan  year    feb  year    mar  year    apr  year    may  year    jun  year    jul  year    aug  year    sep  year    oct  year    nov  year    dec  year     win  year     spr  year     sum  year     aut  year     ann  year
   22.7  1948   20.8  1923   21.4  1947   21.9  1920   22.4  1967   21.6  1912   21.1  1988   22.5  1917   24.0  1918   26.6  1903   22.1  2009   22.5  1911    56.1  1915    52.2  1920    58.2  1912    56.4  2000   178.2  1903
   22.2  2014   19.9  2020   19.7  1981   18.2  1998   20.9  1924   19.7  1907   21.0  1920   21.5  1912   20.1  1896   22.1  1976   21.5  1944   22.4  1915    55.5  1910    49.2  1983    49.8  2012    56.1  1954   176.2  1923
   22.2  1928   19.7  1916   19.6  2023   17.9  2012   18.3  1983   18.6  1987   19.1  1939   20.7  1956   18.9  1950   21.6  1906   21.4  1946   22.1  1929    55.1  2014    49.1  1979    49.4  1956    55.7  1903   172.3  1900
   21.0  2008   19.7  2002   19.6  1897   17.9  1932   18.1  1969   18.5  1948   19.1  2009   20.5  1891   18.5  1954   21.1  1907   20.5  1951   21.9  1914    54.9  1916    46.5  2024    49.4  1958    55.6  1935   172.3  1954
   20.6  1895   19.6  1910   18.9  1912   17.4  2000   18.1  1925   17.9  1980   18.9  2023   19.9  1954   18.2  2017   20.9  1916   20.3  1960   21.3  1934    54.1  2016    45.9  1908    47.7  1907    53.9  1960   171.9  1912
   20.4  2016   18.5  2026   18.9  1913   17.0  2024   17.8  1902   17.7  1935   18.6  1931   19.3  1985   17.4  1974   20.8  1932   20.3  1963   21.1  1959    52.7  1912    45.3  1947    47.6  1946    53.8  1944   171.7  1916
   20.4  1984   18.3  1925   18.9  1914   16.7  1905   17.6  1979   17.6  2012   18.3  1936   18.7  1923   17.4  1927   20.7  1896   20.0  2025   21.1  2015    51.6  1900    45.1  1913    47.3  1954    51.2  2019   170.3  2000
   20.1  1900   17.6  1904   18.5  1903   16.6  1931   17.3  1932   17.5  1991   18.1  1960   18.7  1927   16.8  1965   20.4  1960   20.0  1970   21.0  1919    51.4  1960    45.1  1932    47.2  1927    49.7  1923   168.2  1927
   19.9  1939   17.6  1990   18.1  2024   16.6  2001   17.1  1907   17.4  1958   17.9  2007   18.5  1950   16.7  2000   19.8  2013   20.0  1935   20.6  2023    51.4  2021    45.0  1986    46.9  1931    49.6  1918   167.3  1928
   19.6  1943   17.6  2022   17.8  1988   16.2  1899   16.9  1976   17.3  1998   17.6  1922   18.3  2004   16.5  1924   19.8  2000   19.9  2000   20.6  2020    50.8  1939    44.0  1981    46.1  1924    49.4  1974   167.3  1930
   19.0  1990   17.5  1977   17.7  1916   16.2  1950   16.9  1906   17.2  1997   17.5  1940   18.1  1951   16.5  1957   19.7  1892   19.6  1900   20.6  1993    50.8  1923    43.8  1925    46.0  2020    49.1  1896   166.9  1960
   18.7  1938   17.5  1915   17.6  1896   15.8  2008   16.7  2021   17.0  1972   17.4  1915   18.1  1943   16.3  1935   19.5  2020   19.5  2015   20.3  1999    50.7  1995    43.6  2006    46.0  1985    48.8  2022   165.9  2023
   18.7  1921   17.3  1937   17.2  1908   15.7  2016   16.5  1958   16.8  1928   17.4  1953   18.1  1897   16.3  1968   19.3  1935   19.2  1929   20.1  1896    50.5  2026    43.1  1903    45.9  2004    48.6  1938   164.9  2012
   18.6  2004   17.1  2014   17.1  1994   15.7  1925   16.0  2003   16.3  2020   17.3  1924   18.0  1930   16.1  1899   19.2  1998   18.9  1954   19.7  2011    50.1  1894    42.4  1967    44.6  1963    48.4  1950   164.0  1958
   18.6  1975   17.1  1941   17.0  1979   15.6  1910   15.9  1894   16.1  1945   17.1  1909   17.9  2008   16.0  1946   18.7  1909   18.8  1982   19.6  1986    50.0  1922    42.3  1899    44.3  2008    48.2  1984   163.6  1906
   18.6  1919   17.0  1900   17.0  1909   15.5  1983   15.7  1892   16.0  1946   17.0  2012   17.8  1921   15.7  2019   18.7  1954   18.8  1992   19.4  1978    49.1  1920    42.3  1897    44.2  1900    48.2  2025   163.4  1924
   18.6  1894   16.9  1931   17.0  1905   15.4  1975   15.6  1926   15.9  1990   17.0  1895   17.7  1963   15.7  1984   18.6  1961   18.7  2019   19.2  1918    48.8  1994    41.9  1907    43.7  1894    47.9  1930   163.3  1950
   18.5  1986   16.7  1893   16.8  1992   15.4  1970   15.4  2006   15.8  1900   16.9  1957   17.7  1941   15.5  1944   18.6  1934   18.7  1950   19.1  1909    48.4  1990    41.2  1916    43.5  1953    47.5  1976   163.3  2008
   18.5  1999   16.5  2000   16.8  2008   15.2  1961   15.4  2014   15.5  2007   16.7  2017   17.6  1946   15.5  1930   18.6  1900   18.7  1926   19.1  1979    48.0  1937    41.1  1969    43.3  1930    47.4  1980   163.3  1894
   18.5  1988   16.3  1995   16.7  2006   15.1  1986   15.4  1986   15.5  1892   16.3  1918   17.5  1903   15.4  2025   18.6  2004   18.6  1914   19.1  1965    47.8  2000    41.1  1972    43.0  1957    47.1  1932   163.2  1998
   18.3  1956   16.2  1958   16.2  2018   14.8  1992   15.4  1899   15.4  1982   16.1  1932   17.3  1905   15.3  2001   18.6  1967   18.4  2010   18.9  1938    47.7  2024    40.6  1963    42.9  1922    46.7  2023   162.6  1907
   18.1  1936   16.2  1997   16.0  1928   14.8  1930   15.3  1981   15.4  1931   15.9  1938   17.2  1910   15.2  1952   18.5  1923   18.4  2002   18.8  2009    47.6  1931    40.5  1937    42.7  1987    46.6  1891   162.4  1920
   18.0  1922   16.2  2011   16.0  1995   14.8  1935   15.2  1972   15.0  1963   15.7  1958   17.1  2014   15.0  1923   18.5  1917   18.1  1919   18.8  2012    47.4  1948    40.1  1909    42.7  1948    46.1  1900   161.2  1966
   17.9  1926   16.2  1966   16.0  1980   14.7  1966   15.0  2002   14.8  1927   15.6  1930   17.0  1960   15.0  1925   18.4  2022   17.9  1928   18.5  1901    47.3  1980    39.7  1904    42.6  2009    46.0  1892   160.8  1910
   17.9  1970   15.9  1894   15.7  1920   14.5  1913   14.8  1955   14.1  2016   15.2  2015   16.9  1924   14.7  1903   18.3  1928   17.9  1911   18.2  1900    47.2  1984    39.7  1902    42.4  2017    45.8  1967   160.6  1922
   17.9  1899   15.9  1951   15.5  1927   14.4  1979   14.7  2015   14.0  2019   15.1  1912   16.8  1957   14.7  1992   18.2  1938   17.8  1905   18.0  1910    47.0  2007    39.6  1992    42.4  1909    45.6  1982   160.1  1918
   17.8  1993   15.9  1950   15.4  1983   14.3  1937   14.7  1923   13.9  1944   15.0  1954   16.5  2006   14.4  1962   17.7  1891   17.7  1949   17.9  1949    47.0  1956    39.5  1999    42.3  1980    45.3  1927   160.0  2014
   17.8  1920   15.2  2007   15.2  1895   14.2  1989   14.5  1920   13.9  1956   14.9  1993   16.5  1928   14.4  1967   17.6  1902   17.7  1939   17.8  2021    47.0  1926    39.3  1951    42.1  2007    45.2  1981   159.5  1931
   17.8  1972   15.0  1935   15.2  1934   14.2  1908   14.5  1908   13.5  1896   14.9  1956   16.3  1958   14.3  1981   17.6  1930   17.6  1969   17.5  1994    46.8  1957    39.1  1934    42.1  1938    45.1  1998   159.3  1951
   17.7  1930   14.8  1922   15.1  1951   14.1  1927   14.5  2009   13.5  1966   14.9  2020   16.2  1929   14.2  1976   17.4  1980   17.5  1913   17.4  1966    46.8  1919    38.9  1905    42.0  1960    45.1  1992   159.0  1946
   17.7  1906   14.7  2024   15.1  1989   14.1  1934   14.4  1891   13.3  1926   14.7  1903   16.2  1894   14.2  1892   17.3  1894   17.5  1984   17.4  1891    46.7  1935    38.7  1998    41.9  1998    44.8  2010   158.8  2004
   17.6  2026   14.3  2021   15.1  1978   14.1  1965   14.3  1945   13.2  2017   14.7  1893   16.2  1982   14.2  2010   17.0  2006   17.4  1959   17.2  1921    46.4  2010    38.7  1927    41.7  1895    44.2  2001   158.0  1909
   17.4  1961   14.3  1978   14.9  1977   14.1  1963   14.0  1910   13.2  2004   14.6  2008   16.1  1900   14.1  1932   17.0  1981   17.4  1895   17.2  1956    46.2  1897    38.5  1988    41.5  1939    44.1  1905   157.2  1926
   17.4  1994   14.2  1980   14.7  1999   14.0  1994   13.8  1898   13.2  1894   14.4  1998   15.8  1895   14.0  1958   16.9  2001   17.2  2022   17.1  1946    46.1  1966    38.3  1994    41.5  1988    44.1  1916   157.1  1980
   17.3  1912   14.1  1996   14.7  2019   13.8  1977   13.5  1973   13.0  1916   14.4  2004   15.7  2011   14.0  1994   16.8  1944   17.2  1940   16.9  1952    46.0  1930    38.1  2008    41.2  1928    44.1  2006   156.9  2002
   17.2  2007   14.1  1945   14.6  1921   13.7  1993   13.5  2007   13.0  1964   14.3  1894   15.3  1906   13.9  1975   16.7  2019   17.1  1980   16.9  1912    45.9  1977    38.0  1906    41.0  1891    43.9  1946   156.4  1938
   17.2  2018   14.1  1954   14.6  1986   13.6  2005   13.4  1931   12.8  1985   14.3  1942   15.3  1915   13.8  1908   16.7  2023   17.0  1996   16.9  1974    45.6  2020    37.7  2023    40.8  2019    43.9  1926   155.9  1967
   17.0  1978   14.1  2010   14.6  1937   13.6  1922   13.4  2011   12.7  1897   13.9  1946   15.2  1961   13.7  1995   16.3  2014   16.9  1938   16.9  1955    45.6  1970    37.6  1894    40.7  1950    43.7  1963   155.7  2020
   17.0  1937   13.9  1926   14.6  1919   13.6  1904   13.4  1903   12.7  2011   13.9  1923   15.1  2012   13.7  1922   16.3  1895   16.7  1977   16.9  1923    45.3  1925    37.4  1930    40.5  1903    43.5  2012   155.6  1999
   17.0  1960   13.8  1898   14.2  1963   13.4  1909   13.2  1968   12.6  1938   13.9  1974   15.1  1992   13.7  1891   16.3  1929   16.6  2023   16.7  1983    45.2  1943    37.3  1924    40.5  1910    43.5  2017   155.3  1965
   16.9  1995   13.8  1933   13.9  1922   13.4  1985   13.1  2022   12.6  1999   13.9  1985   14.9  1978   13.7  1943   16.2  1987   16.4  1997   16.7  1922    45.1  1951    37.2  1965    40.4  1966    43.4  1928   155.0  1897
   16.9  1927   13.8  1918   13.9  1901   13.4  2004   13.0  1962   12.5  1943   13.8  1907   14.9  2020   13.7  1942   15.7  1982   16.4  1974   16.7  1906    44.9  1904    37.2  1914    40.1  1943    43.1  1906   155.0  1891
   16.8  1910   13.8  1957   13.8  1982   13.3  1964   12.9  2013   12.4  1971   13.8  1970   14.9  1922   13.6  1999   15.7  1966   16.2  1931   16.5  1920    44.7  1892    37.1  1985    40.0  1917    43.1  1970   155.0  1919
   16.7  1915   13.8  1970   13.8  1972   13.2  1959   12.9  1904   12.4  1954   13.7  1927   14.8  1902   13.6  2012   15.6  1974   16.2  1923   16.5  1985    44.7  2002    37.0  1891    40.0  1997    42.3  1961   154.9  2019
   16.7  1974   13.8  1969   13.7  1970   13.1  1897   12.7  1951   12.1  1902   13.7  2002   14.8  1948   13.4  2023   15.5  2021   15.9  1965   16.5  1937    44.5  1961    36.8  2000    39.9  1936    41.7  1952   154.8  1979
   16.5  2021   13.8  1892   13.5  1939   13.0  1917   12.7  1938   12.1  1898   13.6  1965   14.8  1962   13.4  1938   15.5  2002   15.7  1966   16.4  1951    44.5  1941    36.8  1977    39.8  1902    41.7  1968   154.8  2009
   16.5  1983   13.6  1906   13.4  1987   13.0  1907   12.7  1942   12.0  1936   13.5  1891   14.7  1926   13.3  1983   15.4  1898   15.7  1906   16.4  2002    44.4  1928    36.5  1898    39.8  1923    41.6  1925   154.7  2024
   16.3  1962   13.6  1974   13.4  1985   12.9  1953   12.6  1933   12.0  2025   13.2  1966   14.7  1979   13.2  1960   15.3  1989   15.6  2014   16.3  1924    44.4  1936    36.2  1917    39.5  2023    41.6  1911   154.7  1935
   16.1  2015   13.4  2017   13.3  2017   12.8  1901   12.5  1965   12.0  1947   12.9  2024   14.7  1988   13.1  1936   15.3  2011   15.6  1979   16.2  1916    44.2  1978    35.9  2014    39.2  1926    41.5  1940   154.7  1944
   16.0  1913   13.4  1955   13.2  1904   12.7  1919   12.4  1954   11.8  1939   12.9  1902   14.7  2019   13.1  2022   15.0  1984   15.5  1998   16.2  1942    43.9  2018    35.9  1966    38.8  2011    41.3  1934   154.2  1896
   16.0  1931   13.4  1914   13.2  1957   12.6  1969   12.3  1963   11.8  2008   12.7  1947   14.6  2001   13.1  2024   15.0  1990   15.5  1972   16.1  1958    43.4  1999    35.7  1923    38.7  1920    41.3  1924   153.9  1914
   15.9  2003   13.3  1960   13.1  1940   12.6  1999   12.2  1999   11.8  1924   12.7  1944   14.6  1986   13.1  1897   14.9  1901   15.4  1910   16.0  1897    43.3  2022    35.7  1910    38.7  1978    41.3  2004   153.7  1925
   15.8  1957   13.1  2018   13.0  1917   12.5  1894   12.0  1916   11.7  1953   12.6  1978   14.4  1925   13.1  1893   14.7  1918   15.4  2012   15.9  1907    43.2  1938    35.6  1950    38.2  1897    41.3  2020   153.7  1974
   15.7  1904   13.0  1912   12.7  1906   12.4  2018   11.9  1921   11.4  1977   12.5  1975   14.4  1953   12.9  1980   14.7  1925   15.3  1893   15.7  2013    42.9  1974    35.5  1964    38.1  2016    41.3  2013   153.5  2015
   15.7  1965   13.0  1897   12.7  1998   12.3  1947   11.9  2005   11.4  2002   12.5  2010   14.4  1934   12.8  1993   14.6  2012   15.3  2006   15.7  1954    42.8  1958    35.4  1922    38.1  1915    41.0  1994   153.5  1892
   15.5  1998   12.8  1908   12.6  1911   12.3  1898   11.8  1988   11.4  1965   12.5  1914   14.3  2009   12.7  2008   14.6  1996   15.2  1891   15.7  1893    42.8  1901    35.4  1931    37.8  1892    40.9  1929   152.8  1994
   15.4  1985   12.7  1928   12.4  1991   12.1  1972   11.8  1913   11.3  1909   12.5  1910   14.1  1898   12.7  1934   14.6  2005   15.2  1986   15.4  1997    42.7  1947    35.3  1968    37.7  1916    40.9  1893   152.3  1895
   15.2  1942   12.7  2001   12.3  1891   12.0  1940   11.8  1943   11.2  1968   12.4  1916   14.1  1907   12.6  1905   14.5  1924   14.9  1985   15.3  1898    42.7  1899    35.2  2005    37.7  1965    40.6  2008   152.3  1988
   15.2  1952   12.6  2016   12.2  1902   11.8  1973   11.7  1966   11.2  1978   12.3  1900   14.0  1909   12.4  1978   14.3  1983   14.9  1930   15.3  1960    42.6  1945    35.2  1901    37.5  1896    40.6  2009   152.1  2017
   14.9  1945   12.5  1989   12.1  1930   11.6  1949   11.7  1937   11.0  1955   12.2  1997   13.9  1980   12.2  1961   14.1  1952   14.8  1927   15.2  2000    42.3  2008    35.1  1921    37.1  1951    40.5  1966   151.8  1934
   14.9  1951   12.4  1903   12.0  1933   11.6  1916   11.6  1947   10.9  1959   12.1  2019   13.9  1904   12.1  1926   14.1  1940   14.8  1916   15.2  1998    42.2  1950    34.9  2018    36.6  1893    40.4  1917   151.6  1902
   14.9  1903   12.3  1988   12.0  1964   11.5  2006   11.6  2000   10.8  1910   12.1  1950   13.8  1942   11.9  2011   14.0  2008   14.8  1936   15.2  1925    41.9  1975    34.8  1919    36.5  1944    40.3  1919   151.6  1986
   14.7  1944   12.1  1940   11.9  1971   11.5  1951   11.5  1993   10.7  1981   12.0  2016   13.8  1893   11.8  1948   14.0  1988   14.5  1941   15.0  2018    41.4  1967    34.5  1926    36.3  1918    40.2  1936   151.3  1963
   14.5  1981   12.0  1939   11.9  1907   11.4  1962   11.5  1997   10.7  1952   12.0  1908   13.7  1967   11.8  2006   13.9  1986   14.3  1903   14.9  1980    41.2  2004    34.5  2015    36.2  1945    39.9  1987   151.2  1970
   14.5  1977   12.0  1967   11.7  1968   11.3  2023   11.5  2024   10.7  2003   11.9  1963   13.7  1966   11.7  1909   13.9  1933   14.3  1991   14.7  1930    41.0  1988    34.5  1989    36.1  1982    39.7  1895   150.7  1936
   14.4  2023   11.9  1956   11.6  1936   11.2  1903   11.2  1987   10.6  1917   11.9  1987   13.5  1938   11.5  1987   13.9  1942   14.0  1907   14.6  1935    40.9  1913    34.4  1958    35.9  2002    39.7  1943   150.5  1948
   14.3  1947   11.8  1944   11.5  1967   11.1  1923   11.0  1949   10.5  1911   11.9  1973   13.5  1908   11.5  2004   13.9  1941   14.0  1994   14.6  1899    40.8  1986    34.4  2001    35.9  1993    39.6  1913   150.4  1939
   14.2  1946   11.8  1946   11.4  2015   11.1  1911   10.8  1914   10.5  2000   11.8  1933   13.5  1896   11.3  1955   13.8  1939   13.9  2008   14.6  2006    40.8  1903    34.2  2016    35.5  1929    39.4  2005   150.4  1957
   14.1  2009   11.8  1901   11.2  1975   11.0  1896   10.8  1912   10.5  2024   11.8  2021   13.4  1971   11.2  1947   13.7  1905   13.9  1981   14.4  2025    40.5  2012    34.1  1928    35.5  2015    39.4  1965   150.4  1981
   14.1  1958   11.8  1961   11.2  1941   11.0  1939   10.5  1930   10.4  1922   11.4  1992   13.3  2023   11.2  2005   13.5  1911   13.7  1898   14.4  2022    39.9  1918    34.0  1970    34.9  1974    38.9  1907   150.1  1985
   14.0  1917   11.8  1911   11.1  1954   10.9  1924   10.4  2019   10.4  1901   11.3  2025   13.3  2000   11.1  1982   13.4  1949   13.6  2005   14.4  1950    39.8  1955    33.8  1987    34.8  2014    38.6  1909   149.9  1978
   14.0  1980   11.7  1972   11.1  1915   10.8  1926   10.3  1950   10.4  1913   11.2  1951   13.3  2010   11.1  1945   13.3  1968   13.6  1947   14.3  2019    39.6  2013    33.5  1975    34.5  1906    38.4  1902   149.8  1917
   13.9  2012   11.7  1936   11.1  1984   10.3  1945   10.3  1985   10.4  2005   11.1  1926   13.2  1892   11.0  1956   13.2  1927   13.6  2003   14.2  1990    39.6  1983    33.4  1962    34.4  1991    38.1  1957   149.7  2016
   13.9  2002   11.6  1948   11.1  2014   10.3  1968   10.2  1917   10.4  1969   11.1  2003   13.1  1999   10.9  1973   13.1  1926   13.5  1943   14.1  1984    39.4  2015    33.0  1933    34.4  2000    38.1  2002   149.1  1956
   13.8  1934   11.3  1905   11.0  2013   10.3  1900   10.2  1964   10.3  1933   10.9  1968   12.9  1931   10.9  2016   13.1  1958   13.3  1917   14.1  1895    39.4  1962    33.0  2002    33.6  1971    37.9  1977   148.2  2006
   13.7  2013   11.3  1947   11.0  1974   10.3  1891   10.2  1995   10.3  1919   10.8  1904   12.9  2015   10.9  1963   13.1  1994   13.3  2016   14.1  1940    39.4  1893    32.8  1940    33.6  1972    37.8  1949   148.0  1977
   13.7  1918   11.2  1991   10.8  1952   10.2  1943   10.1  1929   10.3  1929   10.8  1899   12.6  1965   10.9  1953   13.0  2024   13.2  2018   14.0  2014    39.3  1924    32.8  1976    33.5  1961    37.8  1939   147.8  1908
   13.6  1892   11.2  2005   10.8  1899   10.0  1948   10.1  1971   10.1  1950   10.7  1961   12.5  2017   10.7  1970   12.8  1912   13.2  1975   14.0  1976    39.0  1911    32.6  1912    33.5  1934    37.6  1996   147.4  1932
   13.5  2010   10.8  1994   10.7  2001    9.9  1895   10.0  1918    9.9  1937   10.7  1981   12.3  1916   10.7  1919   12.8  2025   13.1  1912   13.9  1964    39.0  1979    32.5  1955    33.4  2024    37.3  1914   147.3  1899
   13.5  1976   10.8  2004   10.6  2004    9.9  1996    9.9  1996    9.7  1930   10.7  1967   12.2  1987   10.6  2018   12.6  1957   13.0  2017   13.9  1969    39.0  1895    32.4  1896    33.3  1964    37.2  2011   146.9  1937
   13.4  1924   10.7  1992   10.6  2010    9.8  1960    9.9  1957    9.7  1974   10.5  2000   12.0  1901   10.6  1920   12.6  1913   12.9  1967   13.8  2024    38.9  1908    32.0  2012    33.3  1905    37.2  1990   146.0  1961
   13.3  1941   10.6  2006   10.6  1965    9.7  1944    9.7  1953    9.7  1934   10.5  1937   12.0  1918   10.5  1985   12.6  1943   12.7  2020   13.8  1982    38.7  1902    31.9  1995    32.9  2010    37.1  2015   145.6  1915
   13.3  1923   10.6  1907   10.5  1958    9.6  1902    9.7  1934    9.7  1993   10.5  1896   11.9  2016   10.5  1951   12.6  1893   12.6  2007   13.7  1936    38.3  2003    31.7  1892    32.8  1914    36.8  1979   145.5  2011
   13.2  1969   10.5  1927   10.5  2016    9.4  2014    9.7  1941    9.3  1957   10.5  2011   11.9  1952   10.4  1998   12.5  1979   12.6  1897   13.7  1928    38.3  2001    31.7  2013    32.7  2001    36.7  1899   145.4  2001
   13.1  1897   10.3  1920   10.4  1898    9.3  1915    9.7  1897    9.2  1906   10.5  1980   11.7  1969   10.3  1940   12.5  1963   12.4  1952   13.6  1944    38.3  1946    31.5  2019    32.6  1942    36.0  2014   145.2  1969
   13.1  1968   10.2  1962   10.4  1969    9.2  1918    9.6  1909    9.2  2009   10.4  1941   11.6  2005   10.2  1911   12.4  2009   12.3  1953   13.6  2017    38.3  1898    31.5  1949    32.6  1990    35.8  1999   145.0  1904
   13.0  2005   10.1  1984   10.1  1959    9.2  1987    9.3  1944    9.2  1914   10.0  1952   11.4  1996   10.1  1990   12.3  2017   12.2  1932   13.6  1902    38.1  1906    31.4  1945    32.5  1952    35.8  1951   145.0  1943
   12.8  1901    9.7  1999   10.1  1960    9.0  1991    9.3  1893    9.0  1895    9.9  1959   11.3  2018   10.0  1988   12.3  1970   12.2  1968   13.5  1948    38.0  1952    31.4  1993    32.5  1904    35.0  1942   144.0  1990
   12.8  1916    9.6  2025   10.0  1976    9.0  1952    9.3  2012    8.9  1984    9.9  1906   11.3  1974   10.0  1902   12.3  1936   12.2  1987   13.2  1894    37.7  1998    31.3  2004    32.3  1908    34.9  1931   143.9  1901
   12.7  1971    9.6  1902   10.0  1925    9.0  1981    9.2  1948    8.9  2001    9.9  1991   11.3  1993    9.7  1937   12.2  2010   12.1  1892   13.2  1908    37.7  1969    31.2  1973    32.1  1898    34.8  1948   143.6  1983
   12.4  2024    9.5  1949   10.0  2021    8.9  1928    9.1  1928    8.9  2013    9.7  1919   11.2  1914    9.6  1964   12.1  1977   12.1  1990   13.1  2007    37.6  1933    31.1  2009    32.0  1901    34.5  2021   143.3  1905
   12.2  1982    9.5  1899   10.0  1932    8.9  1990    9.1  1927    8.8  1994    9.7  1945   11.1  1919    9.5  1931   11.9  1948   12.0  2001   13.0  1904    37.6  1991    31.0  1895    32.0  1992    34.4  1894   143.3  1987
   12.1  1991    9.4  1973    9.9  2026    8.9  1988    9.0  1946    8.6  2022    9.6  1901   10.9  1964    9.5  2013   11.5  1992   12.0  1925   13.0  1947    37.2  1981    30.8  1939    31.9  1999    34.2  2016   143.2  1992
   12.1  1893    9.4  1943    9.9  1923    8.8  1936    8.8  1952    8.6  1989    9.5  1964   10.8  2002    9.5  1913   11.5  1919   11.9  2013   13.0  1961    37.1  1972    30.8  1942    31.7  1935    34.2  1898   143.1  1913
   11.9  1967    9.3  1983    9.7  1942    8.7  1955    8.7  1900    8.5  1920    9.5  1943   10.7  1989    9.2  2007   11.3  1999   11.9  1971   12.9  1977    37.1  1921    30.7  1911    31.6  1941    34.1  1995   142.2  1911
   11.9  1979    9.3  2015    9.7  2002    8.6  1921    8.6  2017    8.4  1979    9.4  1934   10.6  1997    9.1  2020   11.2  1959   11.8  1933   12.8  1970    37.0  1917    30.7  2003    31.4  1968    34.0  1912   142.2  2007
   11.6  1933    9.3  1976    9.7  2007    8.5  1933    8.6  1974    8.4  2014    9.4  1972   10.6  1911    9.1  1977   11.2  1945   11.6  1894   12.7  1962    36.5  1954    30.2  1978    31.3  1967    34.0  1983   142.0  1993
   11.5  1932    9.3  1953    9.7  2005    8.5  1967    8.6  1901    8.3  1903    9.4  1948   10.6  1994    9.1  1966   10.8  1991   11.5  1995   12.6  1973    36.5  2011    30.1  2021    31.2  1986    33.9  2018   141.9  1947
   11.5  2017    9.1  1924    9.5  1966    8.4  1942    8.1  1977    8.2  1893    9.3  2022   10.5  1939    9.0  1901   10.8  1950   11.4  1961   12.6  1957    36.2  1987    29.3  1941    31.2  1919    33.9  2024   141.9  2022
   11.5  1959    9.0  1987    9.3  2009    8.4  1906    8.0  2016    8.2  1899    9.2  1986   10.5  1973    8.9  2021   10.7  1910   11.3  1962   12.4  1967    35.8  1965    28.6  1952    30.9  2025    33.7  1958   141.6  1982
   11.4  1891    9.0  1919    9.1  1950    8.4  1941    8.0  1992    8.0  1918    9.2  2014   10.5  1977    8.7  1914   10.4  1993   11.2  1976   12.4  1917    35.8  1944    28.3  2022    30.3  2005    33.7  1991   141.5  1972
   11.4  2020    8.4  2019    9.1  1894    8.4  2015    7.9  1922    7.7  1904    9.2  2001   10.4  2021    8.7  1979   10.3  1955   11.2  2004   12.4  1945    35.7  2023    28.2  1915    30.2  1921    33.6  1997   141.4  1952
   11.3  1954    8.2  2008    9.1  2020    8.4  1892    7.9  1998    7.7  1951    9.1  1892   10.4  1945    8.7  1991   10.3  1973   11.1  1908   12.1  1932    35.3  1927    28.1  1959    30.2  1979    33.5  1908   141.1  2005
   11.3  2011    8.2  1982    9.1  1955    8.4  1978    7.8  1940    7.6  1905    9.0  1929   10.2  1998    8.6  1917   10.1  2018   11.1  1948   11.9  2005    35.1  2017    28.1  1961    30.0  1933    33.5  1901   140.6  1940
   11.3  1914    8.0  1942    9.0  1949    8.2  2002    7.8  1915    7.6  1961    8.7  1921   10.0  2024    8.5  2003   10.1  2016   11.1  1904   11.7  2003    35.0  2005    27.8  1954    29.9  1969    33.3  1969   140.5  1898
   11.1  1929    8.0  1913    8.9  1997    8.2  1956    7.7  1961    7.6  1996    8.6  1996    9.9  1944    8.5  1969   10.0  1914   10.9  1964   11.7  1989    34.9  1907    27.6  2017    29.7  1970    33.2  1975   140.2  2021
   11.0  2000    7.9  1938    8.9  1962    7.9  2003    7.6  1919    7.5  1995    8.4  1925    9.7  2013    8.3  1916   10.0  1899   10.9  1999   11.6  1903    34.7  1953    27.6  1918    29.7  1940    32.9  1922   140.2  1893
   10.8  1966    7.8  1981    8.4  1918    7.7  2013    7.5  1982    7.4  1986    8.3  1994    9.6  1936    8.3  1997    9.9  1922   10.9  1918   11.5  1972    34.5  1914    27.3  1935    29.7  1973    32.7  1941   139.7  1968
   10.8  1909    7.7  1979    8.3  2022    7.7  1929    7.3  2004    7.3  2015    8.3  2005    9.5  1990    8.3  1904    9.9  1956   10.8  1902   11.1  2001    33.9  2025    27.3  1971    28.6  1937    32.5  1897   137.8  1942
   10.7  1925    7.6  2009    8.1  1956    7.5  1914    7.2  1994    7.3  1973    8.3  1905    9.4  1968    8.1  1912    9.5  2015   10.7  1978   11.1  1953    33.9  1996    27.2  1957    28.5  1962    32.3  1933   137.8  2010
   10.7  1949    7.6  1968    8.1  1926    7.4  1946    7.1  1990    7.3  2023    8.0  1949    9.3  1920    8.1  2015    9.2  1921   10.6  1899   11.0  2008    33.8  1949    27.1  1936    28.4  1977    32.1  1993   137.3  1984
   10.6  1955    7.3  1971    8.0  1946    7.4  1958    7.1  1911    7.2  1923    8.0  2013    8.8  1970    7.9  1900    9.2  1931   10.3  1924   11.0  1996    33.3  1905    27.0  1953    28.0  2006    31.9  1985   137.2  1945
   10.6  2025    7.1  2013    7.9  1935    7.2  2009    7.1  2001    7.1  1970    8.0  1928    8.7  2007    7.2  1928    9.1  1937   10.1  1921   10.8  1981    33.1  1968    27.0  1943    28.0  1981    31.8  1962   137.2  2018
   10.6  1902    7.1  1909    7.9  2000    6.9  2022    6.9  2023    7.1  2010    7.8  1969    8.4  1975    6.7  1949    9.0  1995   10.1  2021   10.8  2004    32.8  2009    26.8  1900    27.7  1994    31.6  1988   136.8  1929
   10.4  1935    7.0  1963    7.8  1900    6.4  2019    6.9  2025    7.1  1983    7.7  1971    8.3  1949    6.5  1933    8.9  1997   10.0  1934   10.6  1968    32.7  1971    26.5  1996    27.6  1996    31.6  1953   136.1  2013
   10.3  1940    6.9  2023    7.7  1892    6.3  2010    6.9  1975    7.0  1891    7.6  1962    8.1  1937    6.3  1939    8.8  2003   10.0  2011   10.6  1892    32.6  1985    26.4  1997    27.1  1932    31.5  1986   135.5  1997
   10.3  2001    6.8  2012    7.3  1990    6.0  1997    6.8  1978    7.0  1960    7.5  1897    7.9  1933    6.1  2009    8.6  1971    9.6  1901   10.4  1995    32.2  2019    25.9  2007    27.1  2021    31.2  1947   132.8  1962
   10.2  1908    6.8  1998    6.8  2003    5.9  1976    6.8  1956    6.9  1967    7.4  1995    7.8  1984    6.0  1895    8.6  1908    9.3  1922   10.2  1987    32.0  1993    25.8  1991    26.7  1947    31.0  1959   132.1  1941
    9.5  1973    6.7  1917    6.7  1945    5.7  1995    6.7  1936    6.7  1908    7.2  1990    7.6  1940    6.0  1996    8.5  1964    9.2  1915   10.1  2016    31.5  1929    25.8  1982    26.5  2013    30.9  2003   131.2  1976
    9.4  1996    6.7  1929    6.7  1996    5.7  2017    6.5  2010    6.1  1962    7.0  1979    7.6  2025    5.8  1989    8.4  1953    9.0  1957   10.0  1992    31.3  1942    25.4  1960    26.5  1975    30.6  1955   130.9  1953
    9.3  1911    6.5  1952    6.2  1993    5.3  1971    6.5  1984    5.6  1949    6.9  1917    7.6  1913    5.8  1906    8.2  1915    9.0  1955    9.9  1988    31.3  1959    25.2  1948    26.4  1899    30.3  1978   129.7  2025
    9.0  1905    6.3  1975    6.1  1910    4.5  1984    6.4  1939    5.6  1988    6.8  2018    7.4  1899    5.8  1921    7.7  1920    8.9  1993    9.9  1913    31.2  1982    24.5  1946    26.4  1911    30.3  1910   129.5  1949
    8.8  2019    6.3  1896    6.0  1973    4.5  1982    6.3  2018    5.5  1975    6.6  1935    7.4  1935    5.7  1971    7.2  1969    8.7  1973    9.5  1931    31.0  1909    24.4  1980    25.5  2003    29.9  1973   128.5  1995
    8.8  1896    6.3  1964    5.9  1948    4.3  1954    5.9  1895    5.5  1992    6.6  1913    7.2  1972    5.5  1894    7.2  1904    8.6  1920    9.5  1927    31.0  1997    24.3  1944    25.3  1989    29.3  1989   128.2  1921
    8.5  1898    6.3  1965    5.7  1938    4.1  1957    5.6  1980    5.4  2006    6.5  1977    6.9  1991    5.4  1915    7.2  1978    8.4  1956    9.3  1943    30.9  1940    23.5  2010    24.9  2022    29.2  1956   128.1  1933
    8.4  1953    6.3  1930    5.5  1924    3.9  1893    5.5  1960    5.4  1915    6.3  1999    6.9  2022    5.4  1929    6.9  1897    8.3  1896    9.0  2010    30.3  1973    23.3  1990    24.5  1913    29.0  1964   126.2  1996
    8.4  1950    6.1  2003    5.4  1931    3.9  2025    5.4  2008    4.9  2018    6.2  1976    6.9  1932    5.2  1898    6.7  2007    8.2  1937    8.5  1939    30.3  1989    23.1  1956    24.1  1959    28.5  2007   125.3  1975
    8.4  1963    5.8  1986    5.3  2025    3.6  2020    5.2  1905    4.9  2021    6.1  2006    6.6  1981    5.1  1972    6.6  1965    8.1  1989    8.0  1941    29.9  1976    22.3  2011    24.1  1925    28.1  1945   124.9  1964
    8.0  2022    5.2  1895    5.3  2011    3.5  2011    5.2  1989    4.8  1976    6.1  1989    5.8  1955    4.3  1941    6.5  1985    8.1  1909    7.9  1926    29.9  2006    22.2  1974    23.0  2018    27.0  1937   124.8  1991
    7.9  1989    4.4  1932    5.3  1944    3.4  2021    5.0  1970    4.6  1942    5.9  1898    5.4  1983    4.2  2002    6.5  1946    7.8  2024    7.6  1971    29.2  1896    22.1  1984    22.4  1984    26.9  1920   124.2  1955
    7.7  1907    4.2  1993    5.1  1961    2.8  2007    4.8  1959    4.5  1940    5.6  1984    4.0  1995    4.1  1910    6.4  1947    7.6  1988    7.5  1991    28.0  1963    20.5  1929    21.9  1949    26.6  1904   122.2  1973
    7.6  1987    3.7  1959    5.0  1943    2.8  1912    4.6  1935    4.1  1932    5.5  1983    3.8  2003    4.0  2014    6.2  1975    7.4  1942    7.4  1933    25.4  1932    20.2  1938    20.2  1955    26.3  1971   121.2  1989
    7.3  2006    3.1  1985    4.9  1893    2.8  1980    4.4  1991    3.8  1921    5.3  1911    3.3  1959    3.7  1907    6.1  1962    6.6  1958    7.1  1975    24.0  1992    18.1  1893    18.9  1995    25.9  1972   120.8  2003
    6.9  1964    2.7  1934    4.8  2012    2.6  1974    3.8  2020    3.5  1941    4.5  1982    3.0  1976    2.4  1959    5.3  1972    6.3  1983    7.1  1963    23.9  1934    16.5  2020    17.9  1983    25.1  1921   119.5  1959
    5.8  1992    1.8  1921    4.3  1953    1.8  1938    3.8  1896    1.2  1925    3.4  1955    2.1  1947    2.3  1986    4.8  1951    5.9  1945    6.8  1905    20.2  1964    16.1  2025    14.1  1976    22.8  1915   114.7  1971
    3.8  1997    1.6  1891    2.7  1929    ---  2026    ---  2026    ---  2026    ---  2026    ---  2026    ---  2026    ---  2026    ---  2026    ---  2026     ---  1891     ---  2026     ---  2026     ---  2026     ---  2026
