Areal values from HadUK-Grid 1km gridded climate data from land surface network
Source: Met Office National Climate Information Centre
Monthly, seasonal and annual number of days in the month with air frost (minimum temperature below zero) for England N
Areal series, starting in 1931
Last updated 01-Apr-2026 11:35
    jan  year    feb  year    mar  year    apr  year    may  year    jun  year    jul  year    aug  year    sep  year    oct  year    nov  year    dec  year     win  year     spr  year     sum  year     aut  year     ann  year
   28.8  1940   27.9  1947   23.2  1955   15.2  2021    4.9  1979    0.6  1962    0.0  1965    0.0  1932    2.2  1932    8.1  1931   15.8  1965   23.7  1981    76.0  1963    29.2  1955     0.6  1962    19.7  1993    92.0  1955
   26.9  1963   27.7  1963   22.2  1962   11.8  1956    4.5  1941    0.4  1991    0.0  1954    0.0  1931    0.8  1986    6.9  1955   15.1  1985   23.5  1950    64.8  1979    28.7  1970     0.4  1991    15.9  1965    90.0  1979
   26.9  1979   27.0  1942   21.4  1937   10.6  1970    3.8  1996    0.3  1975    0.0  2000    0.0  1977    0.7  1954    6.2  1993   14.4  1996   23.0  2010    62.7  1947    28.5  2013     0.3  1975    15.2  1985    89.4  2010
   24.8  1942   24.6  1986   20.6  1931   10.2  1968    3.7  1935    0.2  1941    0.0  1960    0.0  1937    0.6  1974    6.1  1992   13.4  1969   21.4  1961    62.0  1942    27.6  1969     0.2  1941    14.8  1973    88.1  1969
   24.8  1985   24.0  1956   19.9  2013   10.1  1936    2.7  2010    0.1  1955    0.0  1962    0.0  1964    0.5  1979    5.1  1981   13.3  1993   21.3  1962    58.2  1940    27.2  1962     0.1  1955    14.5  1996    87.4  1942
   24.4  1941   22.7  1968   19.0  1951    8.9  1969    2.7  1938    0.1  1989    0.0  1973    0.0  2012    0.4  1972    4.6  1997   12.2  2005   20.0  1976    54.6  2010    27.1  1951     0.1  1989    14.3  1952    85.8  1947
   23.7  1959   22.5  1979   18.5  1958    8.1  1986    2.5  2021    0.1  1974    0.0  1959    0.0  1934    0.4  1943    4.3  1983   12.2  1971   18.6  2001    53.4  1956    27.1  1958     0.1  1974    13.7  1971    84.4  1941
   23.4  1945   21.1  1955   18.1  1969    8.1  1984    2.5  1984    0.1  1971    0.0  1947    0.0  1962    0.4  1931    3.6  1973   11.7  1952   17.9  1937    52.9  1951    25.4  1931     0.1  1977    13.6  1988    83.6  1963
   21.1  1952   21.1  1983   18.0  1970    8.0  1983    2.5  1995    0.1  1939    0.0  1971    0.0  1983    0.3  1942    3.4  2003   11.2  1973   17.4  1964    50.7  1968    25.3  1941     0.1  1971    13.4  1969    82.0  1985
   21.1  1987   20.9  1969   17.1  1947    7.9  2013    2.5  1945    0.1  1977    0.0  1966    0.0  1961    0.3  1964    3.3  1935   10.7  1988   17.3  1933    50.6  1941    23.2  1937     0.1  1939    12.6  1955    81.1  1962
   20.4  1997   20.2  1996   16.4  1987    7.7  1958    2.4  1948    0.1  1978    0.0  1943    0.0  1938    0.3  1952    3.0  2002   10.2  1967   17.2  2009    50.2  1985    22.8  1979     0.1  1978    12.3  2005    81.0  1952
   20.1  1933   19.6  1991   15.6  1942    7.4  1932    2.3  1955    0.1  2001    0.0  1952    0.0  1993    0.3  1939    3.0  2018   10.2  2010   16.8  1995    49.9  1952    22.7  1995     0.1  1934    12.0  2010    78.5  1956
   19.3  1947   19.6  2010   14.9  1965    7.4  1938    2.3  1967    0.1  1934    0.0  1972    0.0  1994    0.2  1995    3.0  2008   10.1  1947   16.7  1952    49.6  1936    22.3  2021     0.1  1932    11.8  1992    78.4  1996
   18.9  1980   19.2  1936   14.8  1941    7.0  1978    2.2  1982    0.1  1936    0.0  1939    0.0  1959    0.2  1947    3.0  1980    9.9  1937   16.5  1969    49.2  1986    22.3  1956     0.1  2001    11.6  1962    78.3  1940
   18.6  1991   18.0  1981   14.6  1995    6.8  1989    2.2  1997    0.1  1935    0.0  1996    0.0  1956    0.2  1988    2.7  1939    9.7  1962   16.3  1935    48.8  1982    21.4  1932     0.1  1936    11.4  1936    77.5  1981
   18.6  2021   17.7  1978   14.5  1946    6.7  1966    2.1  1975    0.1  2015    0.0  1940    0.0  1965    0.2  1938    2.7  1950    9.2  1936   16.1  2008    47.5  1991    21.3  1953     0.1  1935    10.7  1983    77.4  1931
   17.9  1946   17.6  1940   14.4  2006    6.6  1953    2.1  2020    0.0  1951    0.0  1969    0.0  1969    0.2  1987    2.6  1948    9.2  1975   15.7  1968    46.5  1959    20.7  1975     0.1  2015    10.7  1948    77.2  1958
   17.8  2010   17.4  1954   14.1  1953    6.5  1951    2.0  1957    0.0  1973    0.0  1968    0.0  1999    0.2  1993    2.6  1988    9.0  1972   15.5  1946    46.4  1970    20.3  1965     0.0  1951    10.5  1967    76.8  1965
   17.6  1977   17.4  1970   13.9  1949    6.3  1990    2.0  2012    0.0  1969    0.0  1944    0.0  1935    0.2  2012    2.6  1964    9.0  2016   15.5  1978    46.2  1969    20.2  1996     0.0  1973    10.5  1947    76.8  1968
   17.2  1984   17.1  1952   13.7  1985    6.2  1950    2.0  1942    0.0  1933    0.0  1938    0.0  1953    0.2  1976    2.5  1951    8.6  2024   15.2  1996    46.1  1965    20.2  1942     0.0  1969    10.4  1972    75.2  2001
   17.0  1931   17.1  1960   13.7  1976    6.2  2016    1.9  1932    0.0  1932    0.0  1949    0.0  1998    0.2  1935    2.4  1946    8.4  1976   15.1  1982    45.8  1977    20.2  1947     0.0  1933    10.4  1937    74.8  1970
   17.0  2001   16.9  1941   13.1  2018    6.2  1973    1.9  1946    0.0  1942    0.0  1942    0.0  1963    0.1  2007    2.4  1932    7.9  1943   14.9  1960    45.2  1996    19.9  1968     0.0  1931    10.3  1975    73.7  1937
   16.7  1954   16.9  2001   12.9  1979    6.1  1975    1.8  1944    0.0  1957    0.0  1941    0.0  1982    0.1  1975    2.3  1952    7.9  1948   14.7  2003    45.2  1987    19.0  1984     0.0  1942    10.1  1980    72.5  1936
   16.7  1978   16.6  1994   12.9  2001    6.1  1941    1.7  1977    0.0  1953    0.0  1945    0.0  1979    0.1  2024    2.1  1949    7.9  1977   14.6  1992    44.5  2001    18.5  1934     0.0  1957    10.0  1931    72.4  1951
   16.6  1965   16.5  1985   12.4  1975    6.0  1977    1.7  1981    0.0  2005    0.0  1937    0.0  1968    0.1  1944    2.0  1936    7.9  2013   14.1  2022    44.3  1955    18.4  1987     0.0  1953     9.4  2024    71.0  2013
   16.6  1956   16.4  2018   12.4  1980    6.0  1996    1.6  1951    0.0  1987    0.0  1935    0.0  1966    0.1  1948    2.0  1941    7.6  1942   13.9  2017    43.4  1958    18.3  1976     0.0  2005     9.1  1950    70.6  1933
   16.4  1966   16.2  2013   12.3  1934    5.9  2022    1.6  1968    0.0  2009    0.0  1936    0.0  1944    0.1  1940    2.0  1974    7.5  1998   13.8  1967    43.2  2013    18.2  1986     0.0  1987     9.1  1998    70.3  1986
   16.3  1986   15.9  1933   12.3  1940    5.8  1954    1.5  1973    0.0  1946    0.0  1934    0.0  1936    0.1  1991    1.9  1962    7.5  1958   13.3  1973    43.1  2009    18.2  2006     0.0  1937     9.0  2016    69.4  1978
   16.3  1958   15.8  1987   12.2  1944    5.7  2008    1.5  1943    0.0  1985    0.0  1931    0.0  1980    0.1  2025    1.9  1987    7.5  1979   13.1  1963    43.0  1981    18.0  1946     0.0  1954     9.0  1981    69.1  1987
   16.1  1992   15.8  2003   12.0  1932    5.6  1995    1.4  1931    0.0  2004    0.0  1932    0.0  2003    0.1  1936    1.8  2010    7.3  1989   12.8  1955    42.8  1953    17.7  1940     0.0  2009     8.9  1964    68.4  1950
   16.1  1955   15.2  1958   11.8  1964    5.5  1934    1.4  1971    0.0  1956    0.0  1933    0.0  1933    0.1  1934    1.6  1956    7.1  1980   12.4  1999    42.3  1933    17.7  2001     0.0  1946     8.8  1943    67.3  1973
   15.9  1960   15.1  1951   11.1  1971    5.5  2019    1.4  1965    0.0  1938    0.0  1961    0.0  1960    0.1  2005    1.6  2012    6.8  1966   12.2  1993    42.1  1983    17.5  1980     0.0  1965     8.7  1942    66.8  1995
   15.9  1961   14.5  1931   10.8  2010    5.5  2000    1.3  1980    0.0  1967    0.0  1958    0.0  1958    0.1  2020    1.6  1998    6.7  1934   12.2  1944    41.8  1962    17.4  1971     0.0  1985     8.6  1976    66.6  1991
   15.8  1939   13.7  1984   10.5  1996    5.3  1940    1.2  2005    0.0  1996    0.0  1956    0.0  1955    0.1  1983    1.5  1971    6.7  2017   11.9  2007    41.8  2011    17.3  1985     0.0  1964     8.5  2008    66.5  1976
   15.5  2011   13.4  1944   10.1  1986    5.2  2012    1.1  1974    0.0  1954    0.0  1957    0.0  1957    0.0  2003    1.5  1966    6.7  1961   11.9  1957    40.0  1945    17.0  1973     0.0  2004     8.3  1979    65.0  1964
   15.5  2013   13.4  1932    9.7  1956    5.0  1979    1.1  1987    0.0  1981    0.0  1955    0.0  1954    0.0  1941    1.4  1953    6.6  1944   11.8  2014    39.9  1997    16.9  2010     0.0  1938     8.3  1966    64.0  2021
   15.3  2025   13.1  2009    9.3  1973    4.9  1981    1.0  2015    0.0  1964    0.0  1950    0.0  1950    0.0  1957    1.3  2019    6.5  2019   11.8  1965    39.8  1994    16.6  1936     0.0  2012     8.1  1932    63.4  1980
   15.0  1995   13.1  2012    9.2  1963    4.9  1971    1.0  1959    0.0  1952    0.0  1951    0.0  1951    0.0  1945    1.2  1954    6.4  1950   11.7  1939    39.3  1966    16.6  1949     0.0  1956     8.0  1977    62.3  2003
   15.0  1982   13.1  1953    9.0  1988    4.8  1998    0.9  2019    0.0  1937    0.0  1953    0.0  1952    0.0  1977    1.1  1972    6.4  1991   11.7  1938    39.2  1978    15.5  1944     0.0  1983     7.9  2013    61.9  1946
   14.4  1981   12.9  2016    8.8  1943    4.7  1974    0.9  1949    0.0  1983    0.0  1946    0.0  1947    0.0  2018    1.1  1933    6.4  1983   11.7  1951    38.5  2021    15.1  2018     0.0  1967     7.8  1974    61.8  1954
   14.3  1951   12.4  1957    8.5  2011    4.7  1991    0.9  1958    0.0  1940    0.0  1948    0.0  1948    0.0  2022    1.1  1934    6.1  2025   11.6  1945    38.4  1984    14.3  1954     0.0  1996     7.8  2019    60.6  1960
   14.3  2017   12.3  1973    8.4  1984    4.7  2003    0.9  1956    0.0  1998    0.0  1967    0.0  1946    0.0  1969    1.1  2007    6.0  2012   11.6  2005    38.3  1934    14.0  1974     0.0  1981     7.8  1934    60.0  1984
   14.1  1968   12.1  1965    8.4  1952    4.6  1976    0.8  2001    0.0  2020    0.0  1964    0.0  1949    0.0  1959    1.0  1940    6.0  2004   11.6  2012    38.0  1964    13.9  1989     0.0  1952     7.8  2012    59.8  1982
   14.0  1936   12.1  2004    8.3  1993    4.6  1962    0.8  1994    0.0  2016    0.0  1974    0.0  1941    0.0  1990    1.0  1975    5.9  1964   11.3  1943    37.7  2018    13.8  1964     0.0  2000     7.7  1944    59.0  1932
   13.9  1943   11.9  1959    8.3  1954    4.5  2002    0.8  1993    0.0  2019    0.0  1975    0.0  1942    0.0  1971    0.9  1944    5.7  1978   11.2  1936    37.6  1954    13.8  2008     0.0  1961     7.7  1958    58.4  1966
   13.8  2009   11.7  1964    8.2  1974    4.4  1988    0.7  2011    0.0  2012    0.0  1963    0.0  1943    0.0  1963    0.9  2023    5.7  1992   11.1  1991    36.9  1946    13.6  1988     0.0  1998     7.4  1941    58.1  1983
   13.8  2019   11.5  1948    8.2  2023    4.4  1999    0.7  1934    0.0  1949    0.0  1970    0.0  1945    0.0  1962    0.9  1982    5.7  1955   11.0  1970    36.5  2004    13.4  1978     0.0  1940     7.3  1989    57.5  1993
   13.3  1964   11.2  2008    8.1  2005    4.3  1997    0.6  2013    0.0  1931    0.0  1978    0.0  1939    0.0  1960    0.9  1994    5.6  1995   10.9  1958    35.8  1960    13.2  1935     0.0  2020     7.2  1991    57.3  1944
   13.1  1953   11.1  1966    8.1  1968    4.2  1935    0.6  1936    0.0  1961    0.0  1979    0.0  1940    0.0  1937    0.8  1942    5.5  2008   10.6  1989    35.6  2015    13.2  1966     0.0  2016     7.1  2017    56.8  1975
   12.7  2015   11.1  2015    8.0  2003    4.1  1965    0.6  2018    0.0  2023    0.0  1980    0.0  1974    0.0  1933    0.7  1999    5.4  1982   10.6  1980    34.8  1980    13.2  2016     0.0  2019     7.0  2003    56.3  1935
   12.7  1950   11.0  1934    7.8  1972    4.0  1994    0.6  1991    0.0  2008    0.0  1981    0.0  1975    0.0  1973    0.7  1991    5.4  1959   10.6  2000    34.6  1992    13.1  1982     0.0  1960     7.0  1956    55.4  1971
   12.7  2026   10.9  2021    7.8  2020    4.0  2001    0.6  1953    0.0  1993    0.0  1982    0.0  1976    0.0  2010    0.7  1970    5.4  1941   10.4  1931    34.5  1961    13.1  1977     0.0  1993     6.8  1961    55.4  1992
   12.5  1970   10.9  1950    7.6  2008    4.0  1982    0.6  2014    0.0  2011    0.0  1983    0.0  1981    0.0  1950    0.6  1960    5.3  1956   10.2  1948    34.4  1939    12.9  1983     0.0  1949     6.7  1935    55.3  2008
   12.3  1937   10.8  1975    7.6  2015    3.9  1945    0.6  1939    0.0  1997    0.0  1984    0.0  1984    0.0  1956    0.6  2024    5.3  1933   10.2  1941    33.6  2003    12.8  2003     0.0  2023     6.6  1949    53.5  1948
   12.1  2003   10.4  1962    7.1  1939    3.8  1980    0.6  1969    0.0  1970    0.0  1985    0.0  1978    0.0  1982    0.5  1938    5.2  1974    9.9  1998    33.6  1932    12.5  2005     0.0  1959     6.4  2025    53.3  1945
   11.6  1967   10.2  2005    7.0  1982    3.8  1933    0.5  2025    0.0  1947    0.0  1986    0.0  1985    0.0  1989    0.5  1943    5.2  2023    9.6  2004    33.4  1937    12.4  1981     0.0  1947     6.4  1933    53.2  1961
   11.5  1935   10.1  1982    6.9  1933    3.7  1955    0.5  2008    0.0  1948    0.0  1987    0.0  1986    0.0  2004    0.5  2000    5.2  2021    9.5  1979    33.2  1944    12.1  1950     0.0  2008     6.4  1982    53.2  1953
   11.2  2022   10.0  2006    6.9  2025    3.6  2006    0.5  1962    0.0  1960    0.0  1988    0.0  1988    0.0  1970    0.5  1937    4.8  2001    9.4  1966    33.1  2002    11.9  1952     0.0  1994     6.3  1954    52.5  2005
   10.9  1994    9.9  1937    6.8  1989    3.6  1939    0.5  1961    0.0  2021    0.0  1989    0.0  1973    0.0  2019    0.5  2011    4.7  1970    9.3  1940    32.0  2006    11.8  2015     0.0  2011     6.3  1995    52.1  1967
   10.9  1972    9.3  1976    6.6  2016    3.5  1957    0.4  1992    0.0  2010    0.0  1990    0.0  1971    0.0  1965    0.5  2017    4.6  1949    9.2  1990    31.4  1957    11.7  1963     0.0  1997     6.1  2023    51.9  2012
   10.4  2006    9.2  1988    6.3  1978    3.4  1931    0.4  2016    0.0  1972    0.0  1991    0.0  1967    0.0  1966    0.4  1995    4.6  1990    9.0  1984    30.7  2012    11.7  1938     0.0  1970     6.0  2004    51.7  1977
   10.3  1976    9.1  1971    6.2  1966    3.3  1952    0.4  1960    0.0  1944    0.0  1976    0.0  1972    0.0  2017    0.4  1959    4.4  1954    9.0  2020    30.5  1938    11.7  2022     0.0  1948     5.9  1978    51.5  2009
   10.3  1957    9.1  1999    6.1  2004    3.3  2010    0.4  1966    0.0  1984    0.0  1977    0.0  1970    0.0  1997    0.4  1979    4.4  2007    8.6  1956    30.0  1971    11.6  2000     0.0  1972     5.9  1959    50.4  1939
   10.1  1934    8.5  1935    6.0  2000    3.3  1985    0.3  1950    0.0  1986    0.0  1993    0.0  1992    0.0  2009    0.3  1957    4.3  1968    8.5  1975    29.4  1948    11.5  2023     0.0  2021     5.7  1997    50.3  1943
   10.1  2012    8.4  1972    5.9  2002    3.3  2023    0.3  1989    0.0  1966    0.0  1992    0.0  1991    0.0  1994    0.3  1990    4.2  1960    8.3  1987    29.3  1973    11.3  1943     0.0  1999     5.6  2007    49.9  2016
   10.0  1962    8.3  2007    5.9  1936    3.2  1967    0.3  2004    0.0  1965    0.0  1995    0.0  1990    0.0  2015    0.3  1967    4.1  1963    8.3  1986    29.3  1993    11.2  1939     0.0  2010     5.5  1987    49.5  2018
   10.0  1948    8.2  1977    5.8  2022    3.2  2015    0.3  2006    0.0  1979    0.0  1994    0.0  1989    0.0  2013    0.2  2021    4.1  1957    8.2  1985    29.3  1950    11.1  1948     0.0  1944     5.4  2021    49.3  1959
    9.9  1949    8.0  1949    5.7  1981    3.1  2005    0.2  1954    0.0  1994    0.0  1997    0.0  1987    0.0  1980    0.2  1986    3.9  1981    7.9  1947    28.8  2008    11.1  2020     0.0  1966     5.4  1970    47.8  1934
    9.9  1971    7.7  1938    5.7  1948    3.1  1948    0.2  1963    0.0  1980    0.0  1998    0.0  1997    0.0  2000    0.2  1978    3.7  1940    7.6  2011    28.8  2023    11.0  1990     0.0  1984     4.9  1990    47.6  2006
    9.8  1973    7.6  1974    5.7  1998    2.9  2017    0.2  1985    0.0  2013    0.0  1999    0.0  2000    0.0  1961    0.2  1984    3.6  2003    7.5  1983    28.6  1995    10.9  1993     0.0  1943     4.9  2018    46.9  1949
    9.7  2004    7.5  1946    5.6  2014    2.8  1947    0.2  1937    0.0  2024    0.0  2001    0.0  1996    0.0  1984    0.2  2020    3.6  1932    7.5  1994    28.3  1967    10.8  1933     0.0  1979     4.9  1960    46.9  1997
    9.7  2016    7.4  1992    5.6  1950    2.7  1960    0.2  1988    0.0  1992    0.0  2002    0.0  2001    0.0  2008    0.2  2009    3.4  1987    7.3  1972    28.1  1949    10.7  1945     0.0  1986     4.9  1940    46.8  1957
    9.7  1932    7.3  1967    5.3  1977    2.6  1942    0.2  1947    0.0  1950    0.0  2003    0.0  2002    0.0  1967    0.2  1958    3.4  1999    7.3  2023    28.1  1976    10.5  1998     0.0  1963     4.8  2001    46.2  1972
    9.6  1969    7.0  1989    5.3  1935    2.5  2024    0.2  1972    0.0  1999    0.0  2004    0.0  2004    0.0  1953    0.2  2014    3.3  1935    7.1  1954    27.5  2000    10.5  2002     0.0  1982     4.6  1939    45.8  2017
    9.4  2023    6.9  1939    5.0  2009    2.3  1963    0.1  1952    0.0  1958    0.0  2005    0.0  2005    0.0  1996    0.2  2025    3.1  1945    6.7  2021    27.4  1974    10.0  1997     0.0  1968     4.4  1957    45.7  1994
    9.3  2002    6.7  1993    4.7  1983    2.1  1961    0.1  2003    0.0  2000    0.0  2006    0.0  2006    0.0  1951    0.2  1947    2.7  2006    6.6  1942    26.3  1999     9.7  1991     0.0  1980     4.3  1968    44.7  1988
    9.3  1998    6.6  2025    4.7  1990    2.1  1992    0.1  1940    0.0  1943    0.0  2007    0.0  2007    0.0  1958    0.1  1965    2.4  2015    6.4  1997    26.1  2019     9.6  2011     0.0  2013     4.2  1951    44.7  2004
    9.1  2000    6.6  2019    4.7  1960    2.0  1959    0.1  2017    0.0  1945    0.0  2008    0.0  2008    0.0  2002    0.1  2015    2.1  1938    6.4  1932    25.7  2005     9.4  2025     0.0  2024     4.2  1963    43.5  2019
    8.9  2024    6.4  1980    4.6  2021    2.0  2025    0.1  2002    0.0  1959    0.0  2009    0.0  1995    0.0  1998    0.1  1961    1.9  2018    6.3  2019    25.4  1943     9.4  2012     0.0  1992     4.1  1999    43.3  1998
    8.5  1944    6.1  1995    4.5  2007    2.0  1964    0.1  1983    0.0  1990    0.0  2010    0.0  2009    0.0  2011    0.1  1985    1.8  1986    6.3  2006    24.6  1972     9.1  1972     0.0  1950     3.4  2002    42.8  2022
    8.3  1996    6.0  2000    4.4  1991    1.8  1993    0.1  1933    0.0  1988    0.0  2011    0.0  2010    0.0  1968    0.1  1969    1.8  1951    5.8  2002    24.5  1988     9.0  2019     0.0  1958     3.2  1945    42.7  1989
    7.9  1993    5.2  2002    4.3  1945    1.8  1949    0.1  1978    0.0  1982    0.0  2012    0.0  2011    0.0  1992    0.1  1976    1.8  2022    5.7  2018    24.3  2016     8.8  1967     0.0  1945     3.0  1946    40.9  1999
    7.3  1999    5.2  2023    3.6  1999    1.7  1946    0.1  2000    0.0  1976    0.0  2013    0.0  2013    0.0  1999    0.1  1945    1.7  2020    5.7  1949    24.1  2017     8.2  1994     0.0  2003     2.8  1986    40.3  2025
    7.3  2018    5.0  2020    3.6  1997    1.6  1937    0.1  1998    0.0  1968    0.0  2014    0.0  2014    0.0  1946    0.1  1963    1.7  1939    5.3  1971    23.8  2025     7.9  1999     0.0  1990     2.8  1938    39.9  2015
    7.0  1988    5.0  1943    3.5  1994    1.5  1944    0.1  2007    0.0  1963    0.0  2015    0.0  2015    0.0  1949    0.0  2022    1.6  2014    5.1  2016    21.8  2022     7.8  1960     0.0  1988     2.7  2006    39.5  2023
    6.4  1974    4.7  2017    3.4  1967    1.4  2018    0.1  1990    0.0  1995    0.0  2016    0.0  2016    0.0  1955    0.0  2006    1.6  1994    4.8  1977    20.7  2024     7.6  1957     0.0  1976     2.5  2015    39.3  1974
    6.3  1975    4.5  1998    3.2  2024    1.2  2020    0.1  1976    0.0  2002    0.0  2017    0.0  2017    0.0  1985    0.0  2016    1.6  1931    3.5  1953    20.4  1935     7.3  2014     0.0  1995     2.5  1994    39.2  2000
    5.9  2005    4.5  2024    3.0  1992    1.2  2014    0.0  1986    0.0  2006    0.0  2018    0.0  2018    0.0  1981    0.0  1996    1.5  2000    3.3  1974    20.3  1975     7.2  2004     0.0  2006     2.2  1953    38.9  1938
    5.9  1983    4.4  1997    2.9  1961    1.2  1972    0.0  1970    0.0  2007    0.0  2019    0.0  2019    0.0  1978    0.0  1968    1.2  2009    3.0  2013    20.2  1998     6.0  2009     0.0  2007     2.0  2000    37.6  2011
    5.6  2008    4.4  1945    2.8  2026    1.0  1943    0.0  1999    0.0  2003    0.0  2020    0.0  2020    0.0  2006    0.0  1989    1.1  1997    2.7  1959    20.0  2007     5.7  2017     0.0  2002     2.0  2020    36.7  2007
    5.4  2007    4.0  2026    2.7  2017    0.9  2009    0.0  2023    0.0  2014    0.0  2021    0.0  2021    0.0  2001    0.0  1977    1.0  2011    2.5  2025    19.2  2026     5.7  2024     0.0  2014     1.8  2022    34.1  2002
    5.1  2014    3.9  2022    2.6  2019    0.9  2007    0.0  2009    0.0  2017    0.0  2022    0.0  2022    0.0  2016    0.0  2004    0.9  1984    1.9  2024    18.0  1990     5.5  1992     0.0  2017     1.8  2014    32.6  1990
    4.9  1938    3.7  1961    2.3  2012    0.9  1987    0.0  1964    0.0  2018    0.0  2023    0.0  2023    0.0  2014    0.0  2005    0.8  1953    1.7  2015    14.9  2020     5.4  1961     0.0  2018     1.5  2011    30.7  2020
    3.8  1990    3.6  1990    2.1  1957    0.7  2004    0.0  2022    0.0  2022    0.0  2024    0.0  2024    0.0  2021    0.0  2013    0.7  1946    1.4  1988    12.1  1989     5.4  2007     0.0  2022     1.4  2009    30.3  2024
    3.7  1989    3.6  2014    2.1  1959    0.5  2011    0.0  2024    0.0  2025    0.0  2025    0.0  2025    0.0  2023    0.0  2001    0.4  2002    0.4  1934    11.7  2014     5.1  1959     0.0  2025     1.1  1984    29.7  2014
    3.6  2020    3.3  2011    1.6  1938    ---  2026    ---  2026    ---  2026    ---  2026    ---  2026    ---  2026    ---  2026    ---  2026    ---  2026     ---  1931     ---  2026     ---  2026     ---  2026     ---  2026
