Areal values from HadUK-Grid 1km gridded climate data from land surface network
Source: Met Office National Climate Information Centre
Monthly, seasonal and annual number of days in the month with precipitation amount >= 1mm for Scotland
Areal series, starting in 1891
Last updated 01-Apr-2026 11:34
    jan  year    feb  year    mar  year    apr  year    may  year    jun  year    jul  year    aug  year    sep  year    oct  year    nov  year    dec  year     win  year     spr  year     sum  year     aut  year     ann  year
   27.4  1928   23.9  1990   26.2  1903   22.0  1904   22.8  1906   24.1  1907   23.8  1988   24.9  1985   24.9  1950   27.2  1903   24.6  1939   26.6  1900    69.3  2014    57.6  1920    62.6  1907    68.5  1954   232.3  1903
   25.2  1900   23.1  2002   25.1  1994   21.5  1899   22.0  1925   21.8  1912   22.5  1953   24.8  1903   23.5  1899   25.3  1917   23.6  1951   25.6  1974    67.6  1894    55.8  1925    60.6  1985    66.0  1923   226.8  1923
   24.8  1921   23.1  2020   24.4  1897   20.7  1927   21.7  1986   20.5  2002   22.3  1920   23.8  1891   22.6  1954   25.0  1932   23.2  1938   25.4  1929    67.4  1916    55.6  1986    59.8  1946    65.1  1938   225.3  1900
   24.6  1993   23.1  2022   24.1  1905   20.2  1977   21.6  1924   19.4  1927   22.1  1940   23.7  1907   22.1  1918   24.9  1923   23.2  1992   25.4  2015    66.0  1995    55.5  1905    58.6  1924    64.4  1917   216.3  1916
   24.6  2008   22.8  2000   24.0  1921   19.7  1932   21.4  2011   19.4  1946   21.9  1924   23.2  1895   21.5  1980   24.8  1935   22.6  1970   25.3  2011    65.9  2016    55.4  1903    56.3  1903    64.2  1935   215.8  1906
   24.6  1975   22.5  1894   22.9  1992   19.7  1947   20.9  2003   19.1  1938   21.3  1900   22.7  1930   21.3  1946   24.6  1938   22.5  1954   25.0  1911    64.9  1920    55.4  1979    55.8  1895    63.7  1903   214.7  1928
   24.4  1990   22.3  2014   22.5  1913   19.4  1934   20.6  1902   19.0  1928   21.2  2015   22.7  1923   21.2  1974   24.4  1967   22.4  2015   25.0  1898    64.6  1937    55.3  1902    55.5  2017    63.0  2000   213.5  1905
   23.9  1983   22.2  1997   22.4  1967   19.0  1985   19.9  1894   18.9  2004   21.0  1915   22.4  1992   21.1  1891   23.8  1983   22.3  1986   24.6  1949    64.3  2000    54.7  1967    55.1  1950    61.7  1984   213.4  1954
   23.7  1994   21.9  1925   22.3  1914   19.0  2012   19.3  1967   18.7  1991   21.0  1931   22.0  1904   20.9  2011   23.7  1930   22.2  2000   24.5  1912    64.2  1922    54.6  1904    54.9  1923    61.5  1982   212.2  1938
   23.4  2016   21.6  1910   22.2  1912   18.9  1950   19.2  1945   18.6  1945   20.3  2023   21.9  1943   20.8  1923   23.6  1934   22.1  1959   24.5  1966    63.7  2020    54.2  1913    54.7  1928    60.9  1981   210.3  1904
   23.3  2004   21.6  1918   21.8  1983   18.8  1910   18.9  2015   18.5  1935   20.3  1939   21.9  1941   20.6  1896   23.4  1954   22.0  1940   24.2  1915    60.9  1999    53.5  1906    53.7  1927    60.9  1900   209.6  1907
   23.3  2007   21.4  1931   21.7  1989   18.8  1949   18.9  1963   18.4  1896   20.3  1985   21.4  2009   20.6  1908   23.4  1906   22.0  2009   24.1  1919    60.7  1923    53.1  1934    52.9  1922    60.7  2017   208.9  2011
   23.2  2014   21.0  1989   21.6  2008   18.6  1959   18.8  1916   18.4  1972   20.2  2009   21.3  1929   20.5  1978   23.1  1900   21.7  1929   24.0  1986    60.7  1900    52.6  2006    52.9  1900    60.7  1950   208.1  1898
   23.1  1938   21.0  1903   21.4  1978   18.4  1920   18.6  1926   18.3  1947   20.2  1950   21.2  1924   20.5  1927   23.0  2001   21.7  1944   23.8  2013    60.6  1931    52.5  1992    52.8  2009    60.2  1974   207.9  1950
   23.0  1916   20.7  1937   21.1  1896   18.3  1992   18.6  1920   18.2  2017   20.1  1936   21.1  1910   20.3  1934   22.9  2022   21.7  1913   23.6  1954    60.5  1974    52.4  1963    52.5  1912    60.1  1970   207.3  1927
   23.0  1974   20.5  1995   20.9  1902   18.2  1900   18.4  2022   18.1  1919   19.9  2016   21.1  1962   20.2  1982   22.9  2020   21.5  1979   23.5  1901    60.4  1943    52.0  1899    52.4  1960    59.6  1980   206.8  1967
   23.0  1920   20.3  1914   20.7  1988   18.2  1905   18.2  1979   17.8  1948   19.9  1932   21.1  1892   20.0  1948   22.9  2000   21.4  1914   23.4  1999    60.3  2024    51.9  1916    52.2  1896    58.9  1932   206.3  1926
   22.9  1995   20.3  1945   20.6  1920   18.2  2024   18.1  1976   17.5  1931   19.8  1946   21.1  1917   19.9  1985   22.8  1996   21.3  1905   23.4  1959    59.7  1925    51.6  1897    52.2  2015    58.7  2011   205.9  1998
   22.7  1927   20.2  1916   20.5  1995   18.0  1898   18.1  1892   17.5  1980   19.8  1903   21.0  1951   19.8  1935   22.7  2021   21.3  1982   23.2  1893    59.3  1926    51.4  1947    52.1  2019    58.6  1899   205.6  2004
   22.6  2015   19.7  1915   20.2  1979   18.0  1975   18.0  2006   17.1  1966   19.8  2010   20.9  2024   19.8  2018   22.6  1929   21.2  1906   23.2  1993    59.0  1903    51.3  1921    52.0  1943    58.5  1905   205.6  2015
   22.6  1984   19.7  1939   20.0  1895   17.9  2004   18.0  1904   17.0  1943   19.3  1909   20.9  1960   19.8  1975   22.3  1942   21.2  1991   23.2  1980    58.9  1967    51.2  1927    51.9  1930    58.2  1929   205.5  1934
   22.5  1937   19.6  1898   19.7  1940   17.7  1964   17.9  1921   17.0  1944   19.3  1895   20.8  1950   19.7  1984   22.2  1961   21.1  1928   22.7  1910    58.8  1994    51.2  1983    51.5  1956    58.0  1944   205.4  2017
   22.5  1906   19.6  2024   19.7  2019   17.6  1915   17.8  2002   16.9  1994   19.2  1970   20.8  1905   19.6  1932   22.1  2008   21.0  2006   22.6  2023    58.6  2007    50.5  1898    51.4  1929    57.9  1930   205.0  1943
   22.4  1923   19.6  1908   19.7  1939   17.5  1970   17.6  2007   16.7  1965   19.1  1960   20.6  1946   19.5  1942   22.1  1909   21.0  1919   22.6  1994    58.6  1912    50.3  1908    51.4  1938    57.9  1892   204.2  1924
   22.3  1922   19.3  1922   19.6  1986   17.5  1994   17.5  1969   16.7  2020   19.1  1922   20.6  2019   19.5  1893   22.0  2011   20.9  1974   22.5  1921    58.5  1910    50.2  1932    51.1  2002    57.8  2006   204.0  1920
   22.3  1948   19.3  1905   19.6  1908   17.4  1943   17.3  2005   16.6  1900   19.1  2020   20.5  1956   19.4  1983   22.0  1995   20.9  1963   22.5  1923    58.3  1984    49.9  1926    51.1  1954    57.8  2022   204.0  2008
   22.2  1962   19.2  2011   19.6  1990   17.3  1998   17.3  2009   16.6  2025   18.9  1923   20.5  1988   19.4  1892   22.0  1916   20.9  1981   22.4  1951    58.3  1990    49.0  1909    51.0  1948    57.6  1992   203.6  2020
   22.1  1926   19.2  1935   19.0  2023   17.3  1931   17.3  1923   16.5  1990   18.8  1998   20.2  1906   19.3  1992   21.9  1984   20.8  1947   22.4  1918    58.3  1915    48.9  2015    50.9  1894    57.3  1927   203.5  2014
   22.0  1894   19.0  1923   19.0  1966   17.2  1925   17.3  1908   16.4  2019   18.6  1942   20.1  1897   19.1  1925   21.8  2017   20.7  1946   22.3  2020    58.2  1939    48.9  1914    50.8  1953    57.1  1893   203.0  2009
   21.9  1930   19.0  1904   18.9  1981   17.0  2008   17.1  1907   16.1  2008   18.6  1974   20.1  1989   19.0  1970   21.8  1892   20.7  2025   22.2  1942    58.2  1945    48.7  1907    50.6  1891    57.0  2001   202.8  1990
   21.8  1988   18.9  1999   18.6  1977   17.0  1951   16.9  1931   16.1  1922   18.5  1938   20.0  2017   18.7  1917   21.8  1907   20.6  1931   22.1  1934    58.0  1899    48.7  1995    50.5  2008    56.9  2004   202.0  1931
   21.7  1999   18.9  1988   18.5  1963   17.0  1979   16.8  1958   16.0  1952   18.4  2002   20.0  1982   18.6  2012   21.7  1981   20.6  1903   22.1  1956    58.0  1975    48.6  1994    50.4  2012    56.9  1967   201.7  2000
   21.4  1944   18.7  1893   18.4  2006   17.0  1919   16.8  1955   15.9  1929   18.2  2007   19.8  2014   18.6  2017   21.6  1901   20.6  1953   21.9  1896    57.9  1898    48.5  1977    50.4  1998    56.9  1891   201.2  1948
   21.2  1981   18.5  1998   18.2  1957   16.8  1965   16.7  1966   15.9  1998   18.2  1902   19.6  2008   18.5  1924   21.4  1998   20.6  1900   21.8  1965    57.8  1957    48.2  1970    50.2  1918    56.7  1918   201.0  1918
   21.1  1892   18.5  1958   18.0  2024   16.7  1916   16.6  1913   15.8  1999   18.1  1891   19.6  1958   18.5  1961   21.3  2014   20.5  1899   21.7  1985    57.8  1901    47.2  2005    50.1  2024    56.5  1928   200.5  1922
   20.8  1986   18.4  1992   18.0  1982   16.7  1996   16.5  1934   15.8  1897   18.0  1918   19.5  1918   18.5  1962   21.1  1989   20.4  1917   21.6  1955    57.8  1892    47.2  2009    50.0  1988    56.2  1934   200.3  1992
   20.7  2023   18.1  1951   18.0  2009   16.6  1909   16.3  1938   15.8  1916   17.6  1993   19.4  1894   18.4  1897   21.1  1893   20.3  1911   21.4  1916    57.7  2015    46.9  1949    49.8  1980    55.9  1943   200.3  1974
   20.7  1931   18.0  1906   17.8  2015   16.6  2016   16.3  2014   15.7  1892   17.6  1954   19.3  1927   18.3  2004   20.6  1928   20.3  1949   21.4  1936    57.6  1918    46.9  2024    49.3  1904    55.7  2018   200.2  1912
   20.7  1899   18.0  1943   17.8  1899   16.2  1901   16.2  1973   15.7  2011   17.5  1894   19.2  1961   18.3  1987   20.6  2006   20.3  1977   21.3  2014    57.5  1960    46.7  2002    49.1  1931    55.7  1926   200.1  1902
   20.6  1976   17.9  1926   17.8  1987   16.2  1961   16.1  1995   15.6  1954   17.4  1905   19.2  1893   18.3  1981   20.5  1921   20.3  2017   21.3  1983    57.5  1989    46.5  1910    49.0  2016    55.7  1961   200.1  1925
   20.6  1949   17.9  1941   17.7  1909   16.1  2006   15.8  2021   15.5  1913   17.3  2012   19.1  1928   18.3  1965   20.5  1918   20.2  1923   21.1  1924    57.5  2012    46.5  1966    49.0  2004    55.6  1978   200.0  1979
   20.5  2005   17.9  1920   17.6  1997   16.1  1972   15.8  1898   15.5  1924   17.3  1916   19.0  1912   18.0  1947   20.4  2004   20.1  1984   21.1  1906    57.4  1906    46.4  2014    48.9  2020    55.5  1963   199.4  1899
   20.5  2020   17.7  1933   17.6  1968   16.0  1917   15.7  1983   15.5  1987   17.3  1896   18.9  1898   18.0  2019   20.2  1905   20.0  1916   21.0  1952    57.2  1950    45.9  1940    48.9  1952    55.3  2020   199.3  1894
   20.4  1957   17.5  2026   17.5  1927   15.8  1896   15.7  1947   15.4  1926   17.3  2017   18.8  1963   18.0  2000   20.1  1948   20.0  1998   20.8  2024    57.0  2002    45.5  1945    48.9  1902    55.3  2021   199.3  1988
   20.4  1934   17.5  1960   17.4  1928   15.4  1911   15.4  1943   15.4  1985   16.7  1893   18.7  1921   17.8  1999   20.0  1976   19.9  2002   20.8  2012    56.8  1908    45.4  1985    48.7  1897    55.1  1948   198.9  1999
   20.3  1919   17.3  1950   17.4  2017   15.4  1953   15.3  1965   15.4  1981   16.6  1933   18.7  1934   17.8  1955   20.0  2013   19.9  2001   20.6  1891    56.6  2022    45.4  1943    48.3  1951    55.1  2012   198.5  1910
   20.3  1943   17.2  1946   17.4  2026   15.4  1990   15.3  1932   15.3  1901   16.5  1928   18.7  1901   17.8  1957   20.0  1982   19.9  2022   20.5  1973    56.6  1935    45.1  1917    48.0  1892    55.1  1979   198.3  2002
   20.2  1951   17.1  2016   17.3  1970   15.4  1922   15.2  1910   15.2  2012   16.5  1979   18.1  1948   17.6  1964   19.9  1895   19.8  1960   20.4  1914    56.6  2005    45.0  1999    47.9  2023    55.0  2008   198.0  1893
   20.2  1969   17.0  1974   17.3  1906   15.2  1913   15.2  1964   15.1  1956   16.3  1967   18.0  1942   17.6  2016   19.6  1912   19.8  2012   20.3  1998    56.5  1998    45.0  1894    47.8  1958    54.9  1940   197.8  1896
   20.0  1932   16.9  2007   17.2  1934   15.0  1963   15.2  1981   14.9  2024   16.3  1951   18.0  2011   17.6  1919   19.5  1980   19.7  1969   20.2  2004    55.8  1949    44.9  1922    47.7  1963    54.6  1906   197.6  1908
   19.9  1903   16.9  1961   17.2  1938   15.0  1907   14.9  2013   14.7  1963   16.3  1899   17.9  2012   17.5  1926   19.4  1896   19.6  1996   20.2  1945    55.7  1981    44.7  1990    47.6  2007    53.7  1919   197.5  1951
   19.9  1910   16.9  1954   17.1  1951   15.0  1935   14.9  1972   14.6  2016   16.3  1906   17.9  1954   17.4  1943   19.3  1949   19.5  1935   20.1  2019    55.7  1958    44.6  1998    47.0  1910    53.7  1977   197.4  2012
   19.9  1936   16.8  1996   16.8  1998   15.0  2013   14.7  1897   14.5  1959   15.9  1958   17.7  1922   17.2  1900   19.2  1968   19.5  1926   20.1  1982    55.3  1924    44.4  1976    46.9  1961    53.7  2009   197.3  1994
   19.8  1904   16.7  1949   16.7  1898   14.9  1903   14.6  2019   14.3  2015   15.9  1934   17.7  1952   17.2  1938   19.2  1943   19.4  1978   19.9  1979    55.3  2008    44.4  1989    46.7  1942    53.6  2025   197.2  1930
   19.7  1918   16.6  1970   16.6  1926   14.8  1933   14.6  1922   14.3  1937   15.8  1930   17.6  2018   17.1  1944   19.2  1944   19.3  2007   19.8  1984    55.2  1988    44.3  2011    46.7  1916    53.6  1998   196.9  1944
   19.7  1956   16.6  1911   16.6  1907   14.8  2005   14.6  1909   14.1  1997   15.8  1956   17.5  1953   17.0  1905   18.7  2009   19.3  1927   19.8  1944    55.2  2021    44.2  1965    46.7  1974    53.4  1983   196.6  1970
   19.5  1942   16.6  1967   16.6  1925   14.7  2018   14.6  1949   14.1  1950   15.8  1987   17.3  1957   17.0  1995   18.7  1926   19.3  1943   19.7  1908    54.9  1905    43.9  2008    46.3  1965    53.3  1896   196.4  1949
   19.5  2018   16.4  1928   16.5  1980   14.7  1926   14.5  1891   14.0  1894   15.7  1911   17.2  2000   16.8  1988   18.7  1957   19.3  1910   19.6  1928    54.9  1952    43.8  1931    46.2  1906    53.1  1916   195.9  1921
   19.3  1958   16.3  2017   16.4  1891   14.6  1923   14.4  1944   13.9  1961   15.7  1980   17.1  1990   16.8  1940   18.7  2002   19.2  1930   19.6  1964    54.8  1904    43.8  1972    46.1  1905    53.0  1995   195.9  2024
   19.3  1924   16.1  1892   16.4  1916   14.6  1993   14.4  1999   13.9  2001   15.7  1937   17.1  1964   16.7  1920   18.7  1986   19.1  1972   19.6  1907    54.3  1956    43.8  1900    46.1  1920    52.5  1942   195.8  1892
   19.2  1939   15.9  1900   16.3  1999   14.6  2001   14.3  1996   13.8  1902   15.6  1941   17.1  1915   16.5  1963   18.6  1990   19.0  2010   19.6  1897    54.3  1951    43.7  1924    46.0  1909    52.4  1986   195.8  1986
   19.0  2002   15.9  1966   16.2  1917   14.5  1940   14.3  1900   13.7  1898   15.6  1992   16.9  1902   16.4  1979   18.4  1987   18.9  1971   19.5  1899    54.2  1911    43.5  1950    45.8  1893    52.1  1947   194.7  1897
   19.0  1909   15.8  2005   16.1  2014   14.4  1895   14.3  1903   13.7  2007   15.4  1957   16.7  2015   16.3  2006   18.4  1970   18.8  1994   19.5  1894    54.1  1902    43.3  2004    45.6  1915    51.9  1960   194.6  1935
   18.8  1968   15.8  1912   16.0  1947   14.4  1924   14.2  1962   13.6  2003   15.3  1981   16.7  2023   16.2  1967   18.4  1933   18.8  1941   19.5  1997    54.0  1946    43.2  1912    45.6  1992    51.5  1987   194.4  1891
   18.8  1978   15.5  1948   16.0  2002   14.4  2000   14.1  1956   13.6  1971   15.2  1952   16.6  2004   16.2  1937   18.3  1960   18.7  1904   19.4  1895    53.7  2018    43.1  1968    45.4  1940    51.3  2023   193.9  2023
   18.8  1898   15.5  1962   15.9  1901   14.3  1999   13.8  1954   13.5  2005   15.2  1948   16.6  1980   16.1  2023   18.3  1955   18.7  1980   19.4  2022    53.7  1913    43.0  1993    45.4  1987    51.2  1966   193.3  1966
   18.7  1952   15.4  1977   15.8  1976   14.3  1986   13.8  1914   13.3  1930   15.2  2019   16.5  1909   16.1  2010   18.2  2023   18.5  2003   19.4  1938    53.4  1955    42.9  1896    45.3  1901    51.1  1901   193.0  1901
   18.7  2003   15.4  1973   15.7  1985   14.1  1960   13.8  1968   13.3  1923   15.0  2001   16.5  1933   16.1  1953   18.2  1941   18.4  2020   19.2  1958    53.3  1983    42.6  2019    45.2  2011    51.1  2010   192.6  1914
   18.7  1902   15.3  1957   15.6  2020   14.0  2014   13.7  1929   13.3  1895   15.0  1927   16.5  1896   16.0  1977   18.2  1891   18.4  1894   19.2  1922    53.3  1914    42.1  1895    45.2  1979    51.0  1999   192.5  2019
   18.5  1998   15.2  2018   15.6  1991   13.9  1948   13.5  1974   13.3  1964   14.9  1975   16.5  2005   15.9  1903   18.2  1974   18.3  2018   19.2  1925    53.2  1930    42.0  1988    45.2  1936    50.9  1949   192.5  1985
   18.4  1972   15.1  1907   15.5  1930   13.8  1902   13.4  1970   13.1  1908   14.8  2008   16.5  1949   15.9  1898   18.1  1963   18.3  1912   19.0  2017    53.2  1927    42.0  1901    45.2  2001    50.8  1898   192.2  1917
   18.3  1893   14.8  2021   15.4  1919   13.8  1944   13.4  1971   13.0  1904   14.8  1907   16.4  1926   15.9  2005   18.1  1966   18.2  2004   18.7  1988    53.0  2023    41.9  1951    45.1  1935    50.3  2013   192.0  2022
   18.2  1915   14.7  2009   15.2  2007   13.6  1983   13.2  1905   12.9  2000   14.7  1921   16.3  1979   15.8  1945   17.9  1931   18.1  1966   18.6  1967    52.7  2004    41.9  1923    45.0  1957    50.1  1953   191.3  1980
   18.2  2000   14.7  1980   15.2  1993   13.5  1973   13.2  1942   12.8  1917   14.5  1945   16.2  2001   15.5  2025   17.9  1952   18.1  2021   18.6  1960    52.5  1948    41.8  1939    44.8  1934    50.1  2005   191.1  1946
   18.2  2012   14.7  2008   15.2  1932   13.5  1908   13.2  1997   12.6  1918   14.4  2003   16.2  1974   15.5  1956   17.8  1950   18.0  1950   18.5  1948    52.4  1907    41.7  1964    44.8  2014    50.0  1996   191.0  1895
   18.1  1945   14.7  1955   15.1  1971   13.4  1930   13.2  1993   12.6  2022   14.4  1959   16.0  1978   15.3  1952   17.8  1925   17.8  2008   18.5  1930    52.3  1962    41.5  1957    44.6  1941    49.9  1925   190.2  1932
   18.1  2024   14.5  1984   15.1  2005   13.3  1906   13.0  1918   12.5  1976   14.3  1910   15.7  1998   15.3  1902   17.6  2018   17.8  1973   18.5  1904    52.3  1928    41.4  2000    44.6  1990    49.8  1957   189.9  1957
   18.0  2021   14.5  1936   15.0  1915   13.3  1939   13.0  1893   12.4  1911   14.3  2024   15.7  2007   15.2  1990   17.5  1898   17.6  1908   18.4  2006    51.9  1919    41.3  1915    44.3  1966    49.6  1976   189.9  1909
   18.0  1895   14.4  1897   15.0  2018   13.3  1991   13.0  1927   12.4  1993   14.3  1963   15.6  1965   15.1  2008   17.5  1958   17.6  1997   18.4  1940    51.9  1893    41.2  1930    44.2  1991    49.6  1939   189.6  1961
   17.9  2009   14.2  1972   14.9  2000   13.1  2010   12.9  1953   12.4  1979   14.3  1904   15.6  2010   15.0  1930   17.5  1988   17.5  1891   18.3  2000    51.6  2026    41.1  1959    44.1  1964    49.4  1969   189.4  1960
   17.9  1967   14.2  2001   14.8  1922   12.9  1967   12.8  1917   12.4  1957   14.2  1914   15.4  1925   15.0  1966   17.5  1977   17.4  1895   18.2  1931    51.4  1993    40.9  1958    44.1  1926    49.4  1991   188.7  2007
   17.9  1989   14.0  2012   14.7  1950   12.9  2002   12.8  1899   12.3  1960   14.2  1929   15.4  1919   15.0  2022   17.5  1927   17.4  2005   18.2  1902    51.0  1936    40.9  1933    44.0  1993    49.4  2019   188.5  2016
   17.9  1891   14.0  1901   14.7  1904   12.9  1945   12.6  1948   12.3  1958   14.2  1986   15.2  1940   15.0  1994   17.4  2025   17.3  1898   18.1  1962    50.9  1961    40.7  1981    43.9  1917    49.3  1952   188.1  1929
   17.8  1912   13.9  1927   14.6  2021   12.9  1969   12.5  1933   12.3  1969   14.0  1966   15.2  1914   14.9  1928   17.2  1979   17.0  2023   18.0  1978    50.7  1954    40.6  2007    43.9  1939    49.3  1908   188.0  1952
   17.7  2013   13.8  1944   14.4  1961   12.8  1989   12.5  1912   12.2  1962   14.0  1991   15.1  2013   14.8  1922   16.9  2005   16.9  2013   17.9  1957    50.6  1921    40.6  2013    43.7  1944    49.1  1904   187.9  1939
   17.6  1908   13.8  2015   14.3  1937   12.7  1914   12.3  1982   12.1  1968   14.0  1965   15.0  1900   14.5  2021   16.8  2019   16.9  1907   17.9  1990    50.4  1938    40.5  1919    43.5  1898    49.1  1994   187.9  1982
   17.5  1965   13.7  1952   14.2  1911   12.7  1929   12.3  1930   12.0  1939   13.9  1908   14.9  1986   14.4  1976   16.7  1936   16.8  1892   17.8  1932    50.2  1968    40.5  1938    43.5  1962    49.1  1913   187.7  1942
   17.5  2026   13.7  1982   14.1  2004   12.6  1941   12.2  2000   12.0  1967   13.8  1925   14.9  1973   14.4  1904   16.7  2012   16.7  1936   17.7  1946    49.7  1897    40.5  1997    42.9  2010    49.0  1909   187.4  1940
   17.2  1971   13.7  1953   14.0  2016   12.6  1928   12.1  1987   12.0  1973   13.8  1997   14.9  1936   14.4  1968   16.5  1902   16.7  1999   17.4  2021    49.6  1980    40.3  1973    42.8  1933    48.7  1931   187.3  2005
   17.2  1901   13.6  1978   13.8  1936   12.5  1958   11.8  1952   11.9  1974   13.8  1969   14.5  2006   14.2  1911   16.5  1999   16.6  2014   17.4  1913    49.3  1953    40.3  1982    42.7  1937    48.5  1895   187.1  1919
   17.2  1905   13.5  1924   13.8  2010   12.5  1897   11.7  2010   11.7  1983   13.7  1961   14.4  2016   14.1  2003   16.4  2024   16.5  1893   17.4  1953    49.2  2013    40.3  1944    42.3  1945    48.4  1955   186.8  2006
   17.1  1979   13.2  2019   13.8  1954   12.3  1894   11.7  1940   11.7  1903   13.7  1947   14.1  1987   14.1  1901   16.2  1913   16.5  1920   17.0  1909    49.1  1933    40.1  2016    42.2  1967    48.0  1911   186.8  1956
   17.0  1913   13.0  1956   13.8  1959   12.1  2015   11.6  1941   11.7  1899   13.7  1964   14.0  1908   14.1  2001   16.1  1940   16.3  1975   17.0  1920    49.1  1970    40.1  2003    42.2  2025    48.0  1924   186.5  1981
   16.7  1925   13.0  2004   13.7  2011   12.0  1995   11.6  1957   11.5  1910   13.6  1968   14.0  1944   14.0  2020   16.0  1904   16.3  1967   16.9  1905    48.7  1944    40.1  1928    42.2  1921    47.9  1988   186.1  1911
   16.7  1960   12.9  1969   13.6  1949   12.0  2009   11.3  2012   11.5  2014   13.5  2014   14.0  1993   13.9  1969   16.0  2010   16.1  1897   16.6  2009    48.6  1966    40.1  1911    41.5  1911    47.5  1907   186.1  1958
   16.6  1970   12.8  2023   13.6  1933   11.9  1937   11.3  2004   11.3  1978   13.5  2004   14.0  1935   13.8  1929   15.9  1971   16.1  1922   16.6  2025    48.6  1976    40.1  1961    41.3  1994    47.3  1990   185.5  1915
   16.6  1946   12.8  1968   13.5  1945   11.9  2017   11.3  1992   11.2  1989   13.1  1943   13.9  1967   13.8  1960   15.9  1956   16.1  1952   16.6  2016    48.6  1972    39.6  1891    41.1  1908    47.2  1902   185.4  1983
   16.4  1954   12.8  1938   13.3  1952   11.9  1956   11.0  1937   11.1  2009   12.9  1995   13.8  1938   13.7  2007   15.8  1969   15.8  2011   16.6  1935    48.5  1909    39.6  1987    40.6  1972    47.2  1897   184.4  1965
   16.1  1907   12.8  2010   13.3  2001   11.9  1955   10.8  2020   11.1  1914   12.8  1999   13.6  1971   13.6  1973   15.8  1978   15.7  1962   16.6  1976    47.9  1986    39.4  1969    40.6  1914    47.1  1946   183.8  1995
   16.1  2022   12.7  1971   13.1  1935   11.8  1962   10.8  2024   11.1  1977   12.8  1944   13.5  1916   13.5  1936   15.6  1894   15.7  1985   16.5  1926    47.9  2009    39.2  2017    40.0  1981    47.0  1914   183.6  1945
   16.1  2011   12.5  1987   13.0  1946   11.7  1968   10.7  1985   11.0  1951   12.7  1897   13.5  1969   13.5  1991   15.3  1924   15.5  1965   16.5  1941    47.8  1977    39.2  1996    39.8  1970    46.9  1936   183.5  1978
   15.9  1977   12.5  1976   12.9  1972   11.7  1957   10.4  1911   10.9  1955   12.7  2025   13.5  1920   13.3  2013   15.3  1994   15.5  1902   16.3  2003    47.6  1941    39.0  1955    39.7  1959    46.6  1964   183.3  1962
   15.6  1914   12.3  1899   12.8  1894   11.5  2023   10.4  1998   10.9  2023   12.6  1935   13.3  1911   13.2  1921   15.2  1919   15.4  1901   16.2  1917    47.6  2017    38.9  2021    39.6  1969    46.5  1962   182.4  1936
   15.5  1982   12.2  1913   12.7  1942   11.4  1988   10.1  1936   10.8  1984   12.6  1973   13.2  2020   13.0  2009   15.1  1992   15.4  1964   16.2  1972    47.5  2011    38.9  2012    39.5  1989    46.5  1975   181.6  2018
   15.4  1961   12.1  2025   12.7  1984   11.2  1952   10.1  1928   10.7  1953   12.2  1926   13.1  1966   12.9  1909   14.8  1991   15.2  1976   16.1  2018    47.5  1942    38.8  1948    39.4  1973    46.5  1951   181.6  1953
   15.4  1947   12.1  1896   12.6  1943   11.2  1892   10.0  1988   10.6  1996   12.0  1996   13.0  1994   12.9  1951   14.5  1899   15.0  1948   16.0  1992    47.1  1987    38.8  2022    39.2  1919    46.4  1941   181.0  1993
   15.4  1896   12.0  1994   12.5  1910   11.1  1946    9.9  2017   10.3  1920   11.9  2022   12.9  2025   12.8  1997   14.3  1937   14.9  1961   16.0  1903    47.0  1978    38.7  2010    39.1  1978    46.3  1912   180.8  1913
   15.4  1950   11.9  1902   12.4  1948   10.8  1966    9.9  1950   10.3  1934   11.9  1978   12.7  1937   12.7  1958   14.2  1959   14.7  1987   16.0  1950    46.9  1896    38.6  2023    39.1  1997    46.3  1921   180.7  1963
   15.3  1935   11.7  1991   12.3  1941   10.7  1936    9.8  1989   10.2  1909   11.7  1912   12.6  1932   12.4  1914   14.1  1939   14.6  2019   15.9  1971    46.2  1969    38.3  1978    39.0  1932    46.1  2002   180.1  2001
   15.1  2010   11.5  2006   12.3  1893   10.5  1976    9.8  1901   10.2  1936   11.6  2011   12.4  1996   12.2  1989   14.0  1945   14.4  2016   15.9  2007    46.1  1973    37.9  2018    38.9  1999    45.8  1965   180.1  1977
   15.1  2019   11.5  1942   12.1  1944   10.3  2022    9.8  1977   10.1  1949   11.4  2018   12.3  2022   12.2  1998   13.6  1964   14.3  1932   15.8  1969    45.9  1965    37.9  1892    38.5  2005    45.8  1985   179.3  2013
   15.1  1955   11.5  1940   12.0  1965   10.0  1982    9.7  1990   10.1  1942   11.4  1994   12.2  2002   11.7  2024   13.6  1911   14.1  1918   15.5  1975    45.4  2025    37.6  1991    37.9  2000    45.5  1971   179.0  1937
   15.0  1980   11.3  1981   11.8  1975    9.7  1893    9.5  1961    9.9  2013   11.3  1901   11.7  1970   11.5  1986   13.5  1953   14.1  1924   15.3  1970    45.2  1971    37.5  1962    37.5  1986    45.5  2003   177.3  1969
   14.9  1911   11.2  1929   11.6  1958    9.7  1987    9.5  2016    9.9  1893   11.2  1892   11.5  1939   11.5  1993   13.3  1993   14.1  1909   15.2  2008    44.9  2001    37.2  1937    37.5  1971    45.5  2014   175.6  1989
   14.7  1991   10.7  2013   11.5  2025    9.6  1997    8.7  1939    9.7  1906   11.2  2013   11.5  1975   11.4  1915   13.3  1947   14.0  1995   15.0  2005    44.6  1895    37.2  1975    37.2  2018    44.8  1968   174.9  1947
   14.6  2017   10.7  1993   11.5  1974    9.5  1942    8.7  1915    9.6  1933   11.0  1990   11.5  1991   11.3  1949   13.2  1914   13.6  1933   14.8  2001    44.5  2010    37.2  1971    36.8  2022    44.6  1956   174.5  1973
   14.6  1953   10.1  1959   11.5  1962    9.4  1921    8.7  1959    9.6  2006   10.9  1972   11.5  1977   11.3  1895   12.9  2003   13.5  1988   14.8  1892    44.4  2019    37.0  1954    36.8  1982    44.4  2007   174.0  1987
   14.6  1973    9.8  1909   11.2  1900    9.4  1954    8.6  2001    9.5  1975   10.9  1898   11.5  2021   11.2  1913   12.9  1973   13.4  1990   14.7  1947    44.2  1991    36.6  1941    36.7  1949    44.3  1973   173.4  1984
   14.4  1959    9.3  1983   10.6  2013    9.3  1978    8.6  1946    8.9  1970   10.5  2006   11.3  1972   11.1  1916   12.7  1997   13.4  1957   14.6  1977    44.0  1917    36.5  2001    36.5  1925    43.5  1959   173.3  1941
   13.7  1933    9.2  1919   10.6  1973    9.3  2011    8.6  1991    8.7  1891   10.3  1971   11.2  1997   10.9  1939   12.6  1897   13.3  1956   14.6  1961    43.7  1959    36.3  1952    36.5  2003    43.1  1997   172.9  1997
   13.6  1917    9.1  1964   10.4  2003    9.0  1984    8.6  1960    8.7  1921   10.2  1976   10.9  1959   10.7  1971   12.3  1962   13.3  1896   14.5  1987    43.3  1997    35.9  1956    36.2  1899    43.0  1989   172.9  2010
   13.6  1996    9.0  1917   10.4  1955    8.8  2003    8.6  2025    8.4  1986   10.2  1962   10.6  1931   10.2  1931   12.2  1910   13.0  1925   14.5  1937    42.6  1932    35.4  1942    36.2  2013    42.8  2015   172.5  1964
   13.3  1897    9.0  1934   10.0  2022    8.7  1971    8.2  2018    8.3  1995   10.1  1949   10.3  1999   10.0  1906   12.2  1915   12.9  1915   13.8  1939    42.4  1979    35.0  1953    35.9  1975    42.6  1920   172.2  1959
   12.5  2025    8.9  1891   10.0  1956    8.6  1891    8.1  1919    8.1  2018   10.1  1917    9.9  1968    9.5  1941   12.1  1965   12.7  1921   13.5  1943    41.9  1992    34.9  1893    35.6  1968    42.3  2016   171.5  2021
   12.5  2001    8.8  1921   10.0  1923    8.5  1912    8.0  2023    8.1  1982    9.4  1977    9.3  1981    9.3  1910   11.9  2015   12.4  1955   13.2  1991    41.6  1982    34.6  1936    35.0  1996    41.8  1922   170.8  1976
   12.4  1985    8.8  1965    9.9  1918    8.5  2021    7.8  1951    8.1  1940    8.7  1982    9.3  1945    8.8  1907   11.3  2007   12.3  2024   13.1  1968    41.5  1929    34.4  1935    34.6  2006    41.4  1937   170.8  1991
   11.9  2006    8.5  2003    9.8  1960    8.3  2019    7.7  1895    8.0  1905    8.6  2021    8.8  1913    8.5  1912   11.1  1908   12.3  1934   12.4  1996    40.9  1947    33.4  2020    33.4  1947    40.7  1910   168.2  1972
   11.4  1964    7.8  1947    9.6  1931    7.7  2007    7.6  1978    7.6  1992    8.6  2005    8.5  2003    8.5  2015   10.9  1922   11.2  1968   12.4  1981    40.5  1996    32.7  1946    32.0  1977    40.3  2024   168.1  1968
   11.3  1941    7.8  1975    9.0  1969    7.6  1918    7.4  1975    7.6  2010    8.4  1984    8.3  1899    7.6  1996   10.4  1975   10.9  1937   12.3  2010    40.0  1934    32.5  1960    31.0  1913    40.3  1958   167.5  1975
   11.3  1940    7.4  1979    8.8  1964    7.0  1938    6.2  1935    7.5  1915    8.2  1989    7.7  1984    7.5  2014   10.2  1985   10.7  1993   12.2  2002    39.5  2003    31.3  1929    28.7  1995    39.6  1894   167.1  1996
   11.0  1966    7.1  1895    8.7  1892    7.0  2020    6.2  1984    7.3  1925    7.8  2000    7.7  1955    7.5  2002   10.2  2016   10.6  1942   10.6  1933    38.9  1985    30.4  1918    27.1  1976    38.6  1933   166.1  1971
   10.7  1929    6.6  1985    8.6  2012    7.0  2025    6.1  1980    7.1  1941    7.0  1983    7.7  1983    7.2  1959   10.1  1951   10.2  1983   10.3  1963    38.5  2006    28.9  1980    27.0  2021    37.2  1945   165.6  2003
   10.6  1987    5.9  1963    8.2  1996    6.6  1981    6.0  1994    6.9  2021    6.7  1913    7.6  1995    6.6  1933    9.3  1920   10.0  1958   10.0  1995    36.6  1940    27.8  1984    27.0  1984    36.5  1915   164.2  1933
   10.3  1992    5.8  1930    7.7  1924    6.3  1980    5.9  1896    6.6  1932    5.7  1919    4.5  1976    6.5  1972    9.3  1972    9.7  1989    9.9  1989    32.9  1963    27.7  1974    26.4  1983    35.5  1993   164.0  2025
    8.9  1963    5.5  1986    6.7  1953    2.7  1974    5.3  2008    5.8  1988    4.1  1955    1.4  1947    5.6  1894    5.1  1946    7.4  1945    8.6  1927    30.8  1964    27.0  2025    22.8  1955    34.9  1972   161.6  1955
    8.6  1997    4.4  1932    4.9  1929    ---  2026    ---  2026    ---  2026    ---  2026    ---  2026    ---  2026    ---  2026    ---  2026    ---  2026     ---  1891     ---  2026     ---  2026     ---  2026     ---  2026
