Areal values from HadUK-Grid 1km gridded climate data from land surface network
Source: Met Office National Climate Information Centre
Monthly, seasonal and annual total precipitation amount for Scotland
Areal series, starting in 1836
Last updated 01-Apr-2026 11:35
    jan  year    feb  year    mar  year    apr  year    may  year    jun  year    jul  year    aug  year    sep  year    oct  year    nov  year    dec  year     win  year     spr  year     sum  year     aut  year     ann  year
  302.8  1993  289.5  1990  248.4  1994  194.0  1947  188.6  2011  176.5  1872  191.2  1988  228.7  1985  265.1  1950  254.2  1935  260.4  2009  322.6  2015   736.6  2016   427.6  1986   479.1  1985   679.8  1981  1891.8  1990
  277.9  1928  277.3  2020  239.3  1990  163.1  1867  177.7  1986  155.8  1838  176.8  1940  223.5  1992  228.1  1981  249.3  1938  240.4  2006  306.9  1852   731.0  2014   413.9  1994   449.4  1877   617.1  1954  1862.9  2011
  275.2  2008  268.3  1997  210.5  1903  159.5  1904  152.7  1925  155.5  1938  167.4  1939  210.8  1861  200.2  1982  247.1  1983  239.8  2015  295.5  2013   675.4  1995   411.8  1967   439.1  2019   611.4  1982  1837.4  2015
  254.1  1975  259.3  1848  207.9  1967  147.6  1910  150.7  2015  152.8  2017  166.5  1985  207.9  2019  198.6  1869  247.0  1903  236.9  1938  277.1  1986   669.8  2000   408.5  1992   432.8  1846   609.8  1938  1801.7  2020
  253.2  1974  245.0  1894  207.6  1992  145.2  1934  143.6  1906  150.9  1877  164.9  2010  203.4  1962  195.6  1985  246.1  2014  235.1  1981  270.8  1999   669.7  2020   400.2  2015   425.5  2009   607.6  1984  1766.5  1872
  251.4  2016  243.6  2002  188.4  1979  143.0  2024  138.0  2003  144.5  1856  161.4  1846  200.3  2009  195.3  1872  242.5  1967  232.2  1877  262.2  1929   630.4  1990   391.8  1990   424.9  1948   584.6  1935  1748.7  1998
  250.8  2015  237.8  1989  186.5  1989  137.3  1949  132.8  1920  143.4  1907  158.6  1956  197.3  2024  194.7  1885  241.3  2020  230.8  1984  262.2  2011   630.1  2007   386.7  1913   417.4  1956   582.8  2006  1747.5  1877
  248.0  1852  234.4  1868  179.0  1876  136.0  1925  129.3  2007  143.0  1966  158.0  2023  195.2  1930  191.8  1995  241.3  1954  228.5  1986  260.8  2006   617.4  1894   382.4  1947   415.1  1861   577.4  1917  1742.6  1903
  244.8  1990  225.9  2022  178.9  1921  135.2  1994  125.3  1967  138.4  1980  154.6  2009  193.9  1903  187.8  1978  239.7  2001  226.3  1917  255.8  2023   590.7  2015   376.1  1925   408.8  2017   569.4  2011  1738.9  1999
  241.2  1983  221.5  2014  178.6  2019  134.2  1932  122.3  1922  138.2  1931  154.5  1953  193.5  1868  187.6  2011  236.1  2008  225.2  1982  251.2  1974   586.1  2024   375.4  1979   406.9  1872   564.7  2000  1738.3  2014
  240.0  2005  204.4  1995  174.2  1861  134.2  1977  121.6  1954  137.6  2002  151.3  1998  189.2  2004  187.4  1980  235.0  1998  222.1  1951  249.5  1949   584.5  1868   370.0  2011   403.8  1879   562.6  1872  1732.1  1938
  238.0  2007  201.3  1998  172.8  1978  134.2  1927  121.5  1963  134.0  1848  151.0  2015  187.8  2014  186.9  1839  234.8  2000  221.2  1991  246.9  1912   584.0  1989   364.0  1963   402.0  1903   554.0  2009  1731.2  1992
  234.3  1962  200.2  2000  171.8  1913  133.6  1950  121.3  2009  133.6  1948  150.6  1946  186.3  1923  185.5  1863  232.9  1917  219.0  1861  246.6  2024   576.5  2008   362.7  1920   400.3  1838   550.0  1980  1716.8  2008
  229.5  1921  199.6  1903  171.2  2015  129.6  1899  121.0  1916  131.2  2004  150.4  1873  185.3  1989  184.6  1935  226.5  2021  214.6  1979  243.6  1898   572.5  1853   361.4  1868   396.8  1988   546.1  2022  1701.2  2000
  228.5  1863  190.0  1850  169.3  1988  127.9  1863  120.4  1892  129.7  1990  150.1  1970  185.2  1910  180.0  1927  225.6  1996  214.0  1977  243.3  1900   571.4  2002   361.3  2006   395.7  2004   544.2  1977  1693.0  1954
  227.7  1995  185.3  1920  168.6  1986  125.2  1972  120.2  2022  128.9  1862  150.1  1936  184.8  1948  179.9  1946  225.0  1995  210.8  1954  243.3  1994   571.2  1920   355.6  1903   395.0  1998   542.1  1995  1684.6  2004
  225.0  1890  171.6  1918  166.2  1897  124.8  1991  119.8  1945  127.6  1928  150.0  1836  173.9  1874  176.4  1975  224.2  1874  209.1  1978  241.7  1966   561.7  1903   350.3  2005   389.6  1938   537.6  1970  1678.7  2009
  223.0  1932  171.2  1869  165.6  2008  123.3  1951  119.6  1958  126.3  2012  147.7  1882  173.7  1988  174.8  2004  222.0  1862  209.0  1992  232.3  1993   553.8  1984   349.5  1993   389.2  1980   533.9  1950  1662.4  1868
  222.8  1999  170.6  1992  164.7  1882  122.9  2004  119.5  1976  124.6  1860  146.3  1938  171.7  1889  174.6  1918  220.0  1916  207.6  1890  227.6  1983   553.7  1877   349.4  2009   386.5  2012   529.0  1874  1660.0  1948
  218.4  1868  169.0  1945  164.3  1868  122.5  1919  118.1  2006  123.2  2020  146.3  1957  170.2  1891  173.6  1908  216.5  1981  207.1  1940  227.5  1954   553.1  1975   347.7  1999   385.5  1946   527.9  2020  1657.0  1928
  216.6  1984  166.9  1915  161.2  1859  121.9  2005  118.0  2013  122.9  1912  144.4  1903  170.2  1956  173.4  1864  215.0  1934  206.5  1939  221.8  1980   552.9  1974   346.0  1934   382.1  2007   514.9  1991  1647.7  1982
  216.3  1938  166.1  1866  157.3  1983  121.1  1943  117.9  1862  122.8  1927  144.1  1879  167.3  1877  173.1  1992  213.0  1943  205.5  2022  220.1  1921   551.4  1916   341.9  1977   380.1  2024   513.1  1978  1640.3  2006
  216.2  1849  165.3  1911  156.8  1908  120.5  1992  117.2  1924  122.4  1846  143.4  1871  163.3  1895  171.1  2018  212.3  1984  204.9  1953  220.0  1914   551.4  1998   338.7  2024   376.2  1957   512.9  1923  1636.7  1986
  215.3  1994  164.8  2011  156.0  1982  119.3  1998  115.9  2005  122.2  1991  142.3  1918  163.2  1943  170.8  1999  210.0  2023  203.8  1947  217.0  1955   549.7  2012   337.3  1899   375.4  1907   511.1  1967  1628.0  2023
  214.1  2014  163.0  1939  155.8  1842  118.4  1843  113.9  1966  121.7  1890  142.1  1924  162.7  1941  170.3  2023  208.7  1990  201.5  1888  216.6  2014   546.4  1937   335.8  2019   374.0  1890   508.4  1877  1621.5  1994
  211.5  2002  162.6  2016  154.9  1987  117.2  1960  111.9  1993  119.6  1944  141.1  1959  162.7  2011  170.0  1948  208.5  1845  199.0  1974  212.6  1924   545.9  1999   334.1  1882   371.6  1950   507.4  1930  1620.8  1923
  211.3  1884  162.4  1925  154.1  1963  116.4  1965  111.8  1972  119.5  1965  140.9  1881  162.5  1929  169.4  1924  207.3  1932  195.0  1872  212.2  2012   543.1  1869   328.4  1968   370.8  2008   506.5  1998  1620.5  2002
  211.2  1872  162.1  1935  153.9  1896  115.7  1993  111.5  1931  119.1  1972  140.0  1858  162.4  1961  168.4  1899  205.6  1930  194.2  1999  209.1  1951   542.4  1994   326.8  1997   370.4  1873   506.5  2023  1609.3  2024
  210.1  1866  161.7  1914  152.5  1968  115.6  2013  111.1  1999  118.3  1945  137.6  2016  160.7  1982  167.2  1983  204.6  2004  193.2  1996  208.7  1911   541.7  2005   326.6  2002   369.5  2020   504.6  1869  1596.2  2012
  207.3  1916  160.8  1885  151.3  1905  115.0  1898  110.8  2002  118.0  1999  136.9  1950  160.5  1892  166.8  1861  204.1  2011  192.4  1911  207.5  1866   533.8  1848   325.7  1904   369.2  1923   503.4  1890  1594.1  1967
  204.2  2004  159.3  2008  148.6  2026  114.0  2012  110.2  2021  117.5  1882  134.1  2007  159.7  1863  165.3  1891  202.0  1923  191.3  1928  206.5  1982   531.7  1863   325.5  1862   368.6  1962   502.9  1992  1593.6  1988
  202.5  2020  157.5  1877  148.5  1851  113.3  1915  109.6  1997  114.1  1919  134.0  2020  157.7  1917  165.0  1954  201.1  1970  189.0  1959  205.2  1868   528.0  1915   324.8  1966   367.6  1930   501.7  1927  1578.7  2005
  202.3  1937  156.6  1916  148.1  1981  113.1  1985  108.7  1907  113.4  1998  132.6  1884  156.3  2008  164.5  1984  200.9  1968  188.9  1914  203.5  1936   526.1  1993   322.7  1983   367.4  1881   501.0  2004  1570.7  1863
  202.3  1976  155.6  2024  147.8  2009  112.6  1959  108.1  1964  113.0  1994  132.5  1931  155.4  1907  162.7  1942  200.6  2022  188.4  1931  202.4  1959   519.7  1925   321.4  2014   365.9  1895   499.6  2001  1566.7  2007
  198.9  1989  154.7  1923  147.0  2021  112.3  1859  107.8  1913  112.9  1946  131.2  1877  154.5  1957  162.5  1965  200.3  1909  187.8  1970  201.7  1863   516.0  1866   320.9  1921   365.3  1924   498.4  2018  1558.0  2022
  198.8  2000  154.3  1898  145.4  1920  111.1  1999  107.8  1884  112.0  2025  130.3  1895  153.6  1841  162.0  1923  199.7  1961  185.9  1944  200.2  1956   511.9  1922   318.9  1976   364.4  1862   493.8  1861  1558.0  2019
  198.0  1877  150.9  1943  144.9  1836  109.8  1911  105.9  1943  111.6  1935  128.6  2019  151.4  1894  161.6  1874  197.7  1929  185.6  1963  198.2  1876   509.8  1884   318.9  1906   362.8  1928   493.3  2005  1555.1  1916
  196.8  1903  150.4  1880  144.7  1995  109.3  1996  105.7  1872  110.8  1897  128.5  1862  150.1  1883  161.4  1878  196.4  1877  183.3  1881  197.4  1854   509.5  1950   318.4  2007   362.3  1961   490.2  1932  1543.8  1950
  196.2  1873  150.3  1910  142.8  1966  107.9  2006  105.5  1923  110.7  1879  126.9  2002  149.1  1879  160.7  1892  192.6  2006  183.0  1913  196.8  2020   508.2  1983   316.9  1927   361.8  1882   489.4  1979  1533.3  1979
  195.8  1988  148.8  1883  138.9  1938  107.1  1964  105.3  1840  109.8  1844  126.9  1932  148.9  1846  157.6  1836  191.2  1843  180.3  1930  196.1  1893   507.1  1949   316.1  1910   360.9  2011   489.3  2021  1532.4  1900
  194.3  1920  145.6  1949  138.8  1997  107.0  1913  104.6  1944  109.6  2007  126.7  1861  148.7  1964  157.6  1866  190.8  1846  180.1  1869  196.1  1942   506.9  1967   314.5  1914   359.2  2015   487.3  2008  1529.6  1981
  192.6  1957  145.4  1970  137.9  1914  106.7  2000  104.5  1968  108.8  1896  125.9  1888  147.7  1951  156.1  1947  190.7  1942  179.6  1883  195.0  1845   501.5  1957   314.2  1897   356.2  1927   486.5  1928  1522.8  2017
  191.8  1853  143.3  1922  137.2  1912  106.7  1868  104.4  2019  107.7  1881  125.3  2012  146.3  2017  154.0  1977  190.1  2013  179.3  2025  194.5  1891   499.3  1872   312.5  1932   356.0  1992   486.3  1918  1520.0  1980
  191.6  1986  143.2  1871  136.6  1860  106.5  1975  103.9  1886  107.5  2008  125.3  1915  145.0  1873  153.0  2000  189.2  1928  179.1  1998  193.3  1979   495.4  1943   309.5  1943   355.2  1910   484.7  1999  1518.3  1882
  191.6  1930  143.1  1967  136.4  2007  105.0  1880  103.7  1938  107.5  1854  124.2  1890  144.9  1950  153.0  1961  187.7  1873  178.5  1980  192.7  1847   489.8  1981   308.1  1972   354.3  2002   484.5  1903  1512.6  1974
  190.2  1927  142.8  1928  135.3  2006  104.9  1909  102.8  1847  107.0  1954  123.5  1843  144.0  1904  152.7  1962  187.6  1860  177.7  2011  192.0  1985   485.6  1962   307.6  1907   353.5  1929   484.1  1996  1509.9  1949
  185.6  1926  142.2  1876  135.1  1874  104.0  1935  102.0  1969  105.9  1947  123.4  1853  143.1  1912  152.7  1896  186.0  1982  177.7  1882  192.0  2004   484.3  1899   306.1  1989   353.2  1943   483.9  1944  1509.0  1943
  185.5  1875  142.2  2017  134.3  1977  103.5  1970  102.0  1885  104.0  2005  122.2  1849  142.8  1942  152.5  2010  184.4  1853  176.8  2000  191.5  1919   484.1  1923   305.1  1876   352.9  1965   483.6  1836  1508.5  1898
  185.3  1948  142.2  1999  133.6  1976  103.2  1916  101.2  1894  104.0  1876  120.2  1961  142.6  1949  150.3  1934  184.3  2002  176.6  1929  191.3  2000   481.7  2004   304.7  1905   351.2  1856   481.9  2017  1503.8  1985
  184.1  2018  141.6  1950  133.3  1890  102.7  1871  101.2  1878  103.2  1943  120.0  1837  141.6  1906  149.8  1840  184.1  1980  176.4  1946  189.9  2019   480.7  1930   304.5  1867   349.4  1848   481.8  2025  1503.1  1970
  182.9  1851  141.1  1893  132.2  2023  100.5  1900  100.7  1854  102.5  1863  119.7  1937  140.7  1934  149.7  2006  183.6  1989  175.9  1926  187.9  1990   479.2  2021   304.0  1988   345.1  1912   476.3  1926  1502.1  1866
  181.7  2012  140.7  1872  129.4  2014  100.1  1953  100.0  1858  102.5  2019  119.1  1980  139.8  1963  149.1  1987  183.2  2005  175.0  1973  187.5  1915   475.4  1867   298.9  1916   345.0  1894   471.7  1961  1500.6  1836
  181.6  1923  140.7  1937  128.9  1928   99.9  1862   99.7  1934  102.0  1913  118.7  1909  139.3  1924  148.7  1970  182.1  1976  174.4  2002  187.3  1957   473.3  1988   298.3  1987   344.8  2016   469.9  1845  1499.1  1934
  179.3  1934  140.5  1961  127.3  2017   99.4  1948   99.1  2014   99.8  1997  118.1  1883  138.9  1897  148.0  1945  181.0  1890  174.1  1899  185.0  1862   468.9  1913   298.2  2000   344.7  1892   469.5  1940  1495.5  1983
  178.8  2023  140.3  1884  127.2  1864   99.0  2016   98.9  1888   99.6  1901  117.9  1900  138.7  1866  146.6  1964  177.9  2017  171.8  2005  184.4  1948   468.3  2022   297.9  1922   342.6  1900   468.7  1983  1494.1  1912
  177.5  1944  139.8  2021  127.1  1957   99.0  1882   98.0  1973   99.5  2011  117.7  1923  138.3  2007  146.5  1988  177.2  1841  170.7  1916  183.3  1897   467.4  1849   297.8  1908   341.5  2014   468.0  1864  1492.7  1995
  177.4  1900  139.6  1996  126.8  1926   98.6  1990   96.7  1983   99.4  1981  117.6  1867  137.6  1928  146.4  1879  176.7  2025  170.4  1850  183.0  1997   465.0  1945   297.8  1998   340.0  1883   465.6  2010  1490.6  1861
  177.0  1949  138.1  1931  126.6  2002   97.7  2008   95.6  1955   99.1  1852  117.3  1896  137.5  1850  145.9  2012  176.3  1977  169.8  1836  181.9  1934   464.2  1852   297.5  1982   340.0  1970   459.5  1899  1489.3  1989
  176.3  1894  137.5  1962  126.3  1991   97.2  1922   94.0  1865   98.8  1987  117.2  1894  136.9  1960  144.8  1990  174.5  1927  168.6  1972  181.0  1998   463.6  1928   296.7  1926   338.1  1931   458.9  1943  1486.2  2016
  174.6  2024  136.5  1837  126.2  2000   96.3  1961   93.9  1982   97.8  1952  116.9  1848  136.0  1898  143.5  1873  174.2  1906  168.3  1906  180.5  1932   460.3  1883   295.8  1995   336.8  2023   458.5  1929  1485.7  1966
  173.2  1843  136.0  1988  125.4  1999   96.1  1923   93.4  1979   97.7  1864  116.0  1910  135.2  2005  142.0  2016  173.7  1893  167.3  1880  179.0  1877   460.0  1898   295.7  1949   336.6  1874   458.4  1963  1484.5  1862
  170.3  1906  135.7  1859  122.6  1998   95.1  1901   93.2  1904   97.4  1851  115.7  1880  134.9  2012  141.4  1974  172.5  1926  167.2  1844  176.4  1884   456.4  1933   294.2  2021   335.1  1964   457.7  1948  1483.4  1993
  169.8  1981  135.5  1849  121.9  1993   93.6  1979   92.3  1921   96.4  1892  115.4  1958  134.2  1952  141.3  1953  172.2  1872  167.2  1969  175.8  1836   455.2  1958   292.4  1991   333.5  1897   456.0  1873  1481.4  1927
  169.7  1840  135.2  1852  121.6  1895   93.4  1847   92.1  1947   95.6  1840  115.1  1942  134.0  1927  141.2  1932  171.9  1847  165.6  2010  174.6  1973   452.7  1960   289.8  1898   333.2  1954   455.6  2012  1479.2  1926
  169.1  2003  131.4  2007  120.6  2020   93.0  1914   91.8  1870   95.5  1853  114.9  1993  134.0  1905  140.7  2017  170.8  1948  164.8  1852  174.2  1869   452.2  1859   288.8  2008   333.2  1918   454.2  1990  1475.0  1884
  167.1  1998  131.2  1864  120.4  1894   92.8  2014   91.6  1962   95.3  1845  114.8  1838  132.9  1900  140.0  2022  168.6  1918  163.3  2017  170.2  1964   452.1  1926   287.7  1874   329.8  1953   452.0  1916  1471.9  1962
  166.8  1869  130.1  1948  117.6  1907   92.4  1874   91.3  1899   95.1  1973  114.3  1951  131.6  1980  138.4  2005  168.5  1959  162.6  1898  170.0  1872   451.7  1935   287.2  1912   327.9  1896   450.9  1986  1467.6  1883
  166.6  1859  128.5  1867  117.5  1848   92.1  1836   90.8  1900   94.6  1963  114.2  1922  131.3  1921  138.0  1893  168.5  1988  161.7  1866  168.4  2003   447.0  1992   286.8  1965   327.9  1836   449.9  1863  1466.5  1961
  165.2  2009  127.9  1933  116.7  1940   91.0  1889   90.7  1929   93.7  1959  113.5  1856  130.4  1998  138.0  1967  168.5  2018  161.2  2020  167.9  1857   442.9  1931   286.7  1950   327.5  1987   447.6  1893  1465.3  1874
  163.5  1836  126.8  1960  116.4  1899   90.9  1933   90.4  1868   92.1  1916  112.8  1934  130.2  1901  135.4  1944  166.4  2009  160.9  2003  167.8  1842   442.7  1910   286.3  1909   324.8  1951   447.0  1974  1464.1  1920
  163.0  1862  126.0  1856  116.1  1939   89.9  1876   89.0  1926   91.8  1900  111.5  1965  129.8  1958  134.6  1898  165.3  1867  160.6  1847  166.9  1841   441.1  2013   285.7  1863   323.6  1990   446.8  1891  1462.3  1935
  162.2  1874  125.9  1889  115.9  1902   89.3  1905   88.3  1902   91.7  2015  110.9  1933  129.7  1838  133.3  1919  164.7  1900  160.5  1905  166.7  1896   441.0  1885   285.5  1970   322.0  1958   444.0  1883  1461.4  1991
  161.9  1965  125.7  1926  115.2  1846   89.2  2002   87.9  1873   91.4  2024  110.4  1916  128.7  1979  131.8  2019  163.8  1991  159.0  1848  165.3  1902   439.9  1912   285.3  2013   321.0  1891   442.9  1847  1461.2  1932
  161.4  1931  125.1  1941  115.1  1881   88.9  1940   87.8  1942   89.8  1950  110.2  1987  128.1  1890  131.1  1886  163.4  1971  158.8  2012  164.5  1984   439.5  2025   283.3  1945   319.3  1841   442.9  1953  1458.1  2013
  157.2  1958  125.1  1974  113.8  1884   88.4  1963   87.6  1877   89.4  2016  109.8  2017  127.2  1865  130.9  1856  162.6  1944  158.7  2018  164.5  1962   438.8  1864   283.1  1859   318.6  1942   441.1  1878  1456.9  1984
  156.8  1899  125.0  1882  113.5  1844   87.8  2022   87.3  1953   88.6  1875  109.1  1920  127.2  1918  130.4  1979  161.4  1987  158.3  1884  162.7  1940   437.7  1914   282.9  1888   317.7  1960   441.0  1976  1451.9  1852
  156.2  1946  124.7  1908  113.3  2024   85.4  2010   87.3  1965   88.6  1956  108.6  1872  126.2  1893  130.0  1991  161.4  1878  157.0  1912  162.0  1944   437.4  1987   282.6  2004   317.6  1851   439.3  1892  1448.6  1930
  155.2  2026  124.4  1844  112.9  1879   85.3  1846   87.0  1909   87.8  1836  108.4  1893  125.4  1860  129.8  1969  160.8  1986  155.5  1843  161.6  1901   436.0  1939   282.3  1985   316.3  1966   436.7  1947  1446.6  1957
  155.0  1978  123.7  1966  112.4  2005   85.0  2018   86.8  1875   87.7  2001  108.4  1954  123.3  1878  129.7  1955  159.6  1854  155.2  1919  158.9  1856   432.1  2023   280.7  2003   316.3  1963   433.8  1900  1441.2  1977
  154.1  1942  123.3  2015  112.0  1839   84.9  1973   85.1  1932   87.5  1926  108.3  1851  122.1  1946  127.9  1926  159.4  1949  155.1  2007  158.7  1882   430.6  1846   279.0  1964   315.8  1952   431.4  1969  1441.0  1890
  153.8  1951  122.3  1905  110.7  1948   84.5  1920   84.4  1956   87.2  1929  107.2  1975  121.9  1965  127.8  1859  158.9  1868  155.0  1994  158.2  1883   427.1  2018   277.5  1948   314.9  1860   430.5  1934  1438.0  1951
  152.9  1883  119.4  1946  110.5  1857   84.0  1931   84.0  1898   87.0  1858  107.0  1886  121.8  1872  127.2  2009  157.8  1884  154.8  1949  156.5  1960   425.6  1946   275.1  1872   314.8  2025   427.0  1885  1437.4  1944
  151.2  1910  118.9  1904  110.3  1891   83.7  1870   83.6  1914   86.0  1962  106.9  2008  121.4  1855  127.1  1976  156.7  1870  153.7  1966  156.3  1965   424.9  2026   274.6  1954   314.4  1858   426.9  1898  1435.2  1918
  150.6  1854  118.4  1977  109.3  1919   83.4  1896   82.9  2012   85.9  1964  106.5  1948  120.3  1875  126.4  1956  156.2  1836  153.1  2021  155.8  1992   421.9  1997   272.6  1902   313.6  1934   423.5  1987  1433.5  1906
  149.7  1886  118.3  1907  107.7  1862   83.2  1944   82.9  1995   85.8  1847  106.5  1974  119.7  1986  125.9  1963  155.6  1936  151.1  1960  153.2  2025   421.9  1961   272.1  1938   313.0  1888   423.2  2014  1423.0  1997
  149.0  1991  118.3  1863  106.8  1888   82.2  1912   82.4  2024   85.1  1911  105.4  1968  119.6  1990  125.8  2025  153.9  1876  151.0  1971  152.1  1886   421.2  1901   271.1  1896   311.9  1989   419.1  2013  1415.4  1894
  148.5  1922  116.5  2026  105.6  1838   81.8  1895   81.7  1910   84.8  1917  104.7  1887  119.0  1970  125.8  1875  153.9  1892  150.9  2001  151.3  2022   420.2  1991   270.7  1886   311.3  1852   418.6  1985  1413.2  1873
  148.4  1943  115.4  1982  105.1  1970   81.7  1850   81.6  1881   83.9  1924  104.3  1979  118.9  1881  125.4  2020  153.6  1883  150.1  1845  150.6  1873   419.8  1892   270.1  2022   311.3  1979   418.1  1866  1411.6  1914
  148.3  1982  115.4  1906  104.6  1952   81.3  1907   81.3  1843   83.9  1985  104.1  1967  118.6  1987  125.2  1900  152.8  1864  150.0  1941  150.2  1931   419.6  1952   268.0  1885   310.1  1853   414.0  1875  1410.3  1876
  148.1  1933  115.1  1973  104.5  1906   81.3  1986   80.4  1992   83.2  1969  104.0  1852  117.8  1954  123.7  1938  151.9  1891  148.9  1923  150.0  1918   418.9  1956   264.8  1884   306.7  2010   413.8  1884  1407.5  1910
  147.2  2013  113.4  1861  104.1  1980   80.9  1926   80.0  2025   83.0  1930  103.8  1929  117.8  2016  122.5  1897  151.8  1940  148.3  1920  149.9  1945   414.3  1955   263.8  1860   304.8  1871   413.5  1988  1407.0  1965
  146.5  1865  111.8  1870  104.0  2011   80.3  2009   79.6  1927   82.5  1842  103.4  1891  116.5  2000  121.6  1882  151.6  1957  148.2  1910  149.9  1858   412.2  1911   263.6  1951   303.2  2001   410.6  1942  1405.8  1846
  146.1  1909  110.9  1951  103.0  1927   79.2  1877   79.4  1981   81.5  1937  103.3  1865  116.5  2015  121.4  1930  151.0  1896  147.2  1927  149.7  1910   412.0  1851   263.3  1919   302.9  1875   410.3  2002  1403.2  1978
  144.7  1925  110.7  1958  102.4  1866   78.5  1967   79.3  1863   80.7  2022  103.2  1855  115.4  2001  121.1  1925  150.9  2012  145.8  1935  149.4  1864   411.4  1900   263.3  1894   302.7  1937   410.0  1839  1395.2  2018
  143.2  1892  109.8  2005  102.3  1871   78.4  1997   78.8  1860   80.1  1878  102.9  2025  112.9  1920  121.0  1943  150.7  1941  144.8  2008  148.7  1923   411.0  1921   261.4  2016   302.6  1959   408.9  1906  1391.3  2021
  142.6  2021  109.7  1984  102.0  1984   78.4  1924   78.5  1974   79.6  1961  102.5  1874  112.4  1926  119.9  1857  149.4  1859  143.9  1900  148.5  1952   410.4  1938   261.0  1981   301.4  1940   407.3  1882  1390.4  1924
  141.8  1972  109.4  1954  101.9  1950   78.3  1872   78.1  1996   79.4  1983  102.5  1947  112.3  1953  118.9  1887  148.2  1855  143.2  1874  147.9  1958   408.6  1976   260.3  1973   298.0  1837   405.9  1965  1389.6  1921
  141.1  1915  109.1  2004  101.2  1934   78.3  2015   77.6  1971   79.4  1898  101.7  1921  112.3  2020  118.6  1867  148.0  2019  143.2  1918  147.8  1922   408.5  1908   259.6  1843   297.8  1916   405.7  1959  1386.4  1956
  140.9  1968  108.7  1957  101.0  2010   77.3  2011   76.9  1970   79.2  1960  101.5  1960  111.9  1851  118.2  1917  147.7  1952  142.5  1875  147.4  1988   408.3  1873   259.6  1846   297.4  1855   403.5  1846  1380.8  1848
  139.6  1952  108.3  1854   99.4  2018   77.2  1888   76.8  2020   79.1  1888  101.4  1840  111.2  1919  117.1  1870  147.6  1933  141.9  1864  147.4  1871   405.2  1948   259.1  1911   296.6  1939   402.7  1968  1379.9  1899
  139.4  1867  108.0  1887   99.0  1954   77.2  1855   76.6  1883   78.6  1908  100.7  1899  110.0  1973  117.0  1968  147.5  2010  141.8  1886  147.3  1895   404.3  1986   256.3  1940   294.8  1917   398.9  1966  1378.9  1931
  138.7  1878  107.5  1912   98.3  2004   77.2  1988   76.4  1879   78.3  1979  100.5  1964  108.9  1914  116.9  1966  147.4  1858  141.7  1932  146.7  1928   402.1  1980   256.0  1978   294.4  1945   398.0  1905  1373.4  1942
  137.6  1908  107.2  1938   97.7  1961   77.0  1853   76.3  1850   77.5  1861  100.5  1941  108.2  1852  114.8  1890  146.9  1912  141.7  1849  146.3  1907   399.7  1882   255.9  1890   294.0  1941   397.4  1853  1371.2  1911
  137.4  1992  107.1  1842   97.4  1971   76.8  1887   75.9  1908   77.0  1989  100.1  2001  108.0  1888  114.3  1997  146.9  1963  141.6  1895  146.2  2017   398.0  1890   255.3  1958   293.6  1901   396.1  1975  1366.2  1869
  135.8  1939  106.7  1881   97.1  1951   76.7  1917   75.6  1911   76.9  1867   99.4  1927  107.7  1933  111.3  1845  145.7  1875  141.1  1985  145.0  2016   395.4  1887   255.2  1877   293.2  1876   396.0  1886  1363.5  1891
  135.6  2011  105.8  2012   96.7  1945   76.4  2023   75.4  1891   76.8  1958   98.7  2011  107.5  1876  111.2  1958  144.6  1955  139.4  1975  143.9  1913   394.5  1876   254.5  2012   292.8  1867   393.5  1859  1360.0  1946
  135.3  1887  104.2  2019   96.4  1878   76.3  1969   75.4  1897   76.6  2000   98.7  1841  107.0  1908  110.8  1883  144.4  1979  137.9  2014  143.5  1930   394.3  1918   253.7  1923   292.0  1936   390.6  1949  1356.9  1929
  135.0  1969  104.2  1846   96.2  1947   75.8  1962   75.0  1918   76.4  1894   97.5  1928  107.0  1862  110.6  1940  142.6  1901  137.6  1997  143.3  1881   394.1  1906   253.4  1836   290.5  1840   387.5  1850  1354.0  1864
  134.0  1945  103.1  2001   95.9  1845   75.5  2001   74.8  1987   76.1  2003   96.9  1906  106.3  1935  110.5  1847  142.4  1895  137.2  1837  143.1  1953   393.5  1865   253.4  1961   290.5  1973   387.1  1843  1353.7  1907
  133.3  1947  102.6  2025   95.8  1985   73.8  1903   74.7  1949   75.8  1880   95.6  1945  105.0  1871  110.1  1904  141.0  1865  137.2  1964  142.6  1916   388.4  1878   252.5  1861   290.4  1893   386.1  1888  1353.5  1859
  132.8  1858  102.1  2023   95.8  1855   73.0  1885   74.4  1917   75.5  1957   95.0  1902  104.2  1845  109.7  2021  139.4  1907  136.3  1894  142.0  2007   387.1  2017   250.9  1851   290.1  1854   385.6  1924  1351.1  1987
  132.3  1936   99.8  1976   95.2  1886   72.7  1897   73.9  1856   75.3  2023   93.9  1875  103.8  1837  109.5  1936  139.0  1958  135.9  1893  141.9  1894   386.1  1932   250.5  1878   289.6  1844   385.3  1964  1347.3  1945
  132.1  1914   98.2  1981   95.0  1915   72.6  1857   73.9  1841   75.0  1873   92.8  1914  103.8  2018  108.9  2001  138.1  1945  134.3  1950  141.8  1906   385.5  2001   249.7  1889   289.4  1849   383.9  1841  1347.0  2025
  131.5  1846   98.1  1860   94.4  1909   72.1  1939   73.4  1977   74.8  2006   92.7  1991  103.4  2023  107.3  1841  137.9  1965  133.4  1863  141.5  1987   383.7  1954   249.0  1864   289.0  1922   383.9  1862  1342.6  1893
  131.4  1882   98.0  1900   93.2  1932   72.0  1955   73.3  1985   74.3  1976   92.3  1911  102.9  1994  106.9  1903  137.6  1921  131.8  1976  141.2  1904   383.6  2009   248.2  1944   288.8  1926   383.8  1912  1340.2  1845
  131.1  1954   97.9  1971   93.0  1885   71.8  1869   72.7  2016   74.2  1993   91.8  1992  102.3  2010  106.5  1905  136.1  1848  130.6  1903  141.1  1909   383.1  1843   248.0  2023   288.8  1868   382.2  2019  1337.7  1917
  131.0  1904   97.7  1865   91.1  1872   71.6  1838   72.6  1867   74.1  1837   91.4  2024  102.0  1966  106.5  1994  135.2  1885  130.6  1967  140.9  1925   382.5  1870   247.1  1858   288.4  1850   381.4  2015  1336.0  1854
  130.3  1918   96.8  2018   90.8  1898   71.6  1886   71.6  1941   74.1  1967   90.5  1866  101.8  1896  106.3  2008  134.6  1950  129.6  1891  140.7  1946   382.3  1837   246.8  1957   288.0  1866   378.0  1881  1330.9  1867
  130.3  1857   96.6  1913   90.3  1889   71.6  1856   71.2  1903   73.7  1922   89.7  1854  101.5  1937  106.0  1928  134.4  1969  128.4  2013  140.6  1850   376.6  1840   246.6  1996   287.7  2005   377.1  1936  1325.1  1925
  129.1  1860   96.3  1836   89.7  2016   71.5  1841   71.1  1952   73.7  1857   89.4  1930  101.1  1977  105.8  1952  131.6  1888  126.1  2023  140.6  1875   375.4  1905   246.4  1879   287.4  1944   375.9  1909  1325.1  1953
  128.7  1971   95.8  1980   88.9  1901   71.4  1968   71.0  1842   73.5  1850   89.2  1857  101.0  1922  105.5  1853  131.1  1850  125.4  1846  140.5  1885   375.1  1965   244.0  1915   287.1  1935   375.8  1951  1323.8  1976
  127.5  1956   95.5  1978   88.5  1877   70.8  1958   70.4  1882   73.2  1849   88.9  1926  100.4  1974  105.3  1957  131.0  1905  125.3  1995  139.8  1865   374.5  1874   243.7  2017   286.8  1845   375.4  1946  1320.6  1896
  125.4  1913   94.8  1994   88.1  1854   70.8  1906   69.8  1849   72.9  1855   88.8  1981   99.9  2025  103.2  1876  130.9  1863  124.9  1943  139.1  1991   369.8  1927   243.2  1959   286.7  1863   374.0  1939  1319.6  1908
  124.9  1961   94.8  1955   87.4  1925   68.7  1983   68.8  1852   72.3  1895   88.4  1995   98.5  1848  102.5  1880  129.8  1898  124.8  1873  138.4  1859   369.5  1857   242.5  1952   285.2  1904   373.9  1911  1316.9  1959
  124.3  1924   94.7  1897   86.8  1910   68.7  1837   68.4  1889   72.1  1904   88.3  2022   98.5  1971  102.5  1973  129.7  1837  124.8  1892  137.5  1880   367.4  1907   242.4  1871   284.9  1933   372.8  1971  1309.6  2001
  123.7  1912   92.4  1972   86.4  1841   68.5  1987   67.7  1912   72.0  1839   87.9  1997   98.3  1867  100.7  2013  128.3  1871  122.1  1908  137.2  1938   366.6  1842   241.7  1881   283.3  1994   372.5  1919  1308.6  1905
  123.5  1960   90.3  1839   86.3  1959   68.4  1902   67.3  1948   71.8  1883   87.7  1892   97.1  1978  100.4  2007  128.3  1966  121.6  2004  137.0  1889   365.6  1860   241.1  1838   282.7  1991   372.4  1896  1304.5  1904
  122.4  1898   88.5  1851   83.7  1949   68.2  1995   67.0  1930   71.2  1971   87.7  1839   96.7  1843   99.6  1838  126.6  1925  119.0  1961  136.4  1972   364.7  1850   240.3  1928   278.3  1906   370.9  1994  1304.5  1875
  122.1  1967   87.2  1987   83.6  1883   68.1  1966   65.3  2000   70.9  1970   87.3  1845   96.6  1882   98.9  1937  125.9  1869  118.9  1838  136.3  1978   364.7  1972   238.5  1857   276.2  1974   367.0  1913  1304.4  1940
  120.9  1919   85.3  2006   83.3  2003   66.9  1952   64.5  1937   70.7  2009   87.1  1986   96.5  2006   98.8  1902  125.6  1956  118.9  1887  136.0  1899   364.4  1970   237.2  1847   272.5  1967   366.3  1870  1304.3  1892
  119.8  1845   84.2  1953   83.2  1930   66.8  1945   64.1  1905   70.0  1955   87.0  1999   96.2  1859   97.8  1884  125.3  1839  118.3  1878  135.5  2008   363.0  1871   237.2  1900   272.5  1908   361.9  1840  1304.1  1960
  118.3  1950   84.0  1899   83.1  1965   66.6  1849   63.8  1838   70.0  1968   86.9  1908   96.0  1884   97.6  1858  123.7  2024  117.0  1948  134.9  1908   362.4  2011   236.3  2010   271.5  1898   359.8  1876  1303.9  1913
  118.3  1979   83.3  1991   82.4  1943   65.9  1848   62.8  1890   69.4  1974   86.7  1943   95.3  1916   96.5  1842  123.1  1886  116.4  1901  133.5  1967   360.4  1966   235.4  1895   271.3  1920   358.7  1941  1303.5  1897
  117.6  1844   82.9  2009   82.2  1917   65.8  1976   61.4  2004   69.2  2018   86.6  1969   94.8  1844   94.7  1920  120.8  1992  116.3  1859  131.8  1867   358.4  1886   234.9  1901   270.9  1843   357.9  1854  1302.8  1973
  116.7  1902   82.3  2010   82.0  1858   65.1  1908   61.2  1864   68.4  1977   86.2  2014   94.7  1887   94.2  1951  119.7  1999  115.9  1854  131.1  2018   357.9  1973   233.9  1924   270.7  1999   357.3  1895  1302.5  1885
  113.8  1839   82.1  1892   81.3  1935   65.0  1858   60.5  1957   67.6  2014   85.4  1978   94.3  1967   94.2  1989  117.7  1851  113.4  2016  130.5  1971   356.4  1951   233.9  1931   270.5  1889   357.2  1931  1300.6  1850
  113.7  2022   81.7  2013   80.2  1865   64.8  1989   60.1  1874   66.9  1841   85.4  1973   94.2  1944   92.4  1998  117.1  1931  113.1  1865  129.8  1839   354.0  1904   233.4  1848   269.6  1909   356.9  1952  1298.1  1958
  113.3  1888   81.5  1936   79.5  2025   64.8  1941   60.0  1893   66.8  1984   85.0  1844   94.1  1849   90.3  1901  117.0  1924  113.0  1987  129.4  1920   354.0  1909   233.3  1917   268.9  1986   356.0  1973  1294.1  1964
  113.0  1977   80.3  1857   78.5  1863   64.5  1851   59.4  1961   66.4  1975   84.2  1864   93.6  1909   88.9  1868  117.0  1899  112.8  1907  128.7  2021   352.1  1889   233.3  1842   268.6  1982   354.8  2007  1292.1  1909
  112.9  1980   78.6  1969   78.4  1922   63.6  1883   59.0  1846   66.3  1933   84.0  1905   93.5  1840   88.2  1960  116.2  1978  111.9  1936  124.7  1887   347.4  1968   232.5  2018   268.6  1884   354.4  1956  1288.4  1947
  111.9  1905   78.3  1944   77.4  2001   63.4  1946   58.9  1960   66.2  1868   83.8  1952   93.2  1856   87.3  1846  115.0  1889  110.8  2024  118.3  1870   347.3  1941   232.3  1953   268.1  1921   354.4  1868  1282.5  1922
  111.8  1876   77.0  1840   77.4  1973   63.2  1928   57.5  1988   65.8  1996   83.8  1897   93.0  1854   86.1  1850  114.8  1993  110.7  1840  117.5  1941   346.6  1942   231.7  1841   267.0  1911   352.5  1960  1281.5  1939
  110.1  1891   76.7  1896   76.8  1946   62.9  2017   57.4  1839   65.2  1923   82.1  1971   91.8  1902   85.9  1911  113.5  1838  110.2  1897  117.2  1888   343.9  1944   231.7  1854   264.8  1993   352.1  1908  1275.6  1886
  109.1  1889   76.3  1901   75.3  1880   62.5  1984   56.0  1998   64.8  1978   81.9  1963   91.2  1853   85.5  2003  113.2  1881  107.6  1842  116.3  2001   342.3  1982   231.4  1971   263.3  1905   349.9  1880  1274.3  1952
  108.7  1959   75.0  1942   75.1  1936   62.5  1942   55.4  1857   64.1  1939   81.8  1859   90.7  1925   84.5  1915  113.1  1960  107.5  1853  115.7  1848   342.2  2019   230.7  1962   261.7  1919   349.2  1901  1273.6  1841
  108.2  2006   74.4  1956   74.7  1916   61.6  1930   54.9  1933   63.7  1903   81.7  1876   90.1  1915   84.2  1929  109.5  1994  106.6  1868  114.7  1837   342.1  1978   228.4  1880   259.4  1865   346.3  1837  1273.5  1888
  107.7  1935   73.9  1845   73.6  1911   61.2  1956   54.8  1989   63.7  1918   81.5  2013   90.1  1836   83.9  1921  108.1  1882  106.1  1909  113.7  1961   341.7  1924   227.7  2020   258.6  1972   343.2  1955  1273.0  1963
  107.2  1907   73.9  1853   73.0  1904   60.9  1866   53.9  1990   62.9  1953   80.7  2003   89.7  2002   82.4  1854  107.9  1861  105.5  1965  113.4  1969   340.8  1880   227.2  1960   257.1  1969   342.1  1852  1271.8  1968
  106.8  2019   73.7  1841   72.1  1933   60.7  1929   53.6  2017   62.8  1951   79.3  2018   89.7  1911   81.5  1881  106.6  1974  103.4  1952  109.9  1861   340.4  1858   225.0  1891   254.9  1975   341.1  1848  1271.2  1975
  106.4  1973   73.5  1927   71.5  1873   60.6  1864   51.3  1837   62.1  1986   79.1  1962   88.0  2013   80.7  1871  106.1  1852  103.0  1922  108.4  1905   335.7  1862   224.2  1939   254.7  1997   339.9  1860  1270.8  1881
  106.0  1861   73.1  1968   71.0  1972   59.8  1890   51.2  1950   61.2  1869   79.1  1912   87.9  1936   80.3  1913  104.1  1902  102.8  1871  107.0  1855   329.7  1896   223.8  1883   252.4  1915   338.6  1989  1270.0  1996
  105.9  1864   73.0  1909   70.9  1937   59.4  2003   51.1  1861   60.7  1942   79.0  1996   87.8  1938   79.9  1912  103.8  1913  102.7  1876  106.5  1975   329.7  1875   221.0  1955   252.3  2018   336.3  1962  1257.9  1936
  105.7  1896   72.8  1879   70.2  1941   59.2  1957   50.9  1901   60.2  1874   78.2  1847   87.4  1858   79.8  1877  101.5  1964  102.4  1956  106.0  1926   329.7  1977   220.8  1935   251.8  1971   335.0  1957  1257.4  1915
  105.7  1970   70.9  1952   68.8  1867   57.1  1879   50.6  1940   60.1  1934   77.6  1842   87.2  2021   79.4  1837  101.4  1840  102.4  2019  105.3  1838   329.0  1902   219.1  1942   251.4  1949   333.9  1867  1251.8  1919
  103.8  1885   70.8  1878   68.7  1942   56.4  1971   50.0  1848   60.1  1885   77.3  1850   87.2  1969   79.3  2024   99.3  2007  100.8  1990  104.1  1903   325.5  1953   218.4  1855   251.0  2022   333.0  1914  1250.9  1871
  102.5  1917   68.7  1924   66.9  1956   55.9  1875   50.0  1936   60.0  1870   76.5  1907   85.8  1839   79.2  1922   98.8  1866  100.6  1904  101.6  2009   321.3  1893   218.0  1969   250.5  1864   332.6  1997  1245.6  2010
  101.5  1901   68.2  1886   66.8  1974   54.0  1954   49.9  2010   59.9  2013   75.3  2004   85.2  1940   78.7  1914   96.6  1953  100.4  1915  100.6  1879   318.4  1861   217.9  1933   250.3  1914   332.1  1838  1244.8  1860
  101.5  1871   67.4  1993   66.7  1893   52.9  1878   48.9  1866   59.4  1902   74.3  1925   83.1  1842   76.3  1949   95.6  1911   99.7  1857  100.0  1935   317.5  1844   217.3  1870   248.0  2000   330.2  1887  1244.2  1847
   99.9  2017   66.1  1891   65.0  1958   52.8  1937   48.2  1928   58.7  1866   74.3  1990   83.0  1847   75.4  1849   95.5  1849   99.4  1841   99.0  1860   316.6  1897   212.5  1865   247.4  1878   325.9  2003  1242.3  1849
   98.1  1841   65.7  1847   63.8  1964   52.8  2019   48.1  2018   58.2  1859   73.6  1944   82.0  2022   74.3  1993   94.8  1939   99.3  1902   98.2  1976   315.6  1971   212.5  1956   247.3  1978   324.0  1844  1241.3  1878
   97.2  1911   63.0  2003   63.6  1849   52.6  2007   48.0  1880   57.3  1909   71.3  1966   81.2  1975   73.8  1862   94.4  1937   99.1  1924   97.7  2005   313.8  1936   212.2  1866   247.0  1847   322.6  1897  1233.4  1969
   96.4  1870   62.8  1862   63.2  1962   52.5  1844   47.4  1845   56.8  1899   70.6  2006   81.2  1972   73.2  1895   92.4  1887   98.5  1988   96.0  1989   312.8  1919   211.9  1975   246.2  1902   321.1  1920  1222.1  1895
   93.3  1893   61.8  1874   62.8  1887   51.5  1845   45.8  1887   56.5  1871   70.3  1889   81.1  1885   72.9  1844   92.0  2015   97.8  1839   96.0  1996   312.2  1856   211.8  1930   245.4  1839   321.0  2016  1217.2  1901
   92.8  2010   61.7  1940   62.6  1875   49.7  1921   45.4  1855   56.1  1982   69.2  1870   80.6  1945   72.8  1939   91.8  1894   97.1  1885   92.9  1878   310.8  1959   208.9  1839   243.9  1968   316.7  1945  1213.2  1971
   92.8  1953   60.9  1888   62.0  2022   48.4  1860   44.3  1959   55.8  1893   69.2  1935   77.5  1932   72.2  1860   91.7  1904   96.3  1962   92.5  1917   309.5  1839   208.1  1892   243.1  1842   313.7  2024  1209.6  1972
   92.5  1842   60.5  1983   62.0  1975   47.6  1982   43.4  1975   55.5  1886   69.1  1904   76.3  1886   71.2  1852   91.5  1857   92.5  1870   91.7  1950   307.5  1947   207.9  1850   242.3  1981   312.5  1849  1209.3  2003
   91.9  1955   56.2  1875   60.4  1944   47.4  1978   43.4  2001   54.0  1910   68.8  2021   75.8  1993   70.5  1889   91.4  1842   92.1  1889   91.6  1977   306.4  2003   206.7  1941   242.1  1932   311.7  1871  1208.5  1843
   91.0  2001   54.2  1959   59.9  1843   47.4  1893   43.2  1951   54.0  1936   67.3  1994   69.9  1996   69.5  1909   89.9  1897   88.0  1862   89.8  1947   300.2  1979   205.4  1875   241.9  2006   311.1  1857  1198.3  1839
   90.3  2025   52.1  1921   59.2  1996   46.5  1936   42.5  1946   50.7  1843   66.3  1976   68.6  1864   66.4  1906   89.1  1910   85.5  1856   89.0  1970   298.9  1888   204.3  2025   238.9  1886   309.4  1865  1190.1  1858
   89.8  1880   50.8  1964   58.4  1869   45.9  1892   41.4  1991   49.3  1920   66.2  1869   68.5  1968   65.4  1996   87.3  1962   84.8  1968   88.5  1849   298.0  1854   200.0  1849   236.9  1887   306.2  1858  1187.0  1879
   89.0  1996   50.7  1902   57.5  2012   45.0  1881   39.8  1869   48.6  1914   64.9  1860   67.8  1991   61.6  1986   84.0  1919   84.4  1933   88.1  1874   296.5  1969   197.9  1873   236.2  1859   305.0  1958  1181.4  1880
   86.2  1850   48.9  1929   53.3  1955   44.8  2025   39.5  2023   47.3  1891   64.9  1949   67.8  1959   61.3  1916   83.9  1844   80.1  1860   88.0  1943   296.3  1985   196.3  2001   232.1  1977   304.5  1879  1173.1  1838
   85.4  1895   47.8  1934   52.1  1923   43.2  1884   37.9  1851   45.3  1905   63.8  1901   67.4  1931   58.4  1971   81.9  1985   78.0  1957   87.8  1939   291.2  2006   194.8  1845   229.4  2013   303.9  1925  1169.9  1889
   84.7  1985   47.7  1975   51.6  2013   42.8  1854   37.3  1871   43.9  1949   62.5  1977   66.9  1997   58.0  1941   80.9  1879   77.5  1921   87.0  1937   286.4  1855   188.2  1937   227.9  1857   302.5  1904  1165.3  1865
   81.8  1848   47.1  1985   51.1  1960   41.6  1894   36.3  1876   42.7  1995   61.2  1885   65.7  1999   55.3  1865   80.7  1997   77.5  1993   86.9  1892   285.4  1996   187.8  1984   225.5  1880   302.2  1902  1161.5  1941
   80.3  1966   45.5  1979   50.6  1918   39.5  1839   36.0  1939   40.8  1992   58.3  1972   65.2  1939   53.0  1888   80.6  1915   77.1  1879   83.0  1968   282.3  1917   185.8  1844   214.8  1996   299.0  1921  1159.7  1853
   79.2  1856   45.3  1838   49.8  1850   39.2  1891   35.8  1978   40.7  2021   56.1  1898   65.0  1857   51.7  1931   80.3  1975   68.9  1955   81.0  1851   277.9  1881   185.3  1887   212.6  1947   298.8  1907  1156.0  1857
   73.8  1964   43.1  1965   48.7  1837   38.5  1873   35.6  1915   40.0  1884   54.9  2000   54.3  1870   51.5  2002   80.1  1880   68.6  1896   78.6  1981   276.8  2010   182.7  1946   206.4  1899   295.4  1842  1154.0  1937
   73.1  1987   42.1  1873   45.9  1900   38.3  1865   35.5  1935   39.8  1906   53.6  1984   54.0  1981   49.5  2015   79.5  2003   65.2  1934   75.5  1843   272.7  1934   179.7  1929   202.3  1885   285.0  1910  1153.7  1902
   70.0  1837   42.1  1843   45.7  1853   38.3  1918   33.7  1896   39.5  2010   52.3  1917   52.0  1869   48.2  1959   78.5  1973   63.3  1851   74.3  2002   258.1  1895   174.0  1893   202.2  2003   277.7  1889  1145.1  1856
   59.4  1941   41.9  1919   44.9  1953   37.0  2021   32.0  1895   39.3  1940   51.9  1982   50.4  1984   47.7  1910   78.1  1920   61.2  1858   74.3  1846   249.6  1929   171.6  1936   197.1  1925   275.6  1856  1140.8  1851
   58.9  1879   39.6  1858   41.8  1870   33.5  1981   31.5  1919   37.7  1932   49.5  1989   49.9  1913   46.6  1907   76.8  1947   60.9  1989   71.2  1840   242.9  1841   170.0  1869   196.7  2021   272.3  1972  1139.2  1842
   58.7  1847   37.2  1917   41.8  1892   32.7  1840   30.3  1994   37.5  1887   48.5  2005   49.0  1899   46.0  1848   73.9  1922   57.2  1942   62.2  1963   236.5  1963   168.7  1837   184.3  1913   272.2  1933  1134.2  1837
   57.7  1997   36.0  1890   41.0  1847   30.3  2020   25.5  2008   37.1  1915   47.0  1983   48.4  1983   41.9  1855   71.2  1972   56.2  1925   62.0  2010   234.0  1845   163.8  1918   183.4  1870   266.6  1993  1131.7  1840
   55.2  1897   35.4  1855   39.6  1969   29.6  1938   25.2  1980   35.1  1921   44.0  1878   45.3  2003   40.4  1843   65.6  2016   54.8  1958   56.8  1995   224.6  1879   161.3  1840   179.4  1869   265.5  1915  1120.4  1887
   54.0  1929   33.6  1947   38.4  1924   27.2  1861   24.6  1853   32.2  1925   36.4  1919   36.7  1955   40.3  1933   65.4  1914   54.4  1983   46.7  1890   222.9  1891   159.8  1974   174.8  1983   256.1  1922  1107.8  1955
   53.7  1855   32.5  1963   38.3  1931   21.0  1980   23.3  1984   31.9  1988   33.2  1955   34.9  1995   39.3  2014   59.5  1951   52.5  1855   45.6  1933   208.9  1838   154.3  1856   170.8  1984   243.9  1894  1096.6  1933
   52.9  1940   30.8  1895   28.3  1929   18.3  1852   19.8  1844   30.9  1941   32.5  1913   34.1  1880   38.9  1851   59.2  1856   50.0  1867   42.9  1927   202.3  1940   150.3  1980   166.0  1995   242.7  1855  1093.6  1870
   49.0  1838   26.9  1930   23.3  1840   14.6  1974   16.4  1836   28.9  1865   29.1  1868   23.0  1976   32.6  1972   56.4  1908   39.9  1937   40.2  1844   198.7  1847   147.3  1853   163.6  1976   233.2  1937  1081.6  1844
   39.5  1963   20.7  1986   21.2  1852    6.5  1842    9.6  1859   28.4  1889   24.4  1863    4.2  1947   15.8  1894   19.2  1946   30.5  1945   39.1  1853   186.8  1964   108.4  1852   139.9  1955   219.9  1851   954.6  1855
   33.6  1881   12.9  1932    8.8  1856    ---  2026    ---  2026    ---  2026    ---  2026    ---  2026    ---  2026    ---  2026    ---  2026    ---  2026     ---  1836     ---  2026     ---  2026     ---  2026     ---  2026
