Areal values from HadUK-Grid 1km gridded climate data from land surface network
Source: Met Office National Climate Information Centre
Monthly, seasonal and annual number of days in the month with air frost (minimum temperature below zero) for Scotland
Areal series, starting in 1931
Last updated 01-Apr-2026 11:34
    jan  year    feb  year    mar  year    apr  year    may  year    jun  year    jul  year    aug  year    sep  year    oct  year    nov  year    dec  year     win  year     spr  year     sum  year     aut  year     ann  year
   26.2  1945   26.6  1947   23.9  1937   16.7  2021    8.2  1979    1.4  1936    0.1  1954    0.5  1932    2.5  1986    9.4  1992   19.5  1985   24.8  2010    67.6  1963    37.7  1951     1.5  1936    23.4  1993   112.2  1979
   25.9  1979   25.6  1963   22.0  1931   14.6  1970    6.4  1995    1.2  1975    0.1  1943    0.3  1944    2.2  1974    8.4  1981   19.3  1969   23.9  1981    64.3  2010    36.9  1979     1.3  1964    21.6  1985   110.2  2010
   25.7  1963   24.3  1968   21.9  1969   14.3  1936    6.4  1996    1.1  1991    0.1  1965    0.3  1977    2.2  1954    7.8  1993   16.6  1996   23.7  1950    62.2  1951    36.7  1941     1.2  1975    20.2  1969   107.3  1969
   24.5  1940   24.3  1986   21.5  2013   14.2  1983    6.3  1935    1.0  1964    0.1  1935    0.3  1938    2.0  1972    7.6  1955   16.1  1965   22.2  1976    61.3  1947    36.0  2013     1.1  1991    19.5  1992   103.1  1941
   24.5  1959   23.7  1955   21.1  1955   14.1  1986    6.2  1955    0.8  1941    0.1  1936    0.2  1973    1.8  1942    7.5  1939   15.0  2010   22.2  2009    60.6  1979    35.1  1969     0.9  1957    19.3  1973   101.7  1955
   24.4  1952   23.1  1942   20.8  1941   13.7  1951    6.1  1968    0.8  1957    0.1  1973    0.2  1964    1.7  1993    6.9  1973   13.9  1993   21.1  1961    58.2  1936    34.9  1970     0.9  1977    19.0  2010   100.6  1942
   24.0  1985   22.6  1969   20.8  1979   13.7  1956    5.9  1948    0.8  1998    0.1  1958    0.2  1931    1.7  1932    6.7  2012   13.7  1952   21.0  1935    56.9  1941    33.1  1962     0.8  1941    18.6  1952    99.3  1981
   23.5  1984   21.8  1979   20.7  1962   13.2  1966    5.9  1982    0.7  1989    0.1  1962    0.2  1999    1.6  1975    6.7  2002   13.4  2016   20.1  1937    56.9  1977    32.9  1955     0.8  1998    18.0  1965    98.4  1951
   23.5  1941   21.5  1970   20.0  1970   12.9  1932    5.9  1942    0.6  1956    0.1  1957    0.1  1962    1.5  1940    6.6  2003   13.0  1966   19.6  1995    55.2  1952    32.6  1958     0.8  1932    17.8  2019    98.2  1965
   23.0  2021   21.4  1983   19.9  1947   12.4  1953    5.3  1938    0.6  1985    0.1  1956    0.1  1937    1.4  1943    5.8  1946   12.7  2019   18.9  1993    55.2  1940    32.1  1995     0.7  1956    17.2  1971    98.0  1968
   22.2  1942   21.3  2010   19.7  1958   11.8  2013    5.2  1941    0.6  1977    0.1  1966    0.1  1966    1.2  1957    5.6  1987   12.6  1944   18.5  1960    55.0  1942    31.7  1931     0.7  2012    17.0  1996    97.1  1985
   20.9  1987   20.8  1956   19.0  1987   11.2  1969    5.1  1951    0.5  2012    0.0  1955    0.1  1951    1.2  1979    5.4  1980   12.4  1971   18.5  1996    54.3  1986    30.6  1975     0.7  1989    16.9  2012    96.4  1963
   20.9  2010   20.2  1960   18.9  1951   11.0  1981    4.9  1994    0.5  1934    0.0  1939    0.1  2012    1.2  1991    5.4  1931   12.2  1973   18.3  1964    53.9  1956    30.4  1942     0.6  1962    16.5  1966    95.0  1947
   20.6  1978   19.9  1996   18.6  1995   10.9  1962    4.7  2012    0.5  1942    0.0  1950    0.1  1948    1.2  1952    5.2  1948   12.1  1977   18.2  1989    53.4  1970    30.2  1968     0.6  1934    15.8  1944    94.7  1986
   19.8  1939   19.6  1991   17.8  1975   10.8  1968    4.5  1977    0.5  1978    0.0  2000    0.1  1986    1.1  1935    5.0  2019   12.0  1942   18.1  2001    53.2  1968    29.9  1932     0.6  1985    15.7  1972    94.5  1970
   19.7  1965   19.3  1978   17.8  1934   10.7  1941    4.5  2021    0.5  1949    0.0  1952    0.1  2014    1.1  2020    4.7  1997   12.0  1972   18.0  1965    53.0  2011    29.0  1937     0.6  1978    15.6  1942    92.3  1952
   19.6  1956   19.2  1941   17.6  1965   10.6  1973    4.5  2010    0.5  1955    0.0  2004    0.1  2016    1.1  1931    4.6  1941   11.8  2013   17.8  1999    52.8  1959    28.1  1934     0.6  1955    15.6  1936    92.2  1936
   19.4  1997   19.2  1951   17.2  2001   10.5  1989    4.4  1945    0.5  2015    0.0  1961    0.1  1943    1.0  2007    4.5  2008   11.8  1950   17.8  1946    52.6  1994    28.1  2021     0.5  1942    15.4  1980    92.2  1937
   19.3  1951   19.1  2018   16.9  1942   10.2  1978    4.3  1975    0.4  1961    0.0  1949    0.1  1934    0.9  1939    4.4  1936   11.4  1947   17.6  2022    52.5  1991    27.8  1965     0.5  1949    15.4  1981    92.0  1962
   19.2  1936   18.2  2013   16.7  2018   10.2  2012    4.2  1958    0.4  1962    0.0  1948    0.1  1965    0.9  1936    4.4  2018   11.3  2005   17.5  1968    52.4  1965    27.0  2001     0.5  1951    15.3  1998    91.7  1958
   19.2  1986   18.1  1950   16.7  2006   10.2  1950    4.2  1984    0.4  1952    0.0  1964    0.1  1935    0.9  1960    4.1  1998   11.3  1979   17.3  1952    52.2  1969    26.7  1947     0.5  1961    15.0  2016    91.1  1995
   19.0  1960   18.0  1936   16.1  1980   10.1  1998    4.1  1967    0.4  2001    0.0  1974    0.1  1967    0.8  1944    4.1  1932   11.3  1962   17.1  1982    52.0  1955    26.3  2006     0.5  1952    15.0  1950    89.5  1966
   19.0  1948   17.9  2016   15.9  1985   10.0  2016    4.0  1946    0.4  2009    0.0  1938    0.1  1982    0.8  2012    4.1  1935   11.2  1961   16.9  1969    51.5  1966    26.3  1956     0.5  1973    14.4  1932    89.2  1996
   18.9  2001   17.5  1958   15.7  1949    9.7  1977    4.0  1943    0.4  1951    0.0  1960    0.1  1960    0.8  2010    4.0  1971   11.0  1998   16.8  2008    51.5  2018    26.2  1986     0.5  2015    14.3  1934    88.7  2013
   18.7  1991   17.4  1994   14.5  1940    9.3  2000    4.0  2019    0.4  1969    0.0  1992    0.1  1953    0.7  1948    4.0  1949   10.9  1934   16.3  1962    51.1  1987    25.8  1984     0.5  1954    14.2  1937    88.1  2001
   18.6  1955   17.4  1954   14.0  1954    9.2  1974    3.9  1997    0.4  1939    0.0  1937    0.1  1954    0.7  1947    3.9  1964   10.7  1937   16.2  2017    50.2  1960    25.5  1981     0.4  1986    14.1  1948    87.5  1940
   18.6  1961   17.1  1952   14.0  1976    8.7  2008    3.8  2020    0.3  1946    0.0  1972    0.1  1969    0.7  1971    3.7  1952   10.5  2023   15.9  1992    49.1  1962    25.5  1973     0.4  1937    14.1  2008    87.1  1987
   18.4  1977   17.1  1981   13.8  2023    8.7  1958    3.8  1932    0.3  1981    0.0  1986    0.0  2004    0.7  1964    3.5  1966   10.3  1936   15.6  2012    48.9  1978    25.4  1936     0.4  1999    14.0  1962    86.8  1950
   18.4  1980   17.0  1987   13.6  1996    8.5  1975    3.8  1957    0.3  1986    0.0  1970    0.0  1946    0.7  1989    3.4  1983   10.0  1943   15.2  1933    48.7  1982    25.3  1987     0.4  1969    13.3  1979    86.5  1973
   18.3  1995   16.8  2001   13.6  2008    8.4  1967    3.6  2015    0.3  1954    0.0  1978    0.0  1936    0.6  1995    3.4  1988   10.0  1963   15.2  1958    48.7  1985    25.0  1983     0.4  1944    13.2  1941    83.8  1978
   18.1  1966   16.6  2004   13.5  1988    8.3  1994    3.4  2005    0.3  2000    0.0  1947    0.0  1956    0.6  1977    3.2  2010   10.0  1980   15.1  1973    48.6  1983    25.0  1996     0.4  2001    13.0  1977    83.8  1956
   17.9  1933   16.5  1944   13.4  1984    8.3  1934    3.2  1944    0.3  1937    0.0  1963    0.0  1933    0.6  1984    3.2  1967   10.0  1992   15.0  1966    48.6  1997    24.8  1994     0.4  1939    13.0  1947    82.0  2021
   17.6  2011   16.3  2003   13.4  1946    8.3  1954    3.0  1980    0.2  1987    0.0  2020    0.0  1952    0.6  1997    3.2  1974    9.9  1968   14.9  2011    48.2  2013    24.8  1953     0.4  2009    13.0  1939    81.9  1960
   17.3  1958   16.3  1940   13.3  1968    8.2  1939    2.9  1981    0.2  1932    0.0  1995    0.0  1975    0.5  1983    3.1  1937    9.9  2017   14.8  1963    48.2  1996    24.4  1985     0.4  1938    12.9  2013    81.2  1931
   17.3  2025   16.3  1977   13.3  1944    8.2  1984    2.9  1973    0.2  1999    0.0  1975    0.0  1968    0.5  2024    3.1  1951    9.7  2025   14.7  2014    48.0  2001    24.3  1966     0.4  1946    12.9  2023    80.9  1980
   17.2  2019   16.2  1931   13.2  1932    7.9  1979    2.7  1993    0.2  1983    0.0  1977    0.0  1974    0.5  2025    2.9  1934    9.7  1991   14.3  1944    47.4  1945    24.2  2010     0.4  1935    12.7  1974    80.5  1935
   17.1  1981   16.2  1937   13.2  2010    7.9  1965    2.7  2013    0.2  1971    0.0  2012    0.0  1961    0.5  1969    2.9  1950    9.6  2024   14.3  1939    47.4  1958    23.9  2018     0.3  1981    12.6  1964    80.4  1976
   17.1  1931   15.8  1985   12.9  1971    7.7  1935    2.7  1931    0.2  1935    0.0  1999    0.0  1987    0.4  1988    2.8  1994    9.5  2008   14.3  1990    47.2  2021    23.8  1954     0.3  2000    12.6  1955    79.6  1975
   17.0  1947   15.5  1957   12.6  1964    7.7  2015    2.4  2001    0.2  2011    0.0  1980    0.0  1955    0.4  1937    2.8  1956    9.4  2012   14.2  1979    46.8  1981    23.6  1974     0.3  1931    12.3  1954    79.3  2008
   16.9  1946   15.4  1966   12.4  1974    7.7  1942    2.4  2006    0.2  1997    0.0  2011    0.0  1963    0.4  1934    2.5  1962    9.3  1982   14.2  1940    46.3  2009    23.4  1980     0.3  1965    12.2  2024    79.2  1977
   16.7  2009   15.1  1933   12.0  1973    7.6  1938    2.4  1959    0.2  2005    0.0  1993    0.0  2010    0.4  1976    2.4  1944    8.9  1933   14.2  2007    46.3  1984    23.3  1982     0.3  1987    12.1  1975    78.5  1993
   16.3  1994   14.6  1973   11.9  1939    7.5  2001    2.3  1961    0.2  1953    0.0  1934    0.0  1993    0.4  1990    2.3  2023    8.8  1976   14.1  2003    45.2  1961    23.3  1935     0.3  1953    12.1  2025    78.4  1946
   16.2  2018   14.4  1965   11.9  1982    7.5  1990    2.2  1949    0.2  1980    0.0  1979    0.0  1981    0.3  1982    2.3  1933    8.8  1960   13.8  1967    44.8  1938    23.1  2008     0.2  1948    11.9  1961    78.2  1991
   16.0  2015   14.2  1962   11.7  1953    7.3  2006    2.2  1965    0.2  1973    0.0  1996    0.0  2022    0.3  1938    2.1  1954    8.6  1932   13.7  1951    44.1  2015    23.1  1989     0.2  1971    11.9  2005    78.2  1983
   15.7  2003   13.9  1999   11.7  1986    7.2  1988    2.2  1987    0.2  1972    0.0  1968    0.0  1994    0.3  1987    2.1  2024    8.5  1967   13.5  1938    43.6  2004    22.7  1978     0.2  1983    11.8  1943    78.1  1939
   15.5  2024   13.6  2006   11.7  1972    7.1  2022    2.1  1985    0.2  1945    0.0  1931    0.0  1957    0.3  2003    2.0  1970    8.4  1941   13.4  1955    43.4  1980    22.3  1967     0.2  1943    11.8  1988    77.9  1954
   15.1  1968   13.6  1972   11.6  2020    7.0  1995    2.1  1963    0.2  2008    0.0  1932    0.0  1949    0.3  1963    2.0  1985    8.4  1975   13.2  1986    42.8  1995    22.3  1949     0.2  2011    11.7  1991    77.3  2018
   15.1  1970   13.5  2015   11.6  1981    7.0  1931    2.1  1934    0.2  2017    0.0  1976    0.0  1992    0.3  1950    2.0  1975    8.2  1990   13.0  2021    42.5  1948    22.2  2015     0.2  1980    11.7  1967    76.6  1982
   15.0  1943   13.4  2005   11.6  1994    6.9  1971    2.0  2025    0.2  2021    0.0  1971    0.0  1989    0.3  1956    1.9  2025    8.1  1948   13.0  1978    42.0  1939    21.9  1988     0.2  1997    11.7  2003    76.6  1984
   14.7  1988   13.2  1959   11.5  2022    6.7  1963    2.0  1969    0.2  1933    0.0  1969    0.0  2020    0.3  1959    1.8  1965    8.1  1954   12.8  1949    41.9  1950    21.9  1939     0.2  1972    11.7  1935    76.3  1944
   14.6  1982   13.0  1975   11.1  1989    6.6  2010    2.0  1950    0.1  2020    0.0  1945    0.0  1958    0.2  2013    1.8  1942    8.0  1964   12.8  1970    41.6  2003    21.9  2016     0.2  1966    11.6  1946    75.8  2012
   14.6  2017   12.8  1995   11.0  1956    6.4  1985    2.0  1937    0.1  1931    0.0  2019    0.0  1971    0.2  1951    1.8  1986    8.0  1970   12.7  1980    41.6  1933    21.6  1977     0.2  2005    11.6  1987    75.5  2016
   14.5  2013   12.7  2009   11.0  2011    6.3  1940    2.0  1974    0.1  1974    0.0  2010    0.0  1998    0.2  1933    1.7  1940    8.0  1988   12.6  1957    41.0  1937    21.5  1946     0.2  1933    11.4  1986    75.4  1994
   14.5  1976   12.6  1953   11.0  2015    6.2  1999    1.9  1992    0.1  1988    0.0  1959    0.0  1978    0.2  1962    1.7  1972    7.8  1940   12.5  1936    40.9  1953    21.4  1971     0.2  1945    11.4  1949    75.0  1948
   14.3  2016   12.6  1984   10.8  2016    6.1  1948    1.8  1936    0.1  2024    0.0  1944    0.0  1940    0.2  1949    1.6  1982    7.7  1958   12.4  2023    40.0  1954    21.3  1998     0.2  1958    11.4  1933    74.7  1992
   14.2  1954   12.5  2020   10.7  1978    6.1  1947    1.8  1978    0.1  1995    0.0  1981    0.0  1950    0.2  1973    1.6  2016    7.6  1989   12.4  2000    39.7  2000    21.3  1940     0.2  1974    11.3  1982    73.8  1933
   14.2  1992   12.4  1988   10.5  1993    6.0  2023    1.7  1939    0.1  2007    0.0  2017    0.0  1945    0.2  1998    1.6  1976    7.4  1978   12.2  1987    39.6  2016    21.2  2020     0.2  2008    11.2  1983    73.1  1932
   13.9  2026   12.3  1938   10.4  1952    6.0  1976    1.7  1966    0.1  1940    0.0  1953    0.0  1980    0.2  1970    1.4  2009    7.4  2000   12.0  2020    39.3  1988    20.9  1976     0.2  2017    11.2  1963    72.6  2009
   13.9  1975   12.1  2021   10.2  1963    5.9  2018    1.6  1956    0.1  1958    0.0  1988    0.0  1941    0.2  1981    1.3  1953    7.3  1983   12.0  1943    39.3  2008    20.3  1948     0.2  2020    11.0  1940    71.8  1961
   13.8  1962   12.1  1964    9.9  1967    5.7  1991    1.6  1971    0.1  1950    0.0  2001    0.0  1972    0.2  2018    1.3  2004    7.3  1974   11.7  1972    38.6  1944    20.2  2023     0.2  2021    10.9  2017    71.7  1964
   13.8  1998   12.0  1976    9.9  1998    5.7  2020    1.6  1991    0.1  1947    0.0  1967    0.0  1984    0.1  2002    1.3  1938    7.2  1949   11.7  1994    38.5  2002    19.5  2012     0.2  1950    10.7  1976    71.3  2003
   13.5  2008   12.0  1948    9.8  2017    5.6  1961    1.5  1962    0.1  1965    0.0  2023    0.0  2024    0.1  1941    1.2  1958    7.2  1986   11.6  2005    38.1  2012    19.1  1944     0.1  1988    10.7  1968    70.9  1972
   13.3  1972   11.7  1935    9.6  1983    5.6  1955    1.5  2011    0.1  1938    0.0  2015    0.0  1985    0.1  1992    1.2  2007    6.8  1981   11.6  2004    37.9  1946    19.0  1963     0.1  2024    10.4  2002    70.2  2019
   13.3  2012   11.6  2008    9.5  2005    5.6  1982    1.5  2007    0.1  1984    0.0  2016    0.0  1979    0.1  1965    1.2  2015    6.8  2001   11.5  1947    37.9  1973    18.8  1950     0.1  1995    10.2  1960    69.6  1967
   13.2  2023   11.5  2000    9.4  1999    5.5  2024    1.5  1989    0.1  1968    0.0  1982    0.0  2007    0.1  1968    1.2  1957    6.8  1995   11.5  1991    37.8  2023    18.7  2022     0.1  1968    10.2  1970    67.7  1949
   13.0  1993   11.4  1989    9.4  1966    5.4  1997    1.4  1954    0.1  1948    0.0  1940    0.0  1988    0.1  1994    1.1  1990    6.7  1957   11.4  1998    37.6  1964    18.6  2000     0.1  1947     9.7  1990    67.6  1959
   13.0  2004   11.4  1932    9.4  2004    5.4  2002    1.4  2002    0.1  1996    0.0  1983    0.0  2021    0.1  1945    1.1  1984    6.5  1935   10.9  1959    37.6  2024    17.7  2005     0.1  1940     9.3  1956    67.4  2017
   12.7  1957   11.2  2025    9.4  1935    5.4  1992    1.4  1960    0.1  2025    0.0  1941    0.0  1983    0.1  2008    1.0  2017    6.3  1956   10.8  1985    37.2  2006    16.7  1993     0.1  2007     9.1  1957    67.1  1999
   12.6  1967   11.1  2002    9.3  1960    5.2  2019    1.3  1998    0.1  1944    0.0  2021    0.0  1947    0.1  2023    1.0  2000    6.3  1999   10.8  1945    37.0  2025    16.7  1964     0.1  1982     9.0  1989    67.0  1998
   12.4  1938   10.8  2022    9.3  1936    5.2  1957    1.2  1983    0.1  1970    0.0  1997    0.0  1939    0.1  2005    1.0  1945    6.0  2009   10.2  1983    36.9  1999    16.6  2019     0.1  2014     9.0  1958    66.6  1989
   12.4  1937   10.7  1980    9.2  2003    5.0  1945    1.2  2018    0.1  2013    0.0  2024    0.0  1976    0.1  1958    0.9  1959    5.9  2004   10.0  2019    36.6  1967    16.4  1972     0.1  2016     8.8  1931    66.0  1971
   12.4  1935   10.7  1997    9.1  2002    5.0  1996    1.2  1988    0.1  2023    0.0  2007    0.0  1995    0.1  1985    0.9  1963    5.8  1946    9.7  1954    36.3  1990    16.2  1999     0.1  1967     8.6  2018    65.7  2023
   12.1  1949   10.6  2011    9.1  2009    4.8  1933    1.2  2009    0.1  1982    0.0  2025    0.0  2003    0.1  2021    0.9  1991    5.7  1987    9.6  1941    35.5  1992    16.0  2002     0.1  1984     8.4  2000    65.6  2015
   12.1  1969   10.3  2017    8.9  2026    4.7  2005    1.1  2014    0.0  1967    0.0  2002    0.0  2018    0.1  1996    0.9  1947    5.4  1938    9.6  2018    35.4  2019    15.7  1938     0.1  2004     8.2  1995    64.9  2006
   12.0  2006   10.3  1946    8.6  2007    4.6  1959    1.1  1933    0.0  2022    0.0  1985    0.0  1942    0.0  2004    0.9  1999    5.3  2007    9.6  2002    35.3  1976    15.6  1991     0.1  1960     8.0  1951    64.3  2005
   11.6  1971   10.1  1982    8.4  1991    4.4  1949    1.1  2000    0.0  1959    0.0  1990    0.0  2005    0.0  1978    0.9  2013    5.0  1955    9.4  1948    35.3  1993    15.3  1992     0.1  1970     7.8  1978    64.1  1988
   11.6  1973    9.9  2012    8.2  1948    4.3  2017    1.1  2016    0.0  1979    0.0  1987    0.0  1970    0.0  1967    0.9  2021    4.9  2015    9.2  1997    35.2  1957    15.2  2017     0.1  1996     7.5  2007    62.9  1945
   11.5  1999    9.8  1992    8.1  2000    4.3  1980    1.0  2017    0.0  2006    0.0  1998    0.0  2011    0.0  1999    0.8  1979    4.9  1945    9.0  1977    34.5  2005    14.5  1997     0.1  2025     7.5  1997    62.8  2025
   11.0  1953    9.7  1971    8.1  1933    4.3  2025    1.0  1976    0.0  1994    0.0  1942    0.0  2013    0.0  2017    0.7  1961    4.8  1951    8.9  1984    34.3  1975    14.4  1952     0.1  2013     7.4  2009    62.3  1974
   11.0  1950    9.6  2024    8.0  1992    4.1  1964    1.0  2003    0.0  1990    0.0  1933    0.0  2000    0.0  1946    0.7  1968    4.8  2003    8.8  1975    34.1  1971    14.1  2025     0.1  2023     7.2  2004    61.5  2000
   10.7  1964    9.6  2007    7.8  2025    4.1  1946    0.9  1990    0.0  1943    0.0  1946    0.0  2008    0.0  2019    0.7  1995    4.7  2021    8.7  1942    33.5  1974    14.0  1933     0.1  1963     7.2  1999    61.5  1997
   10.4  2000    9.5  1974    7.4  2024    4.1  1987    0.8  1947    0.0  1963    0.0  2009    0.0  2019    0.0  1953    0.7  1989    4.6  1959    8.6  1932    32.7  1972    13.8  1960     0.1  1992     7.0  1938    61.4  1957
   10.2  1944    9.3  1990    7.4  2019    4.0  1972    0.8  2004    0.0  1992    0.0  1989    0.0  1997    0.0  2022    0.6  2014    4.6  1939    8.4  1953    31.8  2022    13.7  2011     0.1  2022     6.9  2001    61.3  1938
   10.1  1983    9.0  1967    7.4  1977    3.5  1993    0.8  2008    0.0  1976    0.0  2013    0.0  2001    0.0  2000    0.6  2011    4.3  2006    8.4  2006    31.2  2017    13.6  1990     0.0  1979     6.2  2015    60.7  2004
    9.5  2005    8.7  1939    6.9  2021    3.3  1952    0.7  1972    0.0  1993    0.0  2005    0.0  1996    0.0  1980    0.6  1960    4.1  2018    8.4  2024    30.5  2026    13.5  2003     0.0  1994     6.0  1945    60.4  1953
    9.3  2002    8.6  2019    6.7  1950    3.3  2003    0.7  1952    0.0  2004    0.0  2014    0.0  2015    0.0  2001    0.5  2020    3.9  1984    8.0  2025    30.3  2020    13.3  1943     0.0  1993     5.8  1959    60.3  2011
    9.2  2007    8.6  1949    6.5  2014    3.1  1937    0.6  1953    0.0  2002    0.0  2006    0.0  1959    0.0  1955    0.5  2005    3.7  2020    7.5  1974    30.3  1943    13.3  1959     0.0  1959     5.7  1984    59.1  2020
    9.1  2014    8.5  2026    6.3  1943    3.0  1960    0.6  1999    0.0  1960    0.0  2008    0.0  1990    0.0  2009    0.4  1943    3.6  2002    7.3  2015    30.1  1949    13.2  2009     0.0  2010     5.6  2021    58.9  2022
    8.9  1974    8.1  1961    6.3  1959    3.0  1943    0.5  1940    0.0  2019    0.0  1984    0.0  1991    0.0  1961    0.4  2022    3.4  2022    7.1  1931    27.7  1934    13.0  2024     0.0  2006     5.4  2020    58.9  1943
    8.8  1990    8.0  2014    5.2  1990    3.0  2009    0.4  2023    0.0  2010    0.0  1951    0.0  2002    0.0  2011    0.4  1996    3.2  2014    7.0  1956    27.4  1998    12.9  1945     0.0  1990     5.2  1994    58.9  2024
    8.7  1996    7.0  2023    5.2  1997    2.6  1944    0.4  1986    0.0  2016    0.0  1991    0.0  2006    0.0  1966    0.4  1969    2.6  2011    7.0  2013    27.2  2007    12.7  2007     0.0  1976     4.5  2006    57.4  1934
    8.2  1932    6.9  1945    4.6  2012    2.5  2007    0.3  1970    0.0  2018    0.0  2003    0.0  2009    0.0  2015    0.3  1977    2.3  1994    6.3  2016    26.7  1932    12.2  2004     0.0  2002     3.8  2014    56.3  2002
    7.9  2022    6.7  1934    3.8  1961    2.5  2014    0.1  2022    0.0  1966    0.0  1994    0.0  2017    0.0  2016    0.3  1978    2.3  1931    5.9  1971    26.0  1935    11.7  1961     0.0  2019     3.8  2022    55.6  1990
    7.8  2020    6.6  1943    3.5  1945    2.0  2004    0.0  1964    0.0  2014    0.0  2018    0.0  2023    0.0  2006    0.2  2006    2.1  1997    3.2  1988    24.0  2014    10.7  1957     0.0  2018     3.3  1953    53.3  2007
    5.7  1934    6.4  1993    2.8  1938    1.2  2011    0.0  2024    0.0  2003    0.0  2022    0.0  2025    0.0  2014    0.0  2001    2.0  1953    1.9  1934    18.8  1989    10.2  2014     0.0  2003     3.2  2011    45.9  2014
    4.3  1989    4.4  1998    1.7  1957    ---  2026    ---  2026    ---  2026    ---  2026    ---  2026    ---  2026    ---  2026    ---  2026    ---  2026     ---  1931     ---  2026     ---  2026     ---  2026     ---  2026
