Areal values from HadUK-Grid 1km gridded climate data from land surface network
Source: Met Office National Climate Information Centre
Monthly, seasonal and annual mean of daily maximum air temperature for Scotland
Areal series, starting in 1884
Last updated 01-Apr-2026 11:35
    jan  year    feb  year    mar  year    apr  year    may  year    jun  year    jul  year    aug  year    sep  year    oct  year    nov  year    dec  year     win  year     spr  year     sum  year     aut  year     ann  year
    8.2  1989    8.7  1998   10.9  2012   13.6  2011   16.3  2024   19.4  2023   20.4  2006   20.7  1947   16.8  2006   13.6  1908   10.5  2011    8.5  2016    7.69  1989   12.91  2025   18.37  1995   12.84  2006   12.25  2025
    7.8  1932    8.5  2019   10.2  1948   13.3  2007   15.7  2025   18.8  1940   19.8  2013   20.2  1995   16.6  2023   13.6  1959    9.9  1994    8.3  2015    7.23  2017   11.76  2003   18.31  1976   12.73  1959   11.93  2022
    7.8  1916    8.1  1891   10.0  2003   13.2  2025   15.6  2018   18.1  1887   19.8  1955   19.4  1997   16.6  1895   13.5  1969    9.7  1899    8.3  1988    7.16  1932   11.67  1893   18.14  2003   12.56  2011   11.92  2003
    7.5  1898    7.9  2023    9.9  1938   12.4  2003   15.4  2017   18.0  1970   19.4  2018   19.2  1976   16.4  1959   13.1  2001    9.6  2022    8.1  1971    7.03  1998   11.58  2024   18.12  2006   12.49  2022   11.79  2023
    7.3  2020    7.7  2008    9.8  2025   12.2  1893   15.4  1896   17.8  2018   19.4  1901   19.1  1899   16.3  2021   13.0  1995    9.3  2020    7.8  1924    7.00  2007   11.56  2007   18.03  1955   12.42  2014   11.72  2014
    7.2  2007    7.3  1943    9.8  1929   11.8  2009   15.3  2008   17.6  1933   19.2  2021   19.1  1955   16.3  1906   12.9  2006    9.3  2003    7.6  2024    6.81  2019   11.55  2017   18.02  2025   12.41  2021   11.68  2006
    7.2  2022    7.2  1934    9.8  2022   11.8  2020   15.0  1919   17.3  1960   19.1  2014   19.1  1975   16.2  1958   12.9  1921    9.0  2014    7.6  1921    6.70  2005   11.49  2011   17.99  1933   12.30  1945   11.55  2007
    7.1  2005    7.2  1961    9.7  1945   11.7  2019   15.0  2001   17.3  1899   19.1  1983   18.8  2003   16.2  1949   12.8  1945    9.0  1953    7.6  2013    6.69  2008   11.43  2022   17.89  2023   12.07  1958   11.51  2024
    7.0  1923    7.2  1945    9.5  1961   11.7  1914   15.0  1992   17.3  1889   19.0  1976   18.6  1984   16.1  1933   12.8  2007    9.0  1997    7.5  1898    6.65  2020   11.39  1948   17.89  2021   12.02  1949   11.50  1997
    7.0  2002    7.1  1914    9.3  1957   11.6  1894   14.9  1960   17.2  1893   19.0  1989   18.5  2025   16.1  2014   12.5  2005    8.9  1948    7.5  1974    6.62  1949   11.26  2009   17.87  2018   11.98  1999   11.47  1959
    6.8  1974    7.1  2012    9.2  2026   11.5  1955   14.9  1901   17.1  1992   18.9  2025   18.4  1983   16.1  1898   12.5  2017    8.9  2021    7.5  1934    6.61  1975   11.23  2020   17.84  1899   11.98  1908   11.43  2004
    6.7  1921    7.1  1903    9.0  1997   11.5  2014   14.8  1940   17.1  2006   18.8  1934   18.1  2022   16.0  1890   12.4  2022    8.9  2018    7.5  1942    6.59  2022   11.19  2014   17.82  1947   11.98  1995   11.43  2020
    6.7  1944    7.1  2024    9.0  2017   11.4  1974   14.8  1895   17.0  1905   18.8  1933   18.0  1911   16.0  2016   12.4  2015    8.8  2015    7.4  1900    6.55  1943   11.12  1945   17.65  2022   11.97  2015   11.42  2011
    6.7  1990    6.9  1993    9.0  1933   11.2  1952   14.7  1959   17.0  2010   18.7  2003   17.9  2004   15.9  1941   12.4  1977    8.8  2001    7.4  2004    6.50  1992   11.10  1959   17.64  2013   11.94  1906   11.38  2005
    6.6  1983    6.9  1949    8.8  1953   11.2  1942   14.7  1889   16.9  2003   18.6  1995   17.8  1959   15.9  1999   12.2  1971    8.8  1978    7.4  1953    6.50  2014   11.05  2004   17.52  1997   11.90  2001   11.37  1949
    6.6  1890    6.9  1920    8.7  1894   11.1  1946   14.7  1911   16.9  2021   18.4  2019   17.6  1893   15.6  1971   12.2  1972    8.7  1955    7.2  1975    6.47  1935   10.96  2012   17.51  1975   11.89  2005   11.33  1945
    6.6  1975    6.8  1896    8.7  1893   11.0  1987   14.5  2023   16.7  2014   18.2  1991   17.6  2002   15.6  2002   12.1  2014    8.7  2006    7.2  2025    6.40  2025   10.94  1960   17.41  1983   11.83  1898   11.32  2017
    6.5  1934    6.8  1918    8.7  1950   11.0  1944   14.5  2020   16.7  1976   18.2  1984   17.6  1991   15.5  2003   12.1  2011    8.7  1920    7.1  1931    6.35  2016   10.94  1896   17.38  1984   11.81  1953   11.31  2019
    6.5  1957    6.8  1939    8.6  1990   10.9  2015   14.3  1978   16.7  1930   18.1  2022   17.6  1933   15.4  1945   12.1  1978    8.7  1938    7.1  1983    6.30  1976   10.89  1952   17.37  1887   11.80  2007   11.28  2021
    6.5  2000    6.8  1992    8.6  2007   10.9  1912   14.3  1980   16.7  1936   18.1  1997   17.6  1944   15.4  2022   12.1  1947    8.7  1913    7.1  1905    6.28  1925   10.89  2002   17.32  1911   11.75  2003   11.24  1953
    6.4  2017    6.7  2007    8.6  2014   10.9  2002   14.2  1990   16.6  1988   18.0  1982   17.5  2021   15.4  1955   12.0  1949    8.7  1894    7.0  1998    6.27  2002   10.86  1990   17.22  1893   11.70  2023   11.23  2018
    6.4  1949    6.7  2017    8.5  2000   10.8  1960   14.2  2000   16.6  2022   18.0  1926   17.4  1939   15.4  2005   12.0  2021    8.7  1945    7.0  1956    6.23  2012   10.83  1957   17.21  2014   11.70  2025   11.23  2009
    6.1  2008    6.7  1997    8.5  1991   10.8  1984   14.2  2004   16.6  2009   17.9  1911   17.4  1969   15.3  1996   12.0  2013    8.7  2004    7.0  2006    6.22  2024   10.77  2023   17.11  2019   11.68  1971   11.22  2016
    6.1  1925    6.6  2022    8.4  2005   10.8  2022   14.2  2016   16.6  2025   17.9  1994   17.4  2023   15.3  1998   12.0  1968    8.6  1951    6.9  1941    6.22  1957   10.77  2019   17.09  2009   11.67  2024   11.21  2002
    6.1  1905    6.5  2025    8.4  1973   10.8  1980   14.2  1952   16.6  1939   17.9  1999   17.4  1996   15.3  1907   12.0  1996    8.6  1995    6.8  2018    6.16  1934   10.76  1997   17.04  1934   11.65  2009   11.20  1933
    6.1  1964    6.5  1921    8.4  2021   10.8  1943   14.1  1893   16.6  1950   17.8  1905   17.4  1884   15.2  1939   12.0  2024    8.6  1908    6.8  1954    6.13  1974   10.76  1961   17.00  1959   11.65  1997   11.17  1921
    6.1  1938    6.5  1990    8.3  1959   10.8  2004   14.0  1947   16.5  1906   17.8  1921   17.4  2019   15.2  1901   12.0  1898    8.6  1999    6.7  2019    6.13  2004   10.71  1938   16.95  1949   11.61  1951   11.09  1999
    6.1  1992    6.5  2011    8.3  2002   10.7  2010   14.0  1918   16.5  2020   17.7  2009   17.3  2012   15.2  1934   11.9  2016    8.6  2007    6.7  1972    6.12  1921   10.71  1933   16.91  1901   11.58  2020   11.07  2008
    6.0  1993    6.5  1928    8.3  2009   10.7  1921   13.9  1937   16.4  1957   17.7  1925   17.3  1935   15.1  1991   11.9  1920    8.5  2024    6.7  1984    6.10  1923   10.63  1943   16.89  1969   11.57  1941   11.05  1995
    6.0  1889    6.4  1932    8.3  1943   10.7  1926   13.8  1953   16.4  1895   17.7  1897   17.3  2013   15.1  2004   11.9  1985    8.5  1931    6.7  1991    6.09  2006   10.61  1946   16.84  1989   11.54  1913   11.04  1971
    6.0  1935    6.4  1989    8.2  1923   10.7  1945   13.7  2022   16.4  1949   17.7  2008   17.3  1897   15.1  1961   11.9  2009    8.5  1902    6.6  1948    6.03  2023   10.61  1999   16.80  2005   11.53  1978   11.04  2015
    6.0  2006    6.4  2000    8.2  2004   10.7  2023   13.7  1890   16.3  1968   17.7  1917   17.3  2000   15.0  2011   11.8  2025    8.5  1986    6.6  1997    6.02  1911   10.58  2000   16.80  1925   11.48  1920   11.03  1990
    6.0  2023    6.4  1926    8.1  1935   10.7  1957   13.7  1998   16.3  1934   17.7  1887   17.2  1945   15.0  1929   11.7  1943    8.4  1897    6.6  1932    5.99  1999   10.55  2008   16.79  1936   11.48  2016   11.02  2000
    5.9  1976    6.4  2002    8.1  1927   10.6  1999   13.7  2009   16.3  1925   17.6  1935   17.2  1937   15.0  1936   11.7  1958    8.4  2002    6.6  1994    5.99  1898   10.50  1992   16.77  1905   11.46  1938   11.01  1989
    5.9  1998    6.3  1953    8.1  2024   10.6  1949   13.6  1989   16.2  1986   17.6  1949   17.2  1938   15.0  1953   11.6  1989    8.4  1917    6.5  1911    5.90  1890   10.45  1929   16.76  1940   11.42  1899   11.00  1934
    5.8  1937    6.3  1887    8.1  2019   10.6  1997   13.6  1981   16.2  1969   17.6  1945   17.2  2020   15.0  2025   11.6  1965    8.3  1906    6.5  1910    5.90  1993   10.42  1981   16.72  1945   11.42  1955   11.00  1938
    5.8  1896    6.3  2004    8.0  1907   10.4  1948   13.6  1964   16.2  2005   17.4  1977   17.1  2016   15.0  2000   11.6  1951    8.3  1939    6.4  1912    5.89  1972   10.41  1953   16.71  1935   11.39  2004   10.98  1893
    5.8  2004    6.3  1959    8.0  1998   10.4  1896   13.6  1988   16.2  1995   17.4  1990   17.1  1936   14.9  1981   11.6  1897    8.3  2025    6.4  1977    5.86  1899   10.37  1912   16.70  2004   11.35  1947   10.98  1898
    5.8  1928    6.2  1971    8.0  2016   10.3  1982   13.6  1971   16.2  1975   17.3  1947   17.0  1914   14.9  2009   11.6  1962    8.3  1958    6.4  1888    5.85  1914   10.37  2005   16.70  1950   11.33  1994   10.95  1975
    5.8  1953    6.2  1938    7.9  1910   10.3  2024   13.6  1948   16.2  1915   17.3  1894   17.0  1981   14.9  2019   11.6  1963    8.3  1983    6.4  1980    5.85  1990   10.34  2016   16.69  1897   11.32  1890   10.88  1911
    5.8  2012    6.2  1982    7.9  2011   10.3  2005   13.5  2014   16.1  2016   17.3  2005   17.0  1926   14.9  1884   11.6  1913    8.2  1924    6.4  1893    5.84  1944   10.31  2018   16.68  1914   11.32  2013   10.87  1998
    5.7  1950    6.2  2014    7.8  1999   10.3  1933   13.5  1946   16.1  1891   17.3  1975   16.9  1916   14.8  1900   11.5  1999    8.2  1959    6.4  2005    5.84  2000   10.31  2010   16.68  1926   11.29  2018   10.87  2013
    5.7  1906    6.1  1908    7.7  2015   10.3  1938   13.5  2002   16.1  1932   17.2  1971   16.9  1999   14.8  1938   11.5  1979    8.2  1889    6.4  1945    5.82  1973   10.29  1974   16.64  1906   11.26  1933   10.85  1957
    5.7  2014    6.1  1927    7.7  1993   10.2  1954   13.4  1999   16.1  1914   17.2  1927   16.9  1990   14.8  1947   11.5  1975    8.1  1964    6.3  2007    5.82  2026   10.28  1940   16.64  1917   11.26  2002   10.83  1948
    5.7  1981    6.1  1967    7.7  1966   10.2  1981   13.4  1956   16.1  1953   17.2  1959   16.9  1906   14.7  2020   11.5  1953    8.1  1946    6.3  1936    5.81  1971   10.26  1982   16.62  2010   11.21  1921   10.83  1943
    5.7  1911    6.0  2003    7.6  1956   10.2  1961   13.4  1939   16.0  1941   17.1  1941   16.9  2005   14.7  2015   11.4  1914    8.1  2009    6.3  2003    5.78  1927   10.23  1991   16.60  1982   11.15  2017   10.83  1914
    5.6  1926    6.0  1974    7.6  1912   10.2  2017   13.3  1982   16.0  1911   17.1  1899   16.9  2009   14.7  1997   11.4  1990    8.0  1928    6.3  2023    5.76  1905   10.21  1895   16.60  2016   11.13  1914   10.76  1939
    5.6  1971    6.0  1962    7.5  1977   10.2  1959   13.3  1908   16.0  1959   17.1  1969   16.9  1932   14.6  2013   11.3  1997    7.9  1916    6.3  1987    5.73  1995   10.21  1921   16.59  2008   11.13  1996   10.75  1976
    5.5  1973    6.0  1946    7.5  1989   10.2  2018   13.3  2012   16.0  1900   17.0  2011   16.9  1970   14.6  2010   11.3  1957    7.9  1956    6.2  1922    5.72  1946   10.19  1894   16.57  1939   11.10  1939   10.74  1984
    5.5  1884    5.9  1911    7.5  2020   10.1  1901   13.3  1936   16.0  1910   17.0  1952   16.9  1949   14.6  1951   11.3  1910    7.9  1981    6.2  1918    5.65  2015   10.19  1901   16.52  2020   11.10  2000   10.68  1982
    5.5  1969    5.9  1899    7.5  1972   10.0  1937   13.2  1970   15.9  1920   16.9  1914   16.8  2006   14.6  1980   11.3  1984    7.8  1949    6.1  1951    5.64  1906   10.14  1890   16.51  1960   11.07  1897   10.68  1960
    5.4  2016    5.9  2006    7.4  1981   10.0  1993   13.2  1929   15.9  1921   16.9  1972   16.8  2001   14.6  1956   11.3  1899    7.8  1984    6.0  1894    5.63  1981   10.13  1971   16.51  1996   11.07  1948   10.68  2012
    5.4  2003    5.9  2026    7.4  1963   10.0  1909   13.2  2006   15.9  1963   16.9  1943   16.8  1973   14.5  1926   11.3  1954    7.8  2005    6.0  1926    5.62  2003   10.11  1949   16.49  1999   11.06  1968   10.68  2001
    5.4  2024    5.8  2020    7.4  2010   10.0  1895   13.1  1984   15.8  2013   16.9  2023   16.7  1917   14.5  1891   11.3  2018    7.6  1941    6.0  1985    5.61  1922   10.10  1980   16.47  1932   11.06  1902   10.68  1991
    5.4  1962    5.8  1913    7.4  1926    9.9  1898   13.1  2011   15.7  1973   16.9  1950   16.7  2015   14.5  2024   11.2  1906    7.6  1922    6.0  1959    5.59  1937   10.09  1939   16.44  1970   11.03  1969   10.67  1988
    5.4  1924    5.8  1935    7.4  1905    9.9  1964   13.0  1954   15.7  1967   16.9  1885   16.7  2008   14.5  1914   11.2  2010    7.6  1886    6.0  2021    5.59  1896   10.08  1998   16.43  1991   11.02  1907   10.66  1899
    5.4  1996    5.8  1905    7.4  1936    9.9  1906   13.0  1950   15.7  1908   16.8  1923   16.6  1950   14.5  1967   11.2  1886    7.6  1957    6.0  1957    5.58  1920   10.04  1956   16.41  1884   11.02  1989   10.66  1983
    5.3  1999    5.8  2015    7.4  1992    9.9  1900   13.0  1905   15.7  1966   16.8  1944   16.6  1927   14.5  1915   11.2  1941    7.6  1892    6.0  1908    5.58  1889   10.02  1950   16.40  1973   11.01  1956   10.65  1955
    5.3  1904    5.7  1975    7.3  1952    9.8  1976   12.9  1942   15.7  1896   16.8  1900   16.6  1913   14.4  1969   11.2  1961    7.5  1982    6.0  2014    5.54  1909   10.01  2001   16.34  1990   10.98  1964   10.62  1908
    5.3  2009    5.7  1976    7.3  1939    9.8  1972   12.9  1945   15.6  2004   16.8  1893   16.6  1898   14.4  2008   11.1  2000    7.5  2008    6.0  1889    5.54  1913   10.00  1914   16.33  2002   10.98  1936   10.60  1926
    5.2  1930    5.7  1948    7.3  1920    9.8  1968   12.9  2003   15.6  2007   16.8  1884   16.6  2024   14.4  1913   11.1  1986    7.5  1914    5.9  2011    5.52  1988    9.99  1942   16.30  1944   10.96  1961   10.59  1901
    5.2  1927    5.7  1995    7.3  1890    9.8  1971   12.9  1949   15.5  1982   16.8  1904   16.6  1968   14.4  1904   11.1  2023    7.4  1898    5.9  1929    5.50  1950    9.96  1918   16.24  1930   10.96  1991   10.58  1992
    5.2  2019    5.7  1964    7.2  1921    9.8  1996   12.9  1933   15.5  2019   16.7  1958   16.6  1953   14.4  1917   11.0  1927    7.4  2023    5.7  1949    5.50  1953    9.96  1935   16.24  1937   10.91  1934   10.57  1913
    5.2  1967    5.6  1897    7.2  1983    9.8  1965   12.8  1917   15.5  2017   16.7  2017   16.5  1977   14.3  1964   11.0  1936    7.4  1954    5.7  1913    5.50  1967    9.96  1993   16.23  1921   10.90  1901   10.56  1946
    5.2  2015    5.6  1980    7.2  1946    9.7  1990   12.8  1943   15.5  1917   16.7  1973   16.4  2017   14.3  1903   11.0  1970    7.4  1991    5.7  2020    5.48  1964    9.95  1944   16.21  2017   10.90  1943   10.56  1906
    5.2  1909    5.5  1999    7.2  1902    9.6  1892   12.8  2007   15.5  1989   16.7  2010   16.4  2018   14.3  1968   11.0  1938    7.4  1975    5.7  2017    5.44  1901    9.94  2021   16.21  1941   10.89  1946   10.56  1905
    5.2  1888    5.5  2009    7.2  1967    9.6  2021   12.8  1991   15.5  1996   16.6  1996   16.4  1901   14.3  1966   10.9  1937    7.4  1940    5.7  1947    5.39  1903    9.94  2015   16.21  2000   10.88  1986   10.55  1932
    5.2  1907    5.5  2005    7.1  1982    9.6  1939   12.8  2010   15.5  1979   16.6  1948   16.4  1925   14.3  1995   10.9  1904    7.4  1988    5.7  1990    5.38  1916    9.94  1911   16.18  1898   10.87  1972   10.54  1936
    5.1  2025    5.4  1909    7.1  2023    9.6  1902   12.8  1935   15.4  1943   16.6  1936   16.3  1887   14.3  1921   10.9  1890    7.4  1992    5.7  1967    5.37  1908    9.92  1954   16.17  1900   10.84  1998   10.52  1974
    5.0  1968    5.4  2013    7.1  1944    9.6  2006   12.7  1909   15.4  1904   16.6  2000   16.3  1895   14.2  1911   10.9  1982    7.4  1960    5.6  1986    5.37  1939    9.89  1926   16.17  1953   10.82  1979   10.51  1935
    5.0  1994    5.4  1912    7.1  1896    9.5  2008   12.7  1910   15.4  1898   16.6  2001   16.2  1982   14.2  2017   10.9  1925    7.3  1967    5.6  2000    5.35  1912    9.87  1984   16.16  1889   10.81  1963   10.49  1994
    5.0  1988    5.4  1884    7.1  1978    9.5  1915   12.7  1997   15.3  1945   16.5  2024   16.2  2010   14.2  1970   10.8  1976    7.3  2012    5.6  1970    5.33  2009    9.86  1988   16.15  1992   10.80  1916   10.49  1894
    5.0  1908    5.3  1988    7.1  1960    9.5  1904   12.7  1921   15.3  2008   16.5  1898   16.2  1967   14.2  1946   10.8  1933    7.3  1907    5.6  1973    5.30  1938    9.83  1972   16.14  1977   10.77  1924   10.48  1973
    5.0  1920    5.2  1944    7.1  1971    9.5  1995   12.7  1922   15.3  1984   16.5  2016   16.2  1942   14.2  1960   10.8  1983    7.3  1998    5.6  1930    5.28  1933    9.75  1978   16.13  1913   10.76  2008   10.46  1961
    4.9  2013    5.2  2016    7.0  1968    9.5  1988   12.7  1974   15.3  1947   16.5  2004   16.2  1915   14.2  1973   10.7  2020    7.3  1989    5.6  1943    5.27  1894    9.75  1936   16.13  1994   10.76  1886   10.45  1944
    4.9  1943    5.2  1973    6.9  1918    9.4  1963   12.7  1931   15.3  2002   16.5  1929   16.2  1918   14.1  1910   10.7  1902    7.3  2013    5.5  2001    5.27  1961    9.73  1964   16.10  1957   10.75  1975   10.44  1920
    4.9  1995    5.2  2021    6.9  1974    9.4  1967   12.7  1912   15.2  1913   16.5  1913   16.1  1958   14.1  1989   10.7  1988    7.3  1942    5.5  1938    5.23  1954    9.71  1989   16.09  1968   10.75  1931   10.42  1889
    4.8  1946    5.1  1885    6.8  1949    9.4  1930   12.6  1977   15.2  1965   16.5  1937   16.1  2007   14.0  2007   10.7  1994    7.2  1932    5.4  1897    5.15  1997    9.53  1973   16.07  1915   10.75  1984   10.41  1896
    4.8  2011    5.1  1910    6.8  2008    9.4  1890   12.6  1966   15.2  1962   16.5  1906   16.1  1930   14.0  1902   10.6  1928    7.2  1888    5.4  2002    5.13  1926    9.51  1963   16.06  1895   10.74  1982   10.40  1967
    4.8  1914    5.1  1922    6.8  1940    9.4  1962   12.6  1995   15.2  1955   16.4  1932   16.0  1960   14.0  1937   10.6  1915    7.2  1971    5.4  1955    5.13  1983    9.49  1889   16.04  2024   10.74  1928   10.38  1964
    4.8  1900    5.1  1984    6.7  1884    9.4  1928   12.6  1961   15.2  1974   16.4  1987   16.0  1909   14.0  1916   10.6  1924    7.2  1901    5.4  1904    5.11  1948    9.49  1910   16.01  1904   10.74  1970   10.36  1947
    4.8  1960    5.1  1965    6.7  1986    9.3  1991   12.6  1892   15.1  1935   16.4  1886   16.0  1940   14.0  1930   10.6  1956    7.2  1947    5.4  1891    5.11  2013    9.48  1907   15.99  1967   10.72  1967   10.34  1972
    4.8  1901    5.1  1957    6.7  1903    9.3  1916   12.5  1887   15.1  1993   16.4  1951   16.0  1974   13.9  1988   10.6  1960    7.2  2000    5.3  1902    5.06  1984    9.43  1955   15.98  2007   10.71  1960   10.34  1890
    4.8  1902    5.1  1894    6.7  1932    9.3  1885   12.5  2019   15.1  1926   16.4  1912   16.0  1998   13.9  1948   10.5  1931    7.2  1963    5.3  1966    5.05  1924    9.43  1976   15.97  1908   10.71  1937   10.33  1884
    4.7  1887    5.1  1924    6.7  1994    9.2  1958   12.5  1928   15.1  1951   16.4  1908   16.0  1934   13.8  1987   10.5  1916    7.2  1929    5.3  1885    5.02  1960    9.42  1915   15.93  2001   10.70  1983   10.28  1958
    4.7  1997    5.0  1952    6.7  1899    9.2  1913   12.5  1976   15.0  1903   16.3  1918   16.0  1980   13.8  1982   10.5  1907    7.2  1943    5.3  1940    5.02  1891    9.42  1905   15.89  1988   10.66  1904   10.27  1937
    4.6  2018    5.0  1933    6.6  1922    9.2  1940   12.5  1957   15.0  1884   16.3  1942   16.0  1971   13.8  1979   10.5  1934    7.2  1937    5.3  2008    5.01  1958    9.40  1965   15.89  1958   10.66  1894   10.26  1940
    4.6  1954    5.0  1890    6.6  1954    9.2  1985   12.5  2013   15.0  1894   16.3  2007   16.0  1910   13.8  1920   10.5  1964    7.1  1979    5.2  1979    4.96  1918    9.40  1920   15.85  1910   10.64  1988   10.26  1918
    4.6  1972    5.0  1987    6.5  1988    9.1  1956   12.4  1920   15.0  1978   16.3  1946   16.0  1989   13.8  2001   10.5  2004    7.1  1976    5.2  1920    4.96  1930    9.38  1977   15.84  1894   10.64  1977   10.25  1996
    4.5  1958    5.0  1923    6.4  1915    9.1  1907   12.4  1985   15.0  1897   16.2  1916   16.0  1994   13.8  1943   10.5  1940    7.1  1935    5.1  1944    4.95  1928    9.38  1987   15.81  1918   10.62  1929   10.25  1977
    4.4  2026    5.0  1950    6.4  1965    9.1  1975   12.4  2005   15.0  1937   16.2  1960   15.9  1952   13.7  1978   10.5  1942    7.1  1934    5.1  1958    4.94  2018    9.38  2006   15.80  1943   10.56  1990   10.25  1980
    4.4  1913    5.0  1972    6.3  1913    9.1  1884   12.3  1994   15.0  1997   16.1  1889   15.9  2014   13.7  2018   10.5  2003    7.1  1890    5.1  1982    4.85  1907    9.33  1884   15.79  1938   10.55  1895   10.23  1942
    4.4  1961    4.9  1898    6.3  1914    9.1  1992   12.3  1930   14.9  2024   16.1  1992   15.8  1904   13.7  1888   10.5  1893    7.1  1900    5.0  1907    4.83  1962    9.32  1928   15.79  2011   10.51  1954   10.23  1897
    4.4  1931    4.9  1893    6.2  1934    9.0  2001   12.3  1915   14.9  1980   16.1  1956   15.8  1957   13.7  1908   10.4  1948    7.1  1980    5.0  2012    4.82  1931    9.32  1937   15.73  1942   10.50  1957   10.22  1950
    4.3  1894    4.9  1985    6.1  1925    9.0  1911   12.2  1972   14.9  1901   16.1  1896   15.8  1908   13.7  1942   10.4  1891    7.0  1987    5.0  1928    4.80  2001    9.28  1919   15.72  1891   10.50  1900   10.19  1956
    4.3  1991    4.8  2001    6.1  1898    9.0  1918   12.2  1903   14.9  1918   16.1  1919   15.8  1987   13.7  1935   10.4  1909    7.0  1903    5.0  1919    4.67  2021    9.28  1927   15.70  2015   10.49  1976   10.16  1887
    4.2  1970    4.8  1925    6.1  1911    9.0  1969   12.2  1934   14.8  1958   16.1  1891   15.8  1928   13.7  1905   10.4  1991    7.0  1970    4.9  1962    4.66  1952    9.28  1994   15.67  2012   10.48  1889   10.16  1969
    4.2  1915    4.7  1981    6.1  1887    9.0  1947   12.2  1993   14.8  2011   16.0  1957   15.8  1886   13.6  1963   10.4  1930    7.0  1896    4.9  1939    4.66  1980    9.22  1913   15.65  1981   10.48  1942   10.15  1900
    4.2  1912    4.6  1907    6.0  1975    9.0  1935   12.2  1884   14.8  1961   16.0  2002   15.7  1988   13.6  1919   10.4  2008    7.0  1974    4.9  1933    4.66  1985    9.20  1995   15.65  1952   10.47  2019   10.15  1968
    4.2  1933    4.6  1915    6.0  1928    8.9  2000   12.1  1913   14.8  1902   16.0  1967   15.7  1900   13.6  1928   10.4  1966    7.0  1895    4.8  1992    4.64  1945    9.18  1967   15.62  1896   10.46  2010   10.14  1981
    4.1  1899    4.5  1937    6.0  1889    8.9  1931   12.1  1965   14.7  1885   16.0  1930   15.7  1919   13.5  1889   10.4  1946    6.9  1990    4.8  1946    4.62  1959    9.14  1966   15.62  1966   10.44  1891   10.13  1930
    4.1  1891    4.5  1958    6.0  1976    8.8  1994   12.1  1888   14.7  2000   16.0  1966   15.7  1961   13.5  2012   10.4  1973    6.9  1936    4.8  1896    4.61  1991    9.12  1985   15.59  1927   10.43  1884   10.13  1910
    4.0  1919    4.5  1931    6.0  1897    8.8  2016   12.0  1938   14.7  1990   15.9  1985   15.6  1931   13.5  1976   10.3  2019    6.9  1918    4.8  1969    4.60  1968    9.11  1898   15.58  1951   10.43  1903   10.13  1929
    4.0  1948    4.4  2018    5.9  2001    8.8  1886   12.0  1925   14.7  1942   15.9  2020   15.5  2011   13.5  1972   10.3  1967    6.9  1933    4.8  1964    4.57  1965    9.10  1930   15.58  1971   10.41  1973   10.12  1904
    4.0  1922    4.3  1996    5.9  1895    8.7  1925   12.0  1973   14.7  1983   15.9  2015   15.5  1946   13.5  1893   10.3  1950    6.9  1972    4.7  1906    4.50  1987    9.09  1968   15.53  1886   10.38  1888   10.12  1970
    4.0  1910    4.2  1960    5.9  1942    8.6  1919   12.0  1914   14.6  1964   15.9  1915   15.5  1972   13.4  1994   10.3  1901    6.8  1968    4.7  1968    4.43  1887    9.04  1887   15.48  1980   10.32  1962   10.12  1928
    4.0  2001    4.2  1892    5.9  1906    8.6  2012   12.0  1916   14.6  1999   15.9  1964   15.4  1941   13.4  1985   10.3  1884    6.7  1927    4.7  1923    4.43  1919    9.00  1892   15.47  1916   10.31  1940   10.09  1954
    4.0  1956    4.2  1966    5.8  1885    8.6  1924   11.8  2021   14.6  1948   15.9  1953   15.4  1905   13.4  1886   10.2  1888    6.7  1904    4.7  1963    4.41  1978    8.99  1904   15.46  1974   10.30  1981   10.08  1978
    4.0  1939    4.1  1977    5.8  1985    8.6  2013   11.8  1986   14.6  1946   15.8  1924   15.4  1965   13.4  1924   10.2  1955    6.7  2017    4.7  1999    4.40  1942    8.96  1909   15.46  1979   10.30  1922   10.06  2010
    4.0  1903    4.1  1889    5.7  1941    8.5  1936   11.8  1944   14.5  1919   15.8  1979   15.4  1978   13.4  1993   10.1  1918    6.7  1973    4.5  1952    4.39  1915    8.94  1925   15.45  1946   10.27  1980   10.06  1925
    3.9  1918    4.1  1916    5.7  1984    8.5  1953   11.8  1904   14.5  1888   15.8  1986   15.3  1964   13.4  1975   10.1  1944    6.6  1961    4.5  1989    4.38  1892    8.93  1975   15.44  1919   10.24  1966   10.06  1993
    3.9  1965    4.0  1901    5.7  1964    8.5  1998   11.8  1987   14.5  2015   15.8  1963   15.3  1951   13.4  1909   10.1  1922    6.6  1912    4.4  1960    4.33  1910    8.93  1922   15.44  1885   10.23  1917   10.05  1941
    3.9  1951    4.0  1906    5.7  1904    8.4  1887   11.8  1900   14.5  1954   15.8  1938   15.2  1992   13.3  1990   10.0  1998    6.5  2016    4.4  1884    4.29  1994    8.92  1903   15.43  1963   10.23  1930   10.04  1924
    3.9  1947    4.0  1936    5.6  1930    8.4  1950   11.7  1951   14.5  1956   15.7  1931   15.2  1890   13.3  1944   10.0  1894    6.5  1962    4.4  2022    4.29  1956    8.91  1931   15.40  1986   10.20  1987   10.04  1931
    3.9  1982    3.9  1917    5.5  1995    8.4  1920   11.7  1962   14.5  1994   15.7  1981   15.2  1892   13.3  1932    9.9  1903    6.4  1926    4.4  1914    4.28  1885    8.91  1934   15.38  1929   10.19  1927   10.03  1912
    3.8  1893    3.9  1940    5.5  1901    8.4  1927   11.7  1932   14.5  1944   15.7  1939   15.2  1929   13.3  1894    9.9  1911    6.4  1909    4.3  1978    4.27  1904    8.89  1900   15.37  1948   10.17  1935   10.02  1916
    3.8  1978    3.8  1991    5.5  1996    8.3  1899   11.7  1975   14.4  1998   15.6  1907   15.2  1966   13.3  1899    9.9  2002    6.4  1921    4.3  1916    4.27  1897    8.88  1902   15.32  1998   10.11  1911   10.00  1891
    3.8  1986    3.8  1951    5.4  1924    8.3  1934   11.6  1963   14.4  1929   15.6  1910   15.2  1894   13.3  1931    9.8  1939    6.4  1891    4.3  1917    4.25  2011    8.79  1932   15.27  1964   10.11  1985    9.98  1951
    3.7  1966    3.7  1941    5.4  2006    8.2  1929   11.6  1958   14.4  1886   15.6  2012   15.1  1889   13.2  1992    9.8  1923    6.3  1930    4.3  1996    4.25  1996    8.79  1908   15.23  1978   10.11  2012    9.97  1907
    3.6  1892    3.6  1930    5.4  1955    8.2  1979   11.6  1941   14.4  1977   15.5  1980   15.1  1979   13.2  1897    9.8  1889    6.3  1977    4.2  1993    4.16  1969    8.77  1947   15.22  1909   10.07  1909    9.96  1915
    3.5  1977    3.6  1904    5.3  1987    8.2  1973   11.6  1969   14.4  2001   15.5  1940   15.1  1923   13.2  1977    9.7  1912    6.2  1885    4.2  1895    4.14  1970    8.77  1970   15.21  1972    9.95  1965    9.95  1927
    3.5  1936    3.6  1994    5.3  1908    8.2  1897   11.6  1926   14.4  1938   15.5  1903   15.1  1943   13.2  1922    9.7  1987    6.2  1911    4.1  1915    4.11  1888    8.76  1923   15.21  1920    9.91  1915    9.89  1952
    3.4  1885    3.6  1954    5.3  1980    8.2  1923   11.5  1955   14.3  1890   15.5  1895   15.0  1896   13.2  1896    9.7  1952    6.2  1884    4.1  1965    4.06  1955    8.72  1906   15.17  1987    9.90  1932    9.89  1987
    3.3  1980    3.5  1983    5.3  1970    8.0  1932   11.4  1897   14.3  1922   15.5  1998   15.0  1891   13.2  1965    9.7  1935    6.1  1905    3.9  1909    3.99  1966    8.68  1899   15.15  1923    9.85  1910    9.88  1966
    3.2  1955    3.5  2010    5.2  2018    8.0  1989   11.3  1927   14.2  1892   15.5  1909   15.0  1954   13.1  1984    9.7  1919    6.1  2019    3.9  1887    3.92  1893    8.66  1996   15.15  1961    9.82  1893    9.87  1903
    3.2  2021    3.4  1956    5.2  1931    8.0  1888   11.3  1898   14.2  1981   15.3  1968   15.0  1921   13.1  1940    9.7  1929    6.0  1966    3.9  1903    3.90  1902    8.61  1986   15.14  1903    9.81  1944    9.82  1962
    3.1  1942    3.3  1970    5.1  1900    8.0  1977   11.3  1891   14.2  1912   15.3  1988   15.0  1993   13.1  1983    9.6  1900    6.0  1996    3.8  1901    3.89  1982    8.59  1983   15.05  1931    9.73  1926    9.79  1909
    3.0  1929    3.2  1888    4.8  1951    7.9  1891   11.3  1907   14.1  1909   15.3  1978   14.9  1924   13.0  1986    9.5  2012    6.0  1993    3.8  1899    3.86  1986    8.54  1897   15.01  1962    9.73  1992    9.77  1902
    3.0  2010    3.1  1942    4.8  1892    7.8  1905   11.2  2015   14.1  1924   15.3  1962   14.9  1948   12.9  1887    9.2  1980    6.0  1944    3.7  1937    3.70  1900    8.43  1962   15.00  1993    9.69  1950    9.77  1895
    3.0  1984    3.0  1902    4.7  1891    7.8  1978   11.0  1899   14.0  1952   15.2  1974   14.9  1903   12.9  1950    9.2  1932    5.9  1950    3.7  2009    3.63  1936    8.41  1969   14.95  1924    9.64  1912    9.69  1922
    2.9  1987    3.0  1968    4.7  1917    7.8  1903   11.0  1924   14.0  1985   15.1  1892   14.8  1920   12.8  1962    9.0  1905    5.7  1887    3.5  1925    3.61  1929    8.41  2013   14.93  1965    9.61  1905    9.68  1965
    2.8  1952    2.9  1919    4.7  1886    7.8  1910   11.0  1967   14.0  2012   15.1  1928   14.8  1888   12.8  1954    9.0  1993    5.5  1893    3.5  1935    3.59  1917    8.36  1958   14.93  1985    9.55  1925    9.68  1986
    2.6  1959    2.9  1978    4.6  1979    7.8  1970   10.9  1886   13.7  1931   15.0  1961   14.8  1985   12.8  1927    8.9  1887    5.5  2010    3.2  1961    3.56  1886    8.35  1885   14.84  1890    9.55  1918    9.68  1985
    2.6  1917    2.8  1886    4.6  1969    7.7  1983   10.8  1983   13.5  1971   15.0  1890   14.7  1885   12.8  1885    8.9  1974    5.5  1925    3.2  1890    3.50  1940    8.34  1924   14.84  1956    9.46  1974    9.67  1923
    2.5  1897    2.7  1929    4.2  1958    7.7  1889   10.8  1996   13.5  1923   14.9  1993   14.6  1963   12.8  1923    8.6  1992    5.1  1969    3.1  1892    3.45  1941    8.32  1916   14.84  1892    9.46  1993    9.67  1917
    2.5  1886    2.6  1979    4.2  2013    7.7  1908   10.6  1979   13.4  1991   14.9  1954   14.6  1962   12.6  1974    8.3  1926    5.0  1952    3.1  1995    3.39  2010    8.31  1941   14.80  1954    9.24  1896    9.66  1963
    2.5  1985    2.4  1900    4.2  1962    7.5  1941   10.5  1968   13.2  1987   14.9  1920   14.5  1902   12.6  1912    8.2  1895    5.0  1965    2.7  1927    3.38  1977    8.10  1917   14.71  1912    9.18  1887    9.47  1888
    2.0  1979    2.0  1969    4.2  1909    7.5  1922   10.4  1906   13.2  1916   14.6  1902   14.3  1922   12.5  1957    8.2  1981    4.9  1985    2.5  1976    3.33  1951    8.09  1886   14.64  1928    9.16  1892    9.47  1919
    1.9  1945    2.0  1963    4.2  1919    7.4  1951   10.3  1894   13.1  1972   14.5  1970   14.3  1907   12.3  1892    8.0  1917    4.7  1923    2.4  1886    3.06  1947    7.99  1951   14.64  1902    9.09  1923    9.37  1979
    1.8  1940    2.0  1955    4.0  1937    7.2  1986   10.0  1885   13.0  1907   14.4  1922   14.2  1986   12.2  1925    7.6  1892    4.6  1915    2.3  1950    2.98  1979    7.98  1891   14.55  1888    9.02  1919    9.33  1885
    1.4  1963    1.6  1986    3.8  1888    7.1  1966    9.9  1902   13.0  1928   14.3  1888   13.9  1956   11.8  1952    7.6  1896    4.1  1910    1.8  1981    2.82  1963    7.95  1888   14.33  1907    8.86  1952    9.27  1886
    1.4  1941    1.0  1895    3.8  1916    6.7  1917    9.9  1923   12.9  1927   14.2  1965   13.6  1912   11.6  1918    7.4  1885    3.7  1919    1.7  2010    2.76  1895    7.80  1979   14.32  1922    8.81  1885    9.17  1892
    1.0  1895    0.2  1947    3.4  1947    ---  2026    ---  2026    ---  2026    ---  2026    ---  2026    ---  2026    ---  2026    ---  2026    ---  2026     ---  1884     ---  2026     ---  2026     ---  2026     ---  2026
