Areal values from HadUK-Grid 1km gridded climate data from land surface network
Source: Met Office National Climate Information Centre
Monthly, seasonal and annual total duration of bright sunshine for Scotland
Areal series, starting in 1910
Last updated 01-Apr-2026 11:34
    jan  year    feb  year    mar  year    apr  year    may  year    jun  year    jul  year    aug  year    sep  year    oct  year    nov  year    dec  year     win  year     spr  year     sum  year     aut  year     ann  year
   55.6  1959   92.8  2018  157.2  2022  214.5  2021  270.2  2025  239.6  1940  240.9  1955  240.3  1947  140.3  1996  104.6  2003   68.1  1925   43.0  2001   172.8  1963   593.7  2025   616.3  1995   278.2  1959  1444.5  1955
   51.7  2001   91.8  2003  149.8  1929  206.5  2025  231.8  2000  233.6  1949  214.7  1989  219.1  1995  139.1  1959   99.5  1939   64.8  1989   40.8  1995   163.1  2018   520.4  2020   573.9  1955   275.0  2003  1399.4  2025
   50.8  1963   90.2  1963  143.0  2003  203.7  2020  225.1  1946  227.2  1957  202.6  2013  217.5  1976  137.1  1991   96.7  1998   63.4  1996   40.2  2010   158.6  2001   484.1  1942   544.0  1976   269.7  1996  1378.2  2018
   49.4  2025   89.0  1970  127.9  1953  203.2  1942  224.3  2018  224.5  2023  200.1  1990  180.3  2003  135.8  1987   96.1  1959   63.3  2016   37.4  1960   155.9  2003   484.1  1955   540.8  1911   264.3  1915  1369.6  2003
   48.6  2021   87.6  1960  124.9  2012  196.3  2015  222.8  1980  223.1  1970  191.9  1917  171.3  1997  135.2  1928   95.2  2016   59.3  1965   37.4  1957   149.8  1985   481.6  1948   520.9  1977   259.9  1971  1354.5  1995
   48.3  1965   82.4  1968  123.5  2007  188.5  1962  221.2  1948  220.9  1925  191.8  2014  170.7  1968  134.1  1933   93.4  1997   59.1  1988   37.4  1976   149.3  1959   481.4  2007   516.0  2018   258.2  1997  1321.0  1911
   47.4  2019   81.2  1975  121.3  1931  186.0  1974  221.1  1975  215.3  2018  191.3  1935  170.7  1938  134.1  1997   93.2  1922   58.8  2013   37.3  1935   148.8  1930   481.4  1929   511.5  1989   256.6  1998  1314.1  1975
   46.0  2024   81.2  2004  119.9  1923  180.2  1981  220.2  1935  215.2  1995  191.1  2006  167.9  1977  126.1  1971   91.1  1971   58.5  1976   37.2  2006   148.7  1968   470.1  2015   511.4  1975   255.4  1928  1309.4  1989
   45.9  2017   80.6  2013  119.9  1956  178.7  2007  218.7  1992  208.3  1975  185.1  1976  167.5  1911  125.9  2024   91.0  1972   57.4  1947   37.1  1961   146.3  1977   469.3  2008   500.7  1917   254.7  2016  1286.9  2009
   45.1  1991   79.2  1930  118.0  1948  175.5  1984  215.0  2020  207.7  1920  182.2  2018  164.4  1984  124.6  1960   90.7  2019   56.5  2003   36.9  1967   145.2  1960   464.0  2009   496.8  1949   253.7  1972  1278.9  1977
   44.9  2000   78.4  1979  117.8  2026  175.2  2011  212.7  2017  206.0  1915  182.1  1995  160.4  1955  124.2  2015   88.9  1915   55.7  1952   36.2  1920   144.1  2021   463.9  2001   496.5  1947   252.0  1987  1271.5  2023
   43.9  1977   78.3  1955  117.3  2017  175.0  1954  210.1  2001  205.5  1921  180.3  1911  159.3  1975  122.7  1934   88.2  1923   55.5  2017   35.1  1953   143.9  2019   460.6  2018   492.7  1969   249.5  1926  1257.7  2006
   43.7  2012   76.8  1985  117.1  2001  166.5  2006  210.0  2009  202.1  1936  179.7  1972  157.5  2022  122.2  2023   87.7  1973   55.3  2011   34.6  2007   143.4  1962   458.0  2017   488.0  1925   248.8  1923  1257.4  1959
   43.2  1952   75.8  2001  116.9  2025  166.2  1956  209.3  2008  201.8  2009  179.3  1982  153.3  1919  122.0  1915   87.3  1936   54.5  1961   34.5  1938   143.2  1970   455.5  1946   485.6  1933   248.7  1986  1255.9  1949
   42.5  2023   75.6  1986  115.4  1911  166.1  2003  208.0  1915  201.7  1939  179.1  1943  153.3  2025  119.9  1986   87.2  2007   54.0  1910   34.2  2014   142.1  2004   455.4  1980   485.4  2009   248.5  2010  1246.4  1919
   42.5  1985   75.1  2008  113.8  1970  165.5  1955  206.4  1911  200.1  1917  176.0  1971  153.1  1945  119.2  1919   87.0  1926   53.8  1998   33.3  1946   141.7  2015   454.0  1956   485.2  1919   247.2  2019  1245.4  1929
   41.8  1992   74.6  1950  113.4  1973  165.3  1914  206.2  1955  199.9  1967  174.7  1919  150.7  1983  118.9  1979   86.9  1981   53.6  2010   33.3  1970   139.5  2024   452.8  2016   485.0  2023   245.7  1919  1242.3  1915
   41.6  2009   74.2  2016  113.1  1933  165.0  2013  206.1  1951  199.8  1960  174.2  1983  149.0  1914  118.7  1949   86.9  1985   53.5  1926   33.2  1999   138.7  1975   449.4  2003   484.4  1921   244.6  1910  1239.1  2020
   41.6  1933   72.2  1957  112.3  1955  164.1  1921  205.5  1994  199.0  1930  172.4  1934  148.5  1933  118.2  2004   86.4  2008   53.4  1915   33.1  2004   138.7  1961   447.0  2012   482.4  1926   244.5  2012  1238.1  2010
   41.5  2015   72.0  1996  111.9  2009  161.7  2019  203.8  1942  197.4  1969  170.7  1926  148.5  1999  117.9  1955   86.3  2015   53.2  2005   33.0  1996   138.5  1979   446.3  2021   482.2  2003   244.1  2015  1233.8  1921
   41.3  1932   71.3  1973  109.4  2004  161.2  1957  203.7  2016  195.1  1933  170.4  1977  148.1  1926  117.8  1911   85.5  1986   53.1  1950   33.0  1929   138.1  2000   445.5  1974   475.6  1983   243.4  2023  1233.2  2022
   41.0  2011   71.3  1932  109.0  1910  160.9  1912  203.1  2012  192.9  1911  170.4  2021  146.8  1973  117.7  2025   84.6  1952   52.5  2018   32.9  1951   138.0  1952   445.3  1935   475.4  2006   242.9  1911  1232.9  2021
   40.7  2010   70.9  1999  108.3  2008  160.3  2023  202.8  1989  190.0  1996  167.6  1984  145.6  2004  115.7  1972   84.0  2010   51.9  1923   32.9  1948   137.4  1955   444.4  1962   473.5  1940   242.1  2024  1232.9  2019
   40.5  1931   69.9  1949  108.3  1949  159.2  1918  199.4  1984  189.3  1934  161.7  1999  145.5  1969  114.8  1958   83.2  1913   51.9  2000   32.6  1955   137.0  1978   442.3  1953   471.1  1997   241.1  1939  1230.8  2000
   40.5  1962   69.4  1946  108.1  1982  158.6  1968  198.2  1977  189.2  1951  160.9  1952  145.3  1944  114.1  1914   82.9  1967   51.6  1993   32.5  1989   136.0  2011   441.4  2000   471.0  1984   240.1  1973  1230.7  2015
   39.4  2003   69.3  2021  107.7  1935  157.7  1936  197.2  1959  188.6  1986  158.7  2011  143.5  2016  113.8  2003   82.8  1965   51.5  2012   32.2  2008   135.4  2010   439.7  2011   469.8  1968   239.1  2018  1229.9  1960
   39.3  2018   68.3  1981  107.6  2015  157.3  1990  196.0  1982  186.8  1974  158.2  1966  143.1  2014  113.7  1910   82.5  1945   51.4  1960   31.9  1965   135.4  1996   439.6  1982   466.8  1934   238.6  1991  1221.3  1974
   39.2  1978   68.0  1989  107.4  1986  156.8  1969  193.5  1971  186.0  1968  157.0  2009  142.8  1950  113.6  1924   82.1  2018   51.1  2006   31.8  1994   134.9  1964   438.7  1975   463.8  2013   238.3  1955  1217.0  1997
   39.1  1961   67.2  2024  106.9  1975  154.8  1980  191.0  1990  182.6  1977  156.9  1921  141.8  1931  113.1  1963   81.8  1931   51.0  2023   31.8  1962   134.7  1947   437.3  1984   463.7  1950   237.5  1925  1216.5  2013
   38.8  1979   66.9  1928  106.8  2014  152.5  1952  190.0  1937  179.7  1910  155.2  1963  141.7  1991  112.8  1951   81.6  1956   51.0  1918   31.8  1963   133.8  2013   437.1  1951   462.7  1972   236.0  1952  1216.2  2016
   38.5  1945   66.5  1964  105.7  1934  152.2  1922  188.6  2010  179.0  1918  154.8  1950  140.0  2005  112.5  1918   80.8  2012   50.6  1977   31.8  2003   133.7  2025   434.3  1915   460.8  2021   235.9  1989  1214.4  1950
   38.2  1956   66.4  1978  104.8  1919  152.2  1925  188.2  1919  177.9  1929  153.2  1948  139.5  1981  112.5  2020   80.6  1919   50.4  1973   31.7  1937   133.3  1950   433.0  2010   457.9  1996   235.0  1993  1213.8  1951
   38.1  1939   66.2  1937  104.7  1954  151.7  2008  187.7  1978  176.4  1932  152.9  1997  138.6  1966  112.2  2012   80.0  1920   50.2  1942   31.4  1977   133.3  1932   429.3  1921   456.8  2014   234.0  1958  1208.5  1926
   38.1  1929   66.1  2019  104.2  1937  149.9  1929  187.5  1988  175.3  1989  152.5  1918  136.3  2015  111.2  1937   79.9  1948   49.9  1927   31.1  2022   133.2  2008   429.1  1981   456.5  2022   232.0  1922  1208.0  1976
   38.1  1941   66.0  2010  104.0  2016  149.8  1951  185.2  2006  175.1  1941  152.4  1958  136.2  2012  110.9  2010   79.9  2000   49.5  1990   31.1  2017   133.1  1999   428.4  1954   455.4  1960   231.7  1961  1207.4  1971
   37.8  1910   66.0  2015  103.8  1965  149.7  1965  182.9  2004  174.9  1988  150.9  2025  136.0  1937  109.8  2002   79.9  1946   49.4  1975   31.0  2000   132.5  1936   427.4  1990   455.4  1974   231.0  1934  1206.8  1969
   37.7  1960   65.8  1962  102.8  1999  148.3  2010  182.1  2005  174.6  1959  149.8  1969  135.8  1939  109.3  2019   79.9  1927   49.4  1969   30.6  1917   132.5  1949   426.3  1989   453.6  1936   230.7  1948  1203.6  1935
   37.6  2022   65.8  2025  102.6  1941  148.0  2005  181.7  1929  173.8  1914  149.1  1994  135.8  2010  109.0  2006   78.9  1951   49.1  1930   30.6  1964   131.6  1973   426.0  2019   453.1  1970   230.7  1924  1203.4  2007
   37.3  1955   65.7  2020  102.5  2002  147.6  1953  181.6  1921  172.6  1955  148.1  1956  135.4  1965  109.0  1926   77.5  1911   49.1  1921   30.5  1984   131.2  2007   425.0  2023   452.7  1914   230.4  1933  1201.0  1963
   37.3  1957   65.5  1947  102.1  2024  146.7  2018  180.7  1960  171.6  1956  146.2  2000  134.7  2000  108.7  1923   77.4  1950   48.9  1948   30.5  1972   130.5  1986   423.9  1911   447.1  1982   229.8  2000  1200.3  1910
   36.9  1988   65.1  1969  101.7  2020  145.7  1991  179.5  1926  171.0  2006  145.2  1913  134.6  1927  108.2  1939   77.4  1929   48.8  2008   30.4  2018   130.5  1946   422.3  2006   447.0  1971   228.9  1979  1199.8  1956
   36.9  1946   65.1  1959  101.4  1972  145.1  2016  179.4  1957  170.9  1992  145.1  1949  133.9  1972  108.2  2022   77.0  1928   48.1  1966   30.3  1979   129.7  1991   422.0  2022   446.8  1915   228.8  1988  1199.5  1925
   36.6  1930   65.0  1977  100.9  1987  143.1  1946  179.3  2007  169.3  1928  144.3  1996  132.3  1992  107.6  1994   77.0  1924   48.0  1955   30.2  1981   129.5  1933   421.9  1994   445.7  1920   228.7  1981  1196.9  1984
   36.6  1951   65.0  1983  100.9  1927  142.9  1945  178.8  1949  168.7  1927  143.7  1975  132.1  2002  107.4  1974   76.9  1910   47.7  1911   29.5  1952   128.7  2005   417.7  1922   444.6  1999   226.5  2006  1194.8  2001
   36.6  1964   63.4  2005  100.6  1930  142.4  1948  178.6  1958  168.6  2022  143.2  2017  131.9  1974  107.3  1954   76.7  1961   47.6  2009   29.5  1975   128.5  1995   414.1  2005   444.4  2025   225.8  1960  1193.5  1948
   36.1  1958   63.2  1916  100.5  1943  142.1  2009  178.6  1966  166.1  1950  142.5  1925  131.6  2023  106.9  1993   76.6  1993   47.3  2019   29.5  1925   126.8  1989   412.5  1949   441.0  1935   225.8  1951  1193.1  1996
   35.9  1947   63.0  2022  100.2  1962  140.2  1938  178.4  1961  165.7  2021  142.4  2005  131.1  1916  106.8  1942   76.3  1995   47.1  1968   29.0  1950   126.6  1957   411.8  1912   438.7  1967   223.4  1937  1192.8  2008
   35.3  1999   62.6  1910   99.7  2019  138.7  2002  177.1  1963  163.6  1926  142.4  1910  130.9  1962  106.7  1964   76.1  1975   47.0  2022   28.9  1932   126.4  2017   411.5  1952   438.1  1927   223.0  2022  1190.3  1972
   35.3  1989   62.5  2006   99.5  1974  138.5  1970  175.6  1950  162.7  2003  142.0  1947  130.8  1970  106.2  1998   75.6  1958   47.0  1972   28.9  1923   126.3  1965   407.2  1959   437.2  1957   222.9  1975  1190.0  1982
   35.1  1995   62.1  1961   98.8  1958  136.7  2001  175.5  1943  160.2  1962  141.9  1933  130.4  1994  105.4  1988   75.5  1987   46.9  1974   28.7  2009   126.1  1997   407.0  1977   435.2  1986   222.6  2009  1188.5  1999
   35.1  1940   61.9  1952   98.7  1963  136.4  1977  175.2  2011  158.4  1963  139.2  2003  130.2  2024  105.3  1921   75.1  1941   46.3  2024   28.6  1958   124.9  1953   406.3  2013   434.3  1956   222.2  1949  1187.1  1952
   34.9  1997   61.6  1995   98.6  1989  136.2  2022  174.1  1910  158.3  1979  138.6  2008  129.7  2020  104.5  1940   74.2  1938   45.9  1967   28.4  2012   124.7  1956   406.2  1963   433.1  1990   222.0  1929  1187.0  1947
   34.5  1936   61.5  1953   98.4  1939  136.1  2014  173.1  1940  157.9  2019  138.5  1942  129.3  1946  104.4  2018   73.8  2009   45.9  1919   28.4  1969   124.7  1928   405.7  1958   431.6  1938   221.8  2002  1183.8  1933
   34.4  1967   60.8  1927   97.8  1915  135.5  1982  172.5  1996  157.2  1919  138.2  1929  128.6  1959  104.4  1912   73.6  2002   45.4  1970   28.2  2019   123.8  2002   403.4  1971   431.4  1959   221.5  1963  1182.4  1962
   33.9  1950   60.7  1936   97.6  1952  135.0  1973  171.6  1936  156.4  1924  137.8  1991  128.6  2019  104.1  1989   73.6  1925   45.2  1935   28.0  1943   123.7  2006   401.2  1957   430.6  1945   221.2  1936  1182.2  1986
   33.9  1954   60.6  1991   97.6  1914  133.7  1967  170.3  1997  155.8  1978  137.1  1962  128.6  1936  102.0  1973   72.4  1955   45.1  1934   27.9  1928   123.3  2022   400.5  2002   429.6  1939   220.4  1964  1181.5  1990
   33.9  1953   60.5  2007   96.9  1922  133.4  1998  169.8  1930  155.3  1985  136.8  1974  128.3  1953  101.8  1948   72.4  1980   44.9  1944   27.8  1966   122.9  2023   400.5  1910   428.4  1951   220.2  1947  1180.8  1973
   33.7  2006   60.1  2017   96.7  1993  133.3  1927  169.5  1987  155.2  2010  135.2  1915  128.0  1960  101.6  1957   72.3  1994   44.7  1985   27.7  1910   121.9  1954   397.6  1966   428.3  1962   220.2  1918  1180.2  1936
   33.5  2007   60.1  2000   96.4  1913  133.0  1972  169.0  2023  155.1  1943  134.8  1927  127.4  2001  101.5  1935   71.9  1992   44.6  1979   27.7  1926   121.2  2020   396.8  1919   428.1  1918   219.7  2007  1180.0  1994
   33.5  1911   59.4  1944   96.1  2010  132.4  1999  168.6  1922  154.9  1964  133.2  1973  126.6  2009  101.3  1999   71.5  1947   44.5  1932   27.6  1982   120.8  1931   396.4  2004   427.2  1910   219.5  1950  1177.7  1957
   33.4  1987   59.1  1933   96.1  1969  132.4  1939  167.9  1956  153.0  1945  131.8  1912  125.7  1913  101.1  2013   71.4  1917   44.5  1995   27.5  2005   119.9  1981   396.2  1930   426.5  1943   219.4  1914  1177.0  1981
   33.2  1919   58.9  1942   95.8  2023  130.6  1916  166.9  1953  151.3  1937  131.6  1964  125.0  1986  101.1  2009   70.8  1984   44.5  1999   27.5  1919   119.8  1982   396.1  1939   423.6  2000   219.3  2013  1176.6  1968
   32.9  1925   58.3  1987   95.5  1979  130.3  1963  166.8  1995  150.7  1983  131.5  2019  124.8  2021  100.9  1944   70.1  2023   44.5  2025   27.5  1918   119.8  1988   395.9  1914   423.0  1994   219.0  2025  1174.6  1970
   32.8  1916   58.3  1934   95.3  1947  129.4  1932  166.2  2015  149.1  1972  131.5  2004  124.7  1964  100.5  1961   70.1  1964   44.4  1929   27.1  2025   119.5  1945   393.7  1950   420.9  1973   218.6  1942  1173.2  1946
   32.5  1984   58.1  1997   95.3  1985  129.1  1971  165.4  1939  148.9  1953  130.6  1924  124.6  1925  100.2  1981   69.9  2024   44.4  1922   27.1  1974   119.5  1969   393.0  1988   420.0  1930   218.6  1969  1173.0  2017
   32.4  1935   57.9  1919   95.1  1967  128.4  1915  164.5  2019  147.3  1971  130.4  2022  124.6  2017  100.2  1929   69.9  1937   44.0  1978   27.1  1973   119.2  1958   392.8  1999   418.3  1929   218.5  1974  1170.3  1939
   32.4  1920   57.7  1917   95.0  1997  128.3  1958  161.4  1952  147.0  1997  130.2  1951  124.5  1940  100.1  1931   69.2  1969   43.7  1964   26.8  1998   119.0  1967   392.0  1923   418.0  1992   218.4  2004  1160.6  2005
   32.3  1990   57.5  1982   94.4  1995  128.0  2017  160.0  1974  144.4  1982  129.9  1914  124.3  1961  100.0  1969   69.1  1953   43.6  1958   26.6  1987   119.0  1983   391.7  1973   418.0  2019   217.8  1920  1159.9  1934
   32.2  1982   56.8  1948   93.7  1966  127.9  1994  159.9  1981  143.9  2008  128.9  2023  124.1  1987   99.6  2005   68.9  1963   43.2  1986   26.4  1914   118.7  1937   389.5  1943   414.0  2005   217.8  1995  1159.8  1914
   32.1  2005   56.8  1967   93.0  1924  127.3  2000  159.7  1998  143.5  1994  128.4  1923  123.8  2007   99.4  2014   68.9  1977   43.2  1928   26.4  1911   118.6  1919   389.4  1931   412.9  1913   217.7  1931  1158.1  2011
   32.1  1928   56.5  1920   92.8  1912  126.6  1923  159.3  1938  143.4  1938  128.3  1965  123.6  1971   98.9  1920   68.5  1978   43.1  1913   26.3  2023   118.6  1929   389.3  1927   411.2  1964   217.5  1994  1156.5  2012
   31.8  1934   56.4  1912   92.1  1950  126.1  1950  159.2  2002  143.1  2013  128.1  1959  123.5  1996   98.0  2000   68.1  1914   43.0  1959   26.2  2020   118.5  1951   386.7  1936   410.5  1932   217.4  1967  1156.5  1927
   31.7  1980   56.3  1988   91.9  1959  125.7  1930  158.1  1912  142.7  2000  127.6  1960  123.4  1982   97.7  1943   67.9  1962   42.6  1971   26.2  1968   118.4  2009   385.9  1960   410.2  1991   216.7  2008  1153.5  2004
   31.7  1998   56.0  1945   90.7  1976  125.4  1949  157.9  1985  142.1  1998  127.2  1978  122.9  1932   97.4  1975   67.8  2022   42.5  2020   26.1  1993   118.2  1921   384.7  1987   409.7  2010   215.5  2020  1152.6  1917
   31.5  1986   55.8  1994   89.6  2018  125.2  1966  157.6  1999  142.0  1913  125.2  2007  122.5  1967   97.0  1995   67.1  1930   42.4  1949   25.9  1940   118.2  1990   382.9  1995   409.1  1941   215.0  1921  1152.2  1930
   31.4  1981   55.4  2014   89.2  2011  124.9  1989  156.7  1945  141.3  1976  124.6  2015  122.0  1921   96.5  1990   66.9  1989   42.3  1937   25.8  1930   117.9  1927   382.2  1978   404.9  1952   214.9  1954  1151.3  1967
   31.4  1976   54.8  2011   89.0  1981  124.3  1983  155.8  1931  141.1  2016  124.5  1945  121.4  1989   96.3  2016   66.4  2006   42.1  2021   25.7  1992   116.8  1939   379.8  1918   403.2  1928   213.2  1927  1151.2  1991
   31.3  1972   54.6  1931   89.0  2021  124.0  1924  155.7  1962  141.0  1922  123.7  1941  120.2  1993   96.2  2011   66.2  1954   42.1  1992   25.7  1927   116.7  2012   379.3  1968   400.5  1963   213.0  1945  1149.5  1942
   30.4  1975   53.9  1956   89.0  1940  122.8  1960  155.2  1927  140.9  1973  123.0  1936  118.9  1998   95.9  1938   66.0  1996   41.9  1933   25.6  1933   116.6  1992   379.2  1945   398.0  1988   212.4  1985  1149.2  1953
   30.1  1938   53.8  1921   88.6  1994  121.8  1995  155.1  2013  140.3  2025  122.2  1920  118.5  2018   95.8  1925   65.9  1999   41.8  1936   25.1  1944   116.4  1920   378.9  1937   396.6  1966   211.7  1999  1146.3  1940
   30.0  1994   53.6  1911   88.2  1925  121.4  1976  155.0  1932  139.7  2024  121.7  1986  118.1  2013   95.8  1952   65.7  1966   41.6  1943   25.0  1924   115.8  1987   378.8  1926   395.7  1937   211.3  1990  1141.5  1945
   30.0  2026   53.4  1990   87.6  1944  121.4  2024  155.0  1920  139.0  1984  120.0  2024  118.1  1949   95.3  2001   65.4  1979   41.6  1981   24.8  1949   115.6  1934   378.1  1970   395.2  2004   211.2  1965  1140.0  1920
   30.0  1974   53.2  1935   87.4  1946  119.8  1913  154.5  1979  138.8  1961  119.6  2020  117.9  1922   95.3  2007   65.3  1983   41.5  1954   24.7  1941   115.6  2016   376.9  1965   394.0  2011   210.6  1977  1136.6  1988
   29.9  1915   53.1  2002   87.3  1988  119.6  1928  153.9  1991  137.5  1946  118.9  1922  116.3  1928   94.4  1922   65.3  1990   41.1  2014   24.7  2002   114.8  1911   374.4  1992   393.3  2016   209.6  1944  1135.4  2014
   29.7  1949   53.0  1951   86.7  1917  119.1  2012  152.8  1928  137.1  1935  118.8  2010  115.8  1920   93.3  1916   65.2  1970   41.0  2004   24.2  1945   114.4  1916   374.3  1961   392.7  1965   209.4  2005  1132.4  2024
   29.7  1973   52.9  1943   86.2  2013  119.0  1926  152.1  1941  136.8  2011  117.7  1928  115.6  1990   93.0  2017   65.0  1976   41.0  1991   24.1  1986   114.2  1938   374.2  1991   389.9  2024   209.1  1913  1131.2  1958
   29.6  1923   52.8  1954   86.2  1978  118.9  1986  150.5  1964  135.2  1954  117.5  1938  114.6  1956   92.6  1917   64.3  1988   40.9  1983   24.0  1997   114.0  1941   374.0  1938   389.4  1981   206.4  1938  1129.0  1938
   29.5  1927   52.6  1929   85.8  1961  118.2  1988  149.1  1947  135.1  1952  117.1  1981  114.2  1988   92.4  1953   64.2  1974   40.7  1987   24.0  1990   111.9  1994   373.8  1969   388.3  2015   206.1  1976  1124.9  1937
   29.4  1968   52.4  1938   85.0  1920  118.1  1959  148.7  1954  134.9  2020  116.3  1967  113.4  2006   92.0  1936   63.9  2014   40.1  1924   23.9  1913   111.4  1912   370.5  1997   384.1  2020   205.4  2011  1123.3  1922
   29.2  2004   52.2  1992   84.1  2005  117.6  1917  145.5  1923  134.4  1999  114.9  1992  113.4  1923   91.3  1947   63.8  1944   39.7  1982   23.6  1922   109.6  1944   368.7  2024   381.0  1958   204.4  2014  1123.3  1943
   29.0  1937   51.8  1971   83.6  1921  117.4  1910  145.2  2024  132.8  1948  113.1  1968  112.6  1935   91.1  1977   63.1  1934   39.5  1963   23.6  1988   109.4  1976   368.0  1940   378.9  1946   203.9  2017  1122.0  1918
   28.9  1922   50.1  1940   82.3  1960  117.4  1935  145.0  1934  132.8  1981  112.1  1946  112.3  1979   91.0  1945   62.5  1912   39.5  1945   23.5  1936   107.8  1971   367.1  1986   377.8  1922   202.2  1956  1114.6  1928
   28.7  1912   50.1  1941   82.3  2000  114.3  1987  144.1  1993  131.6  2005  111.2  1932  112.2  1930   90.6  1968   62.0  2001   39.1  1980   23.4  1985   107.1  1942   367.0  1967   377.6  1953   200.8  1941  1112.6  1979
   28.3  1924   49.9  2012   81.2  1968  113.5  1943  143.3  1973  130.9  2001  109.4  1940  111.5  1957   90.3  1982   61.7  1942   38.9  1920   23.3  1942   106.4  1917   364.8  1972   377.4  1979   199.3  1946  1111.4  1992
   28.3  1921   49.3  2023   81.2  1951  112.3  1931  142.7  2021  130.8  1991  108.9  1988  111.3  1985   90.2  1932   61.1  1949   38.4  2002   23.1  2011   106.3  1940   364.2  1925   376.1  2008   199.1  1992  1108.6  1932
   28.2  1969   48.7  1915   81.1  1918  111.5  1920  140.8  1986  129.0  1965  108.7  1930  110.2  1941   89.2  2021   61.1  1932   38.3  1941   23.1  1921   105.3  1925   362.1  1985   374.1  2017   198.8  1953  1108.3  1965
   28.1  1943   48.6  1976   80.8  1971  110.7  1975  140.3  2003  127.4  2015  108.6  2016  109.0  1951   89.1  1950   60.7  1921   38.3  1956   22.7  2021   105.0  1915   360.8  1932   373.7  1978   198.3  1943  1103.8  1961
   27.8  2002   47.4  1925   80.3  1926  110.0  1961  139.5  1918  127.4  2002  108.4  1937  108.9  1952   88.6  1967   60.5  1991   37.5  1994   22.6  1971   104.4  1943   360.0  2014   373.7  2007   197.2  1917  1103.3  1987
   27.3  2020   47.4  1965   79.6  1945  109.0  1985  139.5  1968  125.5  1942  108.0  1993  108.7  1917   87.4  1941   60.5  2020   37.3  2001   22.5  1991   104.2  1980   358.8  1979   372.9  1944   196.7  1912  1094.6  1964
   26.9  1917   47.2  1972   79.1  1990  108.8  1979  138.3  1916  124.6  2007  107.6  1987  107.2  1958   85.2  1992   59.4  2013   37.3  1953   21.8  1916   103.4  1948   356.9  1934   370.8  1924   195.8  1932  1091.5  1954
   26.7  1948   45.8  1924   77.8  1980  108.2  1978  138.2  1967  124.4  1944  107.4  2001  105.7  1915   84.7  1970   59.3  2004   37.2  2007   21.8  1954   103.0  1924   356.5  1998   367.6  1985   195.5  1978  1090.8  1923
   26.5  1926   45.7  1958   77.1  1942  108.2  1964  138.2  1913  123.5  1916  106.8  1979  105.2  1934   83.5  1946   59.0  1916   37.2  1914   21.7  2013   101.9  1974   354.3  1913   365.9  1998   195.2  1970  1087.9  2002
   26.4  1983   44.8  1974   76.5  1932  106.2  1934  135.2  1917  121.9  1980  106.6  1954  105.1  1910   83.4  1927   59.0  1943   36.3  1938   21.3  1978   101.8  2014   354.0  1941   365.7  2001   194.6  2001  1084.9  1985
   25.9  1970   44.6  2009   74.5  1991  105.9  1940  133.0  1914  121.9  2014  104.9  1998  102.2  1929   83.0  1978   56.8  2025   36.2  1940   21.1  1939   101.1  1972   351.5  1920   364.8  1948   194.5  1930  1084.4  1966
   25.7  1993   44.5  1984   74.5  1938  105.6  1944  130.4  1972  121.8  1931  103.2  1944   99.9  1980   82.8  1913   56.7  1957   35.9  1946   20.9  1983   100.8  1966   349.0  1947   360.1  2002   194.5  1935  1078.2  1978
   24.9  1966   44.1  1939   72.7  1916  105.3  1993  128.9  1933  121.5  1958  102.3  1916   98.6  2011   82.6  1976   56.7  1918   35.8  1931   20.7  1931   100.8  1935   346.1  1993   359.5  1961   193.8  1940  1076.8  1941
   24.8  2013   44.0  1966   72.4  1977  105.2  1997  128.6  1976  118.1  2004  101.1  1985   97.9  1954   82.2  1956   56.6  2005   34.5  1962   20.5  2015    99.7  2026   342.2  1924   356.9  1916   193.5  1966  1074.3  1998
   24.7  2014   43.6  1926   70.6  2006  104.6  1947  128.5  2022  117.4  1990  100.9  1980   96.6  1918   81.5  2008   56.0  1982   34.1  1957   20.4  2016    99.6  1926   341.6  1933   356.8  1923   192.4  1957  1069.1  1931
   24.7  1918   43.3  1922   70.6  1964  104.1  2004  125.9  1970  116.6  1987  100.6  2002   93.6  2008   80.9  1985   55.4  2017   34.1  1951   20.2  1980    98.0  1984   341.5  1916   348.4  1987   191.7  1980  1064.0  1980
   23.5  2008   43.0  1914   65.6  1996  103.8  1919  125.2  1924  115.1  1923  100.4  1953   92.2  1943   80.2  1980   54.3  1933   33.6  2015   19.9  1959    97.0  1918   340.6  1976   346.3  1931   189.5  1968  1058.6  1983
   23.5  1942   42.5  2026   64.8  1992  102.1  1911  123.8  1925  114.3  1947   99.2  1970   90.7  1978   79.8  1983   53.9  2011   33.5  1939   19.8  1947    95.3  1922   339.4  1917   343.0  2012   186.1  1983  1056.7  1913
   22.8  1971   42.2  1980   63.4  1998   99.8  1996  123.4  1965  110.0  1993   98.5  1957   86.9  1963   79.8  1966   53.9  2021   33.3  1917   18.5  2024    92.5  1998   337.9  1996   341.2  1942   186.0  1982  1042.6  1924
   22.6  1996   41.7  1918   62.4  1984   99.6  1933  120.9  1969  108.9  2012   97.9  2012   83.8  1924   78.3  1984   53.2  1940   32.0  1984   18.3  1915    89.2  1914   329.3  1964   339.7  1954   185.2  2021  1006.6  1993
   22.4  1914   36.8  1998   60.6  1957   99.3  1941  119.0  1944  106.4  2017   96.4  1961   78.8  1948   78.2  1930   51.8  1968   31.3  1916   17.2  1956    87.9  1923   329.1  1928   338.3  1993   183.6  1916  1001.5  1944
   22.3  1944   36.1  1913   60.4  1983   90.9  1992  117.0  2014   99.8  1966   92.1  1939   77.2  1942   69.2  1962   49.9  1960   30.7  1997   15.2  1934    86.8  1993   312.2  1944   322.8  1980   181.1  1984   999.9  1916
   20.9  2016   35.4  1993   57.4  1936   84.7  1937  100.0  1983   82.3  1912   82.6  1931   64.8  1912   69.1  1965   47.8  1935   29.8  1912   10.5  1912    67.0  1913   284.7  1983   279.0  1912   171.6  1962   983.1  1912
   20.3  1913   34.7  1923   56.7  1928    ---  2026    ---  2026    ---  2026    ---  2026    ---  2026    ---  2026    ---  2026    ---  2026    ---  2026     ---  1910     ---  2026     ---  2026     ---  2026     ---  2026
