Areal values from HadUK-Grid 1km gridded climate data from land surface network
Source: Met Office National Climate Information Centre
Monthly, seasonal and annual mean of daily minimum air temperature for Scotland
Areal series, starting in 1884
Last updated 01-Apr-2026 11:35
    jan  year    feb  year    mar  year    apr  year    may  year    jun  year    jul  year    aug  year    sep  year    oct  year    nov  year    dec  year     win  year     spr  year     sum  year     aut  year     ann  year
    3.2  1989    4.1  1998    4.1  1938    4.7  2011    8.5  2024    9.5  2023   11.2  2019   11.1  1997    9.7  2006    8.3  2001    5.1  1994    3.7  1934    2.50  1989    4.48  2024   10.23  2025    6.75  2011    5.21  2014
    2.9  1898    2.4  1993    3.6  1957    4.5  2007    6.9  2022    9.2  2014   11.1  2003   10.9  2004    9.6  2021    7.5  1969    4.8  2011    3.4  1988    2.09  1998    4.28  2014   10.12  2003    6.67  2022    5.13  2022
    2.4  1916    2.2  2023    3.4  1961    4.4  2014    6.3  1889    9.2  2003   11.1  1991   10.7  1975    9.5  2016    7.3  1908    4.6  1997    3.4  1971    1.74  1935    3.77  2011    9.86  2019    6.60  2006    5.08  2025
    2.2  2020    2.2  1918    3.3  1945    4.1  2004    6.2  2023    9.0  2025   11.0  2021   10.7  2025    9.2  1999    7.1  2022    4.5  1899    3.3  1924    1.73  1923    3.70  1961    9.81  2021    6.54  2021    4.95  2024
    2.2  1923    2.0  1903    3.2  2012    3.9  1943    6.2  1964    8.9  2017   11.0  2025   10.5  2019    9.0  1941    7.0  2005    4.4  2022    2.8  2016    1.71  2014    3.68  1999    9.79  2023    6.36  2001    4.87  2023
    2.2  2022    1.9  1896    3.0  1990    3.9  1944    6.2  2008    8.9  1966   11.0  1933   10.4  2002    9.0  1958    6.8  1995    4.0  1953    2.7  2024    1.70  1925    3.67  2017    9.78  1933    6.21  2014    4.84  2004
    2.0  1996    1.8  1945    2.8  1997    3.8  2009    6.1  2014    8.8  2020   11.0  2006   10.4  2008    9.0  2023    6.8  2006    4.0  2020    2.6  1900    1.66  1932    3.66  2007    9.76  2006    6.10  1953    4.84  2007
    1.9  2007    1.8  1943    2.5  2005    3.7  2003    6.1  1893    8.7  1976   10.8  2013   10.3  1991    8.9  2014    6.8  2011    3.8  2002    2.6  2015    1.63  2007    3.64  1945    9.61  2022    6.02  1978    4.83  2005
    1.9  1932    1.8  1934    2.4  2019    3.5  1933    6.1  1952    8.7  2005   10.6  2018   10.3  2023    8.8  1949    6.7  1978    3.8  1938    2.5  1974    1.59  2017    3.63  2004    9.55  2004    5.99  1999    4.83  2002
    1.6  1974    1.6  1961    2.4  2025    3.5  1949    6.0  1970    8.7  1992   10.5  1901   10.3  1959    8.8  2009    6.7  2017    3.7  2014    2.5  1931    1.41  2020    3.61  2025    9.52  2018    5.91  1908    4.80  2006
    1.6  2005    1.6  2012    2.4  2000    3.5  1960    6.0  2017    8.6  2004   10.5  2022   10.2  1995    8.7  2011    6.7  1921    3.7  1906    2.5  1905    1.37  2022    3.55  1992    9.50  2013    5.85  1949    4.78  2017
    1.5  1983    1.6  2019    2.3  2014    3.4  1999    6.0  1999    8.6  2002   10.5  2008   10.2  2009    8.7  1895    6.7  1959    3.6  1931    2.5  2013    1.29  1943    3.52  2003    9.43  2008    5.82  1945    4.76  1997
    1.5  1990    1.6  1939    2.2  2021    3.4  1926    5.9  2018    8.6  2016   10.4  1976   10.2  1990    8.6  2005    6.7  1977    3.6  1894    2.3  1956    1.25  1972    3.49  1952    9.42  2002    5.81  2009    4.73  2011
    1.5  1925    1.5  1990    2.1  1948    3.4  1896    5.9  1992    8.5  1960   10.3  1983   10.2  1969    8.6  1980    6.7  2013    3.6  1920    2.2  1898    1.18  1976    3.49  1960    9.42  1997    5.81  1995    4.68  2020
    1.4  1944    1.4  2026    2.1  1950    3.4  1937    5.8  1918    8.5  2022   10.2  1934   10.2  1955    8.6  2000    6.6  1968    3.6  2021    2.2  1953    1.15  1949    3.49  2002    9.36  2009    5.73  2005    4.66  2019
    1.4  1890    1.4  2024    2.0  2024    3.3  2019    5.8  1998    8.5  2010   10.1  1995   10.1  1893    8.6  1890    6.5  2021    3.5  2015    2.1  1921    1.15  2026    3.48  1997    9.34  2016    5.66  1958    4.63  1953
    1.4  1934    1.4  1926    2.0  1959    3.3  2025    5.7  2002    8.5  2007   10.1  2014   10.1  1947    8.6  1998    6.4  2025    3.5  1955    2.1  1910    1.14  2005    3.46  2009    9.29  2014    5.57  1959    4.63  1990
    1.4  1884    1.4  2014    2.0  1983    3.3  1961    5.7  1940    8.4  2006   10.1  1899   10.1  2003    8.5  1966    6.3  1949    3.5  2018    2.1  2025    1.12  1975    3.46  2022    9.29  1899    5.53  2007    4.61  1999
    1.3  2002    1.3  1914    2.0  1943    3.3  1987    5.6  1919    8.4  2018   10.0  1900   10.1  1917    8.5  1953    6.3  1979    3.5  1897    2.0  1975    1.11  2025    3.45  1938    9.27  1947    5.53  1951    4.56  1998
    1.3  1921    1.3  1967    1.9  1992    3.2  1993    5.6  2004    8.4  1970   10.0  1923   10.1  2013    8.5  2022    6.1  1996    3.4  1902    2.0  1942    1.08  1934    3.45  1933    9.27  2005    5.52  1938    4.53  2003
    1.2  2014    1.3  1923    1.9  1998    3.2  1894    5.6  1953    8.4  2021   10.0  1944   10.0  1983    8.3  1945    6.1  1990    3.4  1924    1.8  1997    0.98  1911    3.43  1959    9.26  1976    5.49  2025    4.52  1945
    1.2  1950    1.2  2017    1.8  1991    3.2  2017    5.6  1960    8.3  1896   10.0  1945   10.0  1933    8.3  2004    6.1  1962    3.4  1951    1.8  1954    0.97  2019    3.41  1943    9.24  1959    5.48  2004    4.51  1949
    1.1  2000    1.2  2007    1.8  2017    3.2  1964    5.6  2003    8.2  1933   10.0  2009   10.0  1996    8.3  1978    6.0  2024    3.4  1945    1.7  2006    0.85  1898    3.39  1990    9.20  2020    5.46  2017    4.48  2009
    1.1  1906    1.2  1992    1.7  1936    3.2  1898    5.6  2016    8.2  1940   10.0  1925   10.0  1911    8.2  1946    6.0  2014    3.4  2007    1.7  1948    0.84  2012    3.35  1964    9.19  1995    5.44  2020    4.48  2021
    1.0  1926    1.1  1891    1.7  1912    3.2  1997    5.5  1947    8.2  1988    9.9  1927   10.0  2021    8.2  1961    6.0  2007    3.3  2003    1.7  1911    0.83  1974    3.32  2019    9.18  2017    5.42  1997    4.47  2016
    1.0  1937    1.0  1920    1.7  2007    3.2  2002    5.5  2011    8.2  1950    9.9  2010    9.9  1942    8.2  1929    5.9  1943    3.3  2006    1.7  1922    0.83  2016    3.26  1957    9.17  1893    5.34  1968    4.44  1938
    1.0  1905    1.0  2025    1.7  2026    3.2  1996    5.4  1925    8.1  1947    9.8  1989    9.9  1897    8.1  1901    5.9  1989    3.3  2004    1.7  1941    0.82  1971    3.25  1991    9.16  1991    5.32  2023    4.42  1933
    1.0  1935    1.0  1949    1.7  1966    3.1  1945    5.4  2001    8.1  1993    9.8  1999    9.9  2020    8.1  1955    5.9  2009    3.3  1984    1.7  1932    0.80  1992    3.24  2005    9.15  1983    5.29  1994    4.42  2018
    1.0  1953    1.0  1921    1.6  1927    3.1  1946    5.4  1911    8.0  1963    9.8  1997    9.9  1918    8.1  2017    5.9  1999    3.2  1916    1.6  2018    0.79  1993    3.12  1998    9.09  1975    5.22  1913    4.40  2000
    1.0  1938    1.0  1974    1.6  1933    3.1  1952    5.4  1959    8.0  1893    9.8  2016    9.8  2006    8.1  1898    5.8  1958    3.2  1913    1.6  1977    0.70  1921    3.07  1893    9.04  2010    5.21  2015    4.39  1934
    0.9  1973    1.0  2022    1.6  1999    3.1  2018    5.4  1890    8.0  1899    9.8  1994    9.8  2022    8.1  1956    5.8  1898    3.1  1917    1.6  2019    0.70  1999    3.06  2023    9.03  1990    5.19  1920    4.37  1988
    0.9  1971    1.0  1908    1.6  1977    3.0  1914    5.3  1991    8.0  1953    9.7  1975    9.8  1939    8.1  1936    5.8  1960    3.1  1978    1.6  1888    0.69  2024    3.05  1896    8.98  1984    5.18  2013    4.34  1959
    0.9  1911    0.9  2011    1.6  1935    3.0  2005    5.3  1896    8.0  1984    9.7  2005    9.8  1899    8.0  2019    5.8  1945    3.1  2001    1.6  1983    0.67  1927    3.00  1993    8.97  2007    5.17  1941    4.34  1943
    0.9  1964    0.9  2000    1.6  2002    2.9  2024    5.3  1908    7.9  1982    9.7  1932    9.7  2024    8.0  1981    5.8  1953    3.0  1995    1.5  2002    0.67  1896    2.98  2000    8.94  1945    5.16  2000    4.30  1971
    0.8  2004    0.9  1971    1.5  2009    2.9  1959    5.3  1981    7.9  1965    9.6  1926    9.7  2012    8.0  2008    5.8  1947    3.0  1948    1.5  1984    0.67  1957    2.97  1944    8.94  1969    5.15  1956    4.30  2008
    0.8  1976    0.8  1997    1.5  1967    2.9  1955    5.2  1956    7.9  1889    9.6  1941    9.7  1895    8.0  2002    5.6  1961    3.0  1983    1.4  1893    0.64  1967    2.93  2012    8.91  1944    5.15  2018    4.25  1921
    0.8  1889    0.8  1982    1.4  1920    2.9  1930    5.2  1933    7.8  2019    9.6  2001    9.7  1936    7.9  1970    5.6  1951    3.0  1939    1.4  2004    0.64  1906    2.93  1912    8.91  1934    5.15  2024    4.23  1898
    0.8  1967    0.7  1976    1.4  1960    2.8  1992    5.2  1954    7.8  1887    9.6  1905    9.7  1884    7.9  1971    5.6  1886    2.9  1999    1.3  1945    0.63  1903    2.88  2008    8.91  1925    5.14  2002    4.22  1983
    0.7  2017    0.7  1953    1.4  1952    2.8  1982    5.2  1976    7.8  1959    9.6  2023    9.7  1949    7.9  2010    5.5  2023    2.9  1908    1.3  1929    0.61  1922    2.86  2018    8.89  1982    5.13  1898    4.22  1989
    0.7  1999    0.7  1989    1.3  1926    2.7  1976    5.2  1986    7.8  2009    9.6  1947    9.7  1944    7.9  1939    5.5  1971    2.8  1959    1.3  1918    0.60  1990    2.82  2020    8.89  2024    5.13  1899    4.20  2013
    0.7  1975    0.7  2002    1.3  2003    2.7  1980    5.1  2025    7.7  1980    9.6  1959    9.7  2016    7.8  1933    5.4  1975    2.8  1889    1.2  1980    0.59  1914    2.77  1920    8.84  1900    5.04  1955    4.18  1976
    0.7  1904    0.6  1887    1.3  1905    2.7  2022    5.1  1990    7.7  1900    9.6  1987    9.6  1970    7.8  1891    5.4  1985    2.8  2009    1.2  1926    0.59  1905    2.76  1976    8.81  1988    5.03  1984    4.17  2015
    0.7  2013    0.6  2008    1.2  1978    2.7  2023    5.1  2020    7.7  1905    9.6  1931    9.6  1935    7.8  1996    5.4  1986    2.7  1957    1.2  1998    0.58  1937    2.76  1939    8.81  1930    5.02  1971    4.14  1957
    0.7  1924    0.6  1980    1.2  1993    2.6  1948    5.1  1937    7.7  1935    9.6  1921    9.5  1930    7.8  1976    5.4  1913    2.7  1928    1.1  1994    0.56  2006    2.75  2016    8.81  1950    5.00  1890    4.14  1991
    0.7  1949    0.6  1946    1.2  2004    2.6  1991    5.0  1965    7.7  1912    9.5  1969    9.5  1980    7.7  2013    5.3  1965    2.7  1888    1.1  2020    0.56  1944    2.75  1926    8.80  1911    4.99  1906    4.12  1948
    0.7  2016    0.6  1924    1.2  2016    2.6  1904    5.0  1939    7.7  2024    9.5  1949    9.5  2018    7.7  1884    5.3  1910    2.7  1946    1.1  2023    0.55  2023    2.75  1889    8.80  1955    4.99  1983    4.06  1975
    0.6  1969    0.5  1932    1.2  1981    2.6  2010    5.0  1989    7.6  1979    9.5  1946    9.5  1984    7.7  1988    5.3  1982    2.6  1987    1.0  1972    0.52  1988    2.74  1948    8.79  1953    4.98  1961    4.06  1992
    0.6  2008    0.5  1988    1.2  1910    2.6  1972    5.0  2009    7.6  1906    9.5  1894    9.5  2000    7.7  1930    5.3  1976    2.6  1956    1.0  2005    0.51  1890    2.72  1972    8.78  1935    4.97  1947    4.06  2001
    0.6  1998    0.5  1928    1.2  1884    2.5  1957    4.9  1978    7.6  1925    9.5  1984    9.4  1932    7.7  2001    5.3  1963    2.5  1886    1.0  1947    0.50  2008    2.67  1940    8.78  1926    4.97  1921    4.05  1961
    0.6  2006    0.5  1884    1.1  2011    2.5  1995    4.9  1974    7.5  1973    9.4  1936    9.4  1958    7.7  1968    5.3  1938    2.5  2025    1.0  1987    0.50  1901    2.63  1949    8.76  1932    4.96  1946    4.05  1995
    0.6  2012    0.4  1964    1.1  1923    2.5  1912    4.9  1931    7.5  2013    9.4  1985    9.4  1906    7.6  1934    5.2  1954    2.5  1986    1.0  1936    0.46  2002    2.62  1928    8.73  1970    4.95  1989    4.04  1967
    0.6  2023    0.4  1984    1.1  1921    2.5  1893    4.9  1972    7.5  1990    9.4  1957    9.4  1915    7.6  1951    5.2  1920    2.5  1981    1.0  1951    0.45  1973    2.59  1950    8.73  1936    4.95  1948    4.04  1926
    0.5  1896    0.4  1913    1.1  1902    2.5  1928    4.8  1971    7.5  1913    9.4  1982    9.4  2005    7.6  1969    5.2  1957    2.4  1949    0.9  1991    0.43  1889    2.58  1981    8.73  1996    4.94  1970    4.04  1939
    0.5  1900    0.4  2005    1.1  1939    2.4  1975    4.8  1988    7.5  1930    9.4  1930    9.4  1926    7.6  1967    5.2  1933    2.4  2024    0.9  2021    0.43  2000    2.51  1988    8.73  2001    4.94  1943    4.02  1994
    0.5  1928    0.4  2020    1.0  2015    2.4  1963    4.8  1920    7.5  1945    9.4  1955    9.4  2017    7.6  1917    5.1  1925    2.3  1900    0.9  1959    0.40  1916    2.49  1911    8.72  1992    4.91  1990    4.01  2012
    0.5  1957    0.4  1938    1.0  1928    2.4  2020    4.8  2007    7.5  1943    9.4  1893    9.4  1978    7.6  2025    5.1  1930    2.3  1964    0.9  1930    0.39  1946    2.48  1978    8.70  1949    4.89  1916    4.00  1908
    0.4  1927    0.4  1927    1.0  1903    2.4  1938    4.7  1895    7.4  1994    9.3  1990    9.4  1910    7.5  1938    5.1  2000    2.2  1982    0.9  2000    0.39  1953    2.46  1946    8.65  1994    4.88  1924    3.99  1893
    0.4  1993    0.4  1935    1.0  1956    2.3  1985    4.7  1936    7.4  1914    9.3  2007    9.4  2001    7.5  1947    5.1  2015    2.2  1958    0.8  1985    0.38  1913    2.45  1967    8.65  1901    4.88  1933    3.98  1932
    0.4  1972    0.3  2009    0.9  2020    2.3  1947    4.7  2000    7.4  1934    9.3  1887    9.3  1998    7.5  1995    5.1  2020    2.2  1892    0.7  1986    0.35  1964    2.45  1925    8.64  1980    4.87  2016    3.96  1924
    0.3  1992    0.3  1897    0.9  1994    2.3  1988    4.7  1944    7.4  2008    9.2  1951    9.3  1927    7.5  1908    5.1  1970    2.1  1943    0.7  1970    0.35  1912    2.43  1971    8.62  1989    4.86  1982    3.96  1913
    0.3  1909    0.3  1948    0.9  1907    2.2  1940    4.6  1922    7.3  1908    9.2  2017    9.3  1982    7.5  1985    5.0  1991    2.1  1963    0.7  1949    0.34  1924    2.42  1982    8.62  1960    4.84  1976    3.96  1964
    0.2  1930    0.2  1905    0.8  1989    2.2  1939    4.6  1912    7.3  1997    9.2  1911    9.3  1945    7.5  1921    5.0  1890    2.1  1922    0.7  1943    0.33  1950    2.41  1918    8.62  1897    4.83  1963    3.96  1920
    0.2  1888    0.1  1925    0.8  1973    2.2  1900    4.6  1913    7.3  1996    9.2  1891    9.3  1981    7.4  1948    5.0  1972    2.1  1896    0.7  1902    0.29  1908    2.37  1890    8.61  1999    4.83  1962    3.95  1944
    0.2  1907    0.1  1999    0.8  2022    2.1  1916    4.5  1995    7.3  1891    9.2  1914    9.3  1937    7.4  1973    5.0  1988    2.0  2008    0.6  1913    0.29  1920    2.37  1914    8.60  1939    4.79  1969    3.95  1884
    0.2  1901    0.1  1995    0.8  1968    2.1  1895    4.5  1993    7.3  1986    9.2  1950    9.2  2015    7.4  2003    4.9  1914    2.0  1989    0.6  1912    0.26  2003    2.36  1895    8.60  2012    4.79  1902    3.93  1984
    0.2  1943    0.1  1962    0.8  1897    2.1  1967    4.5  2006    7.3  1926    9.2  2024    9.2  1989    7.4  1902    4.9  2010    2.0  1929    0.6  1967    0.25  2004    2.34  1921    8.59  1914    4.78  1988    3.93  1911
    0.1  1913    0.1  2015    0.7  1972    2.1  1920    4.5  1905    7.3  1978    9.2  2002    9.2  1916    7.3  2020    4.9  2016    2.0  1991    0.6  1889    0.20  1909    2.33  1963    8.59  1905    4.78  1979    3.93  1914
    0.1  1988    0.0  1975    0.7  1963    2.0  1885    4.5  1997    7.3  1968    9.2  1953    9.2  1953    7.3  2007    4.9  2004    2.0  1990    0.5  1904    0.19  1899    2.33  1989    8.58  1884    4.78  1977    3.91  1980
    0.1  1887    0.0  2006    0.7  1893    2.0  1990    4.5  1910    7.3  1937    9.2  1998    9.1  1914    7.2  1983    4.8  1940    1.9  1980    0.5  1894    0.18  1954    2.30  1936    8.58  1958    4.77  1886    3.91  1905
   -0.0  1954    0.0  1922    0.6  1964    2.0  2008    4.5  1945    7.2  1948    9.2  1988    9.1  1934    7.2  2018    4.8  1941    1.9  1940    0.5  1957    0.13  1894    2.29  1884    8.58  1973    4.74  1957    3.91  1982
   -0.0  2026   -0.1  1972    0.6  1953    2.0  1984    4.5  1917    7.2  1938    9.2  1958    9.1  2007    7.2  1926    4.8  1983    1.8  1914    0.5  1908    0.13  1981    2.29  1954    8.57  1917    4.73  1960    3.89  1974
   -0.1  2003   -0.1  1894    0.6  1982    2.0  1942    4.5  1973    7.2  1961    9.2  1916    9.1  1925    7.2  1965    4.8  1984    1.8  1970    0.5  1978    0.12  1948    2.29  1983    8.54  1937    4.70  1996    3.89  1996
   -0.1  1962   -0.2  2021    0.6  1918    2.0  1911    4.5  1969    7.2  1954    9.1  1973    9.1  1952    7.1  2012    4.8  1956    1.8  1932    0.5  1979    0.12  1995    2.28  2015    8.50  1998    4.69  1929    3.88  1896
   -0.1  1914   -0.2  1911    0.6  1971    1.9  1931    4.5  1985    7.2  1890    9.1  1992    9.1  1988    7.1  1997    4.8  2018    1.8  1927    0.5  1907    0.12  1939    2.28  1953    8.48  1981    4.68  1980    3.87  1960
   -0.1  1994   -0.2  1909    0.5  1925    1.9  1889    4.4  1950    7.2  1897    9.1  1948    9.1  1957    7.1  1959    4.8  1942    1.8  2000    0.4  1990    0.11  1926    2.27  1905    8.47  2000    4.67  1998    3.87  1978
   -0.2  2009   -0.2  1912    0.5  1896    1.9  1971    4.4  1928    7.2  1995    9.1  1937    9.0  1973    7.1  1916    4.7  1904    1.7  1895    0.4  2011    0.08  2015    2.27  2010    8.46  1940    4.64  2008    3.82  1946
   -0.2  2015   -0.3  2004    0.5  1996    1.9  1994    4.4  1929    7.2  1920    9.1  1977    9.0  1950    7.1  1913    4.7  1937    1.7  2012    0.4  1885   -0.00  1933    2.26  1974    8.41  1887    4.64  1991    3.81  1889
   -0.2  2019   -0.3  1898    0.5  1974    1.9  2006    4.4  2013    7.2  1884    9.1  2004    9.0  1901    7.1  1942    4.6  1903    1.7  1903    0.3  2014   -0.03  1980    2.25  1907    8.41  1957    4.63  1931    3.81  1916
   -0.3  1968   -0.3  1893    0.4  2008    1.9  1915    4.4  1983    7.2  2000    9.1  1952    8.9  1971    7.1  1992    4.6  1997    1.7  1975    0.3  1944   -0.05  1938    2.24  1956    8.40  1891    4.61  1939    3.79  1930
   -0.3  1981   -0.3  1959    0.4  1944    1.9  1907    4.4  1961    7.1  2001    9.0  1967    8.9  1898    7.1  1982    4.5  1950    1.7  1941    0.3  1938   -0.12  1931    2.22  1977    8.38  1941    4.60  2003    3.78  1935
   -0.3  2018   -0.4  1937    0.4  1890    1.9  1979    4.4  1900    7.1  1981    9.0  1981    8.9  1999    7.1  1963    4.5  1924    1.7  1974    0.3  2007   -0.14  1928    2.22  1898    8.37  1948    4.57  1914    3.76  1890
   -0.3  1922   -0.4  1965    0.4  1946    1.8  1921    4.3  1943    7.1  1958    9.0  1939    8.9  1967    7.0  1937    4.5  1888    1.7  1935    0.3  1940   -0.16  1930    2.19  1995    8.33  1942    4.54  1975    3.76  1928
   -0.4  1920   -0.4  1933    0.4  1988    1.8  1919    4.3  1932    7.1  1911    9.0  1986    8.8  2011    7.0  2015    4.5  1906    1.7  1960    0.3  1928   -0.16  2013    2.17  1935    8.31  1952    4.52  1934    3.76  1993
   -0.4  2024   -0.4  1885    0.4  1932    1.8  2001    4.3  1901    7.1  1941    9.0  1908    8.8  1889    7.0  2024    4.5  1934    1.7  1968    0.2  1919   -0.17  1984    2.17  1910    8.30  1967    4.49  1930    3.75  1931
   -0.4  2025   -0.5  1944    0.4  1976    1.8  2000    4.3  1903    7.1  1999    9.0  1964    8.8  1987    7.0  1915    4.5  1923    1.7  1988    0.2  1939   -0.17  2009    2.14  1996    8.28  1978    4.49  1936    3.74  1936
   -0.5  1912   -0.5  1890    0.3  1894    1.8  2015    4.3  1934    7.1  1932    9.0  1979    8.8  1928    7.0  1984    4.4  1948    1.6  1933    0.2  2017   -0.21  1961    2.14  1927    8.27  1906    4.48  1967    3.73  1925
   -0.5  1919   -0.5  1915    0.3  1984    1.8  1884    4.3  1949    7.1  2012    9.0  1935    8.8  2010    7.0  1964    4.4  1927    1.6  1971    0.2  1933   -0.21  1997    2.14  1966    8.27  1896    4.45  1986    3.72  1937
   -0.5  1908   -0.6  1981    0.3  1929    1.8  1935    4.2  2019    7.0  1983    9.0  1956    8.7  1994    7.0  1896    4.4  1884    1.6  1947    0.2  2003   -0.29  1891    2.13  1937    8.27  1966    4.41  1897    3.70  1973
   -0.5  1902   -0.6  1910    0.3  2023    1.7  1968    4.2  2005    7.0  1969    8.9  2012    8.7  1924    7.0  1950    4.4  1967    1.6  2005    0.1  1955   -0.30  1918    2.13  1973    8.27  2015    4.40  1884    3.69  1899
   -0.6  1915   -0.7  1931    0.3  1986    1.7  1958    4.2  2012    7.0  1898    8.9  1912    8.7  1948    6.9  1987    4.4  1907    1.5  1954    0.1  1891   -0.36  2021    2.12  1985    8.26  1895    4.40  1937    3.69  1970
   -0.6  2011   -0.7  1899    0.3  2010    1.7  1998    4.2  1916    7.0  1919    8.9  1904    8.7  1938    6.9  1989    4.4  1899    1.5  1992   -0.1  1966   -0.36  1983    2.12  1987    8.25  1979    4.39  2019    3.68  1950
   -0.6  1970   -0.7  1966    0.2  1895    1.6  1934    4.2  1924    7.0  1904    8.9  1924    8.7  1900    6.9  1962    4.4  1918    1.5  2017   -0.1  1973   -0.43  1904    2.10  1913    8.24  1918    4.36  1903    3.66  1954
   -0.6  1931   -0.7  1973    0.2  1949    1.6  1901    4.1  1962    7.0  1910    8.9  1971    8.7  1976    6.9  1914    4.3  1916    1.5  1937   -0.1  1920   -0.43  2018    2.08  1980    8.23  1894    4.34  1964    3.65  1977
   -0.6  1903   -0.8  2003    0.1  1922    1.6  1913    4.1  1921    7.0  1936    8.8  2020    8.7  1929    6.9  1935    4.3  1994    1.5  1912   -0.2  1897   -0.49  2001    2.07  1894    8.20  1923    4.32  1888    3.64  1900
   -0.6  1997   -0.8  1916    0.1  1911    1.6  1954    4.1  1904    7.0  1967    8.8  1884    8.6  1954    6.9  1991    4.3  1928    1.5  2023   -0.2  1958   -0.54  1919    2.06  1994    8.19  1963    4.32  1966    3.61  1947
   -0.7  1946   -0.8  1952    0.1  1940    1.6  1909    4.1  1914    7.0  1944    8.8  1929    8.6  1891    6.8  1900    4.3  1893    1.4  1962   -0.2  1896   -0.61  1907    2.06  1930    8.18  1938    4.31  1928    3.61  1923
   -0.7  1947   -0.8  2016    0.1  1913    1.5  1965    4.0  1930    7.0  1931    8.8  1996    8.6  1909    6.8  1906    4.2  1897    1.4  1976   -0.2  1963   -0.62  1996    2.05  2001    8.18  1924    4.29  1987    3.61  1918
   -0.8  1951   -0.9  1957    0.0  1954    1.5  1927    4.0  1892    7.0  1998    8.8  2000    8.6  1960    6.8  1979    4.2  1931    1.4  1898   -0.2  1923   -0.63  1915    2.00  1965    8.18  1921    4.28  1942    3.60  1904
   -0.9  1891   -0.9  1977    0.0  1889    1.5  1923    4.0  1980    6.9  1939    8.8  1928    8.6  2014    6.8  1920    4.1  1936    1.4  1934   -0.2  2012   -0.65  1885    1.99  1904    8.17  1993    4.28  2010    3.60  1972
   -0.9  1966   -1.0  2013    0.0  1914    1.5  2016    4.0  1987    6.9  1964    8.7  1960    8.6  1961    6.7  1905    4.1  1998    1.4  1967   -0.3  1895   -0.68  1994    1.97  2006    8.16  1987    4.23  1954    3.57  1927
   -0.9  1960   -1.0  1950   -0.0  1899    1.4  1977    4.0  2015    6.9  1924    8.7  1917    8.6  1951    6.7  1943    4.1  2019    1.4  1907   -0.3  1992   -0.68  1897    1.96  1901    8.15  1889    4.23  1904    3.57  1956
   -0.9  1948   -1.1  2001   -0.1  1901    1.4  1925    4.0  2010    6.9  1949    8.7  1897    8.6  1985    6.7  1907    4.1  1909    1.3  1890   -0.4  1884   -0.73  1960    1.94  1903    8.15  1916    4.21  1940    3.56  1966
   -0.9  1995   -1.1  1994   -0.1  1915    1.4  1974    4.0  1907    6.9  2011    8.7  2015    8.5  1919    6.7  1910    4.0  1944    1.3  1998   -0.4  1968   -0.76  1945    1.89  2021    8.15  1927    4.21  1901    3.56  1958
   -0.9  1894   -1.1  1904   -0.2  1898    1.3  1899    4.0  1966    6.9  1917    8.7  1896    8.5  1940    6.7  1903    4.0  1946    1.3  1904   -0.4  1916   -0.78  1991    1.89  1984    8.14  1961    4.17  1907    3.56  1901
   -1.0  1899   -1.1  1940   -0.3  1887    1.3  2012    3.9  1884    6.9  1962    8.6  1940    8.5  1886    6.7  1977    3.9  1929    1.3  1936   -0.4  1969   -0.79  1987    1.88  1986    8.14  1931    4.17  1889    3.52  1912
   -1.0  1991   -1.2  1987   -0.4  1985    1.3  1890    3.9  1938    6.8  2015    8.6  1980    8.5  1974    6.7  1924    3.9  1966    1.2  1979   -0.4  1962   -0.83  1985    1.86  1968    8.13  1910    4.16  1935    3.52  1969
   -1.0  1961   -1.2  1889   -0.4  2018    1.2  1902    3.9  1887    6.8  1946    8.6  1938    8.5  1894    6.7  1960    3.9  2008    1.2  1901   -0.5  1952   -0.84  1942    1.85  1970    8.09  2011    4.16  1917    3.52  1968
   -1.1  1893   -1.2  1951   -0.5  1995    1.2  1978    3.9  1946    6.8  1921    8.6  1961    8.4  1992    6.7  1904    3.9  1935    1.1  1905   -0.5  1915   -0.85  1968    1.82  1929    8.08  1913    4.15  1927    3.52  1951
   -1.1  1980   -1.3  2018   -0.5  1975    1.2  1981    3.9  1963    6.8  1895    8.5  2011    8.4  1905    6.6  1932    3.8  1919    1.1  2019   -0.6  2008   -0.85  1887    1.80  1934    8.08  1908    4.15  1891    3.51  1894
   -1.1  1917   -1.3  1892   -0.5  2006    1.2  1950    3.8  1982    6.8  1975    8.5  1993    8.4  1892    6.6  1990    3.8  1964    1.1  2013   -0.6  2001   -0.87  1962    1.80  1932    8.08  1943    4.10  1965    3.51  1906
   -1.1  1885   -1.4  1907   -0.5  1980    1.2  1924    3.8  1967    6.8  1989    8.5  1913    8.4  1943    6.6  1911    3.8  1915    1.1  1961   -0.6  1982   -0.89  1966    1.79  1919    8.08  1904    4.08  1900    3.48  1987
   -1.2  1986   -1.4  1985   -0.5  1934    1.1  1989    3.8  1898    6.8  1955    8.5  1942    8.4  1977    6.5  1899    3.7  2002    1.1  1885   -0.6  1946   -0.93  1965    1.74  1923    8.06  1985    4.05  1981    3.48  1910
   -1.3  1936   -1.5  1901   -0.5  1942    1.1  1888    3.7  2021    6.7  1974    8.5  1918    8.3  1941    6.5  1889    3.7  1952    1.1  1884   -0.7  1906   -0.93  1958    1.72  1931    8.05  1946    4.02  1950    3.45  1897
   -1.3  1933   -1.5  1996   -0.6  1908    1.1  1962    3.7  1906    6.7  1952    8.5  1968    8.3  1968    6.5  1994    3.7  1891    1.0  1911   -0.7  1999   -0.93  1952    1.72  1916    8.05  1915    3.97  1895    3.45  1940
   -1.3  2001   -1.6  1958   -0.6  1906    1.1  1973    3.6  1909    6.7  1894    8.4  1972    8.3  1963    6.4  1975    3.6  1902    1.0  1891   -0.7  1996   -0.93  1892    1.69  1908    8.03  1968    3.94  1985    3.40  1903
   -1.4  1965   -1.6  1936   -0.6  1965    1.0  1941    3.6  1957    6.7  1957    8.4  1943    8.3  1923    6.3  1957    3.6  1980    1.0  1926   -0.8  1914   -0.98  1969    1.66  1900    8.03  1964    3.94  1973    3.40  1942
   -1.4  1939   -1.6  1917   -0.6  1885    1.0  2013    3.6  1888    6.5  1885    8.4  1974    8.3  1904    6.2  1919    3.6  1973    1.0  1942   -0.8  1901   -0.99  1978    1.63  1942    7.99  1929    3.93  1932    3.39  1929
   -1.4  1956   -1.8  1954   -0.7  1904    1.0  1905    3.6  1977    6.5  1942    8.3  1886    8.2  1913    6.2  1893    3.5  1955    0.9  1972   -0.9  1993   -1.03  1917    1.63  1975    7.99  1951    3.85  1894    3.39  1981
   -1.6  1892   -1.8  1991   -0.7  1930    0.9  1969    3.6  1926    6.5  1901    8.3  1909    8.2  1964    6.2  1927    3.4  1932    0.9  1977   -0.9  1903   -1.10  1888    1.58  1902    7.99  1954    3.84  2012    3.38  1955
   -1.6  1942   -1.9  1941   -0.9  1886    0.9  1886    3.5  1942    6.4  1915    8.2  1915    8.1  1921    6.2  1993    3.4  1987    0.8  1973   -1.0  2022   -1.25  1970    1.53  1947    7.95  1971    3.79  1972    3.36  1941
   -1.6  1977   -1.9  1906   -0.9  1987    0.8  1910    3.4  1948    6.4  1929    8.2  1895    8.1  1887    6.2  1886    3.4  1901    0.8  1918   -1.0  1964   -1.27  1956    1.48  1955    7.88  1974    3.70  1922    3.33  1907
   -1.7  1978   -2.0  1929   -1.0  1979    0.8  1929    3.4  1886    6.4  1902    8.2  1963    8.1  1979    6.1  1923    3.3  1974    0.7  1887   -1.0  1890   -1.30  1893    1.42  1915    7.85  1898    3.65  1910    3.31  1952
   -1.7  1958   -2.0  1888   -1.0  1941    0.8  1918    3.4  1984    6.3  1922    8.2  1978    8.1  1890    6.1  1931    3.2  1889    0.7  1921   -1.0  1917   -1.30  1986    1.40  1887    7.84  1912    3.65  1974    3.31  1962
   -1.8  1982   -2.2  1983   -1.1  2001    0.7  1966    3.4  1994    6.3  1918    8.2  1970    8.0  1965    6.0  1887    3.2  1922    0.6  1930   -1.0  1960   -1.31  1955    1.38  1897    7.81  1986    3.62  1925    3.29  1985
   -1.8  1918   -2.2  1930   -1.1  1951    0.6  1932    3.3  1958    6.3  1956    8.2  1966    8.0  1972    6.0  1974    3.1  1912    0.6  1950   -1.1  1965   -1.34  1959    1.36  1885    7.81  1977    3.60  1893    3.25  1891
   -1.9  1910   -2.3  1886   -1.1  1970    0.6  1970    3.3  1927    6.2  1886    8.2  1885    8.0  1962    5.9  1928    3.1  1900    0.5  1966   -1.1  1989   -1.35  1902    1.35  1922    7.70  1965    3.55  1992    3.23  1965
   -1.9  1955   -2.3  1960   -1.2  1916    0.5  1953    3.2  1941    6.2  1923    8.1  1954    7.9  1993    5.9  1940    3.1  2003    0.4  1944   -1.3  1899   -1.36  1886    1.28  1979    7.70  1909    3.53  1911    3.23  1986
   -2.0  1987   -2.6  1956   -1.3  1955    0.5  1887    3.2  1951    6.2  1903    8.0  1910    7.9  1908    5.9  1954    3.1  1939    0.4  1993   -1.4  1927   -1.36  1929    1.28  1899    7.69  1919    3.46  1944    3.16  1887
   -2.0  1897   -2.6  1919   -1.5  1917    0.5  1903    3.1  1935    6.2  1909    8.0  1920    7.9  1896    5.9  1944    3.0  1911    0.3  1893   -1.5  1937   -1.42  1900    1.27  2013    7.68  1886    3.45  1905    3.16  1963
   -2.0  2021   -2.7  2010   -1.5  1900    0.5  1897    3.1  1968    6.1  1985    7.9  1907    7.9  1931    5.9  1909    3.0  1993    0.2  2016   -1.5  1935   -1.47  1910    1.27  1969    7.68  1920    3.45  1896    3.16  1902
   -2.2  1886   -2.8  1942   -1.6  2013    0.5  1956    3.0  1979    6.1  1951    7.8  1962    7.8  1946    5.8  1922    2.7  2012    0.2  1996   -1.6  1887   -1.48  1936    1.23  1924    7.65  1928    3.37  1923    3.14  1922
   -2.4  1929   -2.9  1979   -1.6  1969    0.5  1983    3.0  1975    6.1  1907    7.8  1903    7.8  1920    5.8  1925    2.5  1887   -0.0  2010   -1.8  1909   -1.54  1977    1.19  1909    7.63  1890    3.35  1926    3.11  1917
   -2.4  1984   -2.9  1902   -1.6  1924    0.4  1906    2.9  1955    6.1  1892    7.8  1906    7.8  1966    5.7  1888    2.5  1905   -0.1  1925   -2.0  1925   -1.54  1951    1.17  1906    7.55  1962    3.31  1912    3.08  2010
   -2.5  2010   -2.9  1970   -1.6  1931    0.4  1936    2.9  1891    6.0  1971    7.8  1889    7.6  1888    5.6  1894    2.4  1894   -0.2  1965   -2.0  1976   -1.60  1940    1.15  1886    7.40  1972    3.22  1892    3.07  1979
   -2.6  1985   -3.0  1968   -1.7  1909    0.3  1908    2.8  1897    6.0  1916    7.7  1892    7.5  1903    5.6  1885    2.1  1892   -0.3  1952   -2.4  1995   -1.60  2011    1.09  1941    7.40  1956    3.22  1918    3.04  1915
   -3.0  1952   -3.1  1978   -1.7  1958    0.3  1951    2.8  1996    6.0  1987    7.6  1898    7.4  1922    5.6  1897    2.1  1992   -0.3  1909   -2.4  1892   -1.75  1941    1.07  1958    7.38  1892    3.19  1909    3.00  1888
   -3.4  1959   -3.4  1969   -2.0  1888    0.2  1986    2.7  1894    6.0  1991    7.6  1890    7.3  1902    5.4  1972    1.9  1917   -0.5  1923   -2.5  2009   -1.76  1982    0.95  1962    7.18  1903    3.17  1993    2.89  1909
   -3.6  1941   -3.7  1900   -2.0  1937    0.1  1892    2.7  1885    5.9  1977    7.5  1919    7.1  1986    5.4  1892    1.9  1926   -0.8  1969   -2.5  1961   -2.00  1947    0.89  1888    7.11  1885    3.15  1915    2.87  1919
   -3.9  1940   -3.7  1986   -2.0  1891    0.0  1891    2.6  1923    5.7  1972    7.4  1902    7.1  1907    5.4  1986    1.8  1885   -1.1  1985   -2.6  1950   -2.15  1979    0.86  1917    7.05  1907    3.09  1887    2.79  1886
   -3.9  1963   -4.0  1955   -2.1  1919   -0.4  2021    2.6  1899    5.5  1888    7.3  1888    6.9  1956    5.3  1912    1.8  1981   -1.1  1910   -3.1  1886   -2.54  2010    0.81  1951    7.05  1902    2.84  1919    2.77  1895
   -4.1  1979   -4.5  1963   -2.4  1962   -0.5  1917    2.5  1915    5.4  1928    7.2  1922    6.9  1912    5.1  1952    1.6  1895   -1.3  1915   -3.9  1981   -2.89  1963    0.52  1892    7.01  1922    2.84  1952    2.73  1885
   -4.2  1945   -4.9  1947   -2.6  1892   -0.8  1922    2.4  1902    5.1  1927    7.2  1965    6.6  1885    4.5  1918    1.4  1896   -1.6  1919   -4.9  2010   -3.34  1895    0.30  1891    6.82  1888    2.80  1885    2.35  1892
   -4.4  1895   -6.4  1895   -3.2  1947    ---  2026    ---  2026    ---  2026    ---  2026    ---  2026    ---  2026    ---  2026    ---  2026    ---  2026     ---  1884     ---  2026     ---  2026     ---  2026     ---  2026
