Areal values from HadUK-Grid 1km gridded climate data from land surface network
Source: Met Office National Climate Information Centre
Monthly, seasonal and annual number of days in the month with precipitation amount >= 1mm for UK
Areal series, starting in 1891
Last updated 01-Apr-2026 11:34
    jan  year    feb  year    mar  year    apr  year    may  year    jun  year    jul  year    aug  year    sep  year    oct  year    nov  year    dec  year     win  year     spr  year     sum  year     aut  year     ann  year
   23.5  2014   21.4  2020   21.7  1903   20.2  1920   20.4  1967   20.4  1912   20.6  1988   21.5  1891   22.7  1918   26.5  1903   22.1  2009   23.8  1911    62.5  2014    51.9  1920    55.1  1912    58.0  1935   193.5  1903
   23.2  1928   20.6  1910   21.1  1914   19.1  1998   20.1  1924   20.3  1907   20.5  1920   21.4  1917   21.3  1950   21.6  1923   21.8  1951   23.3  1929    58.9  1916    51.0  1979    51.1  1907    58.0  1954   187.0  1923
   22.8  1948   20.2  2014   20.3  1897   19.0  1932   19.0  1925   18.1  1991   20.4  1936   21.3  1912   20.8  1896   21.5  1932   21.1  1960   23.1  1915    57.3  1995    50.5  1983    50.9  1946    57.6  2000   184.0  1900
   21.5  1900   20.2  1923   20.3  1912   18.8  2012   18.2  1969   17.9  1935   19.4  2009   20.7  1985   19.6  1974   21.4  1907   21.0  1939   22.9  1934    57.2  1915    48.9  1913    50.6  1985    56.2  1903   183.0  1916
   21.1  1988   20.0  1916   20.2  2023   17.9  1899   18.1  1902   17.8  1946   19.2  1939   20.2  1956   19.5  1954   21.2  1967   21.0  2000   22.6  1959    56.6  1937    48.7  1986    50.6  1927    54.4  1974   180.5  1954
   21.0  1984   19.7  1937   20.0  1905   17.3  1950   17.8  1983   17.2  1998   18.7  1953   19.9  1903   18.3  1935   21.1  1906   20.9  1944   22.2  2015    56.6  2016    47.8  1903    49.8  2012    54.1  1960   180.2  1927
   20.8  1975   19.6  2002   19.8  1947   16.9  2000   17.7  1906   17.0  1927   18.7  1960   19.9  1941   18.2  1927   21.1  1916   20.7  2015   22.2  1919    55.9  1910    47.4  1947    49.8  1924    53.4  1923   179.1  1928
   20.8  1990   19.5  1990   19.6  1913   16.5  1931   17.5  1986   17.0  1980   18.5  1931   19.1  1924   18.2  1946   21.1  1917   20.5  1970   21.9  1993    54.7  1912    47.3  1932    47.7  1956    53.2  1944   178.5  2000
   20.7  2016   19.1  1925   19.6  1896   16.4  1905   17.1  1979   16.8  2012   18.3  1915   19.0  1951   18.1  1899   21.1  2020   20.5  1963   21.5  1999    54.5  1922    46.0  1925    47.2  1958    52.4  1938   178.2  1912
   20.5  2008   18.9  2000   19.5  1981   16.3  1970   16.9  2021   16.7  1948   18.1  1940   18.9  1897   18.0  2017   21.0  1909   20.3  1929   21.5  1914    54.4  1994    45.7  1963    46.4  1960    52.2  1950   176.8  1907
   20.3  1993   18.8  2026   19.3  1994   16.3  1935   16.8  2003   16.7  1928   18.0  2007   18.9  1946   17.4  1924   20.8  1976   20.3  2002   21.1  2023    54.0  1900    45.2  2024    46.2  1954    51.8  1918   176.7  1950
   20.2  1943   18.7  1995   18.9  1979   16.3  1910   16.7  1932   16.5  1987   17.9  2023   18.7  1950   16.7  1984   20.7  2000   20.2  1992   21.0  1900    53.9  2020    45.2  1908    46.1  1894    51.7  1984   176.4  1924
   20.2  1938   18.5  1915   18.7  1992   16.1  2024   16.6  1981   16.4  1945   17.6  1924   18.6  1927   16.6  1957   20.2  1935   19.9  1946   20.9  2011    53.7  1894    45.2  1897    45.9  1891    51.2  1930   175.8  1960
   20.1  1994   18.4  1904   18.5  1988   16.1  1961   16.5  2006   16.1  1972   17.6  1922   18.5  1930   16.2  1908   20.0  1938   19.7  1926   20.8  1918    53.7  1960    44.7  2006    45.7  1931    51.0  2022   175.7  1906
   20.1  1921   18.2  1893   18.2  2008   15.8  1925   16.4  1907   15.9  1900   17.0  2012   18.3  2008   16.2  1932   19.5  1960   19.5  1935   20.7  2020    53.4  1920    44.7  1967    45.6  1903    50.5  1982   175.1  1910
   20.1  1922   18.1  2022   17.9  1908   15.8  2001   16.4  1898   15.4  2020   16.8  1918   18.2  1905   16.2  1923   19.4  1928   19.5  1954   20.6  1912    52.9  1923    44.1  1907    45.5  1950    50.3  1967   175.1  1951
   20.0  1906   18.1  1931   17.8  1909   15.7  1975   16.2  1955   15.4  1997   16.8  1932   18.2  1992   16.1  1999   19.3  1998   19.2  1940   20.5  1966    52.4  2000    44.1  1905    45.2  1922    50.2  1981   174.6  2014
   20.0  1937   17.9  1997   17.8  2024   15.5  1983   15.9  1945   15.0  2007   16.7  1909   18.2  1910   16.0  1981   19.3  1930   19.0  2025   20.4  1965    52.4  2026    43.8  1902    44.6  1900    50.1  1932   174.4  1930
   19.9  2004   17.8  1977   17.7  1978   15.4  1959   15.9  1894   15.0  1985   16.4  1894   18.0  1895   16.0  1965   19.2  1981   18.9  1982   20.4  1986    52.1  1990    43.7  1916    44.2  2007    50.0  2019   174.2  2012
   19.9  1995   17.5  1951   17.4  1921   15.3  1934   15.9  2002   14.8  1958   16.2  1895   18.0  1960   15.9  2000   19.2  1892   18.8  1900   20.2  1910    51.8  1931    43.5  1981    43.8  2008    49.7  1891   174.0  1894
   19.7  1894   17.4  2024   17.2  1951   15.3  1907   15.8  1926   14.8  1990   16.2  2015   17.6  1943   15.9  1992   19.2  2022   18.6  1938   20.1  1896    51.8  2021    43.0  1994    43.7  1953    49.0  1992   173.9  1998
   19.5  1999   16.8  1950   17.1  1983   15.3  1913   15.5  2007   14.8  2016   16.2  1957   17.5  1923   15.8  1925   19.2  2013   18.6  2022   19.8  1901    51.6  2024    42.7  1992    43.6  1910    48.8  1976   172.8  1920
   19.5  1986   16.7  1894   17.1  1989   15.2  2008   15.5  2014   14.6  1931   16.1  1903   17.5  1958   15.7  1968   19.0  1954   18.6  1974   19.8  2012    51.5  1926    42.5  1951    43.6  2009    48.5  1917   172.3  2023
   19.5  1926   16.7  1922   16.9  1920   15.2  2016   15.5  2015   14.5  1966   16.1  1950   17.4  1963   15.7  1975   19.0  2001   18.5  1928   19.0  1978    51.5  2007    42.3  1914    43.5  2020    48.2  1896   171.3  1918
   19.5  1974   16.6  1900   16.7  1986   15.1  1992   15.3  1891   14.5  2019   15.6  1954   17.3  1954   15.7  1967   18.9  1961   18.4  1914   19.0  1942    51.3  1943    42.3  1904    43.5  1948    48.2  1998   170.8  2008
   19.4  1919   16.6  1941   16.7  2018   15.0  1979   15.2  1972   14.2  2002   15.4  1938   17.2  1907   15.6  1995   18.8  2004   18.3  1950   18.8  2013    51.2  1999    42.0  1934    43.4  1895    48.1  1892   170.3  1966
   19.2  1930   16.4  2007   16.6  1927   15.0  1977   15.0  1923   14.2  1896   15.4  1891   17.1  2014   15.6  1983   18.8  1900   18.3  1913   18.7  1994    51.1  1939    41.8  1909    43.2  1963    48.0  1900   170.1  1967
   19.2  1939   16.4  1935   16.5  1895   15.0  1963   15.0  1931   14.0  1963   15.3  1893   16.8  1894   15.6  1891   18.7  1891   18.3  1911   18.7  1891    50.4  1935    41.7  1906    43.2  1928    48.0  2025   170.0  1922
   19.2  1920   16.3  1966   16.4  1980   14.9  1904   14.9  1958   14.0  1916   15.2  1993   16.7  2004   15.4  1962   18.6  1896   18.1  1959   18.7  1923    50.1  1974    41.6  1899    43.0  1980    47.6  1927   169.9  2020
   19.2  1936   16.3  1914   16.3  1995   14.9  2004   14.9  1976   14.0  1947   15.0  1985   16.2  1902   15.4  2019   18.5  1934   18.0  1984   18.7  1955    50.0  1925    41.6  1972    43.0  1902    47.6  1970   169.7  2002
   18.9  1927   16.2  1906   16.3  1963   14.9  1922   14.8  1910   13.9  1944   15.0  1927   16.1  2012   15.2  1930   18.2  2014   18.0  1905   18.5  1949    49.9  1957    41.4  1898    42.8  1930    47.4  2006   169.6  1931
   18.8  2007   16.2  1958   16.2  1916   14.8  1927   14.8  1916   13.8  2011   14.9  1930   16.1  1962   15.1  1934   17.8  1996   18.0  1986   18.3  1952    49.8  1984    40.8  1927    42.8  2017    47.4  1928   169.5  1974
   18.7  2026   16.1  1918   16.2  1977   14.8  1994   14.8  1920   13.7  1892   14.9  2017   16.1  1921   15.0  1942   17.7  1929   17.9  1949   18.2  1979    49.7  1904    40.6  2008    42.6  1936    47.2  1926   169.1  1999
   18.7  2015   16.0  2011   16.1  2006   14.7  1965   14.7  1973   13.6  1943   14.9  1958   16.0  1982   15.0  1892   17.6  1944   17.8  1931   18.2  1974    49.7  1919    40.6  1977    42.3  1917    47.2  2017   169.0  1926
   18.7  1899   15.9  1989   16.1  2019   14.5  1947   14.6  1904   13.5  1902   14.9  1970   16.0  1904   14.9  2025   17.4  1987   17.7  1996   18.2  1938    49.4  1951    40.3  1965    42.0  1998    47.0  1980   168.6  1891
   18.4  2018   15.8  1970   15.9  1982   14.5  1985   14.5  1963   13.5  1999   14.6  1942   15.9  1928   14.8  1980   17.4  2006   17.5  1895   18.1  1909    48.4  1970    40.3  1998    42.0  2004    47.0  2001   168.5  1935
   18.4  1962   15.7  1954   15.8  1928   14.5  1986   14.4  1908   13.4  1938   14.5  1923   15.8  1942   14.7  1961   17.4  1982   17.4  1997   18.0  1985    48.2  1930    40.3  1966    41.9  1988    46.9  1963   168.4  1946
   18.1  1904   15.5  1945   15.7  1934   14.4  1964   14.4  2022   13.3  1956   14.5  2020   15.8  1892   14.7  1944   17.3  2019   17.3  1977   18.0  1998    48.2  1948    39.8  1970    41.9  1943    46.9  1916   168.1  1994
   18.0  1956   15.4  1957   15.4  1919   14.2  1919   14.2  1903   13.2  1982   14.4  2002   15.7  1922   14.7  1943   17.1  1980   17.3  2019   17.9  1956    48.1  1936    39.7  2023    41.8  1938    46.8  2023   168.0  2015
   18.0  1983   15.2  1898   15.3  1970   14.2  1966   14.2  2011   13.2  1954   14.3  1965   15.7  1929   14.7  2011   17.1  2021   17.2  1969   17.9  1906    48.0  2018    39.5  1924    41.6  1939    46.2  2012   167.7  1979
   17.7  1970   15.2  1926   15.1  1957   14.2  1951   14.0  1913   13.1  1965   14.3  1946   15.6  1948   14.5  1994   17.0  1966   17.2  1979   17.8  1921    47.7  1892    39.5  1921    41.4  1909    46.1  2020   167.6  1925
   17.5  1895   15.1  1974   15.1  1987   14.2  1901   13.7  1966   13.1  1924   14.2  1956   15.6  1934   14.4  1952   17.0  1942   17.2  2006   17.6  2019    47.7  1967    39.4  2000    41.1  1957    46.0  1961   167.3  1938
   17.4  2021   14.9  1960   15.0  1937   14.1  1993   13.7  1892   13.0  2017   14.1  1974   15.6  2019   14.4  1903   16.9  1984   17.1  1910   17.6  1951    47.6  1977    39.3  1910    41.0  2019    45.8  1940   167.2  2004
   17.2  1915   14.8  1908   14.9  1939   13.8  1909   13.7  1921   12.9  1894   14.1  1998   15.4  1957   14.4  1976   16.9  1901   16.8  1919   17.5  1898    47.6  1966    39.3  1999    40.8  2023    45.7  1943   166.5  1914
   17.2  1951   14.4  1933   14.9  1940   13.8  1897   13.6  2009   12.9  2004   14.0  1914   15.3  1961   14.2  1897   16.9  1893   16.7  1930   17.4  1924    47.3  1899    39.2  1985    40.7  1965    45.5  1929   166.5  1958
   17.2  1978   14.4  1912   14.8  1917   13.7  1989   13.5  1938   12.8  1897   14.0  2010   15.1  2009   14.2  1982   16.9  2023   16.7  1906   17.3  1908    47.3  1961    39.2  1937    40.7  1896    45.3  1905   166.5  1970
   17.2  1972   14.3  1946   14.6  1902   13.7  1999   13.5  1965   12.7  1926   13.7  2008   15.1  1900   14.1  1893   16.9  1895   16.5  1916   17.3  1893    47.1  1906    39.0  2014    40.7  1920    45.2  1906   166.1  1904
   17.1  1931   14.3  1980   14.5  2017   13.7  1953   13.5  1942   12.5  2025   13.7  1900   15.0  1988   13.9  1938   16.6  1983   16.5  2010   17.3  2000    46.9  2002    39.0  1930    40.5  1897    45.1  2004   165.7  2009
   17.1  1910   14.2  1961   14.3  1985   13.7  1930   13.4  1962   12.5  1971   13.7  1907   14.9  1906   13.7  2010   16.6  1989   16.5  2023   17.3  1980    46.7  1958    39.0  1894    40.3  1923    44.9  2008   165.4  2024
   17.1  1969   14.2  1996   14.2  1967   13.7  2005   13.2  2013   12.5  1936   13.5  1912   14.8  2017   13.7  1987   16.6  1949   16.3  1943   17.2  1916    46.7  1913    38.9  1917    40.1  1987    44.7  1893   165.4  1909
   17.0  1913   13.9  2010   14.1  2001   13.6  2018   13.1  1947   12.3  1968   13.3  1902   14.8  1898   13.6  2001   16.5  1918   16.3  2012   17.2  2009    46.3  1928    38.9  1926    40.0  1915    44.3  1946   164.8  1934
   16.9  1952   13.9  2017   14.1  1901   13.6  1917   13.0  1968   12.2  1898   13.2  1910   14.7  1915   13.6  1970   16.5  2008   16.3  2014   17.1  1983    46.1  1956    38.8  1969    39.8  2015    44.1  1952   164.7  2017
   16.7  1903   13.9  1903   13.9  1922   13.5  1926   12.7  2005   12.2  1910   13.1  2016   14.7  2001   13.6  1948   16.4  2002   16.2  1991   17.1  1907    46.1  1975    38.8  1923    39.7  1966    44.1  2013   164.6  2019
   16.5  1912   13.8  1939   13.8  1999   13.4  1940   12.7  1899   12.2  1964   13.0  1992   14.7  1952   13.6  1958   16.3  2012   16.1  1998   17.1  1958    46.0  2022    38.7  1922    39.4  1892    44.0  1924   164.6  1936
   16.5  1957   13.8  2016   13.7  1906   13.4  1972   12.7  1997   11.9  1952   12.9  1947   14.6  1925   13.5  1960   16.2  1974   16.1  1927   17.1  1946    45.8  1897    38.4  1988    39.3  1916    43.9  1934   164.5  1948
   16.4  2023   13.7  1988   13.5  1998   13.4  1898   12.7  2000   11.9  1919   12.9  1980   14.5  2023   13.5  2012   15.8  2011   15.9  1947   17.1  2021    45.8  1988    38.1  2002    39.3  2016    43.7  1909   164.2  1986
   16.4  1942   13.7  2021   13.5  1991   13.3  1949   12.5  1954   11.9  1922   12.9  1966   14.5  2015   13.5  2016   15.7  1990   15.9  1941   17.0  1922    45.7  1901    38.0  2018    39.3  1905    43.7  2009   163.7  1897
   16.2  1944   13.7  1892   13.4  1959   13.2  1923   12.3  1949   11.8  2008   12.8  1933   14.4  2011   13.5  1936   15.5  1898   15.7  1972   17.0  2017    45.3  1950    37.9  1931    39.1  1918    43.6  1987   163.7  1905
   16.2  1961   13.7  1999   13.2  1891   13.0  1937   12.2  1943   11.8  1929   12.7  1941   14.4  2006   13.4  2023   15.5  1952   15.6  2003   17.0  1936    45.3  2015    37.9  2005    39.0  1951    43.6  1913   163.3  1939
   16.2  1924   13.6  1978   13.1  1930   12.9  1908   12.2  1930   11.7  1909   12.5  1944   14.3  1893   13.3  2024   15.3  1924   15.6  1923   17.0  1945    45.2  1946    37.5  1940    38.9  2011    43.4  2010   163.1  1902
   16.2  1965   13.6  1972   13.1  1954   12.8  1900   12.2  1964   11.5  1917   12.5  2003   14.2  1896   13.3  2004   15.3  1933   15.5  1965   16.9  1984    45.1  1980    37.5  1950    38.9  2002    43.3  1939   163.0  1965
   16.2  2002   13.5  1911   13.0  1975   12.7  1916   12.2  1933   11.4  2003   12.5  2024   14.2  2010   13.2  2022   15.3  1894   15.4  1936   16.8  1954    45.0  1945    37.4  2001    38.8  1974    42.8  1949   162.5  1908
   16.2  1960   13.5  1928   13.0  1972   12.6  1924   12.2  1993   11.4  1901   12.4  2004   14.2  1979   13.2  1937   15.2  2005   15.4  1966   16.8  1960    44.9  1978    37.3  1968    38.6  1997    42.7  1911   162.4  1988
   16.1  1971   13.5  1955   13.0  1936   12.6  1894   11.7  1999   11.3  1959   12.4  1916   14.0  1926   13.2  1945   15.1  1986   15.4  2017   16.7  1925    44.8  2010    37.2  1891    38.4  1926    42.6  1966   161.8  1943
   16.1  1934   13.4  2001   12.9  1968   12.6  1939   11.6  1914   11.2  1953   12.3  1896   13.9  1974   13.1  1978   15.0  1968   15.3  1891   16.7  1897    44.7  1893    37.0  1964    38.3  1941    42.5  2011   161.6  1992
   15.8  1916   13.2  1897   12.8  2015   12.2  2023   11.4  2024   11.2  1939   12.3  1904   13.9  1986   13.1  1953   14.9  1939   15.3  2008   16.6  1930    44.6  2004    36.9  2015    38.2  1929    42.3  1994   161.6  1896
   15.8  1958   13.1  1936   12.8  1904   12.1  2006   11.3  1996   11.2  1955   12.2  1987   13.9  1971   13.1  2008   14.9  1902   15.3  1903   16.5  1997    44.4  1941    36.9  1989    38.0  1893    42.2  1899   161.1  1919
   15.7  1981   13.0  1967   12.7  1911   12.0  1903   11.3  1952   11.2  1977   12.2  1908   13.8  1953   13.0  1922   14.8  1913   15.1  1980   16.5  1895    44.4  1903    36.6  2016    37.7  1944    42.2  1925   160.7  1980
   15.7  1998   12.9  1969   12.6  1933   11.9  1915   11.2  1937   11.1  1911   12.1  1925   13.7  2000   12.9  1909   14.7  1912   15.1  1917   16.4  1928    44.3  1924    36.5  1919    37.7  1992    42.2  1936   160.5  1917
   15.7  1923   12.8  1992   12.4  1907   11.9  1948   11.1  1995   10.9  1978   12.1  1975   13.7  2020   12.9  1956   14.7  1926   15.0  2020   16.3  2006    44.2  2012    36.5  1901    37.5  1945    42.0  2002   160.3  1981
   15.7  2013   12.8  1905   12.4  2004   11.7  1973   11.1  1951   10.9  1913   11.9  1937   13.5  2024   12.9  2006   14.7  1943   14.9  1981   16.0  1964    44.2  1911    36.2  2004    37.4  1904    42.0  1979   159.9  1944
   15.6  2003   12.7  1927   12.4  1966   11.7  1943   11.1  1897   10.8  1937   11.8  1978   13.5  1908   12.8  1919   14.7  1940   14.9  1894   15.9  2018    44.2  1938    35.9  2009    37.2  1991    41.9  1996   159.5  1977
   15.4  1977   12.6  2018   12.4  2014   11.6  1911   11.1  1900   10.7  2005   11.8  1963   13.4  2018   12.8  1947   14.5  1905   14.7  2018   15.9  1899    44.1  2013    35.8  1987    37.1  2014    41.9  1968   159.0  1952
   15.3  1892   12.5  1994   12.3  1952   11.6  1962   11.0  1934   10.7  1981   11.8  1967   13.4  1901   12.8  1955   14.5  1925   14.5  1971   15.8  1935    44.0  1908    35.8  1912    36.3  1993    41.8  2005   158.8  1957
   15.1  1918   12.4  1940   12.2  1971   11.5  1895   11.0  1987   10.7  1974   11.6  1926   13.3  1978   12.8  1926   14.5  1988   14.4  2001   15.8  1920    43.8  1955    35.6  1975    36.2  1952    41.7  1907   158.8  1915
   15.1  1968   12.1  1920   12.1  1941   11.5  1990   11.0  1929   10.7  1994   11.6  2001   13.3  1965   12.8  1920   14.4  2024   14.3  1994   15.7  1982    43.8  2008    35.6  1959    36.1  1942    41.7  1977   158.7  1982
   15.0  2020   12.0  1943   12.1  1965   11.5  1996   10.8  1912   10.6  1993   11.5  1981   13.2  1918   12.8  1905   14.4  1948   14.2  1907   15.7  1894    43.4  1952    35.4  1928    36.1  1978    41.6  1999   158.7  1932
   15.0  2009   12.0  1948   12.0  2016   11.4  1896   10.8  2019   10.6  1950   11.5  1986   13.1  1980   12.7  1993   14.3  1979   14.2  1952   15.6  1948    43.0  1898    35.2  1949    36.0  2024    41.3  1895   158.6  1985
   14.9  1979   11.9  2005   12.0  2009   11.4  1968   10.8  1988   10.4  1933   11.5  1997   13.0  1967   12.7  1998   14.2  1958   14.1  1912   15.6  2014    42.9  1918    35.1  1995    35.8  2001    41.3  1951   158.4  2011
   14.9  2005   11.7  1907   11.9  2026   11.4  1991   10.8  1971   10.4  2022   11.4  1991   13.0  1916   12.7  2005   14.1  2009   14.1  1898   15.5  1967    42.7  1979    35.1  1993    35.8  1914    41.0  1995   158.4  1937
   14.7  1945   11.7  1984   11.9  2020   11.2  1969   10.7  1918   10.2  1905   11.4  1973   13.0  1938   12.7  2018   14.1  2025   14.1  2007   15.5  2024    42.6  1902    35.0  2012    35.8  1935    41.0  1919   158.4  1892
   14.6  1947   11.3  1973   11.8  2002   11.2  2014   10.6  1917   10.2  1920   11.2  2025   13.0  1989   12.4  1963   14.1  1941   13.9  2013   15.4  1973    42.5  1983    34.9  1945    35.7  1982    40.1  1942   157.3  1913
   14.6  1932   11.2  1949   11.6  1898   11.1  1902   10.5  1948   10.2  2000   11.1  1948   12.9  1909   12.3  1917   14.0  1963   13.9  1892   15.4  2022    42.4  2001    34.9  1896    35.3  1934    40.0  1948   156.9  1898
   14.5  1893   11.2  1899   11.6  2010   10.9  1952   10.5  1974   10.2  1969   11.1  1951   12.6  1931   12.1  1951   13.8  2017   13.9  1953   15.3  1904    42.2  1981    34.8  1978    35.0  1961    39.7  1983   156.7  1963
   14.5  2012   11.1  2025   11.6  2007   10.9  1944   10.5  1953   10.0  2024   11.1  1959   12.6  1914   12.1  1988   13.8  1977   13.9  1975   15.0  1940    42.2  1962    34.7  1933    34.9  2010    39.7  1957   156.6  1895
   14.2  1967   11.1  2015   11.6  1932   10.8  1928   10.4  1941    9.7  1960   11.0  1906   12.4  1999   11.9  1940   13.7  1957   13.8  2005   14.9  2002    41.9  1998    34.7  1939    34.8  1906    39.7  1902   156.6  2006
   14.2  1976   11.0  1982   11.5  1942   10.4  2002   10.4  1985    9.6  1903   10.9  1945   12.4  1919   11.7  1985   13.5  1994   13.7  1893   14.9  1944    41.8  1986    34.7  2019    34.5  1908    39.6  2021   156.4  2001
   14.0  1901   10.7  1901   11.5  2005   10.4  1960   10.2  1909    9.6  1957   10.9  2019   12.3  1966   11.6  1901   13.5  1970   13.7  1976   14.9  2025    41.4  1969    34.6  1962    34.4  1971    39.5  1965   156.4  1899
   14.0  1946   10.7  1944   11.2  1925   10.4  2009   10.2  1957    9.5  2014   10.8  1905   12.1  1969   11.5  1973   13.4  1911   13.6  1985   14.9  1937    41.4  1927    34.5  1952    34.4  1901    39.3  2015   156.3  1990
   13.8  2010   10.5  2004   11.2  2021   10.3  2013   10.0  2012    9.5  1979   10.8  1899   12.0  2005   11.3  1902   13.4  1927   13.4  1902   14.9  1990    41.0  1972    34.1  2013    34.2  1964    39.3  2018   156.2  2007
   13.7  1982   10.5  1953   11.1  1899   10.2  1906    9.9  1922    9.5  2001   10.8  1929   11.9  1964   11.1  1904   13.3  1936   13.4  1967   14.8  1969    40.5  1907    34.0  1955    33.7  1990    39.3  1914   156.1  2016
   13.6  1891   10.4  2009   10.9  1976   10.1  1945    9.8  2017    9.4  1989   10.7  2021   11.7  1997   11.0  2013   13.1  2010   13.1  1962   14.7  1957    40.4  1949    34.0  1973    33.7  1972    39.2  2014   156.1  1961
   13.6  1949   10.4  1991   10.7  1984   10.0  1967    9.7  1982    9.4  1930   10.7  1943   11.6  1977   11.0  1911   13.0  1992   13.1  1899   14.7  1950    40.3  1921    33.6  1958    33.7  1898    38.9  1990   155.7  1978
   13.5  1959   10.4  1987   10.7  1950    9.9  1936    9.7  1893    9.2  2013   10.7  2011   11.6  1994   11.0  1964   12.8  1959   13.0  1978   14.5  1972    40.3  1947    33.6  1895    33.6  1933    38.8  1901   154.5  1893
   13.5  1955   10.3  2019   10.7  1990    9.9  1933    9.7  1946    9.2  1914   10.7  1961   11.5  1996   11.0  1990   12.7  1995   13.0  2004   14.4  1976    40.2  2005    33.5  1942    33.5  1999    38.7  1986   154.2  1901
   13.5  1925   10.3  1962   10.6  1923    9.8  1978    9.7  1944    9.2  1895   10.6  1968   11.4  2016   10.8  2021   12.7  1955   12.8  2016   14.2  2003    40.2  1954    33.1  2021    33.5  1968    38.6  1991   154.2  1983
   13.5  1991   10.2  2006   10.6  1915    9.8  1987    9.5  1950    9.2  2015   10.6  1934   11.3  1987   10.6  1977   12.7  1999   12.8  1904   14.1  1977    39.9  1933    32.7  2003    33.3  2000    38.5  1908   154.1  1956
   13.3  1909   10.0  1902   10.5  1997    9.7  1941    9.4  1927    9.1  1934   10.6  1928   11.3  1944   10.5  1979   12.7  1950   12.8  1999   14.0  1962    39.9  1914    32.4  1911    33.1  1970    38.3  1931   153.3  1993
   13.1  2024    9.9  1976   10.5  2013    9.6  1914    9.4  2016    9.1  1904   10.5  2014   11.3  2007   10.5  1913   12.5  1921   12.7  1908   13.8  1902    39.9  1968    32.3  1900    33.0  1962    38.2  2024   152.8  1942
   13.1  2011    9.8  1998   10.4  1894    9.6  1918    9.4  1977    9.1  1918   10.2  1964   11.2  1939   10.4  1900   12.3  1956   12.7  1995   13.6  1961    39.6  1989    32.2  1941    32.9  1979    38.0  1898   152.6  1940
   12.8  1941    9.8  2008   10.4  1964    9.4  1955    9.3  1940    9.1  2009    9.9  1892   11.2  2013   10.3  1991   12.1  1991   12.6  1918   13.6  2007    39.4  1905    32.2  1976    32.9  2025    37.8  1953   152.6  1911
   12.8  1985    9.5  1919   10.3  1958    9.1  1988    9.0  2004    9.0  1961    9.8  1996   11.1  1949   10.2  1966   11.9  2018   12.5  1987   13.4  2004    39.2  2023    32.1  1982    32.7  1986    37.4  1975   152.0  2022
   12.8  1902    9.4  1924   10.1  1974    9.1  1929    8.9  1992    8.9  1891    9.6  1901   11.1  1990   10.1  2020   11.8  1910   12.4  1961   13.3  1947    38.7  1991    31.6  1943    32.6  1919    36.8  1894   150.3  2018
   12.6  1980    9.3  1956   10.1  1960    9.0  1946    8.9  1994    8.9  1906    9.6  1952   10.8  1998   10.0  2007   11.7  1993   12.4  1897   13.3  1903    38.7  2011    31.5  2017    32.4  1967    36.7  1962   150.2  2013
   12.6  1897    9.3  1968    9.8  2000    9.0  1956    8.9  1928    8.9  1951    9.5  1972   10.6  1973    9.9  1931   11.3  1964   12.3  1932   12.9  1932    38.5  1987    31.4  1957    32.1  1940    36.6  1958   149.8  1945
   12.6  1933    9.3  1981    9.7  1949    8.8  1891    8.7  2010    8.8  1908    9.4  2000   10.6  1968    9.6  1914   11.3  1919   12.2  1973   12.9  1981    38.4  2025    31.4  1954    31.6  2005    36.5  1947   149.7  1969
   12.5  1954    9.1  1938    9.6  1962    8.8  1892    8.6  1956    8.5  1984    9.4  1962   10.5  1911    9.4  1928   11.2  1914   12.2  1990   12.5  1970    38.2  1993    31.3  1935    31.4  1937    36.1  1997   149.6  2005
   12.3  2017    9.1  1971    9.6  1926    8.7  2015    8.4  1915    8.4  1893    9.4  1917   10.4  1993    9.2  1916   11.2  1971   12.2  1964   12.4  1931    38.2  2003    31.1  2007    31.4  1994    35.8  1912   149.4  1947
   12.1  1989    9.1  1913    9.5  1969    8.5  1942    8.2  1901    8.4  1983    9.3  1921   10.3  1933    9.1  2003   11.1  1945   12.0  2011   12.2  1913    38.0  1965    31.0  1996    31.0  1969    35.6  1941   148.6  2021
   12.1  1908    9.0  1952    9.1  1946    8.5  2010    8.2  1970    8.4  2023    9.3  1995   10.3  2002    9.1  1969   11.0  1937   11.9  1948   12.0  1992    38.0  1953    31.0  1961    30.8  1932    35.6  1988   148.6  1987
   12.0  2000    8.9  2012    8.9  1945    8.4  1921    8.0  1911    8.3  1899    9.2  1979   10.1  1945    8.8  1997   11.0  1899   11.9  1925   12.0  1953    37.7  1909    30.9  1915    30.2  1921    35.6  1897   148.5  1968
   11.8  2025    8.7  1983    8.8  1993    8.4  1958    7.7  2018    8.2  1923    9.2  1994   10.1  1970    8.5  1989   10.8  1904   11.7  2021   12.0  1892    37.7  1971    30.7  2022    30.0  1925    35.4  2003   148.3  1972
   11.7  2001    8.7  1979    8.7  1935    8.3  2003    7.7  1961    8.2  1970    8.8  2005   10.0  2021    8.5  2015   10.8  1953   11.4  1921   11.8  1989    37.6  1982    30.5  1948    29.9  1973    35.3  1955   147.9  1929
   11.5  1917    8.6  1947    8.6  1938    7.8  2022    7.7  1905    7.9  1973    8.8  1969   10.0  1920    8.4  1898   10.7  2003   11.4  1924   11.8  1941    37.6  1895    30.5  1936    29.8  1977    35.3  1956   147.9  1984
   11.4  1914    8.6  2013    8.5  2022    7.8  2019    7.6  1936    7.7  1996    8.7  1897    9.9  1935    8.3  1949   10.6  1931   11.3  1920   11.7  1917    37.3  2017    30.0  1991    29.8  1911    35.0  1969   147.2  1941
   11.4  1905    8.3  1929    8.4  1955    7.7  1995    7.6  1998    7.7  1967    8.5  2013    9.7  1936    8.2  1915   10.6  1915   11.2  1968   11.6  2005    37.3  2019    29.9  1892    29.5  1959    34.9  1978   147.0  1949
   11.3  1996    7.9  1964    8.4  1900    7.3  1981    7.5  1984    7.5  1962    8.3  2006    9.2  1975    8.0  1921   10.5  1973   11.1  1922   11.6  1988    37.2  1944    29.5  1971    29.3  2006    34.8  1904   146.9  1962
   11.1  1935    7.7  2003    8.2  1910    7.2  2017    7.4  2001    7.3  1986    8.3  1919    9.2  2025    7.5  1929   10.1  2015   10.6  1933   11.4  1968    36.7  1973    29.5  1953    29.0  1996    34.6  2016   145.9  1995
   11.1  1898    7.7  1942    8.2  1918    6.6  1971    7.4  2023    6.9  2021    8.2  1911    9.1  1932    7.4  1933   10.0  1997   10.4  2024   11.3  2008    36.7  2009    29.5  1997    28.9  1947    34.5  1959   144.4  2010
   11.0  2019    7.6  1917    8.2  1956    6.5  1976    7.3  1978    6.9  1915    8.0  1949    8.8  1937    7.4  2009    9.6  1908   10.3  1915   11.1  2016    36.4  1996    28.8  2010    28.9  2013    34.5  1964   144.4  1997
   10.9  1973    7.5  1896    8.2  1996    6.4  1982    7.2  1939    6.9  1976    8.0  1935    8.2  1913    7.4  1939    9.1  1920   10.3  1934   11.1  2001    36.3  1917    28.6  1990    28.8  2003    34.3  1910   143.9  1921
   10.9  1907    7.3  2023    8.1  1948    6.3  1997    7.1  2008    6.7  2010    8.0  1971    8.0  1940    7.4  1906    9.0  1897   10.2  1901   11.0  1987    35.8  1942    28.5  1918    28.8  1981    34.2  1973   142.7  1953
   10.9  1966    7.1  1975    7.7  1943    6.1  1957    7.1  2025    6.5  2006    7.8  1990    8.0  1972    7.1  1971    8.7  1978   10.1  1956   10.9  1905    35.8  1959    27.9  1946    28.8  1989    34.0  1989   141.0  1959
   10.8  2022    7.1  1909    7.7  2003    5.9  2025    7.0  1919    6.5  1949    7.8  2018    8.0  1984    7.0  1895    8.7  1969    9.8  1955   10.9  1995    34.8  1985    27.4  1960    27.7  2021    33.9  1993   139.5  1989
   10.4  1911    6.3  1963    7.6  2011    5.9  2020    7.0  1960    6.5  1992    7.7  1999    7.9  2022    6.9  1912    8.4  1922    9.8  1909   10.7  1939    34.2  1896    27.2  1944    27.3  1975    33.3  1933   138.6  1991
   10.3  1896    6.0  1993    7.5  1973    5.8  1954    6.9  1975    6.4  1995    7.5  2022    7.7  1899    6.7  1894    8.3  2016    9.5  1993   10.3  1943    34.1  1929    27.0  2011    26.8  1899    33.3  1937   138.0  1975
   10.0  1950    5.8  1965    7.4  1892    5.3  1984    6.8  1959    6.2  1988    7.3  1913    7.7  1991    6.4  1996    8.2  1962    9.4  1957   10.1  1971    33.8  1976    26.4  1980    26.4  1913    33.2  1920   137.9  2025
    9.8  1940    5.7  1930    7.2  1961    5.3  2011    6.4  1990    6.0  1975    7.3  1976    7.1  1959    6.1  1907    8.1  2007    9.1  1937    9.8  1926    33.2  1997    25.8  1956    26.1  2018    32.8  1985   137.6  1964
    9.4  1929    5.2  1959    7.1  1893    5.1  2021    6.3  1935    5.9  1940    7.1  1977    6.6  1981    5.7  1941    8.0  1965    9.1  1988    9.8  1975    32.9  1940    25.6  1938    25.9  2022    32.7  1971   137.0  1976
    9.2  1953    5.1  1985    6.8  1924    5.0  1893    6.1  1989    5.8  1941    6.7  1898    6.3  1955    5.6  1986    7.9  1975    8.9  1958    9.6  2010    30.5  2006    23.5  1974    25.6  1949    32.4  1922   136.9  1996
    8.7  2006    4.5  1934    6.7  1944    4.6  1912    5.6  1980    5.7  1942    6.6  1984    5.9  1983    5.3  1910    7.8  1947    8.8  1989    9.6  1927    30.0  1932    23.5  1984    23.1  1984    32.1  2007   136.1  1933
    8.0  1964    4.4  1921    6.5  1931    4.5  1980    5.5  1895    4.9  2018    6.4  1982    5.0  2003    5.3  2002    7.4  1985    8.8  1896    9.5  1996    29.1  1992    23.2  1929    21.0  1955    31.9  1921   136.0  1955
    7.7  1987    4.3  1895    6.3  2025    4.0  2007    5.4  2020    4.9  1932    6.4  1989    4.6  1995    5.2  1972    7.4  1951    8.2  1942    8.9  1991    28.2  1934    23.1  2020    20.3  1995    30.2  1945   135.8  1973
    7.4  1992    4.2  1986    6.3  2012    3.5  1938    5.2  1991    4.8  1921    5.8  1983    3.4  1976    4.8  2014    6.8  1972    7.5  1983    7.6  1933    27.5  1963    21.8  1893    20.1  1983    29.1  1915   134.5  2003
    7.2  1963    3.5  1891    5.4  1953    2.9  1974    3.9  1896    3.3  1925    3.5  1955    2.0  1947    3.6  1959    6.3  1946    5.9  1945    7.4  1963    23.3  1964    19.2  2025    17.6  1976    27.7  1972   132.1  1971
    5.7  1997    3.1  1932    3.1  1929    ---  2026    ---  2026    ---  2026    ---  2026    ---  2026    ---  2026    ---  2026    ---  2026    ---  2026     ---  1891     ---  2026     ---  2026     ---  2026     ---  2026
