Areal values from HadUK-Grid 1km gridded climate data from land surface network
Source: Met Office National Climate Information Centre
Monthly, seasonal and annual total duration of bright sunshine for UK
Areal series, starting in 1910
Last updated 01-Apr-2026 11:34
    jan  year    feb  year    mar  year    apr  year    may  year    jun  year    jul  year    aug  year    sep  year    oct  year    nov  year    dec  year     win  year     spr  year     sum  year     aut  year     ann  year
   69.7  1959  101.3  2008  166.9  1929  228.9  2025  266.9  2020  265.1  1957  256.9  1955  259.5  1947  172.2  1959  120.0  2003   78.9  1925   64.0  2001   193.1  1963   653.3  2025   672.2  1976   341.3  1959  1648.5  2025
   66.5  2001   99.1  2019  165.5  2022  223.8  2021  266.2  2025  264.4  1940  250.4  1911  251.2  1995  163.1  1911  119.6  1959   77.4  2005   56.7  2014   192.5  2018   625.9  2020   664.6  1995   333.0  1971  1587.1  2003
   63.1  2022   98.1  2018  158.1  2025  223.0  2020  243.1  1989  248.2  1925  249.8  2006  240.9  1976  160.7  1991  114.1  1997   77.1  2006   53.6  2008   190.7  2015   555.4  1948   656.5  1911   330.3  2003  1579.5  1995
   62.3  2023   94.3  1970  157.8  2003  211.8  2015  240.6  2018  246.7  1975  247.4  2013  208.5  2022  160.0  1928  113.9  1971   75.9  1988   53.1  1962   189.7  2001   530.1  1929   645.8  1989   314.4  1986  1560.7  2018
   61.8  2025   93.4  2003  149.5  2012  205.3  1942  237.8  1948  243.1  1949  244.6  1989  201.1  1911  158.7  1914  111.5  1919   75.6  1996   50.0  2009   187.5  2000   525.3  1990   623.1  1975   306.0  1911  1555.9  1989
   61.3  1952   92.7  1949  143.8  1948  203.2  2007  234.9  1992  242.9  2023  239.4  1990  197.8  2003  157.6  1933  111.4  2018   75.3  1989   49.8  1946   186.3  2019   519.1  2007   615.5  2018   305.9  1996  1548.5  1955
   60.0  2003   87.7  1988  143.0  1933  202.3  1914  225.0  1990  235.8  1960  234.0  2018  196.5  1975  151.9  2015  109.1  2008   74.3  2016   49.1  1967   184.5  2003   513.6  2011   605.1  1949   305.9  1928  1542.0  1911
   59.9  2024   86.9  2004  141.8  2007  202.2  2011  223.4  1980  234.4  2018  226.9  1935  190.3  1933  151.5  1971  108.7  1922   71.8  1923   49.0  1961   184.0  1949   510.3  2003   596.0  1955   305.7  2018  1535.3  2022
   59.7  1965   84.5  2016  138.5  1955  202.0  1984  219.9  2001  231.5  1970  224.3  1934  190.2  1983  151.2  1964  105.7  1931   71.0  2017   48.6  1929   183.5  2008   507.0  2015   591.9  2006   301.8  1997  1531.3  1959
   59.4  1963   83.0  2001  137.0  2009  195.6  1912  217.8  1977  230.7  1969  223.8  1976  189.9  1989  150.3  1915  104.9  2022   70.8  1977   48.3  1999   181.0  2023   506.4  2009   587.3  1933   301.3  1929  1527.8  1949
   59.3  1991   82.7  1996  136.0  2020  186.9  1990  215.7  1935  220.8  1921  221.9  2014  183.5  1991  150.2  1929  104.7  2010   70.0  2013   48.3  2022   179.2  1952   505.3  1955   584.0  1959   301.1  1921  1498.3  2020
   58.4  2015   82.4  1989  132.6  1995  182.3  1921  214.5  1959  220.1  1996  212.9  1984  183.3  1919  150.1  1986  104.5  2016   69.9  1915   47.2  1976   174.2  2004   503.1  1956   583.7  2022   299.8  2006  1489.5  1929
   57.9  2000   81.7  1960  132.5  1982  181.8  2003  213.1  1943  213.8  1930  211.6  1971  182.1  2005  146.7  1997  104.4  1995   69.3  1973   47.0  1960   170.3  1962   499.6  1982   575.4  1940   299.7  1964  1481.8  1921
   57.9  2012   81.3  2000  132.3  2026  181.3  2010  212.8  1915  213.7  1939  210.7  1983  181.1  1955  146.2  2003  102.9  1921   69.1  1947   46.8  1948   168.7  2002   496.1  2010   575.2  1996   299.4  1923  1481.4  1990
   54.7  2017   80.6  1963  131.7  1967  179.7  1954  211.9  1997  213.1  1951  207.4  1995  180.8  2016  145.1  2020  102.3  1999   68.8  1965   46.3  2010   168.1  1989   491.0  1921   574.4  2013   298.4  1999  1479.7  1975
   54.7  1933   79.3  1934  131.1  1931  176.9  1969  211.0  1929  212.3  1950  207.0  1999  180.7  2025  142.9  2019  101.4  1955   67.6  1971   46.2  1957   167.8  1933   488.4  1953   574.3  1984   298.1  2016  1472.4  2006
   53.7  1940   78.8  1955  130.9  1953  173.8  1948  210.7  1971  211.3  1989  204.9  1921  180.1  1984  142.5  1987  101.3  1920   67.0  1910   46.1  2025   167.7  1985   487.5  2021   569.8  1947   294.8  1919  1456.2  2009
   53.5  1931   77.9  1957  130.6  1924  173.4  1945  210.7  1956  210.6  1959  200.3  1917  179.6  1997  142.5  1921  101.3  1981   66.5  1985   46.0  2019   164.6  2010   487.0  2022   568.0  2014   294.0  2010  1454.4  2019
   53.4  1984   76.9  1928  130.3  1910  172.1  1951  210.4  1919  209.7  1915  195.9  1943  177.8  1959  142.4  1979  101.3  1917   65.8  1998   46.0  2005   164.6  2020   485.1  2016   565.4  1934   293.9  1915  1445.3  2015
   53.0  2010   76.6  1985  129.5  1956  171.0  2002  210.1  2009  208.4  2010  195.6  1959  175.1  2019  141.6  1934  101.0  1986   64.7  1975   45.9  1965   164.5  1988   484.8  2017   564.0  1921   293.7  1955  1444.8  1933
   52.8  1962   75.6  2015  126.0  2014  168.7  2019  209.4  2000  208.3  1962  194.4  1997  174.4  1990  141.3  1940  100.6  1994   64.7  2023   45.7  2012   164.1  2022   482.1  1942   563.4  1969   289.9  2012  1444.7  2010
   52.3  1989   75.4  1999  125.7  1973  168.4  1962  209.1  1922  208.3  1917  193.9  1928  173.8  1926  140.9  2004   99.6  2007   64.1  1969   45.5  2004   162.1  1959   480.5  1995   559.9  1983   288.9  2023  1435.8  2007
   51.7  1979   74.8  2014  121.6  1972  168.0  1946  208.6  1921  207.4  1976  193.5  1949  172.9  1914  140.3  2025   99.6  1956   64.1  2003   45.3  2003   161.6  2005   476.0  1946   556.5  1935   288.3  1988  1430.1  2023
   51.6  1994   74.8  2013  121.3  2015  167.5  1968  208.3  1946  207.4  1933  191.6  1996  172.7  1998  140.1  1955   99.5  1939   64.0  2010   45.0  1994   161.1  1934   475.2  1943   556.3  2025   288.1  1979  1427.1  1976
   51.3  2009   74.4  1973  120.9  2011  167.4  2022  208.1  2016  207.4  1914  191.5  1994  172.3  1944  139.9  2023   98.7  1961   63.4  1986   44.9  2017   160.2  2007   475.2  1989   550.2  1925   286.6  1947  1420.1  1997
   50.9  1910   74.3  1986  119.0  2017  167.2  1974  208.1  1911  207.3  1967  190.4  2021  171.5  2000  139.0  1954   98.4  1965   62.5  1918   44.3  1951   159.9  1999   473.9  2012   547.9  2003   286.2  1975  1417.4  2016
   50.8  2019   74.2  1968  118.9  1943  166.3  2013  207.6  2017  206.7  2006  189.6  1933  170.4  1953  138.7  1996   98.1  1951   62.4  1952   44.1  2007   159.2  2014   470.9  2019   540.0  1950   285.1  1973  1416.5  2014
   50.8  2007   74.1  2022  118.9  1961  165.1  1955  207.2  1975  206.0  1995  187.4  1969  169.5  2014  138.3  2012   97.7  1952   62.0  1976   44.0  1952   159.0  1930   470.6  1949   535.5  2023   284.5  2007  1410.9  2013
   50.2  1967   73.6  1952  118.6  1965  163.0  1956  206.7  1949  205.1  1918  185.2  1977  169.5  2007  138.0  2002   97.3  1998   61.8  2018   43.9  1984   158.5  2012   469.0  2008   535.0  1917   283.9  1987  1407.4  1999
   50.1  1999   73.4  2020  116.5  2016  162.7  1980  206.6  1982  205.1  1911  184.0  1918  168.5  1949  137.9  2006   96.9  1929   61.5  1972   43.8  1917   158.5  2006   468.9  1922   534.9  1990   283.8  1933  1407.2  2001
   49.9  1980   72.6  1943  115.7  2010  162.7  1938  205.9  2023  202.8  2009  183.5  1929  167.4  1981  137.4  1923   96.6  1936   61.5  2012   43.7  1925   157.6  1968   467.5  1980   532.7  1928   283.1  1991  1402.2  1935
   49.5  2011   72.5  1933  115.2  2019  162.6  1916  204.0  1966  197.7  1929  183.4  2025  166.5  1937  136.0  1949   96.6  1926   61.4  1999   43.6  1996   156.8  1967   466.5  1997   528.3  1926   283.0  1995  1398.0  1984
   49.4  2018   72.2  1910  115.0  1938  162.5  1953  202.4  2005  197.6  1920  180.0  1975  164.8  1923  135.3  1919   96.4  1993   61.1  1930   43.5  1979   156.7  2013   463.1  1915   527.9  1918   282.7  1914  1397.9  2011
   48.2  1956   71.4  2021  114.7  2008  162.0  2006  201.8  1955  196.8  2022  178.4  2022  164.5  1964  134.7  1999   95.6  1975   60.6  2025   42.7  1970   156.3  1991   457.5  1935   526.8  1919   279.5  2005  1392.3  1943
   47.9  1928   71.4  1967  113.9  1997  160.5  1982  201.0  1942  195.7  1932  175.8  1941  164.4  1973  132.4  2018   94.5  1987   60.1  1961   42.7  1973   156.2  2009   455.6  2018   526.3  2009   279.5  2019  1389.7  1996
   47.7  2026   70.8  1975  113.5  1990  160.4  2016  200.4  2008  194.6  1934  173.3  2019  164.0  1974  131.6  1981   94.4  1985   59.9  1948   42.6  1935   155.6  1995   454.2  2001   526.2  1994   279.4  1981  1386.9  1948
   47.3  2005   70.8  1946  113.3  1944  159.9  1957  199.2  1940  193.7  1986  171.7  1951  163.5  1996  130.7  2005   94.4  1964   59.6  1978   42.1  2006   154.9  1977   453.4  1914   525.7  1914   279.1  2022  1386.9  1915
   47.2  1985   70.4  2023  113.0  1986  159.5  1922  199.1  2010  193.5  1992  171.6  1982  162.5  1935  129.7  1937   94.0  1962   59.6  1967   42.1  1938   153.4  1970   452.5  2002   524.2  1960   279.1  1925  1386.2  2021
   47.0  1978   70.0  1983  112.8  1949  159.3  2009  198.2  2012  192.4  1973  171.2  1926  162.4  2004  128.2  2009   93.8  1947   59.4  2009   41.6  2013   153.3  1956   449.3  1977   523.9  1999   277.8  1998  1386.0  1914
   46.9  1988   70.0  1998  112.4  1950  158.3  2017  196.9  1957  192.1  2025  171.2  1950  162.2  1972  128.2  2007   93.4  1980   58.6  2021   41.4  1963   153.2  2021   448.2  1974   523.3  1970   277.7  2015  1382.2  2005
   46.9  1934   69.6  1936  112.3  1962  157.6  1936  196.5  2004  191.9  1941  170.2  1963  161.3  2024  127.8  1963   93.1  1930   58.6  2011   41.3  1986   152.9  2025   447.9  2000   521.7  1951   275.8  1961  1381.2  1940
   46.8  1954   69.3  1932  111.8  1970  157.4  2023  195.3  1961  191.4  1942  169.4  2011  160.6  1993  127.7  1990   92.7  1928   58.4  1913   41.0  1964   152.8  1986   447.0  1945   520.4  1929   275.8  1949  1380.9  1919
   46.8  1992   68.8  2005  109.5  2002  156.9  1939  195.1  1953  191.1  2003  169.3  1924  159.7  1940  127.4  1973   92.6  1941   58.3  1995   40.8  1995   151.7  1928   446.4  1959   518.9  1957   275.1  2011  1375.4  2008
   46.7  1986   68.7  1920  109.4  1945  156.5  1995  194.0  1978  189.9  1974  169.1  2009  159.5  2001  126.5  2011   92.5  1938   58.2  1960   40.8  1936   151.6  1955   445.7  2023   516.6  1967   273.7  1972  1370.3  1952
   46.5  1932   68.6  1962  109.4  1935  155.9  1952  191.4  1995  189.1  1968  169.0  1972  159.3  1936  125.9  1975   92.4  1945   57.9  1990   40.6  1932   150.8  2016   445.2  1962   513.5  1930   273.1  2002  1369.8  2017
   46.4  1990   67.8  2002  109.4  2004  153.9  2008  190.8  1988  188.7  2015  168.2  2017  157.8  1966  125.3  2010   91.9  1983   56.8  1979   40.4  2016   150.4  1939   444.6  1984   512.1  1941   271.6  1989  1368.0  1925
   46.4  1945   67.7  1939  108.1  1966  153.3  1994  190.5  1910  187.3  1919  167.3  1952  157.8  1930  125.1  1918   91.6  1912   56.7  2007   40.4  1944   150.2  1946   443.7  1910   511.7  1997   271.6  1952  1367.5  1973
   46.1  1911   67.4  1950  107.3  1927  152.2  1929  190.5  2011  186.1  1961  167.0  1991  157.7  1977  125.1  1988   91.6  1996   56.6  1911   40.2  2000   150.1  1998   439.0  1912   510.2  2005   270.9  2009  1365.3  1934
   45.9  1958   67.2  2007  107.1  1918  151.1  1949  187.1  1998  183.9  1928  166.7  1925  157.6  2013  124.2  1942   91.3  1972   56.3  1943   40.1  1980   149.8  2017   437.6  1957   509.0  1977   270.4  1985  1365.0  1977
   45.8  1987   67.1  2006  106.0  1934  150.8  1925  186.9  2019  183.2  1926  166.2  2008  157.3  1965  124.0  1953   90.5  1927   55.9  1950   40.0  1983   149.8  1936   436.6  1938   508.1  2019   270.0  1990  1364.0  1928
   45.7  1946   67.0  1956  105.8  1999  150.4  1977  185.7  1952  182.7  1922  166.0  1967  156.8  1945  123.9  1935   90.4  2015   55.7  1921   39.6  1926   149.3  1987   436.3  1951   506.5  1943   268.5  2004  1359.8  1951
   45.7  1977   67.0  2025  105.6  1993  149.1  1981  184.1  1918  182.3  1943  165.2  1948  156.6  1950  123.7  1947   90.2  1923   55.6  1927   39.0  1949   148.4  1997   436.2  1911   504.3  1974   266.0  1940  1358.8  1994
   45.4  1947   66.9  1990  105.5  1923  148.1  1965  183.6  1937  181.4  1994  163.7  1958  156.4  1938  123.6  1939   90.1  2012   55.4  2001   38.2  2011   148.4  1961   434.8  1952   503.3  1973   265.4  2020  1358.4  2000
   45.4  1982   66.7  1981  105.4  1968  148.0  1960  183.3  1939  181.2  1984  162.3  1923  155.4  1961  123.4  1960   90.0  2011   55.4  2022   38.1  1955   148.4  1945   432.7  1939   501.5  1915   264.5  1954  1358.2  1950
   45.4  2006   66.7  1995  105.1  1932  147.5  1915  182.4  1960  181.0  2021  162.0  1946  155.1  2017  122.8  2024   89.7  1950   54.9  1993   38.1  1981   148.1  1981   432.1  1927   498.5  2021   264.4  2008  1358.0  1957
   45.1  2020   66.0  1930  104.2  1994  147.2  1991  182.1  1963  180.4  1936  161.9  2005  155.1  1970  122.3  1974   89.2  2024   54.5  2000   38.0  1923   147.3  1994   430.9  1950   497.6  2015   264.2  2025  1356.9  1971
   44.8  1957   66.0  1916  104.2  1978  147.1  1973  181.7  1984  180.2  1963  161.4  1966  154.9  1928  122.1  2014   89.1  1977   54.4  1949   37.9  1990   147.0  2011   430.8  1954   494.6  2024   263.7  1926  1356.8  2004
   44.8  1998   65.6  1979  104.0  2000  147.1  1999  181.7  1987  178.7  2008  160.8  2015  154.3  2009  122.1  1944   88.9  1979   54.2  1929   37.7  1974   146.8  1984   430.8  1918   493.7  2010   263.6  1977  1354.3  1986
   44.5  1949   65.3  1915  104.0  1941  146.5  2005  180.9  1974  178.4  2024  160.7  1964  154.0  1916  121.9  1982   88.6  1967   54.1  1964   37.5  2020   146.8  1979   430.4  2005   487.7  2001   263.2  1922  1353.5  1967
   44.4  1930   65.3  1922  103.9  1920  146.2  1927  178.6  1927  177.5  1910  160.4  1942  153.3  1994  120.9  1972   88.6  1969   54.1  1937   37.2  1943   146.6  1960   430.3  1919   487.0  1939   263.0  2024  1352.6  1970
   44.2  2021   64.4  1969  103.7  1940  144.1  2014  178.4  1936  176.6  2014  160.1  2001  151.5  1931  120.5  1910   88.5  2001   53.7  1938   36.7  1911   146.6  1932   430.3  1973   486.8  1992   262.4  1948  1350.2  1947
   43.9  1995   64.3  1948  103.7  1958  144.0  1976  178.4  1951  174.4  2011  160.0  2007  151.4  1968  120.3  1943   88.4  2019   53.3  2020   36.7  1993   146.2  1983   430.0  2004   486.1  1962   262.0  1910  1346.7  1953
   43.2  1920   63.0  1997  103.4  1930  143.1  1943  177.7  1958  170.9  1988  159.0  2003  151.3  1988  120.3  1978   88.4  1973   53.2  1928   36.5  1914   144.8  1996   427.9  1975   484.9  1952   261.7  1939  1339.5  1974
   42.7  2014   62.8  1937  103.2  1985  143.1  1950  177.4  1996  170.9  1913  156.6  2016  151.1  2023  120.3  1995   88.0  1913   53.1  1935   36.5  1972   144.4  2024   426.1  2006   483.8  2004   261.6  1943  1338.5  1918
   42.5  1923   62.6  1921  102.7  1915  140.7  1997  176.5  1920  170.9  1945  156.4  1915  150.8  1992  119.4  2016   87.6  1948   53.1  2008   36.5  1950   144.1  1920   425.7  1994   483.4  1991   260.7  2013  1337.2  1982
   42.4  1918   62.4  2012  102.4  1937  140.0  1958  176.2  2013  170.7  1927  156.3  1953  150.7  1939  119.2  1966   87.3  1988   53.1  1922   36.4  1982   143.8  1975   423.2  2013   482.3  1945   260.4  1978  1336.9  1960
   42.3  1976   62.2  1987  102.2  2021  139.6  1918  176.0  2006  170.4  1952  156.2  1919  150.5  2012  118.8  2021   87.0  2000   52.9  1940   36.4  2018   143.7  1958   421.7  1968   481.9  1971   260.1  1937  1336.6  1962
   42.2  1935   62.1  1977  102.0  1911  138.6  1987  175.7  1934  170.4  1938  156.1  1985  149.6  1999  118.8  2022   86.9  1984   52.6  1942   36.4  1975   143.0  1953   421.4  1958   481.5  1961   259.1  1965  1331.4  1969
   42.0  2004   61.9  1959  101.3  1963  136.8  1959  175.7  1944  169.4  2013  154.9  2024  148.1  2015  118.2  1958   86.3  1958   52.4  1957   36.2  1954   142.7  1973   420.3  1971   480.9  2000   259.0  1917  1330.7  2012
   41.8  1997   61.8  1953  101.1  1954  134.8  1972  175.4  1950  168.9  2004  154.6  1945  147.7  2002  117.2  1989   86.2  1911   52.1  1955   36.2  1992   142.3  1950   419.0  1944   479.4  1972   257.7  1930  1330.1  1956
   41.7  1951   61.6  1944  100.9  1913  134.5  2000  175.1  1964  168.1  2001  154.2  1947  147.2  1952  117.0  1961   86.0  2002   52.0  1980   36.2  1920   142.3  1957   419.0  2014   478.8  2017   257.6  2021  1323.3  1961
   41.4  1974   61.6  2010  100.9  1989  134.4  2001  174.1  2007  167.3  1999  153.9  1956  147.1  1960  117.0  1926   85.7  1925   51.8  1970   35.5  1928   142.1  1943   418.2  1987   476.7  1968   257.6  1980  1322.6  1939
   41.3  1981   61.6  1945  100.4  1922  134.3  1983  173.8  2015  167.1  1935  153.8  2000  147.1  2018  116.2  1917   85.4  1949   51.8  1966   35.5  1924   142.1  1965   415.9  1992   476.1  1953   257.1  1920  1317.5  1988
   41.3  1924   61.0  1951  100.1  1921  133.9  1924  172.3  1926  166.2  2005  152.5  2004  146.7  1927  115.9  1970   84.9  1943   51.4  1974   35.4  1997   142.1  1964   415.6  1961   472.2  1964   255.6  1918  1314.5  1917
   40.8  1961   60.9  1941  100.0  1974  133.6  1947  172.1  1917  166.1  1977  151.2  1940  146.6  2010  114.8  1948   84.8  2006   51.1  2014   35.3  1977   142.0  1990   415.4  1940   472.1  2016   255.5  1967  1314.4  1942
   40.6  1939   60.8  1964   99.9  2001  133.3  1970  171.9  2002  162.9  1979  150.4  1979  146.5  1934  114.6  1998   84.5  1990   51.1  1933   35.3  1966   141.2  1992   414.8  1966   470.3  2011   255.2  2014  1313.5  1910
   40.1  1916   60.7  1971   99.8  1946  132.4  1935  170.7  2003  162.8  1985  150.3  1974  146.2  1932  114.5  1925   84.4  1970   51.0  1914   35.1  1991   139.7  1978   414.6  1965   470.1  2007   254.7  1951  1311.8  1922
   40.1  1927   60.6  1961   99.6  1976  131.4  2018  170.2  1986  162.2  1937  148.7  1910  145.4  2020  113.6  2013   84.3  2023   50.9  2024   35.0  1933   139.5  1974   411.5  1933   468.5  1936   254.3  1993  1307.8  1946
   40.0  1919   60.4  1911   98.8  1919  131.2  1989  169.6  1979  161.4  1924  146.6  1973  145.3  1962  112.1  1980   84.1  1992   50.9  1992   34.4  1998   139.3  1937   411.3  1999   468.0  1986   253.8  1934  1301.0  1963
   39.8  1964   60.4  1925   97.9  1987  131.1  1917  168.2  1994  161.2  2020  145.6  1987  145.3  1969  111.6  1952   83.3  2009   50.8  1954   34.4  1940   139.2  1951   410.7  1967   466.4  1993   253.7  1931  1298.4  2002
   39.7  1983   59.6  1938   97.2  1975  130.0  1944  165.5  1970  160.8  1956  145.5  1914  144.6  1982  111.5  1924   83.1  1944   50.5  1920   33.8  1945   139.1  1931   410.6  1970   465.5  1982   253.2  1942  1295.8  1945
   39.2  1943   59.4  1992   96.9  2024  130.0  1928  165.5  1947  160.8  1993  145.3  1986  144.4  1941  110.8  1912   82.6  2004   50.3  1982   33.4  1988   138.3  1947   410.5  1924   464.1  1932   252.9  1938  1293.9  1991
   38.8  1929   59.1  1991   95.0  1959  128.9  1932  164.5  1962  159.9  1978  145.0  1993  144.3  1979  109.4  1985   82.4  1953   50.1  1926   33.0  1941   137.8  1915   410.4  1978   462.3  1963   252.5  1974  1292.9  1926
   38.7  1925   59.1  1994   94.3  1925  128.9  1923  164.2  1945  159.7  2019  144.5  2020  144.1  1913  109.0  1994   82.1  1924   49.9  1956   32.8  1921   137.3  1982   409.6  1986   462.2  1942   252.1  1970  1290.2  1930
   38.4  1922   59.1  1914   93.7  1914  128.7  1988  161.4  2021  159.0  1983  144.3  1916  143.3  1967  108.7  2000   82.0  2014   49.5  1959   32.8  1939   136.8  1980   408.7  1988   460.3  1966   251.9  1963  1286.4  1979
   38.1  2008   57.5  1931   93.3  1952  127.4  1967  161.1  1913  158.6  1965  142.5  1992  140.8  1987  108.4  2017   80.5  1932   49.0  2002   32.8  1953   136.5  1922   405.4  1963   457.9  1985   251.8  2017  1286.0  1938
   37.8  1941   57.4  1978   92.5  1939  126.9  1998  161.1  1993  158.0  1955  141.9  1930  139.2  1929  108.1  1932   80.5  1978   48.8  1951   32.4  1937   136.4  1971   404.7  1960   457.6  1979   251.7  2001  1283.0  1992
   37.6  1936   57.2  2024   91.1  1917  126.6  1933  160.7  1931  156.6  1946  141.5  2023  139.0  1985  107.8  2001   80.2  2021   48.3  1963   32.4  1922   136.4  1911   402.3  1931   457.5  1938   251.6  1913  1280.7  2024
   37.3  1938   56.9  1919   91.0  1926  126.5  1986  160.5  1928  156.1  1947  141.3  1960  138.8  1918  107.8  1951   79.4  1966   48.1  2019   32.2  1919   136.3  1918   400.9  1972   454.9  1910   251.5  1969  1273.4  1923
   37.3  2016   56.7  1954   89.9  1979  126.2  2012  160.2  1985  155.6  2000  139.9  1961  138.3  1921  107.3  1967   79.1  1989   48.1  1931   32.1  1916   136.3  1954   400.8  1936   454.3  1946   251.2  1994  1271.6  1972
   37.1  1953   56.0  1927   89.7  1912  126.2  1911  160.1  2024  155.5  2017  139.9  2002  136.9  1951  106.9  1968   78.8  1974   48.0  1919   32.0  1913   135.7  1927   398.9  1934   453.7  1923   250.4  1953  1269.8  1964
   36.9  2002   55.5  1974   89.2  1988  124.9  2024  158.9  1938  149.4  1953  138.7  2010  136.6  1956  106.7  1938   77.1  2013   48.0  1991   31.8  1985   135.3  2026   395.8  1925   452.4  1988   250.3  1966  1269.0  1985
   36.9  1972   54.7  2017   88.0  2006  124.2  2004  158.5  1923  149.4  2002  138.2  1922  135.7  1946  106.5  1957   76.5  1946   47.3  1936   31.6  1918   134.6  1925   394.9  1976   451.3  1956   250.2  1944  1261.8  1983
   36.9  1960   54.5  1917   87.4  1971  123.4  1975  158.4  1999  149.3  1982  136.8  1970  135.5  2006  105.3  1920   76.4  1942   46.8  1987   31.3  1968   133.2  1916   394.2  1917   451.0  2020   250.2  2000  1259.1  1936
   36.6  1955   53.9  1982   85.9  1951  122.8  1910  157.5  1973  148.3  1972  136.5  1981  135.4  1915  105.2  1913   76.3  1937   46.4  1981   31.1  2002   133.1  1941   392.9  1923   449.5  1924   250.0  1935  1258.4  1998
   36.1  2013   53.5  1984   83.6  2018  122.2  1971  157.4  1914  148.0  1948  136.3  2012  135.3  1925  103.8  1916   75.8  1963   46.2  1924   30.8  1931   131.1  1944   391.5  1969   449.1  2008   249.2  1958  1257.3  1965
   36.0  1915   53.5  1912   82.4  2023  122.0  1963  157.0  1930  147.0  1964  136.2  1968  130.3  1957  103.7  1977   75.2  1933   45.1  2004   30.5  1958   129.7  1924   388.3  1916   448.8  1927   247.5  1950  1255.9  1980
   35.9  1950   53.5  1935   81.6  2005  121.7  1985  156.7  1916  146.8  1944  135.3  1978  129.0  1986  103.6  1930   74.7  1954   45.0  1944   30.3  1942   129.4  1938   385.2  1998   448.4  1920   243.0  1927  1246.7  1927
   35.7  1937   53.1  1942   81.3  1980  121.1  1919  154.2  2022  145.7  1931  133.6  1998  128.8  1910  103.0  1993   74.5  1910   44.7  1958   29.9  1910   128.9  1921   385.1  1985   448.0  1913   242.4  1960  1246.2  1968
   35.5  1926   52.0  1913   81.1  1977  120.7  1926  153.8  1912  143.5  1981  133.3  1912  128.4  1971  102.9  1992   74.4  1991   44.7  1916   29.8  1987   128.4  1919   384.0  1926   447.5  1981   241.9  1936  1242.2  1987
   35.3  1975   51.6  1958   80.8  1957  120.5  1996  153.2  1941  141.9  1971  133.0  1913  128.2  1943  102.2  2008   73.7  1915   44.3  1932   29.6  1969   127.2  1976   381.9  2024   446.9  1937   240.8  1956  1239.8  1981
   34.9  1948   51.3  2009   80.7  2013  120.3  1979  151.7  1967  141.4  1980  132.4  1962  127.4  1920  101.9  1950   73.6  1957   44.2  1968   29.5  1978   126.9  1969   380.3  1930   446.2  1998   239.8  1924  1238.3  1941
   34.3  1968   51.2  2011   80.7  1969  119.9  1930  151.3  1976  141.1  1966  131.4  1927  127.1  2021  101.4  1922   73.0  1935   44.0  1953   29.1  2015   126.6  1948   379.9  1979   443.6  1922   238.0  1992  1229.8  1944
   33.5  1912   50.4  1924   80.6  1991  117.2  1934  150.8  1925  140.6  2007  130.7  1938  126.5  2011  100.0  1931   73.0  1914   43.7  1984   28.7  1989   124.6  1929   378.7  1993   437.0  2002   236.4  1982  1229.5  1920
   33.4  1942   50.2  1929   78.7  1947  116.4  1964  150.0  1954  140.0  1998  130.2  1988  126.4  1917   98.8  1969   72.4  2017   42.1  1983   28.2  1930   123.8  1912   377.9  1947   436.6  1965   235.9  1912  1229.4  1966
   33.0  1971   50.2  1918   75.8  1942  115.5  1913  148.8  2014  138.4  1954  130.2  1980  125.9  1980   97.9  1936   72.2  1934   41.8  1945   28.1  1959   122.9  1940   377.6  1913   435.7  1916   232.9  1932  1227.0  1924
   32.8  1993   48.6  1976   74.6  1928  112.4  1940  148.7  1968  137.8  1997  128.9  1936  122.7  1978   97.8  1984   71.7  1940   41.6  1994   27.9  1971   121.7  1923   376.7  1937   426.4  1944   232.6  1957  1222.6  1978
   32.2  1944   46.8  1923   74.3  1960  112.2  1978  148.0  1965  137.4  1916  123.5  1957  122.6  1922   97.6  1941   71.4  2005   41.5  1917   27.5  1947   121.0  1926   375.9  1920   423.1  1948   231.5  1941  1214.7  1937
   31.8  1973   44.1  1972   73.2  1981  112.0  1993  146.2  1991  134.7  2016  123.4  1920  118.8  1924   97.6  1962   69.6  1916   41.3  1941   27.2  2023   119.6  1914   374.0  1991   417.9  1978   230.9  1962  1213.8  1932
   31.2  1969   43.5  1980   72.1  1983  110.8  1992  146.0  1924  132.9  1991  122.6  1939  118.3  1958   96.9  1927   68.0  1918   41.0  1997   27.1  1915   119.6  1942   366.9  1981   414.0  1958   229.9  1983  1212.7  1958
   30.2  1921   43.0  1947   71.2  1998  110.5  1931  144.7  1981  132.1  1958  122.2  1932  114.4  1954   96.0  1983   66.9  2020   40.0  1934   26.9  2021   116.7  1935   365.1  1928   412.3  1931   228.3  1984  1211.0  1993
   29.7  1966   42.2  1993   70.2  1992  105.8  1941  144.5  1972  129.7  1912  120.7  1965  111.9  1963   95.8  1946   65.1  1976   39.4  1962   26.9  1927   114.6  1917   363.0  1941   402.3  1987   224.7  1945  1210.0  1931
   29.5  1970   41.8  1926   69.1  1916  102.6  1966  142.0  1933  126.7  1923  120.0  1954  110.4  1942   95.0  1976   64.2  1982   38.8  1946   24.2  2024   114.5  1966   361.0  1996   400.9  2012   222.0  1976  1207.8  1954
   29.3  1913   41.6  2026   64.9  1964  101.4  1961  133.9  1969  121.1  1990  118.2  1937  109.9  1948   91.9  1965   63.3  2025   38.6  1939   21.0  1934   111.2  1993   360.4  1932   397.4  1980   218.1  1916  1190.5  1913
   28.6  1914   41.4  1965   64.7  1936   95.4  1920  126.4  1932  115.9  1987  115.1  1931  104.1  2008   91.3  1956   60.8  1960   35.5  2015   19.6  1956   108.9  1972   356.4  1964   372.7  1954   211.2  1946  1180.3  1916
   28.0  1917   39.0  1966   63.0  1996   90.7  1937  115.9  1983  114.0  2012  107.2  1944   80.5  1912   90.5  1945   56.8  1968   33.5  1912   19.4  1912   100.7  1913   322.3  1983   343.5  1912   207.9  1968  1124.8  1912
   21.4  1996   36.4  1940   60.9  1984    ---  2026    ---  2026    ---  2026    ---  2026    ---  2026    ---  2026    ---  2026    ---  2026    ---  2026     ---  1910     ---  2026     ---  2026     ---  2026     ---  2026
