Areal values from HadUK-Grid 1km gridded climate data from land surface network
Source: Met Office National Climate Information Centre
Monthly, seasonal and annual total duration of bright sunshine for England S
Areal series, starting in 1910
Last updated 01-Apr-2026 11:35
    jan  year    feb  year    mar  year    apr  year    may  year    jun  year    jul  year    aug  year    sep  year    oct  year    nov  year    dec  year     win  year     spr  year     sum  year     aut  year     ann  year
   81.7  1952  123.3  2019  196.1  2025  251.2  2025  313.7  2020  289.0  1957  317.2  1911  278.8  1995  205.4  1959  147.6  1921   98.4  2006   80.4  2001   233.0  1949   719.0  2020   785.5  1976   409.3  1959  1902.6  2025
   78.6  2022  121.6  2008  177.7  1929  242.9  2020  280.4  1989  279.5  1975  290.2  2006  276.4  1947  204.2  1911  145.7  1959   94.0  1971   76.3  2014   232.9  2000   706.6  2025   765.9  1911   406.3  1971  1798.0  2022
   78.1  2001  115.2  1949  176.1  1933  231.9  1912  262.9  1990  279.4  1925  282.3  2013  262.2  1976  195.6  1964  141.9  1919   93.1  1923   72.1  1962   231.4  2015   630.8  1990   763.9  1989   393.6  2003  1791.7  1949
   78.0  1959  114.7  1988  172.5  1995  231.4  1914  261.6  1922  273.8  1940  281.9  2018  251.9  1989  195.5  1928  140.7  1997   92.9  1989   71.9  2008   227.9  2008   627.8  1948   724.4  1975   378.6  1921  1790.1  2003
   76.1  2003  109.3  2018  169.1  2022  228.5  1984  259.4  2025  262.5  2023  274.9  1990  245.9  2022  195.1  1914  138.9  2018   91.8  2005   66.4  1946   226.0  2023   570.9  1995   719.4  1995   376.5  2018  1789.9  1990
   75.6  1984  102.1  1998  168.4  2012  226.1  2021  258.9  1992  260.1  1976  270.2  1989  235.8  1933  193.5  1929  138.0  1971   90.1  1977   65.7  2009   222.9  2018   568.4  1997   718.7  1959   372.3  1964  1788.6  1959
   75.2  2023  100.9  1970  166.3  1948  222.5  2015  252.5  1948  260.1  1960  268.2  1934  233.4  1990  183.1  2003  138.0  2003   89.8  1996   65.2  2025   221.8  2019   567.7  1929   708.4  2018   372.2  1929  1788.5  1995
   74.8  2024   99.4  2000  165.9  1967  222.3  2007  249.3  2018  259.1  1962  265.0  1935  232.6  1911  176.7  1991  137.0  1999   88.1  1925   64.7  1929   220.3  1952   566.3  2011   707.3  2022   371.8  1999  1781.9  1989
   72.1  2015   97.1  1934  165.9  2007  219.5  2011  247.3  1997  258.2  1969  263.1  1976  231.0  1998  175.5  2015  136.9  2022   87.1  1988   63.1  1999   213.2  2014   565.1  1921   707.3  1949   370.2  1928  1763.1  2020
   71.1  1940   95.6  2003  164.7  2003  219.3  1990  243.4  1956  254.0  1996  260.9  1955  228.1  1923  175.1  1915  131.0  1917   85.9  1973   63.1  1961   211.7  1963   553.9  2003   696.7  1933   363.7  1911  1761.7  1911
   70.9  2012   94.7  2014  162.5  2020  215.5  2010  243.2  1943  251.7  1950  260.8  1959  227.9  1991  174.4  1971  130.0  2008   84.2  2017   61.3  2005   210.2  2001   552.5  2009   696.0  2006   363.1  1997  1748.2  2018
   70.4  2000   94.3  1939  160.0  1938  213.4  1942  237.7  1919  249.1  2010  260.8  1928  225.0  1983  174.1  2020  129.1  2011   83.5  2016   61.0  2019   206.5  1998   552.3  1956   689.6  1996   355.6  2006  1744.7  1921
   70.2  1965   93.7  1989  159.8  1924  209.0  1948  235.9  1929  248.8  1949  256.7  1921  223.9  1975  173.9  1933  126.9  1995   82.3  1985   60.3  1917   205.1  2003   551.9  2007   677.6  2025   352.9  1923  1725.7  1929
   70.1  1994   93.6  2016  159.5  1910  208.8  1921  233.3  2023  248.2  2018  252.1  2014  223.1  2005  173.8  1940  126.6  1994   81.3  1915   59.4  1952   204.9  1933   546.9  1943   670.3  2014   352.1  1996  1721.6  1933
   68.9  1991   91.6  2023  159.4  2009  200.5  1946  232.8  1921  246.4  2025  248.9  1983  222.2  2016  170.8  2019  126.5  1922   78.9  1998   59.2  1984   204.5  2002   546.8  1982   664.2  1935   348.0  1986  1683.8  2014
   68.5  1980   91.3  1996  157.5  1955  197.6  2002  230.7  1944  245.7  1970  247.7  1999  220.2  1919  168.7  1921  123.1  1955   78.6  1965   59.1  2022   203.0  2012   545.7  2010   663.3  2013   345.7  2023  1655.6  2019
   67.4  1933   91.0  1928  156.5  1961  197.0  1969  227.3  2001  245.4  2006  244.0  1971  218.6  1959  168.3  2025  122.8  1920   77.9  2023   58.7  1980   202.1  1988   545.1  2015   661.9  1984   344.9  1919  1655.5  1976
   67.3  2025   89.1  1922  150.2  1982  196.3  1945  226.7  1959  241.9  1942  243.6  1949  218.4  2003  168.3  2012  120.9  1961   77.4  1972   58.7  1948   199.6  1962   536.3  2022   661.5  1940   344.3  1947  1649.4  1955
   65.6  1963   86.6  1933  149.1  2026  196.3  1916  226.6  1940  241.8  1951  240.5  1995  216.7  1953  168.0  1923  120.3  1912   77.3  1999   58.2  1983   198.4  1989   532.9  1955   656.8  1934   343.7  2011  1642.7  1997
   65.5  1989   86.1  2001  148.6  1990  192.3  1954  226.5  1971  241.7  1989  240.3  1984  216.0  2019  166.8  1979  119.0  1964   77.2  1969   57.9  1936   197.9  1934   524.0  1953   654.8  1947   342.2  1979  1640.3  1999
   64.6  1910   85.8  2022  148.2  2014  191.5  1951  226.3  1918  241.4  1914  236.8  1994  214.9  1949  166.4  1997  118.8  2010   77.1  2001   57.7  1965   197.5  1984   523.9  1949   653.8  1928   341.5  2005  1638.8  2006
   64.3  2017   85.7  1990  145.4  1972  191.0  2003  225.4  1949  239.2  1959  234.7  1933  210.4  2025  164.7  2018  118.4  1930   76.5  1910   57.5  1967   197.5  2020   520.9  1922   652.6  1921   339.6  1914  1634.3  2009
   63.8  2005   85.7  1943  143.1  1956  188.9  2017  224.4  1977  238.6  1973  232.9  1996  206.2  2007  164.6  2004  118.4  1996   76.3  1913   57.1  1986   193.0  2022   517.6  1989   650.8  1983   338.9  1940  1626.3  1943
   63.1  2026   83.4  1967  142.0  1931  188.5  2022  222.8  1980  236.7  2015  232.2  1929  205.4  1930  164.2  1934  117.2  2016   76.3  2013   57.0  1994   191.9  1985   516.4  1945   647.7  1994   338.7  1973  1624.5  2007
   63.0  1962   83.0  2015  140.2  1973  187.8  1997  222.6  1966  235.5  1961  231.1  1997  204.1  1993  164.2  2002  116.6  1931   76.3  1975   57.0  1925   190.2  2004   516.1  1944   635.1  1990   338.1  1975  1623.5  2015
   62.8  1931   82.2  1955  140.1  1945  184.3  1949  221.9  1915  233.4  1921  228.9  2022  203.4  1944  163.5  1954  116.4  1980   75.6  2007   57.0  2013   188.0  2009   516.0  2016   631.6  1969   337.8  1955  1612.7  1914
   62.7  1999   81.9  1999  136.1  2015  177.6  1982  221.7  1995  232.8  1994  228.8  1941  202.7  1996  163.0  2023  116.1  1965   75.5  2025   57.0  1951   186.7  2005   515.4  1914   622.0  1929   336.5  2007  1612.6  1928
   62.7  1954   81.7  2004  135.3  1943  177.2  2009  219.7  1961  232.5  2022  220.9  1969  202.1  2000  162.9  1986  115.9  1951   75.1  1986   56.9  2012   186.7  1939   514.5  2019   620.8  1951   336.1  2016  1612.3  1940
   62.4  1979   81.6  1952  135.2  2011  176.8  1938  219.1  1982  230.3  1918  220.9  1975  200.3  1935  162.6  1978  114.8  1983   74.3  1978   56.5  1976   186.6  2010   507.2  2021   620.0  1950   333.3  1990  1605.8  2016
   62.1  1928   81.2  1910  133.9  1944  176.8  1995  216.8  1953  226.5  1930  220.9  2025  199.7  1964  158.1  2006  114.5  1947   73.2  1947   55.6  1979   185.4  1994   499.8  1933   618.4  2003   332.8  1995  1604.2  1948
   61.8  1986   80.6  1915  133.7  1932  176.4  2019  215.8  2009  226.1  1933  220.7  1924  199.1  1981  157.8  1990  114.5  1938   73.0  2018   55.6  1944   185.4  1999   499.7  2017   617.5  1955   332.0  1949  1603.0  2023
   61.6  2014   80.5  2002  133.3  1997  174.7  1939  215.3  2005  226.0  1984  217.5  1967  198.5  1940  157.6  1953  114.1  1993   72.5  2003   55.4  2017   185.1  2016   497.3  2012   616.1  1999   330.9  2022  1601.3  2001
   61.4  2010   79.8  1985  133.1  1953  174.2  2016  214.0  1911  225.7  2014  213.9  1951  197.8  1955  157.6  1999  113.9  1975   72.5  2021   55.2  1957   183.7  1918   497.2  1942   615.8  1918   330.7  2012  1601.3  1996
   60.9  2007   79.7  1960  131.8  1965  174.1  1953  214.0  1998  224.4  2024  213.0  2019  197.6  2013  157.0  1955  113.7  1962   72.4  1940   55.0  1973   183.2  2006   497.0  1910   614.8  1925   330.4  1988  1598.8  1975
   59.9  1967   79.5  2020  131.5  1918  173.6  1968  211.6  2011  220.5  1922  211.7  1946  197.5  1937  156.9  1981  113.0  1928   72.3  1918   54.9  2016   182.3  1928   496.7  2002   612.9  1941   329.7  1978  1596.2  2010
   59.6  1947   78.5  1936  131.3  1968  170.7  1980  210.9  2016  219.4  1915  211.4  1985  196.4  1926  156.6  1947  112.5  1949   71.3  2009   54.8  2011   181.6  1995   495.5  1938   611.2  1930   326.6  1933  1585.3  2005
   59.3  1911   78.4  1957  130.9  2016  170.7  2013  210.4  1934  219.4  1919  210.0  1918  195.6  1984  156.0  2009  112.1  1956   71.3  1995   54.4  1949   181.5  1967   491.0  1946   609.8  2024   325.9  1985  1583.6  1935
   59.1  1949   78.2  1920  130.8  2019  169.8  1976  210.2  1957  217.9  1939  206.8  1917  194.6  1974  155.9  2005  110.8  1987   70.5  2012   54.1  2007   178.6  1956   489.1  1927   605.5  2001   325.4  1917  1581.2  2011
   58.8  1918   77.6  1983  128.5  1920  169.7  1955  210.1  1917  216.2  1917  204.0  1943  193.5  2024  155.8  1973  110.3  1929   70.4  1948   52.9  1960   178.1  1981   486.6  2014   603.2  2005   323.4  1915  1575.5  1952
   58.6  1956   77.4  2012  128.0  1950  168.9  1952  210.1  1952  216.1  2004  202.8  2001  192.5  2014  155.2  1966  110.0  1986   69.8  1960   52.7  1954   177.6  1991   485.2  1912   600.9  1961   320.8  2009  1574.2  2013
   58.2  2018   76.3  1914  125.6  2010  168.8  1994  207.7  1910  216.1  1911  202.7  2021  192.5  1914  155.1  2007  109.9  1979   69.5  1930   52.4  1996   177.0  1930   484.4  1915   599.0  1957   320.5  2021  1573.3  1934
   58.0  2009   76.2  1956  124.1  1966  168.4  1943  207.3  2019  215.8  1992  201.5  2016  188.4  1928  154.9  2011  109.8  1941   69.4  1943   52.4  2003   175.6  1980   482.3  1959   599.0  1967   320.2  1925  1564.6  1984
   57.1  2020   76.0  1948  123.5  1921  166.0  2008  205.8  1955  214.7  2008  200.0  1923  188.3  2001  152.7  1919  108.2  1990   69.1  1949   51.4  2004   174.9  2026   478.3  1977   598.1  2023   319.9  2002  1561.8  1973
   56.8  1923   75.8  1973  122.8  1940  165.8  1956  205.7  1920  214.4  1967  199.9  1977  187.8  1972  151.6  1937  108.1  1977   68.5  1967   50.9  1932   174.9  1959   476.6  1961   597.9  1914   319.5  1943  1560.8  1961
   56.8  1998   74.0  1963  120.9  1993  165.4  1950  204.6  1927  214.4  2003  199.8  1964  187.4  1973  150.5  1939  107.9  1981   68.3  1929   49.6  1926   174.4  1943   474.9  1918   597.1  1970   319.1  1980  1558.9  2008
   56.5  1924   73.5  1962  120.4  2000  164.8  1927  204.6  2010  214.3  2001  199.2  1953  186.3  2004  150.4  1949  107.0  1936   67.3  1990   49.6  1938   174.0  2017   474.8  1924   595.3  2019   318.7  2010  1556.0  1994
   56.4  1934   73.4  1921  120.0  1978  163.9  1960  203.5  1970  212.1  1941  198.7  2008  186.1  1936  148.5  1970  107.0  1945   67.3  1920   49.1  2020   173.9  1987   474.6  1980   592.3  1993   317.7  1977  1554.3  1967
   56.2  1990   73.3  2021  119.7  1927  162.7  1987  203.1  1942  210.5  1929  196.7  1991  186.0  1997  147.9  1975  106.8  1969   67.0  1952   48.7  1964   172.7  1922   473.3  1957   590.9  1973   316.9  2004  1548.4  1925
   56.2  2004   72.9  1925  119.6  2017  162.3  1957  201.7  1974  209.9  1986  194.4  2015  185.1  2009  147.7  2021  106.3  1952   66.5  1938   48.7  1990   172.2  1945   472.2  1950   581.1  2015   316.3  2025  1539.9  2017
   55.9  1946   72.1  1995  119.5  1935  161.7  1999  201.5  2004  208.8  1932  192.0  2024  184.8  1966  146.5  1982  105.8  2001   66.5  2000   48.4  1963   172.0  2007   471.6  1940   580.8  1943   316.2  1989  1538.8  1918
   55.4  1988   71.5  2005  119.1  1962  161.3  1977  200.6  1935  207.5  2009  191.4  1979  184.7  1934  145.7  1943  105.7  2007   66.4  1957   48.0  1924   171.8  2013   471.1  2008   579.5  1919   316.1  1961  1538.6  2004
   54.8  2019   71.4  1971  118.2  1994  161.2  2023  199.9  1978  206.1  1952  191.0  1963  182.4  1988  145.7  1935  105.2  1985   65.6  2022   48.0  1974   171.5  1983   470.3  1976   579.2  2009   314.4  1965  1531.9  1947
   54.6  2016   70.0  1916  117.5  1986  159.8  1915  199.2  1939  205.7  1993  190.4  2007  181.6  2017  145.7  1944  104.8  2023   65.5  1979   47.6  1911   171.4  1977   470.1  1967   577.2  1960   314.4  1981  1531.3  1953
   53.9  2006   69.7  1946  116.1  1930  158.9  1947  198.3  2003  204.7  1928  189.9  1952  180.9  1952  143.9  1996  104.4  1943   65.4  2020   47.6  1970   170.1  1955   469.7  1952   577.0  1952   314.0  1991  1531.0  1915
   53.8  1976   69.5  2025  115.7  2008  158.1  1933  195.6  2013  203.9  1934  189.8  1950  179.8  1965  143.9  1948  103.1  1988   64.9  1937   47.6  1997   168.5  1974   467.8  1919   575.4  1926   313.4  1948  1528.3  1919
   53.1  1982   69.2  1986  115.2  1934  157.9  1922  195.1  1988  203.6  1943  189.2  1940  179.5  1932  143.9  1974  101.8  1950   64.3  2010   47.0  1993   168.1  1986   466.9  1973   574.9  2004   313.0  1930  1524.1  1957
   53.0  1985   69.1  1981  114.1  1949  156.1  1974  193.2  1964  202.8  1920  188.8  1925  179.3  1929  143.1  1987  101.3  1926   64.1  1914   46.4  1972   168.1  1915   466.6  2023   571.2  1917   308.5  1954  1524.0  1951
   53.0  1927   68.4  1994  113.2  2021  154.9  1973  192.8  1913  202.4  1999  186.6  2009  178.9  1961  142.6  1917  101.2  1992   63.9  1961   46.3  1914   167.2  1946   464.2  1968   569.7  2017   307.3  2020  1522.9  1970
   52.8  1978   68.3  1977  112.0  1976  154.7  2014  192.7  1979  202.0  2017  186.5  1961  178.5  1950  142.2  1918  100.7  1925   63.6  1951   46.0  2000   167.2  1925   464.0  1939   568.4  1953   307.2  2001  1522.6  1971
   52.4  1957   68.2  1969  111.2  1999  154.1  1929  191.2  2017  200.4  1926  186.1  2017  178.3  2018  140.2  1988  100.4  2021   63.3  1982   45.1  1943   167.0  1990   460.6  1992   568.0  2010   306.8  1970  1516.3  1950
   52.4  1995   68.0  1911  110.5  1958  153.7  2006  190.8  1963  200.3  1938  185.6  2003  178.0  1994  139.9  1980  100.3  2004   62.8  1976   45.0  1991   165.9  1920   459.3  1935   567.6  1915   306.7  2019  1512.0  1986
   52.4  1987   67.9  2006  110.3  2002  152.4  1991  190.8  1914  200.1  1995  184.1  1945  175.5  1918  139.4  2014   99.7  1970   62.8  1980   44.9  1992   165.9  1953   458.8  1974   566.5  1974   306.2  1952  1505.7  1922
   52.3  1935   67.8  1938  109.7  1941  152.2  1959  190.7  2012  199.8  1913  183.1  2020  175.2  2023  138.4  1985   99.2  1913   62.6  1911   44.8  1935   164.1  2025   457.5  2004   563.9  1942   305.9  2008  1504.1  2012
   52.3  2008   67.7  2013  108.3  1937  152.0  1911  190.7  1958  199.6  1947  182.6  2005  174.7  1916  136.5  1942   99.1  1948   62.2  1921   44.4  1982   163.7  1937   457.1  1911   562.6  1962   305.5  1935  1495.3  2021
   52.1  1920   67.6  1953  108.0  2004  151.6  1944  190.3  1925  198.9  1935  182.4  1993  174.1  1970  135.7  2010   99.1  2006   61.8  1993   44.4  1933   162.8  1936   452.6  1987   562.4  1923   305.3  2015  1491.8  1962
   51.6  1930   67.2  2007  107.6  1970  151.2  1917  189.5  2008  198.7  1974  182.0  1948  173.3  1943  135.5  2016   98.8  1944   61.7  1928   44.1  1923   162.6  1970   452.2  2018   557.8  1991   304.2  1998  1491.0  2002
   50.7  1958   66.9  1951  107.4  1985  150.5  1958  189.3  1987  198.5  2020  181.6  1958  172.2  1985  134.7  1995   98.8  1935   61.4  1931   44.0  1928   161.8  1931   451.7  1958   555.3  1997   303.5  1987  1490.3  1917
   50.2  1981   66.5  1945  105.6  1926  150.4  1962  189.1  1986  198.3  1963  180.5  1986  172.0  1941  132.9  1962   98.7  1927   61.1  1956   43.9  2006   161.8  2021   451.2  1934   554.7  1964   303.0  1938  1481.7  2000
   50.1  1932   66.5  1913  104.5  1913  148.1  1925  188.7  2002  198.0  2011  180.4  1915  171.2  1979  132.9  1952   98.4  1939   60.9  1935   43.8  1922   161.7  1954   450.2  1917   554.0  2007   302.6  1922  1476.6  1982
   50.0  1945   66.3  1941  104.1  1963  148.0  2004  188.5  1976  197.4  2005  179.3  1930  169.6  2012  132.7  1910   97.7  2024   60.0  1916   43.8  1955   160.7  1997   448.8  2000   552.7  1924   301.5  1937  1476.0  1974
   49.5  1983   66.2  1931  103.3  1959  147.5  1936  187.5  1946  192.7  2021  179.0  1916  169.6  2020  131.4  1925   97.4  2014   59.6  2011   43.6  2018   160.5  1911   448.6  1954   551.2  2020   298.7  1920  1475.9  1942
   49.5  1974   65.4  1975  102.9  1946  145.8  1996  186.5  2015  192.4  1945  178.8  1947  168.9  2002  131.2  1961   97.2  1984   59.0  1963   43.4  1950   159.5  1968   448.4  1971   550.7  2016   298.4  1953  1475.7  1969
   49.0  2011   65.1  1932  102.6  1915  145.6  2005  186.3  1993  186.1  1937  178.5  1926  168.4  1939  131.1  1963   97.0  2002   59.0  1992   43.3  1981   158.6  1950   447.7  1972   548.5  1985   297.9  1913  1470.8  1939
   48.8  1992   65.0  1954  102.4  2006  144.6  1983  186.2  2000  184.4  1966  177.3  1970  167.8  1915  131.0  1989   97.0  1973   58.7  2002   43.0  2010   158.4  1923   446.3  1951   539.7  1998   297.9  1966  1469.7  1944
   48.8  1916   64.6  1918  101.4  1922  144.2  1924  184.8  2024  183.5  1910  177.2  2002  167.1  1967  130.0  1958   96.9  1998   58.5  1970   42.2  1977   158.3  1958   446.3  1965   537.4  1939   297.1  2013  1464.4  1938
   48.3  1943   64.5  1987  100.9  1974  142.8  1965  184.3  1936  183.4  2013  176.0  1987  167.1  1927  128.4  1998   96.9  1911   58.2  1959   42.1  1939   157.9  1971   444.7  1999   536.1  2008   296.6  1972  1464.2  1956
   47.2  2013   64.4  1950  100.8  1954  142.2  2000  183.8  2014  183.4  1968  175.6  1942  166.0  1999  128.4  2022   96.8  1932   58.2  1922   41.7  1945   157.6  1992   444.0  2001   535.6  1945   295.9  2017  1464.1  1983
   46.6  1977   64.3  1944  100.8  1957  141.6  1972  183.2  1960  181.0  1924  174.5  2011  165.2  1951  128.4  1960   95.5  1967   58.1  1942   41.3  1940   157.2  1965   444.0  2005   535.0  1992   294.3  2014  1463.0  1923
   46.3  1997   64.1  1959  100.8  1971  140.1  1985  181.6  1937  179.1  1965  174.3  2012  164.9  1982  127.3  2013   95.4  1958   57.8  1964   41.0  1941   157.0  1961   443.5  1986   534.8  2000   292.0  1944  1462.3  1985
   46.3  1951   64.0  1974  100.6  1987  139.9  2001  181.4  1975  178.4  1931  174.2  2010  163.7  1987  125.9  1926   95.2  1933   57.7  1955   40.9  1995   156.7  1973   443.0  1916   532.4  1986   290.8  1969  1461.3  1988
   46.3  1925   63.7  1992  100.3  1989  139.6  1988  180.6  1947  176.9  1983  173.2  1974  162.6  1921  125.6  1972   95.1  2015   57.6  1950   40.8  1998   156.5  1951   441.9  2013   530.2  1966   290.2  1939  1458.6  1964
   46.1  1926   63.7  1984   98.9  1925  139.2  1935  180.0  1945  176.8  1927  172.4  2004  162.3  1962  125.1  1930   93.7  2005   57.5  1933   40.7  1975   155.6  1927   440.2  1984   528.9  1946   289.9  1918  1458.2  2024
   45.6  1919   62.4  1968   97.9  1919  138.2  2012  179.3  1996  175.3  1912  170.5  1982  162.2  1978  124.9  2024   93.6  1972   57.5  2014   40.6  1913   155.3  1924   438.8  1966   526.9  1971   289.3  1974  1458.1  1998
   44.7  1937   62.2  1961   97.2  2024  137.0  1986  178.8  1950  174.4  1936  169.8  1956  162.0  1956  124.4  2001   93.6  2009   56.5  1927   40.4  1942   155.3  1996   438.8  1970   526.1  2021   287.0  1931  1457.2  1930
   44.3  1938   62.0  1997   95.1  1991  136.9  1989  178.7  1916  172.4  1980  166.4  1972  160.8  1960  124.1  1968   93.5  2013   56.0  1997   39.9  1931   155.1  1932   437.2  1925   525.0  1963   286.7  1951  1455.0  1979
   44.0  1922   61.2  1937   94.4  1923  135.4  1928  178.7  2022  171.7  1978  164.9  1973  160.4  2006  123.2  2000   92.9  1974   55.3  1966   39.6  1921   154.5  1979   436.6  1978   524.7  1979   286.0  1962  1453.5  1980
   43.6  1944   60.7  1930   93.2  1914  134.0  2024  173.5  1967  171.0  2000  164.0  1914  159.1  1945  123.1  2017   92.8  1940   55.3  1954   39.2  1988   154.1  1914   436.3  1994   523.5  1932   284.4  1967  1449.3  1946
   43.6  2002   60.0  1991   93.2  1988  132.2  1919  171.8  1999  171.0  1944  161.7  2000  158.5  1992  122.4  1913   92.8  1978   55.2  2024   38.2  1966   153.4  1960   434.5  1962   522.3  2011   283.5  1934  1443.7  1945
   42.8  1939   59.5  2010   92.6  1977  131.7  1975  171.7  1973  170.8  2002  161.6  1998  156.7  1957  122.1  1938   92.6  2000   54.1  2008   37.1  1985   153.2  1948   427.9  1988   516.9  2002   283.2  1942  1441.5  1977
   42.3  1942   59.0  1964   92.0  1912  130.8  1967  171.7  1965  168.8  1946  160.9  1966  154.1  1938  121.8  2008   92.3  1989   54.0  1984   36.9  2015   153.0  1944   423.3  1993   512.8  1937   282.2  2000  1438.7  1991
   41.9  1948   58.1  2009   91.8  1928  130.7  1992  170.8  1924  166.6  1982  160.7  1992  153.9  1913  120.4  1967   92.0  2012   52.5  1974   36.6  1920   153.0  2024   421.7  1920   508.2  1972   281.5  1982  1438.4  1960
   41.9  1961   57.8  1923   91.6  1951  129.9  1923  170.6  1985  166.3  2019  160.4  2023  153.3  1980  120.3  1912   91.8  1923   52.2  1991   36.3  1959   152.6  1916   421.5  2006   506.3  1981   281.3  1993  1435.2  1924
   41.3  1929   57.8  1929   91.4  1979  129.8  1979  168.0  2021  164.9  1985  157.5  1968  153.1  1931  119.7  1965   89.8  1954   52.1  2019   36.0  1978   152.0  1947   420.3  1960   505.3  1922   279.7  1992  1432.8  1992
   41.1  1915   57.5  1935   91.2  1911  129.8  1910  167.8  1926  163.0  1948  156.3  1960  152.5  1910  119.5  1977   89.4  1953   51.9  2004   35.7  1919   151.9  1975   419.0  1969   504.3  1938   278.8  1910  1430.8  1910
   41.1  1972   56.1  1979   90.7  1952  127.7  1970  165.5  1933  162.1  1979  155.4  1980  152.5  1969  119.4  1992   88.6  1942   51.8  1917   35.4  1916   151.3  1957   418.0  1985   501.9  1982   277.8  2024  1429.4  1993
   40.4  1913   54.9  1919   90.1  1939  126.1  1981  165.4  2006  158.9  1955  154.0  1922  151.0  1924  117.9  1922   88.5  2017   51.4  1953   35.3  1947   148.4  1978   417.3  1963   501.1  1936   277.0  1912  1406.1  1965
   40.3  1964   54.8  2017   88.9  1917  125.6  1934  165.1  1962  158.7  1988  153.6  1981  150.0  2015  117.1  1950   88.4  1957   50.3  1919   34.7  1918   147.7  1964   416.1  2024   498.7  1916   276.5  1994  1404.7  1941
   39.8  1950   54.7  1924   84.8  1983  124.9  1964  164.6  1923  157.4  2007  153.3  1957  149.8  2011  116.4  1976   87.4  1966   49.6  1987   34.5  1937   146.8  1926   415.3  1931   498.1  1944   276.5  1950  1399.3  1963
   39.6  1968   54.0  1917   83.1  2005  124.5  1932  164.3  1928  155.2  1964  152.6  1988  148.5  1946  116.1  1924   86.1  1916   49.5  1981   34.1  1953   146.5  1938   414.5  1998   493.6  1988   276.1  1926  1384.9  1926
   39.5  1936   53.4  1978   81.0  1980  124.5  2018  164.2  1931  154.0  1972  151.1  1939  148.3  1977  114.0  1916   85.1  1991   49.0  1924   33.9  1915   145.6  1941   413.9  1979   488.3  1977   272.7  1956  1382.4  1978
   39.5  2021   53.0  1927   80.7  1942  122.4  1963  163.8  2007  153.6  1981  149.9  1938  148.2  1917  114.0  1941   85.0  1937   48.9  1926   33.5  1968   145.3  1921   413.4  1913   486.4  1948   272.0  1958  1381.8  1972
   38.9  1971   52.5  1958   78.6  1936  122.3  1998  163.2  1951  152.6  1953  147.3  1931  147.0  1920  113.6  1932   83.8  2019   48.5  1936   33.4  2002   145.2  1982   411.9  1947   485.3  1920   270.9  1960  1377.3  1966
   38.9  1953   52.4  2024   78.5  1975  122.1  1940  161.3  1912  152.2  1956  144.9  1912  146.5  1925  112.8  1984   83.4  1924   47.5  1944   33.1  1910   143.0  1929   410.4  1936   484.0  1956   269.0  1963  1372.5  1920
   38.5  1975   51.5  1980   78.4  2018  121.9  1930  160.7  1972  148.2  1958  141.2  1962  146.4  1942  111.3  1946   82.2  1934   46.6  1958   32.9  1930   141.8  1976   394.5  1937   481.1  1980   267.6  1983  1369.3  1987
   38.1  1941   51.1  1912   78.1  1998  121.2  1971  159.3  1968  147.7  1954  140.6  1936  144.6  2010  111.0  1957   80.8  1946   45.3  1946   32.8  1958   141.1  1940   394.0  1926   479.2  1965   267.1  1941  1357.9  1954
   37.4  1912   48.9  1942   76.8  2001  120.7  1926  158.7  1938  147.0  1998  140.2  1910  142.0  1986  110.6  1994   80.4  1914   45.2  1932   32.0  1987   138.0  1935   393.1  1991   478.9  1931   265.8  1957  1357.4  1927
   37.4  1993   48.8  1982   75.7  2013  117.0  1918  155.9  1941  145.3  1971  139.9  1978  141.4  1948  110.4  1983   78.9  1963   43.8  1968   30.6  1971   137.7  1969   392.8  1996   476.1  1910   263.9  1984  1356.0  1916
   37.4  1960   48.2  1993   73.2  1960  116.7  1978  155.5  1954  145.0  1916  139.9  1919  137.6  1971  108.9  1931   75.4  1918   43.6  1945   30.1  1969   137.2  2011   391.6  1975   473.8  1978   260.6  1927  1350.0  1931
   37.2  1914   47.3  1976   72.3  1947  116.1  1913  152.5  1969  140.1  1977  137.6  1954  135.6  1963  108.6  1920   72.7  1960   43.4  1941   29.4  1912   136.3  1913   391.5  1928   473.2  1913   260.1  1916  1349.1  1937
   36.0  1969   46.6  2026   72.1  2023  116.0  1993  150.5  1984  138.3  1997  135.5  1920  135.1  1954  107.2  1951   72.4  2025   42.4  1983   29.2  1927   136.2  1912   388.9  1923   472.5  1927   259.8  1936  1347.2  1936
   35.4  1921   45.2  2011   71.1  1992  113.6  1941  149.8  1930  134.3  1923  135.3  1932  130.9  1922  106.9  1969   71.7  1982   41.3  1939   28.6  2021   135.3  1919   387.8  1930   471.1  1968   255.6  1932  1332.0  1913
   35.2  1955   43.7  1926   69.4  1969  109.1  1931  149.4  1994  133.2  1991  129.2  1937  130.7  2021  105.4  1993   69.6  1910   39.4  1962   28.2  1934   132.2  1942   383.5  1964   470.9  2012   248.5  1924  1317.3  1958
   34.5  1973   41.8  1972   68.1  1916  104.5  1937  145.6  1991  127.0  2012  128.7  1927  130.3  1968  105.4  1927   67.8  2020   39.4  1994   27.3  2024   130.6  1993   379.2  1941   464.4  1987   242.0  1976  1314.6  1932
   33.9  1966   38.3  1966   67.7  1996  100.4  1961  131.0  1983  127.0  2016  123.8  1944  127.8  1958  104.2  1936   66.9  1915   37.1  1934   25.8  2023   129.9  1966   369.4  1932   457.6  1958   237.3  1946  1301.4  1968
   31.7  1970   38.2  1965   65.4  1964   92.2  1966  126.9  1981  126.8  1990  120.3  1965  122.8  2008   99.4  1956   62.8  1976   36.3  1912   25.0  1989   118.7  1917   360.4  1983   420.3  1954   233.5  1945  1298.8  1912
   29.3  1917   27.9  1940   62.2  1981   87.5  1920  111.2  1932  124.7  1987  119.5  1913   98.6  1912   82.9  1945   62.8  1968   34.7  2015   20.4  1956   113.5  1972   315.2  1981   418.8  1912   230.6  1968  1298.5  1981
   23.1  1996   25.9  1947   61.2  1984    ---  2026    ---  2026    ---  2026    ---  2026    ---  2026    ---  2026    ---  2026    ---  2026    ---  2026     ---  1910     ---  2026     ---  2026     ---  2026     ---  2026
