Areal values from HadUK-Grid 1km gridded climate data from land surface network
Source: Met Office National Climate Information Centre
Monthly, seasonal and annual total precipitation amount for England S
Areal series, starting in 1836
Last updated 01-Apr-2026 11:35
    jan  year    feb  year    mar  year    apr  year    may  year    jun  year    jul  year    aug  year    sep  year    oct  year    nov  year    dec  year     win  year     spr  year     sum  year     aut  year     ann  year
  167.7  2014  145.5  2024  152.1  1947  137.0  2012  120.4  1878  147.6  1860  137.9  1875  180.4  1912  151.5  1918  176.9  1903  184.6  1940  178.5  1914   413.3  2014   275.4  1979   366.2  1879   418.3  2000  1063.9  1872
  142.2  1988  136.6  2020  127.3  2023  134.8  2000  119.5  2007  138.0  2012  136.3  1888  143.3  1917  148.9  2024  175.2  1960  184.4  1852  168.8  1934   380.1  1915   269.5  1981   362.5  1912   408.1  1960  1046.4  2012
  142.1  1995  131.9  1923  126.2  1981  119.2  1998  119.3  1967  130.3  1879  133.3  1936  134.1  1879  148.7  1866  166.3  1891  183.9  1929  168.5  1876   369.2  1990   254.3  1947   327.8  2012   395.3  1852  1044.9  1960
  141.1  1939  126.3  1990  112.2  1914  104.6  1920  118.3  1932  123.6  2007  131.4  1880  133.0  1878  143.9  1896  163.5  1865  163.5  1970  161.2  1929   353.8  2026   253.3  1983   325.7  1860   363.2  1841  1038.3  2000
  137.2  1943  125.8  2014  109.9  1979  101.6  1983  112.9  1843  119.9  1997  120.9  2007  128.3  1891  137.5  1974  163.0  2000  153.8  1951  160.9  1911   352.8  1877   249.5  2024   298.4  1852   354.3  1976  1034.1  1852
  136.8  2026  124.4  1950  109.2  2018   97.9  1966  110.8  1924  117.6  1852  117.4  1915  125.4  1881  132.4  1976  159.8  1987  152.9  2009  157.4  1915   350.0  2024   247.0  2000   297.8  2007   348.7  1935   998.3  2023
  135.1  1948  121.5  1916  106.4  1919   97.2  1882  110.6  1869  110.1  1998  115.5  1839  123.6  1860  130.8  1871  156.6  1882  151.6  2022  155.8  1868   344.1  1995   244.5  1862   285.9  1848   347.0  1875   992.6  2024
  129.3  1877  121.4  1977  105.3  1912   95.1  1935  110.4  2021  108.0  1848  115.2  2009  123.4  1852  129.4  1927  154.6  1949  151.0  1926  149.0  1959   324.4  1869   244.0  1951   283.4  1917   339.8  2019   986.9  1903
  128.0  1872  120.0  1937  104.9  2001   90.5  1871  108.2  1969  107.4  1982  114.4  1920  123.0  1946  129.4  1876  149.0  1880  150.8  2002  147.4  1978   321.5  2020   240.2  1932   281.9  1903   339.1  1974   964.7  1882
  125.7  1984  119.7  1900  103.6  1836   89.8  1961  106.4  1886  105.2  1980  112.7  1855  122.2  2004  129.2  1841  147.5  2023  149.4  1842  142.6  2012   317.7  1916   239.6  2023   277.6  1839   337.9  1882   962.2  1912
  124.1  1852  117.1  2026  103.5  1862   87.5  1846  105.8  1983  105.0  1958  111.9  2012  114.9  1992  127.4  1968  145.9  2020  148.0  2000  142.2  1965   314.4  1960   236.1  1937   274.8  1931   333.2  1885   959.1  2014
  121.3  1937  111.8  1915  102.7  1851   87.2  2001  105.0  1979  104.9  1971  106.7  1939  114.7  1951  124.3  1981  145.5  1875  145.7  1954  138.8  1989   314.4  1994   235.8  2018   274.4  1958   327.4  2023   958.4  1848
  120.1  1928  111.4  1951  100.4  1951   84.2  1848  100.8  1955  104.0  2019  105.9  1922  111.7  1865  118.4  1883  140.3  1967  139.4  1939  138.0  2020   314.3  2021   233.2  2001   273.4  1927   324.7  1880   950.8  1924
  119.9  1906  104.6  1966  100.4  1916   84.1  1931   97.2  2006  104.0  1912  105.9  1988  111.0  1941  115.5  1995  139.6  1932  138.9  1935  134.9  1979   314.1  1912   229.8  1913   268.6  1888   324.6  2024   948.0  2002
  114.4  2021  102.7  1883   96.1  2024   83.4  1907   95.1  1942  100.9  1863  104.3  1918  109.7  2010  115.2  1885  139.5  1907  138.2  1963  134.7  1993   314.0  1937   228.3  2008   267.5  1875   317.3  2022   946.5  1951
  113.2  2016  100.6  1974   94.7  1963   83.3  1913   90.2  2014   99.0  1985  103.7  1861  109.1  1999  114.4  1965  136.9  2013  138.1  1950  134.3  1910   298.8  1977   223.3  1903   262.3  1853   310.4  1903   938.1  1927
  113.1  1999  100.6  1904   94.5  1905   81.4  1989   89.8  1981   96.4  1839  103.4  2023  108.8  1956  112.2  1960  136.5  1976  136.0  1946  132.0  2023   297.0  1966   221.9  1878   259.4  1954   309.4  1940   932.2  1860
  112.6  1971  100.3  2007   93.5  1897   80.8  1877   88.3  2000   96.0  2016  102.8  1871  108.6  1848  111.5  1999  134.8  1998  131.5  1888  130.0  1999   289.5  1930   218.9  1924   257.5  1946   309.1  1944   931.8  1841
  110.0  1913   99.6  2002   92.8  1937   80.0  1922   87.8  1860   96.0  1991  101.8  1879  108.6  1931  110.5  1993  132.3  1855  128.4  1944  124.6  1919   288.2  1979   217.6  1889   254.5  1872   309.0  1929   915.2  1877
  109.1  1936   96.7  1925   91.7  1909   79.9  1850   87.1  1898   94.5  1987  101.5  1853  107.1  1977  110.1  1869  131.9  1909  126.3  1992  123.9  2000   286.3  2001   217.1  1886   252.9  1891   304.5  1836   912.8  2020
  108.4  1919   95.7  1848   91.3  2008   79.4  1993   86.3  1925   92.5  1838  100.1  1872  106.8  1986  107.9  1935  127.5  1846  126.0  1877  122.6  2002   278.5  1883   217.0  1998   252.5  1956   301.9  1839   911.7  1946
  105.5  1986   95.2  1879   90.4  1903   76.5  1858   85.6  2002   89.9  1882   99.2  1931  104.8  1903  107.4  2000  127.4  1843  123.5  1875  122.0  1886   276.9  1935   216.1  1867   251.6  1997   300.9  1872   909.0  1875
  105.5  1974   93.5  1866   88.8  1982   76.3  1924   82.3  1931   89.8  1927   97.7  1894  103.7  2020  107.3  1958  127.2  2019  121.6  1984  121.8  1872   276.4  1923   215.5  1969   249.7  1960   299.1  1998   904.7  1958
  105.3  1956   93.1  1995   88.0  1980   75.6  2018   81.6  1862   89.1  1872   97.6  1965  102.0  2014  106.4  1839  126.3  2004  121.3  1836  121.2  1901   276.2  2007   213.8  1967   246.8  1968   299.0  2002   899.3  1998
  104.1  1990   91.0  1910   87.7  1964   75.1  2004   81.1  1849   87.7  1905   97.5  1950  101.6  1877  103.8  1930  126.2  1923  120.7  1960  119.8  2013   275.6  1900   212.3  1963   243.6  1882   297.7  1984   898.6  1876
  103.8  2004   90.9  1893   87.6  1848   75.0  1876   81.1  1889   87.5  1909   96.6  1924  100.3  1927  103.4  1946  125.4  1841  119.7  1840  113.7  1985   274.7  1910   212.2  1920   243.4  1985   293.8  1883   895.7  1974
  103.7  1994   90.6  1957   87.5  1913   74.6  1849   79.6  2008   86.4  1935   95.6  1960   99.8  1960  103.4  1880  125.2  1928  119.7  1872  113.2  1896   273.0  1919   210.3  2012   242.7  1881   291.5  1954   893.0  2019
  103.5  1930   90.3  1958   86.1  1988   74.3  1932   79.6  1891   85.4  1903   95.1  1968   99.1  1843  101.7  1957  125.0  1885  119.7  1974  112.5  1909   272.2  1939   209.6  1877   242.3  1865   291.5  1949   888.1  1966
  103.4  1975   88.8  1881   85.7  1876   74.1  2024   79.4  2024   84.9  1853   94.7  1867   99.0  1948  101.2  1852  123.8  1939  119.1  1838  112.1  2019   268.4  1980   206.9  1986   239.2  1980   291.4  1982   887.3  2007
  103.1  2008   84.6  2001   85.7  1888   73.7  1856   79.0  1903   84.4  1954   92.1  1957   98.1  1868   99.3  1975  123.3  1966  118.7  1895  111.1  1900   268.3  1936   206.3  1843   236.8  1924   290.7  1939   887.2  1839
  102.6  1970   84.5  1997   84.2  1975   73.3  1963   78.7  1856   83.2  1968   91.8  1882   97.6  1954   99.1  1874  123.0  1906  118.6  2025  108.9  1994   266.6  2016   204.8  1964   235.5  1880   289.2  1924   886.3  1939
  101.8  1851   83.6  1885   81.6  1896   72.2  1951   78.4  1946   83.0  1936   91.6  1903   97.2  1952   98.9  1950  122.4  2021  117.8  1894  105.4  2017   265.4  1925   199.3  1994   234.5  1936   288.3  2012   885.6  1915
  101.6  1875   83.5  2000   81.5  1941   72.1  1926   75.6  1854   79.8  1875   91.1  1893   97.0  1897   97.9  2019  121.0  1872  116.4  1996  104.7  1986   262.1  1943   198.1  1869   234.3  1992   284.2  1992   885.5  1999
   99.6  1866   83.2  1927   79.8  2016   71.5  1937   75.2  1948   79.2  2020   90.6  2008   96.7  2015   97.5  1994  120.6  1848  116.3  1839  104.6  1869   261.8  2013   196.7  2006   233.2  1966   283.7  1891   884.5  2008
   99.5  1998   80.1  1880   79.5  1867   71.4  1879   75.1  1973   79.2  1999   90.0  1895   96.6  1997   96.5  1924  120.0  1924  114.9  2012  103.7  1972   261.1  1873   195.3  1908   233.0  1950   281.9  1967   881.4  1954
   98.9  1960   80.1  1837   76.8  1908   71.1  1908   73.7  1879   77.1  1964   89.8  1877   94.9  1974   95.6  1998  119.4  1982  114.8  2019  102.5  1891   260.6  1961   191.2  1872   232.0  2020   280.8  1876   880.4  1916
   98.5  1886   79.4  1897   76.1  1927   70.5  1889   72.9  1907   76.5  1946   88.6  1890   94.5  2008   95.4  1984  118.6  2001  113.5  1930  101.8  1924   258.8  1928   190.2  1848   231.7  1878   279.8  1930   873.9  1910
   98.2  2025   78.7  1876   73.8  1952   70.4  1986   72.7  1885   75.2  1977   88.4  1851   94.4  1950   94.3  1849  116.0  2002  112.0  2014  100.6  1960   258.0  1974   189.9  2016   229.7  1939   279.2  1993   872.6  1879
   97.4  1900   78.0  2022   73.7  1998   69.9  1859   71.8  1937   75.1  1871   88.4  1850   93.3  1905   93.3  1848  114.6  1892  109.3  1997  100.6  1948   255.7  1978   189.4  1836   229.6  2008   277.4  1842   871.4  1937
   97.3  1926   77.6  2010   73.1  1864   69.7  1836   71.4  1951   75.1  1902   87.6  2017   93.1  1837   92.4  1859  112.3  1870  109.2  2023  100.3  1945   255.6  1984   189.0  1916   226.5  2004   277.0  1946   871.0  1866
   96.9  1912   77.6  1919   73.0  1842   69.3  1899   71.4  1986   74.9  1883   85.2  1940   91.7  1916   87.5  1842  112.0  1916  108.6  1841  100.1  1912   251.9  1970   188.3  1952   226.4  1894   277.0  1987   867.4  1993
   96.8  1978   77.4  1933   72.6  1954   69.1  2023   70.8  1984   74.3  1955   84.0  1865   91.6  1846   86.5  1879  111.4  1857  108.4  1861   99.9  2025   251.4  1951   188.2  1860   226.4  1890   275.6  2025   864.2  1994
   96.8  1961   76.6  1967   72.5  1933   68.7  1959   70.6  1994   72.9  1880   83.7  1932   91.5  1966   86.5  1962  110.5  1886  108.2  1910   99.3  1882   250.5  1904   188.2  1919   226.1  1909   271.1  1927   863.6  1891
   96.8  1959   76.4  1941   72.3  1861   67.8  1970   70.5  1993   71.6  2011   83.3  1927   90.9  1958   86.2  1863  110.2  1917  105.5  1969   99.1  1847   250.4  1897   188.2  1942   225.2  1971   268.1  1932   861.3  1880
   96.7  1922   76.3  1935   71.3  1989   67.7  1878   70.1  1847   71.4  1866   83.2  1930   89.7  1985   86.0  1925  109.7  1852  105.4  1986   98.6  1922   247.2  1866   186.6  2014   224.8  1877   267.2  1894   859.5  1930
   95.8  1867   75.9  1994   70.8  1978   67.1  1999   70.0  1867   70.9  1900   83.0  1956   89.3  1962   83.8  1956  108.6  1929  104.8  1982   97.6  1981   244.9  1872   186.5  1897   223.8  1922   265.4  1981   857.6  1935
   95.6  1962   75.8  1914   70.0  1844   66.7  1918   69.3  1943   69.7  1966   82.7  1953   88.6  1902   83.6  1967  108.5  1853  104.5  1931   96.8  2018   241.8  2000   186.0  1975   223.4  1941   264.8  1952   853.7  1965
   94.9  1869   74.8  1980   69.8  1959   66.7  1867   68.9  1945   68.5  1945   81.6  1992   88.2  1963   83.1  1992  108.5  1862  104.3  1882   96.3  1907   241.7  1926   184.4  1972   223.4  1965   264.4  2006   849.2  1968
   94.4  1899   74.3  1922   69.7  2013   66.7  1853   68.8  1915   68.0  1861   80.6  1883   87.7  1922   82.5  1983  107.8  2012  103.9  1916   95.5  1897   241.4  1957   184.3  1931   222.7  1910   263.9  1896   847.8  1886
   92.7  1860   73.9  1844   68.7  1987   65.8  1939   67.4  1958   67.8  1928   80.6  1914   87.5  1910   82.2  2008  105.4  1980  102.7  1883   95.4  1956   241.0  1920   183.5  1882   221.9  1841   263.8  1918   845.2  1950
   91.8  1920   73.6  1869   68.4  2019   65.4  1857   66.6  1877   67.6  1926   80.0  1978   87.3  1971   82.2  1857  105.0  1889  100.7  1878   95.0  1938   239.9  1948   183.4  2007   220.8  2019   263.0  1950   841.1  1979
   90.9  1873   73.5  1978   68.2  1965   64.4  1901   66.0  2015   67.3  1917   79.0  2024   86.4  1841   81.9  1856  104.7  1944   99.5  1959   94.7  1961   238.9  1999   182.7  1907   220.5  1855   261.9  1859   840.0  1981
   90.9  1993   72.6  1970   67.7  1872   64.4  1930   65.6  1865   67.0  1910   78.9  1886   85.6  1908   81.1  1868  102.7  2006   99.5  1938   93.7  2006   238.1  1946   182.1  1966   220.3  1843   261.6  1874   838.8  2001
   89.9  1846   71.8  1954   67.4  1994   64.3  1992   65.3  1968   67.0  1948   78.5  1958   85.4  1866   80.9  1836  102.4  1836   99.2  1906   93.4  1880   238.0  1899   180.8  1914   219.9  1957   258.9  1848   838.5  1878
   89.9  1938   71.5  1972   67.3  1873   64.3  1843   64.8  2013   67.0  1931   78.0  1912   83.6  1930   80.6  2025  101.9  1935   98.4  2003   92.8  1966   237.3  1913   179.8  1856   215.7  2017   258.3  1916   836.8  1986
   89.8  1865   71.3  1946   67.2  1940   64.2  1991   64.6  1902   66.6  1843   77.9  1925   83.0  1892   80.1  1932  101.8  1847   96.5  1876   92.4  1935   236.3  2010   179.7  1849   214.1  1987   257.4  1951   836.2  1914
   89.8  1915   70.4  1940   67.0  1977   63.6  1953   64.5  1954   66.2  1862   77.8  1909   82.5  1900   79.1  2017  101.7  1993   96.5  1844   91.8  2009   236.1  1848   179.2  1851   213.0  1866   257.3  1926   834.0  1982
   89.7  1868   70.3  1989   66.4  1969   62.8  1964   63.6  1904   66.0  1963   77.4  1954   82.4  1845   78.6  1897  101.3  1913   96.5  1911   91.4  1958   235.8  1988   178.4  1846   212.7  2009   257.2  1968   830.5  1894
   89.3  1972   68.3  1996   66.0  1889   62.2  1919   63.3  1840   65.9  1973   77.0  2021   81.2  1957   78.3  1903   99.6  2005   95.5  2016   90.3  1852   235.7  2003   178.4  1876   211.2  1871   255.2  1866   830.0  1992
   87.4  1904   67.8  1899   65.8  1972   61.9  1968   63.2  1952   65.6  1888   76.6  2002   80.5  1856   78.0  1875   98.9  1898   95.3  2006   90.0  1976   233.6  1958   177.4  1930   211.2  1974   253.5  1970   827.8  1865
   87.3  1977   67.5  1872   65.2  1928   61.5  1934   62.3  1872   65.2  1897   74.5  1884   80.0  1924   76.9  1882   98.8  2014   93.9  1952   89.8  2011   233.0  1986   175.9  1909   211.1  1915   253.3  2013   826.3  1967
   86.0  2015   67.4  1906   65.1  1986   61.3  1994   62.1  2017   64.9  1890   74.3  2001   78.7  1873   76.9  1936   98.1  1844   93.0  1885   89.7  1942   229.1  2018   175.8  2002   210.1  1920   252.2  1906   823.4  1836
   85.7  1895   66.8  1865   64.1  1860   61.2  1872   62.0  1949   64.0  1881   74.2  1993   77.9  2012   76.8  1860   96.5  1981   91.5  2018   89.6  1995   228.6  2004   174.3  1988   208.4  1982   251.4  1994   818.9  1936
   85.6  2023   66.7  1936   63.6  2006   60.5  1979   61.9  1930   64.0  1993   73.6  1891   76.0  1938   75.9  1944   95.6  1961   91.4  1965   89.6  2015   226.0  1967   174.0  1993   208.0  1988   251.0  1865   816.7  1928
   85.2  1942   66.6  1960   62.2  1877   60.2  1923   61.7  1972   63.9  1892   73.5  1969   75.9  1853   75.4  1952   95.6  1894   91.2  1914   89.2  2022   225.2  1879   173.7  1941   207.8  1892   250.9  1838   807.6  1925
   85.0  1991   65.5  1843   61.6  1922   59.9  1897   61.6  1997   63.9  1906   73.3  1904   75.8  1859   75.2  1951   95.5  1952   89.8  1881   88.6  1997   223.7  1885   172.7  1987   207.5  1845   249.2  1923   806.1  2021
   84.9  1969   64.5  1979   61.2  1920   59.7  1987   61.6  1910   63.7  1855   73.2  1889   75.2  1996   74.4  1899   94.3  2022   89.3  1905   87.6  1849   222.6  1840   171.0  1992   207.1  1999   245.2  1892   806.0  1919
   84.7  1863   64.3  1861   61.1  1934   59.4  1862   61.3  1850   63.4  1974   73.1  1841   74.9  1857   71.7  1973   93.8  1863   87.7  1936   87.5  1881   221.2  1969   170.3  1905   206.5  1905   244.7  2008   805.6  1883
   83.5  1890   63.8  1931   61.0  1992   59.3  1950   60.3  1985   63.4  1878   73.0  2015   74.7  1942   71.4  2022   91.5  1874   86.8  2015   87.2  1839   220.4  1922   170.0  1985   206.2  1953   244.4  1963   805.5  2009
   83.2  1840   63.7  2016   60.8  1991   58.9  1925   60.0  1841   63.3  1907   72.9  1917   74.4  1979   71.4  1862   91.4  1859   86.5  1949   87.1  1918   220.0  1996   168.9  1965   206.1  1902   244.2  1863   804.8  1923
   83.0  1924   63.1  1961   60.5  1901   57.9  1975   59.9  1858   62.5  1965   72.0  1966   74.2  1889   70.7  2023   90.3  1940   86.5  1928   86.3  1848   219.9  1881   168.7  1989   204.4  2023   243.9  2020   801.5  2004
   82.7  1941   62.9  1838   60.3  1917   57.4  2008   59.3  1845   62.4  1841   71.9  1941   73.7  1895   70.3  1887   90.0  2024   86.1  2008   86.2  1860   218.9  1875   168.3  1879   204.1  1948   243.6  1886   800.0  1948
   82.5  1951   62.2  1926   60.3  1886   57.3  1947   59.2  1966   62.2  2021   71.6  1991   73.5  2006   70.2  1892   89.5  1896   85.7  2024   85.7  1916   217.3  2025   168.3  1922   202.6  1963   243.1  1938   796.7  1977
   82.2  2007   62.0  2021   59.7  1881   57.1  1973   59.0  1913   61.4  2017   69.4  1973   72.9  1890   69.2  1954   89.3  1994   85.4  1976   85.7  1998   216.3  1837   167.5  1955   202.0  2015   241.6  1844   796.6  1922
   82.2  2018   59.4  1969   59.5  1971   56.9  1972   59.0  1926   60.7  1956   69.4  1848   72.6  1925   69.1  1840   89.3  1925   84.7  1927   85.6  1955   215.9  1941   167.5  1925   201.2  1977   240.6  1878   795.5  1931
   82.2  1965   59.3  2009   58.1  1942   56.7  1910   57.1  1906   60.1  1924   68.7  1908   72.1  1876   68.8  1909   88.7  1938   82.1  1865   85.6  1982   215.8  1867   167.5  2004   200.2  1873   239.8  2009   792.6  1843
   80.4  1918   57.9  2011   57.8  2007   56.5  1885   56.3  1855   59.9  1911   68.6  1846   72.1  1970   68.5  1864   88.6  1910   81.2  1972   85.4  1937   212.6  1906   165.0  1885   197.4  1861   239.8  1913   790.9  1980
   79.9  2009   57.5  1945   57.7  1957   56.2  2005   56.1  1894   59.1  1896   68.2  1910   71.7  2001   68.2  1845   88.3  1878   80.9  1971   85.4  1977   211.1  1962   164.8  2013   196.5  1846   239.6  1925   790.7  1881
   79.7  1955   56.8  2025   57.5  1984   55.9  1905   56.0  2016   59.0  1845   67.8  2003   71.6  1939   68.1  1961   87.8  1945   80.8  1887   84.9  2003   210.5  1911   164.7  1999   195.2  2014   239.4  1928   790.7  1900
   79.6  2002   56.3  1912   56.5  1995   55.7  2014   56.0  1916   58.9  1953   67.6  1849   70.5  1919   67.7  1953   87.2  1895   80.6  1913   84.7  2021   209.4  1853   164.7  1888   193.7  1851   239.3  1857   790.4  1984
   79.4  2011   56.2  1928   56.3  1985   54.9  1962   55.5  1941   58.5  1990   66.5  1980   70.4  1894   67.2  1982   85.2  1912   80.1  1886   82.5  1927   208.9  2002   164.6  1978   193.6  1859   239.3  1958   790.1  1918
   79.2  2003   55.8  1955   56.2  1895   54.1  2016   55.4  1938   58.4  1972   66.2  1845   70.1  1969   66.3  2006   84.9  1942   78.7  1890   82.3  1923   208.1  2008   164.3  1858   193.5  1863   239.1  1877   787.5  1970
   79.0  1837   55.4  1894   56.2  1911   54.0  1940   55.1  1917   58.3  1894   66.0  1858   69.6  1844   65.6  2012   82.7  1893   78.2  1859   82.2  1925   206.4  1956   162.9  1959   192.6  1986   234.8  2001   786.3  1909
   79.0  1958   54.9  1877   55.5  2017   54.0  1903   54.4  1962   57.8  1920   64.1  1873   69.6  1863   65.1  1838   81.9  1974   78.1  1899   81.8  1983   204.0  1955   162.6  1891   192.4  1930   230.4  1999   785.9  1885
   78.5  2013   53.8  1874   55.5  1884   53.6  1868   54.3  1964   57.7  2003   63.4  1938   68.5  1968   64.3  2001   81.5  1867   77.8  1977   81.6  1930   203.9  1860   162.0  1898   192.2  1838   229.9  1995   782.3  1859
   78.1  1853   53.6  1884   55.2  1839   53.6  1981   54.2  2003   57.5  1859   63.0  1987   67.5  1980   63.9  1922   80.7  1984   77.5  1864   80.9  1884   203.7  1887   161.3  1917   191.8  1900   229.9  1840   781.6  1869
   78.1  1857   53.4  1867   55.0  1866   53.5  1985   53.8  1953   57.5  1873   62.3  1919   66.7  2017   63.9  1861   80.4  1911   76.1  1900   80.7  1946   203.3  1931   161.2  1859   189.5  1837   228.0  1869   779.6  2013
   77.7  1983   53.3  1889   54.3  1970   52.1  1894   53.7  1875   57.2  1847   62.0  1944   66.7  1888   63.9  1923   80.0  1990   75.4  1845   79.7  1841   202.7  1865   160.5  1940   189.4  1945   227.6  1846   776.9  1952
   77.7  2001   53.2  2015   53.9  1936   52.0  1880   52.9  1852   56.7  1916   61.9  1854   66.0  1934   63.6  1943   79.8  1986   75.4  1843   78.8  1928   201.4  1870   160.1  1968   189.0  1895   226.8  1907   775.7  1932
   76.7  1856   52.9  1836   53.1  1868   51.3  1952   52.9  1890   55.6  1947   61.6  1945   65.7  1982   62.1  2010   79.4  1849   75.0  1891   78.2  1859   201.0  1846   159.2  1923   188.9  1897   226.7  1895   774.6  1987
   76.6  1883   52.2  1840   52.9  1841   50.4  1886   52.7  1899   55.5  1978   61.4  2004   65.7  1839   61.1  1991   79.2  1839   74.7  1898   78.1  1845   201.0  1894   158.8  1946   188.2  1991   225.7  1909   774.5  1853
   76.6  1884   51.8  1988   52.1  1999   50.1  1895   52.3  1929   55.2  1857   60.9  1892   65.4  1944   60.2  1872   78.1  1989   73.3  1860   76.8  1968   200.9  1991   158.2  1857   187.1  1916   225.7  1980   774.1  1862
   76.4  1927   51.8  2017   51.5  2010   49.9  1936   51.6  1988   54.3  1960   60.8  1901   65.3  1872   60.1  1920   77.9  1915   72.7  1924   76.7  1969   199.9  1998   158.0  2021   187.0  2011   225.1  1966   771.3  1940
   76.3  1979   51.0  1882   51.2  1857   49.3  1965   51.5  1950   53.4  1944   60.6  1836   65.2  2023   59.9  1933   77.6  1851   72.6  1850   76.3  1920   199.3  1852   157.5  1912   186.2  1998   225.0  1965   770.8  1920
   74.8  1879   50.7  1839   51.1  1930   49.1  1978   51.4  1965   53.0  2005   60.2  1859   64.8  2011   59.8  1873   77.1  1988   72.4  1941   75.7  1898   199.0  2015   157.4  1841   185.8  1883   224.1  2014   769.2  1868
   73.5  1921   49.8  1870   50.2  1859   49.0  1927   51.1  2018   52.6  1836   60.1  1840   64.7  2019   59.1  1970   77.0  1937   72.4  1880   75.7  1874   198.7  1938   156.1  1850   185.7  2010   223.8  1843   765.2  2006
   72.8  2020   49.2  2006   50.1  1869   48.6  1909   50.6  1923   52.5  1933   60.1  2005   64.6  1953   59.0  2016   76.6  1954   72.3  1995   75.1  1893   197.2  1950   154.7  1901   185.3  1908   221.2  1899   762.0  1867
   72.6  2024   48.6  1987   50.1  1855   48.6  1949   50.5  1842   52.0  2009   59.8  1842   64.1  1904   59.0  1931   76.4  1933   71.3  2010   74.4  2007   196.3  1972   153.1  1977   185.2  1951   219.9  1871   761.9  1988
   72.1  1903   48.3  1873   49.6  1967   47.6  1946   49.5  1873   51.8  1885   58.7  1942   64.0  1923   58.8  1937   76.4  2008   71.3  1991   73.8  1952   195.9  1983   152.5  1933   185.0  1857   219.7  1911   761.4  1969
   71.2  1910   48.1  1984   49.4  1891   46.9  1866   48.3  1933   51.4  1939   58.2  1947   63.5  1988   58.5  1948   76.4  2025   71.0  1987   72.7  1895   194.0  1982   152.3  1847   182.9  1969   219.4  2005   761.2  1846
   70.4  1894   47.7  1892   48.4  1923   46.7  1944   48.0  1977   51.0  1891   58.0  1946   63.4  2018   57.9  1980   75.8  1868   70.9  1874   72.7  1936   193.5  1959   152.3  1982   182.7  1978   219.1  1849   758.1  1929
   68.1  1854   46.8  1842   47.6  1932   46.6  1948   47.8  2022   50.8  1851   57.8  1923   63.3  1994   57.9  2021   74.7  1992   69.7  1902   71.9  1990   191.1  2022   151.5  1927   182.0  1867   217.3  1853   755.6  1897
   67.6  2017   46.6  1859   47.6  2005   46.5  1888   47.5  1908   50.1  1884   57.8  2000   63.2  1965   57.8  1913   74.1  1958   69.4  1915   71.9  1984   190.1  1849   150.9  1871   181.9  1914   217.2  1881   754.3  1888
   67.4  1952   45.6  1849   47.5  1846   46.4  1971   47.4  1882   49.8  1914   57.4  1970   63.0  1874   57.6  1850   73.2  1968   68.7  1998   71.1  1858   188.0  1882   150.1  1973   181.0  2021   215.7  1961   751.5  2018
   66.9  2010   45.6  1871   47.4  1960   45.9  1917   47.3  1912   47.5  1943   57.3  1852   62.3  1858   57.6  1881   73.1  1959   68.4  1907   71.0  1870   187.9  1902   150.0  1962   180.8  1944   215.1  1957   750.4  1907
   66.9  1925   45.5  2019   47.3  2020   45.6  1851   46.8  1887   47.2  1842   56.7  1937   62.1  1928   57.3  1884   72.7  1926   67.0  1993   70.9  1964   187.5  2009   150.0  1934   180.4  1862   213.3  1986   749.9  2015
   66.7  1932   44.0  1991   46.7  1890   45.4  1890   46.7  1918   46.7  1957   56.2  1866   61.9  1882   57.0  1963   72.7  1883   67.0  2007   70.3  1947   187.2  1868   149.3  1864   179.7  1928   212.9  1910   749.8  1957
   66.4  1946   44.0  1856   46.4  2004   44.9  1967   46.5  1883   46.6  1865   56.0  1907   61.8  1915   56.5  1853   72.2  1948   66.6  1975   69.4  1856   186.6  1901   149.3  1948   179.6  1973   212.3  1861   749.3  1906
   66.1  1841   43.7  1868   46.1  1870   44.4  1841   46.5  2012   46.4  2014   55.4  1962   60.7  1909   55.2  1934   72.0  1854   66.5  1966   68.5  1954   186.6  1947   149.3  1902   178.9  2001   211.9  2004   746.6  2016
   66.1  1845   43.6  1911   45.9  1983   44.3  2002   46.4  1920   46.1  1876   54.9  1857   59.3  1862   55.0  2015   71.8  1953   66.3  1962   67.7  1967   186.3  1924   148.7  1971   176.6  1918   211.6  1887   746.5  1926
   65.9  1968   43.5  1841   45.8  2002   44.0  1874   46.4  1996   46.1  1901   54.9  1844   59.3  1945   54.8  1938   71.3  1955   66.1  2013   67.1  1992   185.6  1892   148.3  1935   176.6  1889   210.7  1862   744.6  1985
   65.1  1985   43.1  1878   45.3  1902   42.8  1898   46.1  2004   45.8  2002   54.9  1862   59.2  1921   54.5  1867   71.0  1943   65.4  2005   67.1  1908   185.5  1893   147.8  1954   176.3  1993   210.6  1936   744.2  1941
   64.6  1940   42.3  1947   44.6  1955   42.8  1837   45.9  1853   45.6  1898   54.8  1985   58.8  1961   54.5  1877   70.5  1873   64.5  1994   66.6  1866   185.1  1851   147.6  1970   175.8  1907   209.7  1847   742.0  1917
   64.0  1887   42.3  1968   43.5  2022   41.8  1884   45.7  1838   45.3  1854   54.6  1843   57.6  1898   54.4  1945   69.9  1881   64.3  1925   65.9  1951   184.7  1940   147.5  1894   174.9  1850   208.1  1868   741.6  2017
   63.9  1862   41.8  1953   43.2  1939   41.3  1847   45.7  1992   44.5  1989   54.5  1959   57.1  1896   54.4  2005   69.6  1900   64.2  1863   64.3  1904   184.5  1975   147.0  1853   171.5  2002   207.7  1870   741.5  1913
   63.5  1947   41.6  1875   42.5  1904   40.8  1969   45.6  1999   44.5  2008   54.5  1860   56.5  1987   53.8  1894   69.6  1999   63.6  1873   64.3  1957   184.2  2023   146.0  1949   170.5  1938   207.3  1996   739.2  1978
   63.0  1836   41.6  2018   41.9  1906   40.4  2009   45.0  1947   44.0  2022   54.0  1926   56.4  1907   53.6  1908   68.9  2010   63.1  1869   63.5  1894   181.2  1842   145.5  1926   167.8  1926   206.4  1860   737.4  1963
   62.6  1934   41.3  1981   41.5  1996   40.2  1928   44.7  1978   43.0  2004   53.5  1837   56.0  1943   53.2  1837   68.8  1899   62.4  1980   62.8  2005   180.0  1971   145.1  1899   167.5  1970   206.0  2021   736.5  1997
   62.0  1996   41.2  1982   41.3  1887   39.3  1902   44.5  1864   42.9  1837   53.4  1881   55.8  1935   52.9  1886   67.5  1856   62.2  1918   62.7  1962   178.6  2019   145.0  1890   166.9  2016   203.0  1855   736.1  1972
   61.8  1874   41.2  1850   41.0  1847   38.9  1845   44.3  1963   42.5  1952   52.8  1974   55.5  1842   52.3  1858   67.1  1858   60.8  1985   62.5  1903   176.0  1927   144.0  2005   166.8  1884   202.3  2010   732.8  1961
   61.0  1843   40.9  1853   40.7  1962   38.9  1839   44.3  1987   41.2  1856   52.1  2019   54.6  1851   51.6  1878   67.1  1997   60.7  1979   62.2  2024   175.9  1968   143.4  1918   164.5  1856   197.4  1888   731.4  1871
   60.0  1891   40.7  2013   40.7  2014   38.5  1996   43.8  1975   41.1  1950   50.7  1838   54.4  2000   51.5  1847   66.7  1838   60.4  1892   61.6  1906   175.1  1861   143.0  1866   164.0  2005   197.3  2015   731.2  1995
   59.2  1885   40.1  1999   40.0  1921   38.1  1977   43.5  1846   40.5  1941   50.5  2011   53.6  1967   51.0  1942   66.0  1996   60.3  1893   60.6  1888   173.8  1987   142.6  1928   163.5  1893   196.4  1997   725.1  1849
   59.0  1944   40.1  1855   39.7  1865   37.7  2003   43.3  2009   40.1  2025   49.9  1933   53.2  2007   50.4  1949   65.2  1837   60.1  1837   60.3  1837   172.6  1973   142.1  1950   162.6  1904   196.0  1917   722.4  1856
   58.6  1980   39.9  2004   39.3  1894   37.5  1990   43.2  2023   40.0  1929   49.8  1928   52.9  1850   50.4  2013   63.9  1971   59.7  1957   59.7  2014   172.3  1857   141.8  1910   162.5  1842   194.9  2018   719.6  1842
   58.1  1849   39.8  1852   38.9  1882   37.3  1869   42.8  1971   39.4  1864   49.7  1961   51.5  1914   50.2  1889   63.8  1979   59.1  1923   59.3  1850   170.9  1871   139.4  1873   161.9  1952   194.5  1898   719.2  2025
   58.0  1931   39.4  1908   38.4  1958   37.3  1911   42.4  1900   39.3  1969   49.5  1986   51.0  1867   49.9  1904   63.0  2009   58.8  1866   58.5  1899   170.5  1908   139.1  1939   161.3  1858   193.9  1873   718.5  1959
   57.8  1897   38.9  1847   38.3  1838   37.1  1883   42.3  1982   39.0  1840   49.4  1929   50.9  2005   49.2  1846   62.5  1930   58.5  1912   57.5  1950   170.4  2011   139.1  1868   161.3  1932   192.7  1864   718.0  1983
   56.5  1967   38.9  1918   38.2  2009   36.9  1875   41.6  1857   38.7  1981   49.2  2025   50.2  2013   47.7  1905   62.3  1914   58.2  1919   57.5  1877   170.2  1993   138.4  2019   160.9  1919   192.3  1975   715.0  1989
   56.3  1945   38.8  1864   37.5  2021   36.7  2020   41.2  1866   38.7  1988   49.1  1975   50.1  1870   47.6  1917   60.7  1871   58.0  1967   57.2  1862   170.1  1945   138.3  1953   160.0  1935   190.6  1889   712.9  1889
   56.1  1844   38.3  1898   36.5  1976   36.6  1941   41.1  1859   38.0  1970   49.1  2020   50.0  1929   47.4  1901   60.5  1887   57.9  1958   57.1  1836   169.1  1850   138.0  1904   157.3  1844   190.1  1915   712.4  1944
   55.4  1957   37.1  1907   36.4  1974   36.6  1988   41.1  2001   37.8  1992   48.4  1963   49.9  1875   46.9  1844   60.4  1920   57.5  1990   57.0  1838   168.9  1985   137.7  1842   156.5  1836   189.8  1914   712.2  1942
   55.2  1982   36.8  1903   36.2  1871   36.5  1838   40.9  1921   37.6  1874   47.9  1981   49.5  1901   46.2  1987   59.7  1902   57.4  1955   56.7  1940   167.2  2012   137.3  1991   156.3  1901   188.9  1912   710.3  1971
   54.6  1842   36.2  2005   35.7  1885   36.3  1860   40.2  2005   36.8  1899   46.8  2014   49.1  2002   45.7  1988   59.6  1983   57.3  2020   56.2  1944   167.1  1843   136.4  1980   154.7  1925   188.4  1983   710.0  2022
   54.4  2012   36.1  1939   35.5  2015   35.9  2006   40.1  1957   36.7  1937   46.1  1943   49.0  1838   45.2  1912   58.8  2018   57.2  1921   56.1  1980   165.2  1965   135.9  1984   154.2  1854   188.2  1845   705.2  1857
   54.3  1871   35.7  1902   35.4  1949   35.2  2025   39.2  1940   36.5  1984   45.8  1972   48.8  1984   44.5  2018   58.6  1877   56.6  1968   55.2  1878   163.6  1949   133.7  2017   153.4  1962   188.2  1943   703.3  1845
   53.7  1893   35.2  1943   35.3  1880   35.2  1960   39.2  1995   36.4  1867   43.2  1949   47.6  1840   44.4  1989   57.0  1927   56.4  1847   54.1  1865   162.6  1884   132.4  1845   152.4  1896   187.9  1856   703.1  1838
   52.7  1933   35.1  1888   34.4  1853   35.0  1942   38.4  1960   36.3  1986   42.8  2006   47.2  1978   44.2  1955   56.6  1901   55.1  1903   53.8  1867   162.5  1933   130.2  1958   149.7  1943   187.6  1991   702.1  1956
   51.8  1847   34.7  1901   34.1  1845   34.5  1956   37.9  1976   36.2  1846   42.8  2013   47.0  2016   43.5  1919   56.4  1860   54.3  2017   53.8  1974   161.3  1863   128.4  1911   149.1  1876   186.5  2016   701.7  1895
   50.3  1966   34.4  1948   33.8  1878   33.8  2019   37.2  1892   35.8  2023   42.8  1856   47.0  1854   43.1  2004   55.4  2015   53.8  1934   53.3  1887   161.0  1856   127.4  1861   148.2  1964   185.9  1893   694.0  1911
   49.5  1882   34.2  1976   33.4  2026   33.5  1891   37.2  1914   35.4  1979   42.8  1967   46.7  1918   42.9  1893   55.2  1991   53.5  1943   51.9  1973   160.3  1903   126.8  1945   147.7  1886   185.8  1962   693.6  1899
   48.2  1839   33.9  2003   32.9  1968   33.3  1887   37.1  1928   34.2  1934   42.5  1998   46.7  1885   42.8  1911   54.9  1876   53.4  1870   51.9  1854   159.1  1921   126.3  1996   146.7  1942   185.1  1953   691.9  1938
   47.0  1870   33.0  1860   32.7  1946   32.6  1916   36.6  1974   34.0  2010   42.4  1902   46.6  1887   42.8  1915   54.7  1869   52.3  1853   51.8  2004   158.4  1859   125.4  1915   146.7  1840   184.6  1905   690.3  1873
   46.0  1878   33.0  1846   32.1  1898   32.3  1900   36.2  2019   33.6  1850   42.0  2010   46.3  1926   42.4  1916   53.8  1957   51.9  1961   51.4  1902   158.4  1876   125.2  1936   140.2  2003   183.3  1931   689.3  1945
   45.9  1923   32.7  1983   31.9  1924   31.9  1904   35.7  1893   33.4  1877   40.4  1951   45.7  1932   42.3  1891   53.7  2003   51.8  2001   49.7  1939   156.3  1898   123.8  1865   139.4  1929   183.1  1937   687.0  1934
   43.5  1981   32.4  1973   31.4  1950   31.8  1864   35.5  1909   33.3  1967   38.7  1916   45.4  2009   42.1  2011   53.1  1964   51.5  1854   49.4  1871   155.8  1839   123.8  1961   139.3  1979   182.8  1942   685.4  1874
   43.1  1917   31.9  1985   30.8  1883   31.6  1933   34.9  1911   33.0  1858   38.4  1900   44.7  1893   42.0  1870   52.7  1934   51.4  1989   49.3  1921   155.4  1895   123.3  1906   138.7  1961   179.4  1990   684.8  1904
   43.1  1876   31.5  1992   29.9  1918   31.4  1914   34.8  1863   32.8  1844   38.1  1989   44.2  1973   41.9  1990   51.9  1941   51.2  1868   48.3  2008   155.4  1917   123.2  1884   138.6  2006   179.2  1850   683.3  1837
   42.5  1954   31.4  1949   29.2  1863   30.3  2013   34.0  1935   32.8  2001   38.1  1948   44.1  1855   41.3  1902   50.1  1918   50.9  1846   47.9  1889   155.2  1890   122.0  2009   138.2  2024   178.5  1837   682.0  1847
   42.1  2005   31.0  1845   29.1  1843   30.2  1863   33.8  2011   32.2  2015   37.4  1899   44.0  1886   40.8  2020   49.2  1963   50.6  1964   47.6  1941   154.0  1952   121.7  2015   137.2  2000   176.5  1959   681.8  1896
   41.9  1992   30.8  1858   28.5  1900   30.2  1892   33.1  1897   31.9  1915   37.2  1870   43.3  1836   40.0  1972   49.1  1850   49.3  1999   47.6  1949   152.4  1942   121.7  1839   136.3  1923   176.4  1948   680.9  1863
   41.4  1848   30.5  1964   27.9  1858   30.1  1945   33.0  1861   31.9  1932   36.2  1896   42.8  1989   36.8  1947   48.0  1956   49.1  1947   47.4  1861   150.8  1918   121.4  1887   135.5  1934   174.0  1989   680.7  1955
   40.8  1901   30.5  2008   27.8  1945   29.5  1921   32.5  1881   31.4  1959   36.0  1964   42.3  1959   36.2  1914   47.7  1866   48.4  1932   47.2  1943   150.7  1886   121.3  1895   135.0  1849   172.8  1955   674.3  1943
   40.7  1859   29.7  1963   27.5  1948   29.2  1915   32.5  1888   31.0  1938   35.3  1982   42.2  1884   35.4  1966   47.6  1905   47.3  1937   46.1  1864   146.6  1878   120.9  1960   134.9  1874   171.7  2003   673.4  1861
   40.3  1850   29.0  1944   27.4  1856   26.8  1929   32.3  1868   31.0  1908   35.3  1994   41.9  2021   34.9  2007   47.2  2007   46.9  1942   44.9  1863   145.8  1844   120.6  1838   134.0  1972   170.7  1902   673.4  2010
   39.8  1929   27.3  1913   27.4  1915   26.5  1943   32.3  2010   31.0  1869   35.3  1934   40.9  1847   34.8  1921   46.7  2011   46.3  1983   43.7  1970   145.7  2017   119.2  1855   132.8  1868   169.4  1933   672.4  1976
   38.8  1916   27.3  1975   27.3  2003   24.4  1958   31.0  1870   30.3  1849   35.2  1878   40.5  1975   34.5  1940   46.7  1864   45.8  1857   41.8  1987   145.5  1914   119.2  2003   132.4  1996   167.5  1900   671.0  1892
   37.8  1881   26.6  1917   26.8  2012   24.4  1881   30.9  1851   30.2  1922   35.1  1997   40.3  1949   34.1  1855   46.6  1908   45.7  1948   40.9  1892   143.4  1929   119.1  1995   130.2  1847   167.4  2017   670.5  1990
   37.7  1989   25.9  1854   26.5  1892   24.2  1906   30.2  1939   30.2  1951   34.8  1996   38.2  1993   33.5  1926   46.1  1936   45.6  1953   40.6  1842   142.8  1838   116.9  1943   129.6  1967   164.5  1971   669.7  1851
   36.5  1973   24.8  1857   26.4  1907   23.9  2010   29.8  1901   30.1  1961   34.3  1874   38.1  1911   32.1  2002   46.1  1977   45.5  1849   40.3  1913   141.0  1981   116.7  1881   128.2  1959   161.7  1934   669.4  1991
   36.3  2019   24.8  1930   24.9  1966   23.3  1995   29.7  1837   29.4  2013   34.1  1983   38.0  1906   31.8  1888   44.7  1919   45.5  2011   40.3  1855   141.0  1953   114.7  1875   127.8  1933   161.0  1867   668.4  2005
   36.1  1864   24.8  1929   24.9  1956   22.6  1873   28.9  1874   29.1  1889   33.9  1913   37.9  1920   30.8  1978   44.7  1845   45.0  1848   36.9  1996   140.9  1889   114.4  1883   127.6  1947   159.0  1945   668.3  1962
   35.4  1892   24.6  1920   24.8  1874   22.1  1955   27.9  1961   28.8  1983   33.0  1971   37.0  1849   29.9  1906   44.0  1973   44.5  1981   36.7  1975   138.7  1954   114.0  1880   125.5  1937   158.9  1988   660.0  1947
   34.8  1908   24.1  1905   24.1  1993   22.1  1861   27.7  1980   28.1  1919   32.1  1847   37.0  1990   28.7  1890   42.1  1995   43.8  1904   36.6  1875   136.3  1997   111.9  1896   125.5  1989   157.8  1973   657.5  1890
   33.2  1976   24.0  1851   24.1  1875   21.9  1896   27.5  1839   27.7  1893   31.5  1995   36.0  1981   28.1  1986   41.0  1840   43.1  1884   35.7  1846   135.2  1944   110.6  2022   125.3  1898   157.5  1956   655.7  1908
   32.6  1911   23.8  1890   23.9  1849   21.2  1982   27.4  1934   26.5  1994   30.9  1876   35.2  1964   27.8  1928   40.5  1842   42.5  2004   35.5  1971   134.6  2006   110.4  1921   125.1  1994   156.1  1858   651.0  1850
   31.8  1935   23.7  1971   23.9  2000   20.8  1980   26.8  1880   25.7  1913   30.0  2018   34.7  2024   27.4  1939   40.1  1890   42.2  1973   35.4  1851   134.5  1989   107.7  2010   125.0  1906   155.8  1920   650.5  1975
   31.6  1907   23.4  1938   23.5  1910   20.2  2015   26.8  1922   25.6  1930   29.5  1979   34.7  1913   27.0  1969   40.1  1861   42.1  1922   33.2  1885   133.1  1874   104.5  1957   122.6  1981   153.2  1972   648.0  1949
   31.6  1949   23.0  2012   23.3  1837   19.7  1997   26.4  1927   25.6  1918   27.8  1887   34.0  1869   26.1  1979   38.9  1884   39.7  1897   33.1  2010   130.4  1907   103.3  1854   122.4  2013   150.6  1979   644.1  1902
   31.2  1909   21.0  1924   23.3  1879   19.3  2022   26.0  2025   25.4  1895   26.7  1976   33.6  1998   24.9  1996   38.3  1904   38.4  1856   32.4  1932   130.1  2005   103.2  1900   122.1  1990   149.1  2007   640.3  1884
   31.0  1902   20.8  1952   23.1  1899   18.5  1852   25.9  1884   25.2  1904   26.7  1897   33.3  1871   24.5  1977   37.6  1946   38.2  1917   32.4  1883   128.7  1862   100.6  1997   119.2  1955   148.3  1977   640.0  1901
   29.4  1914   20.7  1962   22.3  1925   18.5  1865   25.5  1970   25.0  2000   26.6  1990   32.3  1899   24.2  1854   36.5  1921   37.8  1851   31.5  1917   126.4  1847    97.8  1874   118.6  2025   147.7  1854   639.5  1905
   28.6  1905   19.6  1942   21.0  1943   16.0  2017   24.4  1959   24.8  1886   25.7  1984   32.1  1937   23.9  2009   36.3  1985   36.7  1858   31.4  1931   124.6  1841    95.8  1837   111.7  1885   147.5  1890   638.9  1844
   28.3  2022   19.3  1863   20.9  1953   14.6  1870   24.2  1871   24.4  2024   25.5  1905   31.8  1976   23.7  1964   34.1  1888   36.5  1855   31.3  1890   122.8  1854    94.3  1863   111.0  1984   147.5  1897   636.5  1855
   28.3  2000   18.9  1886   19.3  1997   14.2  1842   24.1  1998   23.9  1887   23.8  2016   31.6  2022   23.4  1985   34.1  2017   36.1  1988   29.7  2001   120.5  1880    93.9  1892   109.7  1940   146.4  1919   633.3  1996
   27.9  1888   17.8  1887   19.1  1935   13.3  1854   23.5  1944   22.3  2006   23.1  1906   31.1  1880   21.8  1900   33.0  1962   35.3  1889   28.9  1853   119.8  1864    91.7  1870   108.8  1911   142.1  1969   629.0  2003
   26.9  1889   17.4  1862   18.0  1973   12.8  1855   21.4  1936   22.3  1996   23.0  1863   30.2  1883   21.0  1843   32.1  2016   35.3  1920   27.2  1991   117.8  1845    89.5  2020   106.5  1899   141.3  1879   621.3  1953
   26.1  1896   15.5  1956   17.9  1931   12.5  1974   20.0  1905   18.7  1870   22.2  1952   29.8  1972   20.9  1898   32.0  1972   34.9  1978   26.7  1879   117.0  1905    89.3  1844   106.0  1870   140.2  1941   620.4  1893
   25.4  1953   15.0  1909   15.0  1990   12.4  1840   19.6  1919   18.5  1940   22.0  1898   29.3  2025   20.8  1895   30.9  1970   33.6  1908   26.6  1988   116.4  1963    86.3  1976   104.9  1975   139.3  1884   618.4  1898
   25.3  1950   14.4  1896   14.8  1852   11.9  1976   18.5  1848   17.7  1995   21.7  1955   26.8  1864   20.2  1851   30.1  1879   33.1  1933   26.3  2016   116.3  1888    86.2  1852   100.2  2018   135.6  1851   610.6  1840
   24.6  1861   13.8  1986   14.8  1850   11.1  1844   17.7  1876   16.4  1949   19.5  1868   25.7  1861   20.0  1997   29.2  1897   30.8  1862   25.3  1905   113.3  1909    85.5  1974    99.9  1949   134.8  1922   608.3  1973
   24.0  1963   12.2  1993   14.4  1854   10.6  1954   16.5  1956   15.8  1976   18.9  1977   25.4  1933   19.7  1971   28.8  1922   30.6  1896   24.4  1953   113.1  1896    83.9  1929    98.2  1887   134.2  2011   605.8  1858
   22.6  2006   12.1  1965   14.3  1926   10.2  2021   16.1  1836   15.3  1975   18.8  1999   23.1  1955   19.6  2003   28.4  1951   28.4  1871   24.4  1963   105.4  1855    83.6  1840    94.3  1913   133.8  1908   602.5  1964
   22.5  1898   11.8  1998   13.9  2011    7.6  1984   16.1  1989   15.2  1868   17.9  1935   21.2  1983   18.9  1907   26.4  1975   28.3  1901   20.7  1844   105.0  1932    78.3  1944    86.4  2022   132.3  1901   602.5  2011
   22.2  1858    9.3  1921   10.5  1893    6.8  1957   15.0  1895   14.4  1923   17.6  1869   20.6  1991   16.5  1929   25.9  1950   25.8  1956   20.2  1933   104.0  1976    75.9  1956    84.1  1983   131.9  1904   600.0  1933
   20.6  1964    9.3  2023    9.4  1938    6.5  2011   14.2  1990   13.3  1942   17.0  1864   18.2  1936   16.1  1910   19.8  1931   25.7  2021   19.7  1857   100.7  1992    70.1  2025    83.1  1864   128.4  1921   573.2  1870
   20.6  1987    8.4  1934    8.8  2025    6.1  2007   12.3  1991    9.4  1921   14.3  1921   14.8  2003   15.9  1941   19.1  1965   24.9  1909   17.6  1873    93.3  1891    70.0  1938    82.9  1921   127.5  1964   566.4  1887
   19.6  1838    6.9  1932    8.1  1944    5.3  1938    8.4  1896    8.7  1962   13.3  1885   13.8  1947   13.4  2014   15.8  1947   24.9  1867   16.4  1926    91.2  1934    66.7  1990    82.5  1869   120.5  1985   551.0  1854
   14.8  1997    6.2  1895    7.9  1840    5.1  1893    8.2  1844    6.8  2018   10.8  1911    8.2  1995    5.4  1865    9.6  1969   24.6  1879   15.7  1843    75.5  1964    54.2  2011    74.3  1976   101.8  1947   546.1  1864
   13.6  1880    5.3  1959    6.2  1961    5.0  1912    5.5  2020    4.1  1925   10.7  2022    6.1  1940    3.8  1959    8.5  1978   16.7  1945   15.0  1840    72.7  1858    51.2  1893    57.4  1995    74.1  1978   453.8  1921
   13.5  1855    2.0  1891    4.8  1929    ---  2026    ---  2026    ---  2026    ---  2026    ---  2026    ---  2026    ---  2026    ---  2026    ---  2026     ---  1836     ---  2026     ---  2026     ---  2026     ---  2026
