Areal values from HadUK-Grid 1km gridded climate data from land surface network
Source: Met Office National Climate Information Centre
Monthly, seasonal and annual number of days in the month with air frost (minimum temperature below zero) for England S
Areal series, starting in 1931
Last updated 01-Apr-2026 11:35
    jan  year    feb  year    mar  year    apr  year    may  year    jun  year    jul  year    aug  year    sep  year    oct  year    nov  year    dec  year     win  year     spr  year     sum  year     aut  year     ann  year
   29.1  1963   26.6  1947   23.3  1955   11.7  2021    6.2  1941    0.7  1962    0.0  1965    0.0  1964    0.5  1969    7.2  1931   13.3  1988   24.0  2010    75.0  1963    26.8  1955     0.7  1962    15.0  1988    82.7  1963
   27.1  1940   26.2  1963   20.5  1962    9.4  1938    4.0  1979    0.1  1991    0.0  1961    0.0  1934    0.2  1948    5.1  1997   12.3  1985   22.9  1950    62.1  1947    25.7  2013     0.1  1991    14.8  1993    80.5  2010
   25.8  1979   25.6  1942   17.1  1937    9.2  1956    2.8  1996    0.1  1936    0.0  1960    0.0  1942    0.2  1986    4.7  1955   12.1  1965   20.6  1933    57.9  1979    23.3  1962     0.1  1936    14.2  1952    79.3  1955
   23.6  1985   24.5  1956   17.1  2013    8.9  1968    2.6  1944    0.0  1989    0.0  1990    0.0  1960    0.2  1975    4.4  1993   11.4  1996   19.9  1981    57.2  1942    23.0  1970     0.0  1989    12.5  1985    78.1  1947
   23.4  1945   24.4  1986   16.5  1931    8.1  2013    2.6  1935    0.0  1975    0.0  1962    0.0  1980    0.2  1932    3.9  2003   11.3  1952   19.7  1962    55.4  1940    22.8  1941     0.0  1975    12.5  1965    76.8  1979
   22.0  1942   20.2  1979   16.2  1932    7.7  1970    2.2  1945    0.0  2001    0.0  1934    0.0  1972    0.2  1943    3.4  1951   11.2  2005   17.9  1976    51.2  1934    22.3  1958     0.0  2001    11.8  2010    75.9  1940
   21.5  1959   19.2  1991   16.0  1958    7.5  1936    1.7  1932    0.0  1961    0.0  1931    0.0  1962    0.1  1952    3.3  1992   10.6  1937   17.9  1961    48.1  1941    20.1  1932     0.0  1961    11.8  1973    74.9  1941
   21.0  1941   19.1  1968   15.4  1970    7.4  1954    1.7  1949    0.0  1969    0.0  1938    0.0  1937    0.1  2003    3.3  1950   10.4  1971   17.1  2001    47.3  1985    19.0  1969     0.0  1969    11.5  1996    74.7  1942
   20.2  1933   19.1  1955   15.1  1953    7.0  1984    1.6  1982    0.0  1977    0.0  1939    0.0  1938    0.1  1939    3.0  1983   10.4  1993   16.6  1963    46.1  1956    19.0  1956     0.0  1977    11.3  1955    73.7  1933
   19.9  1987   18.6  1983   14.8  1987    6.4  1978    1.5  1967    0.0  1967    0.0  1940    0.0  1940    0.1  1959    2.8  1952    9.7  1973   16.5  1937    46.0  2010    18.0  1937     0.0  1964    11.2  2005    73.0  1956
   19.1  1947   18.6  1969   14.6  1944    6.3  1958    1.4  2021    0.0  2011    0.0  1941    0.0  1939    0.1  1942    2.7  1935    9.6  2010   16.4  1946    45.1  1953    18.0  1944     0.0  1934    11.1  1971    72.5  1962
   18.3  2010   18.2  1996   14.3  1947    6.2  1969    1.3  1981    0.0  1973    0.0  1942    0.0  1933    0.1  1957    2.5  1948    8.7  1962   16.2  1964    45.1  1965    17.8  1931     0.0  1967    10.8  1937    71.7  1952
   18.1  1980   18.2  1981   13.2  1946    6.2  1990    1.3  2020    0.0  1986    0.0  1935    0.0  1935    0.0  2018    2.4  2008    8.3  1947   15.2  1952    43.7  1968    17.7  1953     0.0  2011     9.7  1962    71.2  1985
   17.9  1997   17.7  1934   12.8  1969    6.1  1977    1.3  1942    0.0  2012    0.0  1932    0.0  1936    0.0  1931    2.3  2018    8.3  1943   15.0  1995    43.4  1933    17.1  1996     0.0  1965     9.6  1936    69.0  1996
   16.9  1953   16.9  1936   12.6  1942    6.1  1975    1.3  1938    0.0  1987    0.0  1933    0.0  1932    0.0  1941    2.2  1939    8.3  1969   14.3  1996    42.1  1986    16.8  2021     0.0  1973     9.6  1947    66.5  1969
   16.2  1952   16.5  1952   12.5  1985    5.7  1986    1.2  1971    0.0  1965    0.0  1945    0.0  1945    0.0  1944    2.2  1964    8.0  1942   14.3  2009    41.9  1959    16.5  1946     0.0  1986     9.0  1943    63.9  1965
   16.1  1946   15.8  1932   12.2  1949    5.5  2008    1.2  1962    0.0  1974    0.0  1944    0.0  1946    0.0  1974    2.2  1949    7.9  1972   14.0  2008    41.5  1936    16.5  1938     0.0  2012     8.9  1972    63.6  1968
   15.9  1954   15.5  1933   12.1  1995    5.2  1996    1.2  2010    0.0  2006    0.0  1946    0.0  1948    0.0  1987    2.2  2010    7.6  1936   13.7  1939    41.1  2009    16.4  1995     0.0  1942     8.8  1969    63.5  1970
   15.8  2021   15.4  1978   11.9  1941    5.0  1989    1.1  1984    0.0  2005    0.0  1947    0.0  1947    0.0  1972    2.1  1973    7.5  1989   13.5  1935    41.1  1996    16.3  1979     0.0  1987     8.8  1942    61.1  1981
   15.1  1966   15.1  2018   11.9  1951    4.8  2022    1.0  1956    0.0  1985    0.0  1950    0.0  1950    0.0  1979    2.0  1936    7.2  1975   13.4  1944    41.0  1991    16.1  1976     0.0  1974     8.8  1980    60.8  1931
   15.1  2009   14.5  1940   11.8  1976    4.7  1941    1.0  1957    0.0  1966    0.0  1951    0.0  1951    0.0  1988    1.9  1987    7.1  1980   13.2  1970    40.6  1982    16.0  1940     0.0  2006     8.7  1948    60.3  1987
   15.0  1965   14.4  1985   11.4  1965    4.6  1988    0.9  1974    0.0  1959    0.0  1948    0.0  1952    0.0  1964    1.9  1981    6.9  1979   13.2  1969    40.5  1951    15.9  1951     0.0  2005     8.7  1983    59.8  1936
   14.9  2017   14.3  1941   11.4  1940    4.6  2003    0.9  1946    0.0  1972    0.0  1949    0.0  1949    0.0  1936    1.9  1941    6.7  1967   13.1  1968    40.4  1945    15.8  1947     0.0  1960     8.3  1997    59.3  1986
   14.7  1977   14.2  1970   11.3  2006    4.6  1940    0.9  1980    0.0  1978    0.0  1953    0.0  1953    0.0  1962    1.9  1946    6.6  1977   12.7  1940    39.7  1987    15.4  1949     0.0  1985     8.2  1931    59.2  2013
   14.6  1955   14.0  1965   10.8  1973    4.5  1933    0.9  1995    0.0  1942    0.0  1952    0.0  1954    0.0  1940    1.8  1980    6.5  1955   12.4  2005    39.7  1952    15.4  1987     0.0  1966     7.9  1975    59.1  1973
   14.4  1931   13.5  1944   10.8  1934    4.2  1979    0.8  1948    0.0  1956    0.0  1954    0.0  1956    0.0  1933    1.6  1988    6.3  1961   12.3  1967    39.1  1964    15.3  1985     0.0  1972     7.8  1950    58.6  1937
   13.9  1956   13.4  2010   10.5  1943    4.2  2012    0.8  1997    0.0  1939    0.0  1955    0.0  1955    0.0  1990    1.5  1934    6.2  1959   12.2  2022    39.1  2011    15.1  1968     0.0  1959     7.5  1949    58.0  1976
   13.9  1992   13.4  1987    9.7  1964    4.2  2016    0.7  1961    0.0  1971    0.0  1957    0.0  1941    0.0  1938    1.5  1932    6.1  1956   12.1  1992    38.5  1969    15.0  2006     0.0  1978     7.5  1989    58.0  1958
   13.8  2013   13.3  2012    9.6  1971    4.1  1997    0.7  2005    0.0  1941    0.0  1943    0.0  1943    0.0  1950    1.4  1940    6.1  1998   11.9  1978    38.5  1955    14.6  1973     0.0  1956     7.4  1956    57.5  1944
   13.7  1960   13.1  2003    9.5  2010    4.1  1976    0.6  1959    0.0  1981    0.0  1936    0.0  1944    0.0  2020    1.4  2002    5.9  1948   11.9  1943    38.2  1981    14.5  1984     0.0  1939     7.3  1979    57.4  2001
   13.2  1982   13.0  1953    9.3  2025    4.0  2019    0.6  1977    0.0  1952    0.0  1937    0.0  1931    0.0  1996    1.3  1956    5.7  1983   11.8  1982    37.6  1977    14.4  1975     0.0  1971     7.3  1961    57.0  1946
   13.1  2019   12.8  2013    9.2  2018    3.9  1983    0.6  2013    0.0  1983    0.0  1958    0.0  1961    0.0  2005    1.2  1947    5.5  1934   11.7  1938    37.6  1970    14.4  1935     0.0  1980     7.1  1941    56.7  1932
   13.0  2001   12.8  1960    9.1  1996    3.7  1991    0.5  1965    0.0  2013    0.0  1959    0.0  1959    0.0  1985    1.2  1933    5.5  1966   10.8  1991    36.9  1962    14.3  1965     0.0  1990     7.0  1934    56.7  1964
   12.9  1964   12.5  2001    8.8  1956    3.7  1951    0.5  2016    0.0  1932    0.0  1956    0.0  1958    0.0  1935    1.2  2012    5.4  2024   10.7  1957    36.6  1997    14.2  1934     0.0  1941     6.7  1967    56.4  1978
   12.8  1934   12.3  1994    8.5  1986    3.7  1999    0.4  1975    0.0  1957    0.0  1963    0.0  1957    0.0  2010    1.1  1974    5.4  1976   10.7  2007    36.0  2013    14.2  1986     0.0  1981     6.7  1998    56.3  1950
   12.6  2022   12.0  1954    8.3  1993    3.7  2006    0.4  1991    0.0  1935    0.0  1966    0.0  1966    0.0  1954    1.0  1961    5.4  2007   10.5  1960    34.0  2021    14.0  1942     0.0  1952     6.6  1977    55.4  1991
   12.6  1958   12.0  2009    8.2  2005    3.7  1935    0.4  1953    0.0  2009    0.0  1967    0.0  1967    0.0  2024    1.0  1962    5.4  2025   10.4  2003    33.9  1958    13.7  1971     0.0  1983     6.5  1959    53.1  2003
   12.5  1986   11.9  1973    8.1  1935    3.6  1981    0.4  1936    0.0  1999    0.0  1968    0.0  1968    0.0  2007    0.9  1972    5.4  1995   10.3  2017    33.7  1983    13.2  1954     0.0  1957     6.5  2003    52.5  1934
   12.4  2025   11.9  1931    8.1  1979    3.5  1973    0.4  2011    0.0  1954    0.0  1964    0.0  1963    0.0  1973    0.9  1954    5.3  1949   10.2  2014    33.7  1992    13.0  2010     0.0  1932     6.3  1933    51.5  1953
   12.4  1950   11.7  1959    7.9  1975    3.4  2000    0.3  1955    0.0  1960    0.0  1970    0.0  1969    0.0  2025    0.8  1960    5.2  1941   10.2  1975    33.0  1932    12.8  1936     0.0  2013     6.3  2008    51.2  1980
   12.3  1968   11.7  2008    7.4  1980    3.4  1995    0.3  1951    0.0  1958    0.0  1971    0.0  1970    0.0  2004    0.8  1938    5.2  1978   10.1  1973    32.9  2001    12.0  1964     0.0  1935     6.2  1966    51.0  1945
   12.2  2011   11.0  1948    7.4  1963    3.2  1955    0.3  1973    0.0  1955    0.0  1972    0.0  1971    0.0  1991    0.8  1970    5.1  2001    9.6  1990    32.7  2006    11.5  2016     0.0  1999     6.0  1964    50.9  2021
   12.2  1978   10.7  1984    7.4  2001    3.2  1939    0.3  2019    0.0  1938    0.0  1973    0.0  1973    0.0  1960    0.7  1984    5.1  1933    9.6  1941    32.6  1944    11.5  1978     0.0  2009     6.0  2007    50.8  1954
   12.1  1991   10.7  2005    6.9  1974    3.2  1998    0.3  2014    0.0  1940    0.0  1974    0.0  1974    0.0  1994    0.7  1971    5.0  2017    9.4  2012    31.6  2015    11.4  2003     0.0  1958     5.7  2024    50.1  1935
   11.7  2003   10.7  2015    6.8  2016    3.1  1934    0.3  1931    0.0  1943    0.0  1975    0.0  1975    0.0  1995    0.7  1942    4.9  1944    9.4  1945    31.2  2018    11.3  1945     0.0  1954     5.6  1995    48.9  2005
   11.3  1984   10.7  1962    6.8  2011    3.1  1950    0.3  1934    0.0  1944    0.0  1976    0.0  1976    0.0  1971    0.7  1966    4.9  1991    9.4  1936    31.0  1946    11.3  1943     0.0  1944     5.5  1935    48.2  2009
   11.1  1936   10.6  1958    6.7  2003    3.0  1945    0.2  1968    0.0  1945    0.0  1969    0.0  1965    0.0  1963    0.7  1994    4.8  2016    9.3  1984    30.9  2023    11.1  1933     0.0  1945     5.5  1991    47.8  1995
   11.1  1981   10.6  2004    6.6  1933    3.0  1952    0.2  1987    0.0  1933    0.0  1977    0.0  1977    0.0  1934    0.7  1953    4.6  1950    9.0  1998    30.1  1978    11.0  1977     0.0  1933     5.5  1940    47.5  1984
   11.0  1961   10.5  2006    6.6  1952    2.9  1971    0.2  1976    0.0  1931    0.0  1978    0.0  1978    0.0  2015    0.6  1986    4.4  2021    8.8  1980    30.0  1984    10.8  1980     0.0  1937     5.4  2012    47.1  1982
   10.7  1973   10.3  2021    6.4  1984    2.9  1982    0.2  2018    0.0  1934    0.0  1980    0.0  1979    0.0  2012    0.6  1943    4.3  2012    8.7  1958    30.0  2004    10.8  2008     0.0  1955     5.4  1976    46.7  1943
   10.7  2015    9.9  1976    6.2  2009    2.8  1985    0.2  1950    0.0  1937    0.0  1979    0.0  1981    0.0  1978    0.6  2007    4.1  1940    8.6  1999    29.9  1980    10.6  2005     0.0  1947     5.4  1944    46.5  1960
   10.5  2000    9.7  2016    6.1  1945    2.7  1960    0.2  2017    0.0  1949    0.0  1982    0.0  1982    0.0  1993    0.6  1975    4.0  2013    8.5  1931    29.8  1954    10.3  2025     0.0  1949     5.4  2025    46.4  1983
   10.4  1939    9.6  1964    5.9  1968    2.6  1966    0.2  1954    0.0  1950    0.0  1983    0.0  1983    0.0  1984    0.6  1991    4.0  1968    8.4  2004    29.5  1939    10.3  1982     0.0  1950     5.3  1978    46.1  1949
   10.3  2026    9.0  1992    5.9  1982    2.5  1967    0.2  1993    0.0  1951    0.0  1984    0.0  1984    0.0  1967    0.6  1998    3.9  1954    8.3  1965    29.5  1971    10.2  1974     0.0  1951     5.3  2017    45.5  1971
   10.3  1972    9.0  1971    5.8  1948    2.4  1974    0.2  1998    0.0  1953    0.0  1981    0.0  1985    0.0  1937    0.5  2019    3.9  2008    8.1  1956    29.0  1960     9.7  1990     0.0  1953     5.1  2001    45.3  1951
   10.3  1967    8.9  1957    5.8  1938    2.4  1980    0.2  1943    0.0  1947    0.0  1985    0.0  1986    0.0  1976    0.5  1982    3.9  2019    8.1  2016    28.9  2003     9.6  2001     0.0  1946     4.9  1992    44.8  2008
   10.2  1970    8.8  2023    5.8  1961    2.4  2023    0.1  2015    0.0  1948    0.0  1986    0.0  1987    0.0  2019    0.5  1944    3.8  1958    8.0  1983    28.7  1976     9.6  2018     0.0  1948     4.9  2018    44.6  1959
   10.1  2024    8.6  1949    5.8  1972    2.3  1948    0.1  2003    0.0  1946    0.0  1988    0.0  1988    0.0  1982    0.4  1979    3.8  1982    7.9  2020    28.6  1966     9.5  1952     0.0  1931     4.8  2016    44.6  2006
    9.9  2023    8.4  1951    5.8  2004    2.3  2010    0.1  1963    0.0  1976    0.0  1987    0.0  1989    0.0  1965    0.4  1965    3.8  1957    7.7  1932    28.4  2002     9.4  1993     0.0  1938     4.8  1951    44.3  1997
    9.8  2006    8.4  1967    5.6  1954    2.3  1946    0.1  1990    0.0  1963    0.0  1989    0.0  1990    0.0  1961    0.3  2017    3.8  1964    7.6  1948    27.3  1973     9.2  1988     0.0  1940     4.8  1987    44.0  1939
    9.7  1935    7.9  1975    5.4  1966    2.3  1964    0.1  2012    0.0  1970    0.0  1991    0.0  1991    0.0  1966    0.3  1990    3.8  2006    7.6  1955    27.3  1938     9.0  1948     0.0  1943     4.8  1954    43.8  1967
    9.2  1951    7.8  1938    5.4  1939    2.3  1965    0.1  1960    0.0  1964    0.0  1992    0.0  1992    0.0  2022    0.3  2011    3.7  2023    7.4  1994    26.6  2017     9.0  1963     0.0  1963     4.5  1981    43.5  1961
    9.0  2004    7.7  1988    5.2  2008    2.2  1953    0.1  1939    0.0  1968    0.0  1993    0.0  1993    0.0  1945    0.3  1937    3.5  2004    7.4  2000    26.0  2012     8.7  1939     0.0  1968     4.5  2021    43.2  2012
    8.9  1937    7.6  1982    5.1  1978    2.2  2001    0.0  1992    0.0  1993    0.0  1994    0.0  1994    0.0  1958    0.3  1999    3.3  1945    7.2  1979    25.3  1994     8.0  1966     0.0  1993     4.4  1932    43.1  1992
    8.7  1932    7.4  1939    4.8  1936    2.2  2017    0.0  2001    0.0  1992    0.0  1995    0.0  1995    0.0  1956    0.3  2024    3.2  1997    7.0  1997    25.2  1957     7.8  1983     0.0  1992     4.4  2019    42.9  1948
    8.7  1998    7.4  2019    4.7  2020    2.1  1932    0.0  1972    0.0  1990    0.0  1996    0.0  1996    0.0  1955    0.2  1995    3.2  2020    6.9  1951    24.9  1949     7.8  1989     0.0  1988     4.3  1982    42.8  1975
    8.7  1949    7.3  1999    4.5  1988    2.0  2002    0.0  1994    0.0  1988    0.0  1997    0.0  1997    0.0  1946    0.2  1957    3.1  1960    6.9  1947    24.6  1967     7.7  1991     0.0  1984     4.1  1957    41.5  1938
    8.6  1976    7.1  1935    4.4  1950    1.9  1992    0.0  1989    0.0  1980    0.0  1998    0.0  1998    0.0  1949    0.2  1985    2.9  1990    6.8  1987    24.5  1948     7.7  2020     0.0  1982     4.0  2013    41.0  2016
    8.5  1995    6.9  2007    4.3  2023    1.8  2005    0.0  2002    0.0  1979    0.0  1999    0.0  1999    0.0  1947    0.2  1959    2.9  1987    6.4  1986    24.4  2008     7.6  1950     0.0  1979     4.0  1968    40.5  1966
    8.3  1962    6.3  1989    4.2  1977    1.7  1994    0.0  1986    0.0  1982    0.0  2000    0.0  2000    0.0  1951    0.2  2023    2.8  1935    5.9  2019    24.2  2000     7.6  2000     0.0  1970     4.0  1960    40.3  1993
    8.3  2012    6.3  1943    4.2  2000    1.7  1957    0.0  2008    0.0  1984    0.0  2001    0.0  2001    0.0  1953    0.1  2009    2.8  1932    5.9  1966    23.8  1950     7.4  2022     0.0  1976     3.9  2023    39.8  1977
    8.2  1957    5.7  1974    4.0  2014    1.7  2020    0.0  1969    0.0  2000    0.0  2002    0.0  2002    0.0  1992    0.1  1978    2.6  1981    5.8  1949    23.4  2019     7.3  1981     0.0  2000     3.8  1958    38.8  1988
    8.2  1943    5.6  1950    4.0  1983    1.6  1962    0.0  2025    0.0  1998    0.0  2003    0.0  2003    0.0  1989    0.1  1969    2.6  2014    5.7  1989    23.2  2005     7.2  2011     0.0  1998     3.8  2006    38.3  2018
    7.8  1996    5.6  2025    3.9  2002    1.5  1947    0.0  1988    0.0  1996    0.0  2004    0.0  2004    0.0  1981    0.1  1996    2.5  2018    5.7  1993    22.6  1993     6.8  2012     0.0  1996     3.8  1939    38.1  2004
    7.5  2002    5.5  1946    3.9  2015    1.5  1949    0.0  1966    0.0  2002    0.0  2005    0.0  2005    0.0  1983    0.0  2015    2.5  2003    5.6  2006    22.6  1937     6.7  1997     0.0  2002     3.5  2004    36.8  2017
    7.3  1994    5.4  1993    3.7  2021    1.4  1963    0.0  2009    0.0  2004    0.0  2006    0.0  2006    0.0  1980    0.0  2022    2.4  2015    5.3  1985    22.0  1961     6.7  1961     0.0  2004     3.3  1945    36.8  2025
    7.3  1971    5.2  1966    3.5  1991    1.3  2015    0.0  2007    0.0  1997    0.0  2007    0.0  2007    0.0  1968    0.0  1976    2.0  1970    4.9  1954    21.8  1999     6.7  2023     0.0  1997     3.2  2020    36.3  1957
    7.1  1944    5.1  2000    3.4  1990    1.0  2025    0.0  1940    0.0  1994    0.0  2008    0.0  2008    0.0  1970    0.0  1967    1.8  1963    4.7  2023    20.5  1998     6.6  2009     0.0  1994     3.2  1990    36.1  2019
    6.9  2016    5.0  1977    3.0  1998    1.0  1931    0.0  2004    0.0  1995    0.0  2009    0.0  2009    0.0  1977    0.0  1977    1.8  1938    4.7  1972    19.7  1974     6.6  2004     0.0  1995     2.9  1974    35.5  1998
    6.8  1969    4.8  1998    2.9  1960    0.9  1937    0.0  1983    0.0  2008    0.0  2010    0.0  2010    0.0  2009    0.0  2004    1.8  1974    4.4  2011    19.7  1988     6.4  1999     0.0  2008     2.8  1970    34.7  1972
    6.6  1948    4.6  1980    2.8  1989    0.9  1993    0.0  1985    0.0  2007    0.0  2011    0.0  2011    0.0  2008    0.0  2016    1.6  1992    4.3  1971    19.2  1972     6.3  1998     0.0  2007     2.6  2014    34.4  2022
    6.2  1989    4.6  1972    2.7  2007    0.8  1944    0.0  1958    0.0  2003    0.0  2012    0.0  2012    0.0  2006    0.0  1945    1.6  2000    4.3  1942    18.8  1943     6.3  1972     0.0  2003     2.6  1938    34.0  2023
    5.8  2018    4.3  1937    2.7  1999    0.8  2004    0.0  1937    0.0  2010    0.0  2013    0.0  2013    0.0  2002    0.0  2014    1.5  1951    4.1  2002    18.6  2025     6.2  1967     0.0  2010     2.5  1946    33.5  1989
    5.5  1999    4.3  1997    2.6  2022    0.6  1943    0.0  2006    0.0  2014    0.0  2014    0.0  2014    0.0  1998    0.0  2000    1.4  1939    3.6  2021    18.2  2022     6.0  2002     0.0  2014     2.4  2015    32.2  2000
    5.2  1988    3.8  2002    2.5  2012    0.6  2007    0.0  1933    0.0  2015    0.0  2015    0.0  2015    0.0  1999    0.0  2013    1.3  1953    3.1  2025    18.2  1995     5.7  1960     0.0  2015     2.0  1953    31.1  1994
    5.1  1993    3.6  2017    2.4  1981    0.5  2024    0.0  1964    0.0  2016    0.0  2016    0.0  2016    0.0  2000    0.0  1989    1.1  1999    2.9  2018    17.4  1935     5.2  2015     0.0  2016     1.8  1963    31.0  2007
    4.4  2014    3.5  1945    2.2  1967    0.5  2014    0.0  1978    0.0  2017    0.0  2017    0.0  2017    0.0  2001    0.0  1958    1.0  1986    2.8  2013    17.2  2024     5.2  2019     0.0  2017     1.8  1986    29.1  1999
    4.1  2020    2.8  2011    2.2  2024    0.5  1972    0.0  2022    0.0  2018    0.0  2018    0.0  2018    0.0  1997    0.0  1963    1.0  1984    2.5  1959    16.6  2016     4.8  2014     0.0  2018     1.7  1984    29.0  2015
    4.0  2007    2.5  2020    1.8  2026    0.4  2009    0.0  1947    0.0  2019    0.0  2019    0.0  2019    0.0  2017    0.0  2021    1.0  1931    2.5  1977    16.5  2007     4.5  1957     0.0  2019     1.7  2002    27.8  2011
    4.0  2005    2.3  2024    1.8  1957    0.4  1987    0.0  2000    0.0  2020    0.0  2020    0.0  2020    0.0  2014    0.0  2025    0.8  2011    1.9  1953    15.1  2026     3.3  2007     0.0  2020     1.6  2000    25.7  1990
    4.0  1974    2.3  1995    1.8  1997    0.2  1959    0.0  1999    0.0  2021    0.0  2021    0.0  2021    0.0  2013    0.0  2005    0.6  1946    1.8  1988    14.3  1989     3.1  1994     0.0  2021     1.3  1999    25.4  2020
    3.3  1983    2.0  2022    1.5  1959    0.2  1942    0.0  2023    0.0  2022    0.0  2022    0.0  2022    0.0  2011    0.0  2001    0.4  1994    1.2  1974    12.6  2020     3.1  1992     0.0  2022     1.1  2011    24.0  1974
    3.0  1938    1.7  2026    1.4  1994    0.2  1961    0.0  1952    0.0  2023    0.0  2023    0.0  2023    0.0  2016    0.0  1968    0.3  2002    0.6  1934    11.6  1975     2.8  2017     0.0  2023     1.1  1994    23.1  2002
    2.5  1975    0.9  1990    1.1  1992    0.1  2018    0.0  1970    0.0  2024    0.0  2024    0.0  2024    0.0  2021    0.0  2006    0.2  2022    0.5  2024     8.9  1990     2.7  2024     0.0  2024     0.2  2022    22.6  2014
    2.3  1990    0.6  2014    0.9  2019    0.1  2011    0.0  2024    0.0  2025    0.0  2025    0.0  2025    0.0  2023    0.0  2020    0.0  2009    0.0  2015     7.9  2014     2.3  1959     0.0  2025     0.2  2009    21.3  2024
    2.0  2008    0.5  1961    0.4  2017    ---  2026    ---  2026    ---  2026    ---  2026    ---  2026    ---  2026    ---  2026    ---  2026    ---  2026     ---  1931     ---  2026     ---  2026     ---  2026     ---  2026
