Areal values from HadUK-Grid 1km gridded climate data from land surface network
Source: Met Office National Climate Information Centre
Monthly, seasonal and annual mean of daily minimum air temperature for England S
Areal series, starting in 1884
Last updated 01-Apr-2026 11:35
    jan  year    feb  year    mar  year    apr  year    may  year    jun  year    jul  year    aug  year    sep  year    oct  year    nov  year    dec  year     win  year     spr  year     sum  year     aut  year     ann  year
    4.4  1921    5.0  2026    5.4  1957    6.4  2011    9.3  2024   12.2  2025   13.9  2006   14.3  1997   12.7  2006   10.3  2001    7.5  1994    7.6  2015    4.00  2016    6.65  2024   12.72  2025    9.00  2006    7.37  2024
    4.3  1916    5.0  2024    5.2  1981    6.4  2018    8.7  2008   11.8  2017   13.5  1983   13.7  2020   12.5  2023   10.1  2005    6.8  2015    5.7  1934    3.86  2024    5.96  2017   12.30  2003    8.84  2011    7.33  2023
    4.2  2007    4.4  1990    5.1  2017    6.1  1961    8.6  2017   11.6  2023   13.4  2025   13.2  2022   12.2  2016    9.8  2006    6.7  2011    5.2  1974    3.71  2007    5.83  1999   12.24  2006    8.73  2023    7.14  2014
    3.8  1975    4.1  1926    4.8  2024    5.9  2014    8.6  1999   11.2  2016   13.2  2018   13.2  2004   12.0  1949    9.6  1968    6.6  2022    4.9  2023    3.58  1990    5.75  2014   12.19  2018    8.67  2022    7.09  2006
    3.8  2020    4.1  1961    4.6  1998    5.9  2024    8.4  2022   11.2  2021   13.1  2021   13.1  2003   11.5  2021    9.4  2014    6.1  2009    4.7  1953    3.56  1975    5.69  1998   12.11  2021    8.58  2014    7.04  2025
    3.7  1990    3.8  2002    4.5  2019    5.9  2007    8.2  1998   11.0  1982   13.1  1995   13.1  1995   11.3  1999    9.4  2013    5.9  1938    4.6  1988    3.48  1935    5.61  2007   12.06  2016    8.14  2021    6.97  2022
    3.7  2008    3.7  2011    4.4  1994    5.7  1943    8.1  1964   11.0  2007   12.9  2010   12.9  1911   11.1  1958    9.3  2022    5.9  2002    4.6  2024    3.42  2026    5.55  1992   12.06  1997    8.08  2009    6.94  2020
    3.7  1983    3.7  1945    4.3  1991    5.7  1993    8.1  2014   11.0  1976   12.8  2003   12.8  2008   11.1  1998    9.2  1995    5.7  1939    4.3  2018    3.40  2020    5.49  2011   11.99  2020    7.98  1968    6.90  2011
    3.7  1884    3.6  1995    4.3  1990    5.4  1987    8.1  1889   10.9  2003   12.8  2019   12.8  1975   11.1  2011    9.2  2017    5.7  2014    4.3  2021    3.28  1989    5.40  2022   11.98  2023    7.94  2025    6.89  2017
    3.4  1898    3.5  2017    4.2  1997    5.3  1999    8.1  2006   10.9  2018   12.8  2014   12.7  1932   11.0  2000    9.1  2023    5.6  2025    4.2  1918    2.99  2022    5.36  2023   11.98  2017    7.91  2001    6.88  2002
    3.0  2005    3.5  1966    4.1  2026    5.3  1937    8.1  1992   10.9  1950   12.7  2022   12.7  1990   10.8  2005    8.8  2011    5.5  2020    4.2  1985    2.97  2014    5.35  1981   11.97  2022    7.85  2005    6.75  2018
    3.0  1969    3.5  2022    4.0  1992    5.3  2009    8.0  1952   10.8  2004   12.7  1923   12.6  2024   10.8  1980    8.8  2021    5.4  1997    4.1  1898    2.86  1998    5.29  2002   11.87  1983    7.80  2024    6.75  2004
    2.9  1932    3.5  2020    4.0  2023    5.2  1949    7.9  2007   10.7  2000   12.7  1989   12.6  2012   10.8  2004    8.8  1969    5.4  1888    4.0  1942    2.85  1943    5.29  2018   11.86  2019    7.77  1995    6.73  2007
    2.9  1974    3.4  2014    3.9  1912    5.2  1959    7.9  2025   10.7  1896   12.7  1994   12.5  1955   10.8  1961    8.7  1954    5.4  1951    4.0  2025    2.82  1995    5.28  1952   11.83  1995    7.76  1949    6.71  1999
    2.8  1989    3.4  1903    3.8  1989    5.1  2004    7.8  1947   10.7  2005   12.6  2013   12.5  2001   10.7  1945    8.6  1990    5.4  1982    3.9  2002    2.77  1925    5.18  1959   11.80  2004    7.73  2004    6.61  1998
    2.8  1944    3.3  1946    3.7  1927    5.0  2020    7.8  2018   10.6  2020   12.6  2017   12.5  2002   10.6  1956    8.5  2025    5.4  1984    3.8  1900    2.64  1957    5.13  1993   11.73  1947    7.71  1994    6.61  2015
    2.8  1976    3.3  1997    3.7  1938    5.0  1944    7.7  2016   10.6  2006   12.5  1991   12.5  2016   10.6  1989    8.4  1989    5.3  1953    3.8  1954    2.62  1923    5.11  2025   11.52  2008    7.64  1984    6.59  1994
    2.8  1938    3.2  1918    3.7  2002    5.0  1920    7.7  1960   10.5  1998   12.5  2016   12.5  2019   10.6  1926    8.1  2024    5.2  1946    3.8  2006    2.56  1916    5.11  2000   11.51  2013    7.63  1999    6.57  2000
    2.8  1993    3.1  1998    3.6  1999    4.9  1945    7.7  2000   10.5  1970   12.5  2005   12.4  2025   10.6  1936    8.1  1977    5.2  2018    3.8  1924    2.56  2019    5.10  2009   11.51  1982    7.62  1945    6.55  2005
    2.7  2014    3.1  1923    3.6  1977    4.9  2025    7.7  2002   10.4  2014   12.5  1957   12.4  1947   10.6  2014    8.0  1898    5.2  2003    3.8  1971    2.55  1899    5.09  2008   11.50  1976    7.59  2020    6.54  1990
    2.7  1930    3.1  2007    3.6  2000    4.7  1894    7.7  1908   10.4  1966   12.4  1933   12.4  2018   10.4  2024    8.0  1921    5.1  1963    3.7  1912    2.51  2025    5.08  1960   11.48  2009    7.51  2013    6.53  2021
    2.7  1988    3.0  1897    3.6  2022    4.7  2005    7.6  2011   10.4  1897   12.4  1947   12.4  2013   10.3  1929    8.0  1949    5.0  1978    3.7  1910    2.49  1988    5.08  1957   11.46  2010    7.49  2015    6.53  2016
    2.7  2002    3.0  1914    3.5  1959    4.6  1926    7.6  2023   10.4  1947   12.3  2001   12.4  2009   10.3  1951    8.0  2009    5.0  2004    3.7  1977    2.42  1921    5.08  1994   11.43  2001    7.47  1978    6.50  2019
    2.7  1999    2.8  1937    3.5  2005    4.6  2006    7.6  1989   10.4  1960   12.3  1905   12.2  1984   10.2  1884    7.9  1886    5.0  1899    3.5  2000    2.42  1999    5.08  1945   11.41  1911    7.47  2017    6.50  1997
    2.7  1948    2.8  1885    3.5  1936    4.6  1972    7.6  1953   10.3  1935   12.3  1999   12.2  1944   10.2  1946    7.9  1959    4.8  2024    3.3  1911    2.38  2008    5.06  2004   11.40  2005    7.46  1958    6.43  1989
    2.7  2012    2.8  2000    3.4  1967    4.5  1952    7.6  2012   10.3  2019   12.3  1992   12.2  2006   10.2  1983    7.8  1996    4.8  1970    3.3  1987    2.36  1974    5.00  2005   11.40  1994    7.43  1946    6.39  1995
    2.6  2018    2.7  1980    3.3  2021    4.5  1992    7.5  1970   10.2  1997   12.3  1976   12.1  1959   10.2  1939    7.8  1967    4.8  1999    3.3  1994    2.32  1937    5.00  2019   11.39  1992    7.39  2002    6.32  2009
    2.5  1996    2.7  1935    3.3  1960    4.5  1995    7.5  2009   10.2  1940   12.2  2023   12.1  2023   10.2  1968    7.8  1908    4.7  1983    3.3  1956    2.31  2004    4.98  1961   11.38  2012    7.35  1913    6.29  2008
    2.4  2016    2.6  2023    3.3  2012    4.5  2003    7.4  2003   10.2  1992   12.2  1900   12.1  1893   10.1  1933    7.8  1978    4.7  1917    3.2  1921    2.29  2017    4.96  1920   11.38  2014    7.35  1989    6.27  2003
    2.4  1890    2.5  2004    3.3  1950    4.5  1964    7.4  1912   10.2  1889   12.2  1975   12.1  1899   10.1  2022    7.7  1910    4.6  1895    3.1  1979    2.27  1948    4.92  2003   11.33  2002    7.34  2016    6.24  1983
    2.4  1925    2.5  1977    3.3  1952    4.5  2002    7.3  2001   10.1  2012   12.1  1899   12.1  1983   10.1  2009    7.7  1945    4.6  1913    3.1  1997    2.26  1913    4.88  2020   11.33  1933    7.34  1982    6.19  2001
    2.4  1994    2.4  2025    3.3  1903    4.4  1904    7.3  1937   10.1  1905   12.1  1901   12.0  2021   10.1  1947    7.6  2020    4.6  2023    3.1  2011    2.26  1972    4.88  1912   11.26  2024    7.32  2000    6.19  1945
    2.4  1998    2.4  1974    3.2  1896    4.4  2023    7.3  1919   10.1  1931   12.1  1926   12.0  1991   10.1  1970    7.6  1958    4.6  1931    3.0  1959    2.26  2002    4.85  1997   11.23  2000    7.24  1970    6.19  1949
    2.4  1943    2.3  1884    3.2  2014    4.4  1955    7.3  2004   10.1  1930   12.1  1921   12.0  1999   10.0  2019    7.5  1984    4.6  1928    3.0  1922    2.23  2005    4.82  1991   11.22  1899    7.22  1938    6.15  1957
    2.3  2004    2.3  1950    3.2  1988    4.4  1963    7.3  1911   10.1  1993   12.1  1944   12.0  2000   10.0  1984    7.5  1906    4.6  1894    3.0  2019    2.23  1950    4.81  2006   11.20  1955    7.21  1983    6.10  1988
    2.3  1957    2.3  1989    3.2  1897    4.4  1930    7.2  1924   10.0  1963   12.1  2009   12.0  1933   10.0  1973    7.5  1913    4.5  1995    2.9  1929    2.20  1949    4.78  1988   11.20  2007    7.18  1898    6.08  1959
    2.2  1949    2.3  1928    3.2  1948    4.3  1942    7.2  1988   10.0  2009   11.9  1904   11.9  1969   10.0  1985    7.5  1976    4.5  2006    2.9  1948    2.20  1912    4.75  1943   11.19  1975    7.16  1997    6.07  1992
    2.1  1937    2.3  1912    3.1  1945    4.3  1985    7.2  1893   10.0  1983   11.9  1952   11.9  1994   10.0  1969    7.5  1916    4.5  2008    2.9  1972    2.19  1903    4.73  2012   11.18  1959    7.11  1990    6.05  1921
    2.1  1906    2.3  1957    3.1  2007    4.3  1998    7.2  1918    9.9  1910   11.9  1935   11.9  2015   10.0  1941    7.4  2004    4.5  1945    2.9  1949    2.14  2012    4.68  1964   11.18  1950    7.11  2018    6.04  2012
    2.0  1935    2.2  1920    3.1  1921    4.2  1957    7.2  1917    9.9  2002   11.9  1967   11.8  1971   10.0  1924    7.4  1979    4.4  1964    2.8  1986    2.13  1920    4.67  1989   11.15  1999    7.11  1963    5.94  1982
    2.0  1899    2.2  2019    3.0  1923    4.2  1940    7.2  1945    9.9  2010   11.9  1911   11.8  1973   10.0  1930    7.4  2015    4.4  1986    2.8  2013    2.10  2003    4.67  1990   11.11  1893    7.06  1998    5.94  1960
    2.0  1924    2.1  1943    2.9  2003    4.2  1946    7.2  1993    9.9  1968   11.9  1934   11.8  1952    9.9  1913    7.4  1903    4.3  1981    2.8  1993    2.08  1898    4.62  2015   11.09  1944    7.05  1954    5.93  1961
    1.9  2023    2.1  1925    2.9  1961    4.2  1960    7.1  1933    9.9  1917   11.9  1941   11.8  1917    9.9  1981    7.4  1998    4.2  1992    2.7  2016    2.06  1961    4.60  1927   11.07  1990    7.05  1969    5.92  1898
    1.9  1939    2.1  1939    2.8  1905    4.2  2022    7.1  1920    9.9  2008   11.8  1912   11.7  1906    9.9  1967    7.4  1988    4.2  1960    2.7  1932    2.02  2000    4.56  2001   11.06  1935    7.05  1924    5.92  1948
    1.9  1902    2.1  2021    2.8  2004    4.2  2017    7.1  1976    9.8  2022   11.8  2008   11.7  1942    9.9  1997    7.4  1985    4.2  1906    2.7  1951    2.02  1976    4.51  1933   11.04  1932    7.03  1951    5.90  1938
    1.9  1971    2.0  1999    2.8  2020    4.2  1896    7.1  1969    9.8  1936   11.8  1982   11.7  1958    9.8  1991    7.3  1963    4.2  1908    2.7  1989    2.00  1930    4.47  1967   11.04  1897    6.98  1977    5.89  2013
    1.8  1923    2.0  1967    2.8  1920    4.1  1947    7.0  1981    9.8  1945   11.8  2024   11.7  1939    9.8  1982    7.1  1960    4.2  1924    2.7  1955    1.95  1967    4.43  1950   11.02  1952    6.97  1886    5.87  1926
    1.8  1973    2.0  1905    2.8  1926    4.1  2019    7.0  1925    9.8  1988   11.7  1969   11.6  1980    9.8  1987    7.1  2007    4.1  1900    2.6  1983    1.94  1993    4.42  1896   11.01  1989    6.96  2019    5.86  1967
    1.8  1920    2.0  1993    2.8  2008    4.1  1966    7.0  1965    9.7  1900   11.7  1945   11.6  1992    9.7  1948    7.1  1909    4.1  2021    2.6  1915    1.91  1994    4.42  1926   10.97  1957    6.92  1961    5.85  1975
    1.8  2006    1.8  1982    2.8  1978    4.1  1975    7.0  1922    9.7  1934   11.7  1893   11.6  1982    9.7  2007    7.1  2019    4.1  1947    2.6  2020    1.90  1911    4.39  1972   10.96  1991    6.91  1959    5.85  1913
    1.8  2024    1.8  2016    2.8  2015    4.1  2015    7.0  1973    9.7  1959   11.7  1959   11.6  1898    9.7  2002    7.1  2000    4.1  1968    2.5  1947    1.88  1946    4.38  1913   10.95  1998    6.90  1953    5.84  1993
    1.8  1913    1.8  1910    2.8  1983    4.1  1994    6.9  2015    9.7  1891   11.7  1932   11.6  1937    9.7  1917    7.1  1986    4.1  1990    2.5  1998    1.87  1973    4.34  2016   10.94  1905    6.88  2007    5.83  1953
    1.7  1981    1.8  1972    2.7  1902    4.1  1914    6.9  1990    9.6  1994   11.7  1937   11.6  1968    9.7  2013    7.1  2016    4.1  1948    2.5  1931    1.83  2001    4.29  1940   10.90  1945    6.83  1960    5.83  1977
    1.7  1896    1.8  1938    2.6  2025    4.0  1899    6.8  2020    9.6  1938   11.6  1949   11.5  1996    9.7  2010    7.1  1957    4.0  1898    2.4  1919    1.83  1926    4.26  1948   10.90  1900    6.82  1908    5.81  1943
    1.7  1928    1.8  1958    2.6  1928    4.0  1935    6.8  1940    9.6  1933   11.6  1956   11.5  1926    9.7  1992    7.1  1966    4.0  1987    2.3  1913    1.81  1914    4.24  1937   10.90  2015    6.82  1939    5.80  1976
    1.7  1995    1.8  1908    2.6  2009    4.0  1931    6.8  2005    9.6  1953   11.6  1925   11.5  1916    9.7  2001    7.0  1934    3.9  1974    2.3  1945    1.79  1932    4.22  1947   10.87  1917    6.82  1906    5.79  1911
    1.6  1967    1.7  1992    2.5  1993    4.0  2000    6.8  1959    9.6  1986   11.6  2020   11.5  1897    9.7  2025    7.0  1971    3.9  1932    2.3  2014    1.78  1922    4.22  1966   10.84  1970    6.69  1991    5.77  1958
    1.6  2003    1.6  1893    2.5  1914    3.9  2001    6.8  1986    9.6  1964   11.6  1955   11.5  2017    9.7  2017    7.0  1924    3.8  2000    2.2  1941    1.77  1960    4.14  1939   10.82  1958    6.68  1947    5.76  1930
    1.6  2000    1.5  1948    2.5  1933    3.9  1939    6.8  1994    9.5  1941   11.6  2015   11.5  1949    9.7  1886    7.0  1961    3.8  1897    2.2  2004    1.76  1966    4.14  1914   10.81  1937    6.66  1987    5.75  1939
    1.5  1927    1.5  1976    2.5  1968    3.9  1980    6.7  1913    9.5  1973   11.6  1997   11.5  1943    9.6  2020    6.9  1930    3.8  1955    2.2  1980    1.76  1939    4.13  1963   10.79  1984    6.64  1976    5.74  1935
    1.5  1950    1.4  1964    2.5  1913    3.9  1988    6.7  1958    9.5  1924   11.6  1971   11.5  2010    9.6  1978    6.9  2010    3.7  1889    2.2  1907    1.75  2021    4.13  1995   10.78  1973    6.64  1934    5.74  1966
    1.5  1903    1.4  1899    2.5  1939    3.9  1913    6.7  1916    9.5  1893   11.6  1927   11.4  2011    9.6  1935    6.9  1942    3.7  2007    2.2  2007    1.70  2023    4.11  1977   10.76  1926    6.63  1948    5.73  1974
    1.5  2026    1.4  1975    2.5  2011    3.9  1996    6.7  1931    9.5  2013   11.6  1985   11.4  1938    9.6  1896    6.9  1946    3.7  2019    2.2  1966    1.67  1980    4.11  1893   10.76  1949    6.62  1967    5.72  1934
    1.5  2011    1.4  1988    2.4  1954    3.9  1927    6.7  1943    9.4  1954   11.5  1950   11.4  1927    9.6  1895    6.9  1982    3.7  1980    2.2  1984    1.66  1938    4.09  1928   10.75  1930    6.61  1930    5.71  1968
    1.4  1915    1.4  1949    2.4  1966    3.8  1933    6.7  1898    9.4  1980   11.5  2007   11.4  1981    9.6  1995    6.9  1970    3.7  1958    2.2  1894    1.61  1885    4.08  1921   10.74  1969    6.59  2008    5.70  1991
    1.4  2015    1.4  2005    2.4  2001    3.8  1948    6.6  1954    9.4  1984   11.5  1887   11.4  1989    9.6  1890    6.8  1999    3.7  1902    2.1  2017    1.54  1954    4.08  1930   10.71  1968    6.59  1941    5.70  1971
    1.4  1900    1.3  1911    2.3  1884    3.8  1997    6.5  1950    9.4  1955   11.5  2002   11.3  1884    9.5  1966    6.8  1965    3.6  2001    2.1  2003    1.54  2018    4.08  1936   10.71  1921    6.58  1957    5.68  1984
    1.3  1951    1.3  2009    2.2  1972    3.8  1928    6.5  1985    9.4  1911   11.5  1986   11.3  1925    9.5  1934    6.8  1983    3.6  1935    2.0  1936    1.53  2015    4.07  1911   10.69  1936    6.56  1996    5.67  1950
    1.3  1968    1.3  1922    2.2  2010    3.8  1895    6.5  1997    9.4  1899   11.5  1958   11.3  1957    9.5  1901    6.8  1925    3.6  1991    2.0  1958    1.41  1971    4.03  1923   10.65  1925    6.55  1933    5.66  1937
    1.3  1926    1.3  1894    2.2  1963    3.8  1979    6.5  1991    9.4  1920   11.5  1987   11.2  1918    9.5  2008    6.7  2018    3.6  1954    2.0  2012    1.38  1978    3.97  1949   10.65  1943    6.54  1980    5.64  1884
    1.3  1936    1.3  2001    2.2  1935    3.8  2008    6.4  1890    9.4  2011   11.4  1998   11.2  1930    9.5  1898    6.7  1972    3.6  2012    1.9  1884    1.38  1992    3.97  2010   10.64  1953    6.48  1903    5.61  1970
    1.3  1960    1.2  1913    2.0  1974    3.8  1934    6.4  1995    9.4  1943   11.4  1884   11.2  1953    9.5  1988    6.7  1937    3.6  1940    1.8  1914    1.38  1983    3.95  1889   10.64  1967    6.48  1916    5.59  1920
    1.2  2022    1.2  1921    1.9  1956    3.7  2010    6.4  1930    9.4  2001   11.4  2012   11.2  1921    9.4  1942    6.7  1991    3.5  1957    1.8  1902    1.38  1944    3.94  1978   10.64  1971    6.43  1979    5.59  1978
    1.2  1970    1.1  2008    1.9  1982    3.7  1905    6.4  1910    9.3  1952   11.4  2004   11.2  1987    9.4  1891    6.7  1943    3.5  1959    1.8  1973    1.36  1915    3.93  1905   10.63  1934    6.42  2010    5.58  1914
    1.2  1962    1.1  1898    1.9  2016    3.7  1923    6.4  1936    9.3  1948   11.4  1964   11.2  1945    9.4  2018    6.6  1933    3.5  1892    1.8  1978    1.34  1984    3.92  1983   10.62  1981    6.40  1929    5.57  1954
    1.2  2013    1.1  1971    1.9  1975    3.7  1981    6.4  1904    9.3  1990   11.3  1914   11.2  1976    9.4  1976    6.6  2012    3.5  1977    1.8  1888    1.30  2006    3.92  1965   10.61  1941    6.39  1981    5.56  1924
    1.2  1972    1.1  1962    1.9  1943    3.6  1967    6.3  1972    9.3  1887   11.3  1946   11.2  1886    9.4  1955    6.6  2002    3.5  2017    1.8  1905    1.29  1906    3.88  1975   10.57  1960    6.37  1956    5.55  1932
    1.1  2019    1.0  1959    1.8  1940    3.6  1991    6.3  2019    9.3  2024   11.3  1979   11.1  1914    9.4  1994    6.5  1920    3.5  1907    1.7  1999    1.29  1928    3.88  1987   10.57  1987    6.35  1935    5.55  1981
    1.0  1912    1.0  2006    1.8  1890    3.6  1982    6.3  1983    9.3  1912   11.3  1936   11.1  1970    9.4  1950    6.5  1928    3.4  1941    1.7  1975    1.24  1927    3.88  1982   10.56  1964    6.34  1921    5.55  1946
    1.0  1992    1.0  1960    1.8  1911    3.6  1965    6.3  1978    9.3  1979   11.2  1951   11.1  1950    9.4  1996    6.5  1927    3.4  2013    1.7  1990    1.24  1981    3.85  1903   10.55  1931    6.33  1966    5.52  1933
    0.9  1961    0.9  1927    1.8  2018    3.5  1971    6.3  1967    9.3  1965   11.2  1981   11.1  1967    9.3  1953    6.5  1914    3.3  1886    1.7  1897    1.21  2013    3.85  1985   10.55  1901    6.29  2003    5.52  1969
    0.8  1922    0.9  2015    1.7  2006    3.5  1893    6.3  1903    9.3  1958   11.2  1897   11.1  1961    9.3  1959    6.5  1938    3.3  1934    1.6  1930    1.16  1919    3.83  1942   10.54  1939    6.28  1899    5.52  1980
    0.8  1991    0.8  1973    1.6  1894    3.5  1962    6.3  1932    9.3  1995   11.2  1977   11.1  2005    9.3  1977    6.4  1923    3.3  1949    1.5  1965    1.13  1896    3.82  1938   10.51  1896    6.25  2012    5.52  1973
    0.8  1984    0.8  1931    1.6  1980    3.5  1950    6.2  1907    9.2  1981   11.2  1931   11.1  1910    9.3  1938    6.4  1941    3.2  1885    1.5  1920    1.13  1958    3.81  1918   10.51  1988    6.21  1928    5.51  1927
    0.7  1986    0.8  1951    1.5  1893    3.4  1909    6.2  1971    9.2  2015   11.1  1996   11.0  2007    9.3  1899    6.3  1994    3.2  1914    1.5  1991    1.12  1905    3.81  1897   10.51  1938    6.18  1927    5.51  1897
    0.7  1956    0.8  1933    1.5  1922    3.3  2016    6.2  1906    9.2  1890   11.1  1990   11.0  1936    9.2  1932    6.3  1962    3.2  1912    1.5  1908    1.07  1910    3.80  1904   10.50  1914    6.15  1950    5.51  1947
    0.7  2017    0.8  1953    1.5  1984    3.3  1974    6.2  1895    9.1  1937   11.1  1928   11.0  1919    9.2  1960    6.3  1987    3.2  1944    1.4  1960    1.07  1901    3.80  1976   10.50  1996    6.14  1988    5.51  1951
    0.7  1904    0.8  1915    1.5  1995    3.3  2012    6.2  1927    9.1  1949   11.1  1953   11.0  1895    9.1  1921    6.2  1997    3.1  1929    1.4  1904    1.01  1908    3.80  1954   10.49  2011    6.12  1900    5.50  1912
    0.7  2001    0.7  1904    1.5  1971    3.3  1912    6.1  1966    9.1  1957   11.1  1894   11.0  1935    9.1  1957    6.2  1907    3.1  1903    1.3  1938    0.96  1933    3.79  1925   10.47  1884    6.11  1894    5.47  1987
    0.7  1965    0.7  2003    1.5  1930    3.3  1886    6.1  1982    9.1  1894   11.1  1943   10.9  1977    9.0  1927    6.2  1950    3.1  1926    1.3  1926    0.94  1931    3.75  1971   10.47  1923    6.10  1985    5.47  1928
    0.7  1910    0.6  1916    1.4  1964    3.3  1916    6.1  1892    9.1  1999   11.0  2000   10.9  1901    9.0  1964    6.1  1975    3.1  1979    1.3  1970    0.93  1897    3.74  1935   10.45  1980    6.10  1932    5.45  1936
    0.7  2021    0.6  1896    1.4  1918    3.2  1901    6.1  1921    9.0  1978   11.0  1988   10.9  2014    9.0  1971    6.1  1948    3.1  1916    1.2  1967    0.92  1997    3.74  1973   10.41  1910    6.09  1907    5.45  1918
    0.6  1934    0.6  1984    1.4  1996    3.2  1976    6.1  1934    9.0  1974   11.0  1896   10.9  1998    8.9  1975    6.1  1894    3.1  1989    1.2  1982    0.88  1924    3.72  1895   10.38  1927    6.07  1992    5.44  1964
    0.6  1911    0.6  2012    1.4  1979    3.2  1907    6.1  1956    9.0  1987   11.0  1886   10.9  1928    8.9  1903    6.1  1953    3.0  1927    1.1  1957    0.88  1952    3.72  1974   10.37  1979    6.05  1942    5.44  1944
    0.6  1918    0.5  1987    1.4  1910    3.2  1898    6.0  1939    9.0  1961   11.0  1973   10.8  1915    8.9  1963    6.1  1897    3.0  1961    1.1  2005    0.87  1918    3.71  1953   10.36  1948    6.04  1971    5.43  1903
    0.6  2025    0.4  1944    1.4  1942    3.2  1897    6.0  1961    9.0  1885   11.0  1939   10.8  1985    8.8  1916    6.0  1902    3.0  1972    1.1  1895    0.86  1955    3.70  1968   10.36  1942    6.04  1955    5.42  1972
    0.5  1958    0.4  1994    1.3  1973    3.1  1910    6.0  2010    9.0  1902   11.0  1993   10.8  1948    8.8  1954    6.0  1891    3.0  1976    1.0  1992    0.78  1890    3.69  1980   10.35  1966    6.04  1926    5.41  1910
    0.5  1978    0.4  2013    1.2  1925    3.1  1911    5.9  1884    9.0  1925   11.0  1908   10.8  1900    8.7  1906    5.9  1944    2.9  1950    0.9  1891    0.74  1904    3.68  1894   10.32  1889    6.02  1943    5.40  1900
    0.5  1931    0.4  1941    1.2  1986    3.1  1953    5.9  1886    9.0  1914   10.9  1895   10.7  1988    8.7  1979    5.9  1904    2.9  1933    0.9  1896    0.73  1969    3.66  1946   10.31  1993    6.01  1936    5.38  1899
    0.4  1966    0.3  2010    1.2  1941    3.1  1968    5.9  1928    8.9  1989   10.9  1974   10.7  1964    8.7  2003    5.9  1911    2.9  1930    0.9  2008    0.70  1894    3.65  1910   10.30  1986    5.98  1902    5.33  1894
    0.4  1953    0.2  1930    1.2  1915    3.1  1889    5.9  1896    8.9  1939   10.9  1930   10.7  1892    8.7  1911    5.9  1893    2.9  1956    0.8  1903    0.67  1996    3.62  1890   10.28  1985    5.96  1973    5.29  1925
    0.4  1907    0.2  1965    1.2  1951    3.1  1925    5.9  2021    8.9  1944   10.9  1917   10.7  1978    8.6  1937    5.8  1935    2.8  1911    0.8  1909    0.67  2009    3.58  1934   10.27  1894    5.95  1917    5.29  1996
    0.3  1909    0.2  1892    1.2  1895    3.1  2013    5.8  1926    8.9  1967   10.9  1948   10.7  1951    8.6  1918    5.8  1947    2.8  1943    0.8  1943    0.65  1977    3.57  1944   10.27  1940    5.94  1914    5.26  1931
    0.3  1914    0.0  1887    1.1  1965    3.0  1921    5.8  1942    8.9  1913   10.9  1960   10.6  1894    8.6  1993    5.8  1940    2.8  1920    0.8  1893    0.64  1962    3.57  1884   10.24  1961    5.94  1986    5.26  1923
    0.3  1901    0.0  1890    1.1  1906    3.0  1900    5.8  1974    8.9  1908   10.9  1972   10.6  1929    8.6  1907    5.8  2008    2.8  2016    0.7  1940    0.62  1970    3.55  1931   10.24  1887    5.94  1920    5.25  1916
    0.3  1977    0.0  1924    1.1  1949    3.0  1932    5.8  1963    8.8  1888   10.9  1942   10.5  1909    8.6  1943    5.7  1929    2.7  1998    0.7  2022    0.60  1968    3.55  1979   10.22  1886    5.91  1891    5.24  1952
    0.2  1946   -0.1  1970    1.1  1976    3.0  1977    5.8  1915    8.8  1921   10.8  1970   10.5  1979    8.6  2012    5.7  1900    2.7  1975    0.7  1968    0.60  1959    3.49  1969   10.21  1906    5.91  1975    5.22  1908
    0.2  1885   -0.1  1906    1.0  1946    2.9  1885    5.8  1962    8.7  1996   10.7  1984   10.5  1954    8.6  1990    5.6  1956    2.6  2010    0.6  1944    0.57  2011    3.49  1907   10.19  1898    5.90  1964    5.22  1893
    0.2  1964   -0.1  1978    1.0  1907    2.9  1973    5.8  1914    8.7  1922   10.7  1978   10.5  1923    8.5  1962    5.6  1918    2.6  2005    0.6  1969    0.54  1986    3.48  1916   10.18  1895    5.90  1897    5.18  1955
    0.2  1919   -0.2  1932    0.9  1934    2.8  1915    5.8  1951    8.7  1919   10.6  1968   10.5  1960    8.5  1908    5.6  1952    2.6  1973    0.6  1935    0.51  1987    3.48  2021   10.17  1951    5.83  1884    5.17  1906
    0.1  1894   -0.2  1940    0.8  1985    2.8  1970    5.8  1948    8.7  1898   10.6  2011   10.4  1931    8.5  1900    5.5  1901    2.5  1996    0.6  1923    0.50  1945    3.45  1919   10.15  1963    5.82  1895    5.16  1985
    0.1  1954   -0.2  1952    0.7  1987    2.8  1990    5.7  2013    8.7  1907   10.6  1885   10.4  1940    8.5  1905    5.5  1951    2.4  1962    0.4  2009    0.49  1936    3.45  1970   10.14  1904    5.80  1911    5.16  1896
    0.1  1952   -0.3  2018    0.7  1947    2.8  1958    5.7  1946    8.6  1956   10.6  1961   10.4  1941    8.5  1910    5.4  1915    2.4  1936    0.4  1996    0.44  1953    3.37  1908   10.13  1928    5.75  1937    5.15  2010
    0.0  1905   -0.3  1954    0.6  1889    2.8  1969    5.7  1929    8.6  1884   10.6  1918   10.4  1905    8.5  1920    5.3  1973    2.4  1966    0.4  1937    0.35  1964    3.37  1922   10.13  1978    5.74  1962    5.11  1905
    0.0  1955   -0.3  1981    0.6  1969    2.8  1918    5.7  1977    8.6  1932   10.6  1889   10.4  1974    8.4  1889    5.3  1993    2.4  1969    0.4  2001    0.34  1965    3.35  1986   10.12  1974    5.73  1972    5.08  1941
    0.0  1888   -0.4  1900    0.6  1904    2.7  1924    5.7  1938    8.6  1926   10.6  1903   10.3  1972    8.4  1915    5.2  1980    2.4  1891    0.4  1885    0.32  1889    3.32  1898   10.12  1954    5.73  1944    5.06  1965
   -0.1  2009   -0.5  1936    0.6  1901    2.7  1902    5.6  1975    8.6  1951   10.5  1929   10.3  1962    8.3  2015    5.2  1932    2.2  1884    0.3  1901    0.29  1951    3.30  1958   10.11  1912    5.72  1889    5.05  1942
   -0.1  1982   -0.5  1891    0.6  1886    2.7  1978    5.6  1949    8.6  1895   10.5  1909   10.3  1913    8.3  1902    5.2  1890    2.2  1890    0.3  1928    0.29  1909    3.28  1915   10.05  1977    5.69  1940    5.00  1904
   -0.3  1889   -0.6  1889    0.5  1919    2.6  1983    5.6  1980    8.6  1901   10.5  1966   10.3  1934    8.2  1919    5.1  1936    2.2  1918    0.3  1925    0.28  1991    3.27  1996   10.05  1946    5.64  1890    4.99  1979
   -0.5  1917   -0.7  1996    0.5  1908    2.6  1989    5.6  1901    8.5  1975   10.5  1938   10.3  1946    8.2  1888    5.1  1884    2.1  1971    0.3  1939    0.26  1902    3.27  1956   10.01  1891    5.62  1931    4.94  1986
   -0.6  1933   -0.7  1934    0.5  1944    2.6  1890    5.5  1957    8.5  1915   10.4  1962   10.3  1965    8.2  1909    5.0  2003    2.1  1967    0.2  1952    0.09  1900    3.24  1886    9.99  1956    5.59  1909    4.94  1889
   -0.7  1997   -0.8  1907    0.4  1916    2.5  1941    5.5  1987    8.5  1969   10.4  1906   10.2  1963    8.1  1974    5.0  1889    2.0  1993    0.1  1964   -0.01  1892    3.24  1924    9.97  1924    5.54  1888    4.94  1956
   -0.8  1980   -0.8  1968    0.4  1885    2.5  1919    5.5  1979    8.5  1946   10.4  1924   10.2  1904    8.1  1922    5.0  1981    1.9  1937    0.1  1995   -0.14  1956    3.20  1902    9.92  1908    5.53  1965    4.93  1907
   -0.9  1886   -0.9  1985    0.4  1953    2.4  1884    5.5  1968    8.5  1971   10.4  1954   10.2  1891    8.1  1914    5.0  1955    1.9  1921   -0.0  1927   -0.14  2010    3.16  1932    9.88  1965    5.49  1974    4.92  1902
   -0.9  1897   -1.0  1983    0.4  1891    2.4  1984    5.4  1900    8.4  1886   10.3  1920   10.2  1889    8.1  1965    4.7  1899    1.9  1922   -0.1  1887   -0.15  1941    3.13  1901    9.87  1915    5.48  1918    4.86  1886
   -0.9  1908   -1.0  1909    0.3  1958    2.3  1951    5.4  1923    8.4  1942   10.2  1913   10.2  1966    8.1  1944    4.7  1939    1.8  1942   -0.1  1906   -0.15  1907    3.11  1951    9.84  1890    5.43  1910    4.84  1915
   -1.0  1947   -1.1  1919    0.2  1932    2.3  1954    5.3  1899    8.4  1985   10.2  1980   10.1  1907    8.0  1893    4.6  1931    1.7  1887   -0.2  1889   -0.21  1893    3.05  1899    9.82  1913    5.36  1901    4.80  1922
   -1.0  1929   -1.1  1901    0.2  1937    2.3  1936    5.3  1944    8.4  1906   10.2  1910   10.1  1890    8.0  1892    4.5  1922    1.6  1965   -0.3  1961   -0.23  1982    3.05  1984    9.80  1918    5.29  1993    4.75  1940
   -1.1  1893   -1.2  1888    0.1  1898    2.1  1888    5.3  1888    8.4  1928   10.2  1890   10.0  1902    7.9  1885    4.4  1974    1.6  1904   -0.4  1946   -0.38  1985    2.94  1906    9.77  1929    5.16  1893    4.75  1901
   -1.1  1892   -1.3  1979    0.1  1929    2.0  1986    5.3  1887    8.2  1904   10.2  1898   10.0  1924    7.8  1897    4.4  1926    1.6  1988   -0.5  1963   -0.43  1888    2.94  2013    9.75  1919    5.10  1904    4.69  1890
   -1.1  2010   -1.5  1955    0.0  1909    2.0  1938    5.3  1955    8.2  1991   10.2  1963    9.9  1888    7.8  1904    4.4  1964    1.5  1893   -0.6  1976   -0.44  1934    2.91  1955    9.65  1916    5.08  1925    4.65  1929
   -1.2  1959   -1.6  1886    0.0  2013    2.0  1903    5.2  1984    8.2  1929   10.2  1915    9.9  1993    7.7  1923    4.4  1992    1.4  1909   -0.8  1899   -0.67  1886    2.82  1900    9.63  1885    5.02  1885    4.60  1963
   -1.2  1887   -1.6  1902    0.0  1900    1.9  1908    5.2  1905    8.1  1923   10.2  1916    9.9  1903    7.7  1931    4.0  1885    1.4  1905   -0.9  1886   -0.73  1887    2.76  1909    9.63  1909    4.87  1892    4.59  1885
   -1.5  1941   -1.7  1969   -0.0  1970    1.8  1929    5.0  1935    8.1  1927   10.2  1940    9.9  1908    7.7  1894    3.5  1917    1.3  1952   -0.9  1916   -0.75  1942    2.64  1941    9.62  1902    4.82  1922    4.57  1962
   -1.8  1987   -1.8  1991   -0.1  1931    1.8  1891    5.0  1897    8.0  1977   10.2  1891    9.9  1896    7.7  1940    3.5  1896    1.1  1901   -1.0  1892   -0.95  1979    2.61  1962    9.59  1920    4.66  1923    4.55  1917
   -2.0  1942   -2.2  1917   -0.1  1888    1.8  1956    4.9  1909    7.9  1892   10.1  1965    9.8  1887    7.6  1887    3.5  1912    1.0  1925   -1.0  1917   -1.12  1929    2.56  1929    9.59  1962    4.63  1912    4.54  1909
   -2.4  1985   -2.7  1942   -0.1  1887    1.5  1922    4.8  1891    7.9  1962    9.9  1888    9.8  1986    7.5  1928    3.3  1895    0.9  1985   -1.2  1950   -1.20  1917    2.56  1885    9.58  1972    4.59  1896    4.45  1888
   -2.5  1945   -2.9  1929   -0.2  1899    1.4  1906    4.7  1894    7.9  1903    9.9  1892    9.6  1956    7.4  1972    3.2  1892    0.7  1896   -1.3  1933   -1.44  1940    2.47  1888    9.55  1888    4.58  1952    4.41  1891
   -2.5  1891   -3.6  1963   -0.2  1924    1.3  1892    4.6  1996    7.8  1909    9.8  1902    9.4  1922    7.4  1925    3.1  1888    0.3  1919   -1.4  1962   -1.73  1947    2.47  1917    9.52  1892    4.52  1915    4.39  1919
   -2.6  1895   -3.7  1986   -0.6  1917    1.3  1887    4.3  1885    7.5  1972    9.5  1922    9.3  1885    7.3  1912    3.0  1887    0.0  1910   -2.2  1981   -2.01  1895    2.33  1891    9.46  1903    4.23  1905    4.37  1895
   -3.4  1979   -4.1  1956   -0.9  1955    1.2  2021    4.2  1902    7.5  1918    9.5  1919    9.2  1912    6.9  1952    2.9  1905   -0.2  1923   -3.1  2010   -2.31  1891    2.16  1887    9.40  1907    4.08  1887    4.03  1887
   -4.3  1940   -4.1  1947   -1.4  1892    0.8  1917    4.2  1941    7.2  1916    9.4  1907    9.1  1920    6.3  1986    2.7  1919   -0.2  1915   -3.7  1890   -3.44  1963    2.00  1892    9.22  1922    3.72  1919    3.95  1892
   -5.4  1963   -5.9  1895   -1.4  1962    ---  2026    ---  2026    ---  2026    ---  2026    ---  2026    ---  2026    ---  2026    ---  2026    ---  2026     ---  1884     ---  2026     ---  2026     ---  2026     ---  2026
