Areal values from HadUK-Grid 1km gridded climate data from land surface network
Source: Met Office National Climate Information Centre
Monthly, seasonal and annual mean air temperature for England S
Areal series, starting in 1884
Last updated 01-Apr-2026 11:35
    jan  year    feb  year    mar  year    apr  year    may  year    jun  year    jul  year    aug  year    sep  year    oct  year    nov  year    dec  year     win  year     spr  year     sum  year     aut  year     ann  year
    7.1  1916    8.0  2024    9.0  1957   12.0  2011   13.7  2024   17.4  2025   19.8  2006   19.1  1995   17.2  2023   13.5  2001   10.0  1994   10.1  2015    6.99  2016   10.58  2025   17.95  2025   12.82  2006   11.35  2022
    7.1  1921    7.5  1990    8.8  2017   11.4  2007   13.5  2008   17.2  2023   19.4  2018   19.1  2022   17.0  2006   13.3  2005    9.7  2015    7.9  1934    6.69  2024   10.58  2024   17.67  2018   12.64  2011   11.34  2025
    7.0  2007    7.4  2026    8.8  1938   10.7  2020   13.4  1992   17.0  1976   19.3  1983   19.1  1997   16.5  1949   13.2  2006    9.7  2011    7.7  1974    6.58  2007   10.42  2011   17.64  2022   12.60  2023   11.32  2023
    6.7  2008    7.1  2002    8.2  2024   10.6  1943   13.4  2025   16.4  2017   18.6  2025   18.6  1911   16.3  2016   13.2  2022    9.4  2022    7.4  2023    6.46  1990   10.42  2017   17.55  1976   12.43  2022   11.18  2014
    6.6  1990    7.0  1945    8.2  1990   10.6  2025   13.3  2018   16.3  2018   18.6  2022   18.6  1947   16.1  2021   13.0  1995    9.1  1938    7.1  1988    6.38  2020   10.31  2007   17.44  2006   12.29  2014   11.15  2024
    6.6  1975    7.0  2022    8.2  2026   10.3  1893   13.3  2017   16.1  1940   18.6  1995   18.6  2003   16.1  1929   13.0  1921    8.9  2009    7.1  2018    6.36  1975   10.16  2014   17.37  2003   11.94  2021   11.05  2020
    6.5  1983    6.9  1998    8.2  1997   10.3  2014   13.2  1989   16.1  1950   18.4  2013   18.3  1975   15.8  1999   12.8  2014    8.8  2002    7.0  1953    6.29  1989   10.16  1893   17.29  1995   11.71  2009   10.99  2006
    6.4  2020    6.9  1961    8.2  2012   10.1  2018   13.1  2022   16.1  1896   18.4  1921   18.2  1990   15.7  1895   12.8  2023    8.7  2020    7.0  1898    6.16  2026   10.09  2022   17.14  1911   11.69  2005   10.97  2011
    6.2  1884    6.8  1926    8.2  2019   10.0  1945   13.1  1998   16.0  2003   18.3  1976   18.2  2020   15.5  2011   12.8  2011    8.7  2025    7.0  1918    6.13  2022   10.08  2020   17.09  1983   11.64  1949   10.91  2018
    6.0  1993    6.7  2020    8.1  1948   10.0  1987   13.0  1999   16.0  2006   18.3  1911   18.1  1899   15.4  2005   12.7  1969    8.6  2014    7.0  2024    6.13  2014    9.95  1945   16.97  1947   11.49  2025   10.81  2017
    6.0  2005    6.7  2019    8.0  1981    9.9  1949   13.0  1947   15.9  1970   18.2  1989   17.8  1955   15.4  2014   12.6  2013    8.6  1939    6.8  2021    6.02  1935    9.92  1999   16.92  1899   11.48  1959   10.74  2007
    5.9  1932    6.6  1995    7.9  1998    9.9  1961   12.9  1952   15.8  2021   18.1  1994   17.8  2025   15.4  1898   12.5  1968    8.5  1997    6.8  1900    5.96  1998    9.81  1992   16.79  1933   11.46  1995   10.73  2002
    5.9  1898    6.6  1903    7.9  2022    9.9  2009   12.9  1964   15.6  2004   18.1  2014   17.7  1933   15.2  1959   12.5  2017    8.3  2003    6.7  2025    5.95  1995    9.73  2009   16.79  2023   11.43  2001   10.72  1990
    5.9  1974    6.5  1997    7.8  1991    9.8  1944   12.8  1893   15.6  1960   17.9  2019   17.7  2004   15.1  1933   12.4  1959    8.3  1951    6.7  1912    5.89  2019    9.72  1943   16.71  2019   11.38  1999   10.67  1999
    5.9  1989    6.5  2011    7.8  2014    9.8  2024   12.8  2020   15.6  2005   17.9  1934   17.5  1932   15.1  1961   12.2  2021    8.3  1978    6.6  1985    5.79  2008    9.71  2003   16.66  1975   11.34  1898   10.65  1989
    5.8  1944    6.4  1914    7.8  1961    9.7  1894   12.8  1919   15.5  1992   17.8  2021   17.5  2024   15.1  1947   12.1  1990    8.2  2006    6.5  1942    5.75  1899    9.68  1998   16.65  1997   11.34  2020   10.64  2019
    5.8  2014    6.4  2014    7.7  1994    9.6  1946   12.8  1922   15.5  1982   17.8  1900   17.4  2019   15.0  2004   12.0  1954    8.2  2018    6.5  2006    5.72  1943    9.65  1990   16.63  2020   11.31  1978   10.62  2015
    5.8  2012    6.3  2023    7.7  2025    9.6  1914   12.7  1917   15.4  2020   17.7  2010   17.4  1893   15.0  2000   11.9  1989    8.2  1899    6.5  1954    5.58  1925    9.59  1952   16.63  2016   11.29  2024   10.62  2003
    5.7  1999    6.3  2017    7.7  1945    9.5  2003   12.7  1990   15.4  2010   17.7  1999   17.4  1983   15.0  1958   11.9  1949    8.2  1953    6.5  1994    5.50  1999    9.59  2019   16.58  2021   11.25  2015   10.59  2004
    5.7  2002    6.2  2007    7.6  2002    9.4  1993   12.6  1911   15.4  2014   17.6  1933   17.4  2016   14.9  1989   11.8  1908    8.1  1913    6.3  1924    5.49  1916    9.58  2002   16.57  2017   11.21  2004   10.55  1921
    5.7  1890    6.2  2000    7.6  1989    9.4  1999   12.6  1918   15.4  1947   17.6  1923   17.4  1984   14.9  1926   11.7  2024    8.1  1984    6.2  2013    5.46  1949    9.55  1997   16.56  2013   11.17  2002   10.54  1995
    5.6  1930    6.1  1918    7.6  2003    9.4  2004   12.6  2016   15.4  1889   17.6  1901   17.3  1976   14.9  1998   11.7  1945    8.1  1963    6.2  1921    5.45  1957    9.52  1959   16.54  1989   11.15  1913   10.54  2016
    5.6  2018    6.0  1946    7.4  1950    9.4  2015   12.6  1889   15.4  1893   17.5  2003   17.3  1959   14.8  1991   11.7  1978    8.0  1982    6.2  1910    5.40  1923    9.51  1961   16.50  1959   11.14  2016   10.54  1997
    5.6  1938    5.9  1966    7.4  2000    9.4  1952   12.5  1970   15.3  1887   17.5  1905   17.3  1944   14.7  1980   11.7  2009    8.0  1946    6.2  1971    5.40  2002    9.51  2023   16.44  2004   11.13  1989   10.53  2005
    5.6  2016    5.9  1885    7.4  1893    9.3  1959   12.5  2023   15.3  2007   17.5  1887   17.2  2013   14.7  1890   11.6  1977    7.9  1970    6.1  2011    5.39  1920    9.48  2018   16.42  1893   11.10  2013   10.51  1949
    5.6  1969    5.8  1989    7.3  1992    9.3  2002   12.5  1960   15.2  1897   17.5  1899   17.2  2018   14.7  2022   11.6  2025    7.9  1888    6.1  1911    5.39  1974    9.45  1948   16.34  1949   11.10  2018   10.45  2021
    5.6  1948    5.8  1980    7.3  1999    9.2  2022   12.5  2011   15.2  2016   17.4  1935   17.2  1991   14.7  2019   11.5  1996    7.8  1895    6.1  1977    5.36  2017    9.38  1912   16.32  2014   11.10  2017   10.39  1959
    5.4  1976    5.8  1928    7.3  2007    9.1  2019   12.4  2014   15.2  1917   17.4  1949   17.1  2002   14.6  1884   11.4  1898    7.8  2004    6.0  2016    5.31  1921    9.36  2004   16.32  1994   11.10  1997   10.38  1998
    5.4  1988    5.8  1920    7.3  1912    9.1  2017   12.4  2001   15.2  1930   17.3  1941   17.1  1884   14.6  2009   11.4  1971    7.8  1928    6.0  2019    5.29  2012    9.33  2008   16.32  1935   11.08  1945   10.37  1994
    5.3  1994    5.8  1923    7.3  1933    9.1  2005   12.4  1953   15.2  2022   17.2  1959   17.1  2001   14.6  2020   11.3  1886    7.7  1917    5.9  1986    5.27  2025    9.33  1957   16.31  2010   11.05  1994   10.35  2000
    5.3  2004    5.8  1897    7.2  1927    9.0  1955   12.3  2006   15.2  1899   17.2  2017   17.0  1906   14.6  1934   11.2  1979    7.7  2023    5.9  2002    5.27  1913    9.30  1933   16.28  2005   11.02  1970   10.30  2009
    5.2  1957    5.7  1937    7.2  2023    9.0  1926   12.3  1940   15.1  1957   17.2  1975   17.0  2009   14.5  1911   11.2  1913    7.7  1986    5.9  1997    5.25  1937    9.27  2012   16.27  1955   11.02  1938   10.19  2008
    5.2  1949    5.7  1935    7.2  1921    9.0  2010   12.3  1908   15.1  1966   17.2  2016   17.0  2012   14.5  1985   11.2  1984    7.7  2024    5.9  1955    5.25  1988    9.20  1896   16.26  1990   11.01  1968   10.18  1945
    5.2  1925    5.7  1950    7.2  2021    9.0  1937   12.3  2009   15.1  2000   17.2  1904   16.9  1937   14.5  1981   11.1  1906    7.7  1999    5.9  1959    5.24  2004    9.19  2005   16.25  1921   11.00  1984   10.08  1911
    5.2  1998    5.6  1943    7.1  1959    9.0  1995   12.2  2007   15.1  1933   17.2  2001   16.9  1949   14.5  1921   11.1  2015    7.7  1995    5.8  2000    5.23  2000    9.17  2000   16.22  1887   10.97  1947   10.07  2001
    5.1  2023    5.5  2008    7.1  1920    9.0  1942   12.2  1945   15.0  2009   17.1  1955   16.9  2000   14.5  2003   11.0  1986    7.6  1931    5.8  1979    5.19  2005    9.17  1993   16.19  2001   10.86  1982   10.06  1983
    5.1  1943    5.5  1949    7.1  1967    8.9  1948   12.2  2004   15.0  1934   17.0  1991   16.8  1989   14.5  1973   11.0  1985    7.6  1894    5.8  1929    5.12  1950    9.14  1960   16.17  2024   10.83  2000   10.03  1943
    5.1  1906    5.4  1939    7.0  1896    8.9  1896   12.1  2000   14.9  1993   16.9  1947   16.8  1973   14.5  1982   11.0  2007    7.6  1992    5.7  1956    5.08  1898    9.14  1920   16.16  2009   10.83  1921   10.03  1898
    5.0  1899    5.4  1957    7.0  1903    8.8  1997   12.1  1912   14.9  1959   16.9  2005   16.7  1935   14.5  1970   11.0  2018    7.5  1981    5.7  1948    5.07  1948    9.13  1989   16.11  1984   10.83  2007   10.01  1957
    5.0  1920    5.4  1974    7.0  2009    8.8  1904   12.1  2012   14.8  1935   16.9  1971   16.7  2023   14.4  2024   10.9  1916    7.5  2021    5.7  1949    5.05  2023    9.10  2015   16.07  1934   10.82  1906    9.97  1948
    5.0  1937    5.4  1977    7.0  2005    8.8  2006   12.1  1959   14.8  1925   16.9  1990   16.6  1898   14.4  1936   10.9  1967    7.5  1983    5.7  1972    5.02  1912    8.99  1921   16.03  1999   10.81  1929    9.97  1938
    5.0  1928    5.3  2004    6.9  1977    8.8  2023   12.1  1895   14.8  1973   16.8  1969   16.5  2008   14.4  1939   10.9  1910    7.5  1964    5.6  1987    4.96  1903    8.93  1940   16.02  1897   10.78  1969    9.95  2012
    5.0  1923    5.3  1912    6.9  1936    8.7  1933   12.0  1943   14.8  2019   16.8  1967   16.5  1999   14.4  2002   10.9  2016    7.4  1908    5.6  1951    4.92  1967    8.92  1927   15.97  1982   10.78  1990    9.94  1961
    4.8  1995    5.2  2021    6.9  2011    8.7  1912   12.0  2003   14.7  1941   16.8  1952   16.5  2006   14.4  1997   10.9  1957    7.3  1960    5.6  1915    4.89  1922    8.91  1981   15.96  1992   10.75  1958    9.92  1976
    4.7  2022    5.2  1884    6.8  2020    8.7  1909   11.9  1937   14.7  1949   16.7  1925   16.5  1916   14.4  1941   10.9  1965    7.3  2007    5.6  1998    4.84  1994    8.85  1994   15.90  1900   10.70  2003    9.91  1934
    4.7  2000    5.2  1967    6.8  1897    8.7  1960   11.9  1976   14.6  1910   16.6  1928   16.5  1996   14.3  1945   10.9  1958    7.3  1947    5.6  1993    4.84  2003    8.84  1914   15.88  1950   10.70  1908    9.91  1893
    4.7  2024    5.2  2025    6.8  1905    8.6  1957   11.9  1933   14.6  1986   16.6  1926   16.4  1926   14.3  1956   10.8  2004    7.3  2008    5.6  1983    4.77  1930    8.81  1938   15.87  2002   10.69  1951    9.91  1992
    4.7  2015    5.2  1992    6.7  1902    8.6  1992   11.9  1920   14.6  1905   16.6  1896   16.4  1942   14.2  1964   10.8  1961    7.2  1948    5.5  1922    4.77  1993    8.79  1991   15.84  2008   10.68  1961    9.87  1982
    4.7  1902    5.2  1899    6.6  2015    8.5  1940   11.8  2002   14.5  1968   16.6  1997   16.4  1981   14.2  2025   10.8  1988    7.2  2001    5.4  1919    4.75  1972    8.78  1988   15.84  1901   10.67  1954    9.85  1975
    4.6  1981    5.2  2016    6.6  1972    8.5  1939   11.8  1988   14.5  1891   16.6  1897   16.3  1939   14.2  1951   10.8  1943    7.2  1906    5.4  2014    4.75  1961    8.74  2016   15.80  1952   10.64  1946    9.82  1914
    4.5  1924    5.2  1925    6.5  1978    8.5  1947   11.7  1956   14.5  1936   16.6  2024   16.3  2005   14.2  2007   10.8  2020    7.2  1898    5.4  1966    4.74  2015    8.74  2006   15.80  1996   10.63  1953    9.82  1899
    4.5  1913    5.1  1958    6.5  1894    8.5  1980   11.7  1896   14.5  1895   16.5  1957   16.3  1994   14.2  1955   10.7  1999    7.2  1945    5.4  2004    4.71  1973    8.73  1995   15.79  2000   10.62  1963    9.80  1988
    4.5  2026    5.1  1999    6.5  1943    8.4  1920   11.7  1916   14.5  1911   16.5  1992   16.3  2015   14.1  1971   10.7  1963    7.1  1897    5.3  1989    4.71  1976    8.72  1950   15.78  1932   10.61  2019    9.78  1913
    4.5  1939    5.0  1910    6.5  2004    8.4  1985   11.6  1913   14.5  1963   16.5  1996   16.3  1919   14.1  2018   10.7  1970    7.0  1900    5.2  1980    4.70  2001    8.69  2010   15.73  1957   10.59  1886    9.78  2013
    4.4  1971    5.0  1908    6.5  1952    8.4  1996   11.6  1995   14.5  1921   16.5  2023   16.2  1914   14.1  1891   10.7  1925    7.0  1954    5.2  1932    4.68  1914    8.63  1944   15.73  1925   10.58  1983    9.74  1933
    4.4  1935    5.0  1905    6.5  1993    8.4  1901   11.6  1993   14.5  1989   16.5  2008   16.2  1952   14.1  2013   10.7  1942    7.0  2000    5.2  1984    4.67  1946    8.61  2001   15.72  1884   10.51  1991    9.74  1935
    4.4  2003    4.8  1894    6.5  1988    8.3  1982   11.6  1890   14.5  1994   16.5  1982   16.2  1897   14.1  1913   10.7  1998    7.0  2017    5.2  2020    4.66  1911    8.58  1913   15.72  1896   10.50  1998    9.74  1953
    4.4  1927    4.8  2001    6.4  1923    8.3  1963   11.6  1997   14.5  1931   16.4  1893   16.1  2021   14.1  1906   10.7  1920    6.9  1924    5.2  1941    4.65  1932    8.56  1982   15.71  2015   10.48  1971    9.72  1884
    4.4  1896    4.7  1893    6.4  1926    8.3  1921   11.6  1924   14.5  2008   16.4  2009   16.1  1953   14.1  1917   10.6  1903    6.9  1955    5.2  2007    4.61  2021    8.54  1895   15.70  1973   10.48  1899    9.71  1926
    4.3  1996    4.7  1982    6.3  1968    8.3  1964   11.5  1925   14.4  2015   16.4  1945   16.1  1969   14.0  1886   10.6  2019    6.9  1990    5.1  2003    4.61  1960    8.51  1926   15.67  1905   10.45  1939    9.69  1984
    4.3  1962    4.7  1938    6.3  2008    8.3  1895   11.5  1921   14.4  1900   16.4  1984   16.1  1998   14.0  1978   10.6  2010    6.8  1959    5.1  1931    4.60  1926    8.51  1949   15.67  1944   10.43  1977    9.65  1971
    4.3  1973    4.7  1988    6.3  1966    8.2  1916   11.5  2005   14.4  1984   16.4  2015   16.1  1943   14.0  1948   10.6  1976    6.8  1940    5.1  1947    4.58  1939    8.50  1894   15.67  1937   10.41  1948    9.65  1960
    4.3  2006    4.6  1975    6.3  1983    8.2  1972   11.4  2019   14.4  2024   16.3  1951   16.1  1918   14.0  1987   10.6  1909    6.8  1974    5.1  2012    4.58  2018    8.46  1947   15.66  1970   10.40  1979    9.62  1928
    4.2  1926    4.6  1921    6.3  1913    8.2  2008   11.4  1982   14.4  1938   16.3  1885   16.0  2017   13.9  1969   10.6  1930    6.8  2012    5.1  1936    4.56  1980    8.44  1964   15.59  1940   10.37  1941    9.61  1967
    4.2  1967    4.6  1922    6.3  1960    8.1  1930   11.4  1892   14.4  1961   16.3  2020   16.0  1938   13.9  1966   10.6  1947    6.7  1889    5.1  2017    4.42  1938    8.42  1939   15.59  2007   10.37  1934    9.60  1939
    4.2  1900    4.6  1898    6.2  1884    8.1  1927   11.4  1927   14.4  1998   16.3  1943   16.0  1901   13.9  2010   10.5  1934    6.7  1935    5.1  1945    4.40  1992    8.42  1953   15.58  1941   10.36  1928    9.59  1993
    4.1  1903    4.5  1911    6.2  1935    8.1  1898   11.3  1934   14.4  1983   16.2  1944   16.0  1886   13.9  1901   10.5  1937    6.7  1907    5.0  1894    4.36  1966    8.41  1972   15.56  1969   10.33  1996    9.59  1947
    4.1  1968    4.5  1913    6.2  1907    8.1  1900   11.3  1971   14.4  1975   16.2  1912   16.0  1936   13.9  1968   10.5  2000    6.7  1929    4.9  1973    4.34  1984    8.40  1918   15.54  1914   10.33  1933    9.56  1973
    4.1  1950    4.5  1948    6.2  1914    8.1  1975   11.3  1965   14.4  1914   16.2  1985   16.0  1980   13.9  1946   10.5  1966    6.6  1991    4.8  1999    4.27  1981    8.39  1967   15.54  1943   10.32  1895    9.56  1920
    4.0  2011    4.5  1993    6.2  2010    8.1  1928   11.3  1936   14.4  1996   16.2  1884   15.9  1982   13.9  1942   10.5  1972    6.6  1902    4.8  1913    4.26  1983    8.37  1911   15.53  1945   10.27  1930    9.55  1937
    4.0  1936    4.4  1971    6.1  1928    8.1  1994   11.3  1948   14.4  1952   16.2  1979   15.9  1930   13.9  1907   10.4  1997    6.6  1914    4.8  1888    4.26  1885    8.32  1946   15.52  2012   10.25  1924    9.54  1930
    4.0  1951    4.4  1972    6.0  1929    8.0  1988   11.3  2015   14.3  1945   16.1  1946   15.9  1971   13.9  1983   10.4  1927    6.6  1979    4.8  1914    4.25  1915    8.30  1942   15.52  1906   10.24  2008    9.53  1991
    4.0  2019    4.2  2009    6.0  1956    8.0  1935   11.2  1884   14.3  2002   16.1  1964   15.9  2011   13.9  1899   10.4  1983    6.6  1892    4.8  1958    4.24  1958    8.30  1928   15.51  1917   10.23  1960    9.52  1900
    3.9  1960    4.2  1964    5.9  1940    8.0  1899   11.2  1973   14.3  2001   16.1  2002   15.8  2007   13.8  1900   10.4  1928    6.6  1932    4.7  1907    4.24  1971    8.28  1905   15.51  1991   10.22  1900    9.51  1918
    3.9  2017    4.2  1976    5.9  1954    8.0  1990   11.2  1958   14.3  1920   16.0  1886   15.8  1887   13.8  1935   10.4  1962    6.6  1987    4.7  1897    4.24  1928    8.25  1966   15.48  1967   10.17  1987    9.51  1970
    3.9  1934    4.2  2005    5.9  1973    7.9  2000   11.2  1901   14.3  2011   16.0  1929   15.8  1970   13.8  1930   10.4  1924    6.6  2019    4.6  1965    4.23  1906    8.24  1890   15.48  1926   10.16  1907    9.49  1944
    3.9  1984    4.1  1973    5.9  1982    7.9  1965   11.2  1969   14.3  1908   16.0  2004   15.8  1992   13.8  1938   10.4  2002    6.5  2013    4.5  1991    4.22  1944    8.17  1965   15.46  1930   10.15  1914    9.48  1950
    3.9  1915    4.1  1962    5.9  1890    7.9  1998   11.2  1910   14.3  1942   16.0  1986   15.8  1921   13.8  2017   10.3  1914    6.5  1968    4.5  1975    4.18  1954    8.17  1936   15.39  1998   10.13  1981    9.47  1974
    3.9  1970    4.1  1896    5.8  2016    7.9  1974   11.2  1944   14.2  1943   15.9  1914   15.8  1987   13.7  1953   10.3  1941    6.5  1989    4.5  1884    4.15  1896    8.16  1937   15.38  1942   10.11  1916    9.47  1897
    3.8  1922    4.1  1915    5.8  1918    7.9  1934   11.1  1978   14.2  1997   15.9  1937   15.8  1945   13.7  1984   10.3  1960    6.5  1941    4.4  1978    4.12  2006    8.15  1903   15.25  1895   10.11  1955    9.45  1966
    3.7  1956    4.1  2003    5.8  1939    7.9  2001   11.1  1915   14.1  1988   15.9  1950   15.8  2010   13.7  1967   10.3  1938    6.5  1949    4.4  2005    4.11  1910    8.13  1976   15.24  1904   10.09  1964    9.44  1977
    3.7  1972    4.1  2015    5.7  1910    7.8  1984   11.1  1931   14.1  1885   15.9  1932   15.8  1958   13.7  1995   10.2  1994    6.4  1958    4.4  1905    4.11  1905    8.12  1977   15.22  1898   10.06  1935    9.43  1958
    3.7  2013    4.1  1933    5.7  1963    7.8  1968   11.1  1954   14.1  1937   15.9  1908   15.8  1909   13.6  2008   10.2  1933    6.4  1977    4.3  1902    4.11  1927    8.10  1884   15.22  1936   10.06  1920    9.41  1906
    3.7  1912    4.0  1959    5.6  1995    7.8  1913   11.1  1981   14.1  1995   15.9  1987   15.7  1940   13.6  1996   10.1  1982    6.4  1920    4.3  1982    4.02  1894    8.10  1963   15.21  2011   10.06  1903    9.38  1946
    3.7  1904    4.0  1960    5.6  1974    7.8  1991   11.0  1950   14.1  1915   15.9  1917   15.7  1895   13.5  1992   10.1  1897    6.4  1930    4.3  1990    4.00  1978    8.10  1889   15.20  1923   10.05  1911    9.38  1912
    3.6  2025    4.0  1891    5.6  2001    7.8  1976   11.0  1939   14.0  1913   15.8  1906   15.7  1967   13.5  2001   10.1  1893    6.4  1886    4.3  1891    3.99  2013    8.10  1907   15.20  1964   10.04  1976    9.33  1932
    3.6  1961    4.0  1927    5.3  1953    7.8  2016   11.0  1903   14.0  1919   15.8  1977   15.7  1950   13.5  1914   10.1  1946    6.3  1944    4.3  1930    3.97  1901    8.09  1910   15.19  1939   10.04  2010    9.32  1951
    3.6  1986    3.9  2012    5.3  1930    7.8  1886   10.9  1986   14.0  1939   15.8  1958   15.7  1927   13.5  1975   10.0  1991    6.3  1903    4.2  1904    3.97  1908    8.09  1973   15.19  1960   10.03  1943    9.32  1969
    3.6  1918    3.9  1953    5.3  1895    7.7  1923   10.9  1929   14.0  1924   15.7  1956   15.6  1964   13.5  1924   10.0  1948    6.3  1916    4.2  1893    3.92  1952    8.09  1954   15.18  1938   10.02  1890    9.31  1896
    3.6  1910    3.8  1931    5.3  1965    7.7  1979   10.9  2010   13.9  1953   15.7  1894   15.6  1961   13.4  1988   10.0  1987    6.3  2005    4.2  1957    3.91  1919    8.07  1956   15.18  1886   10.02  2012    9.31  1978
    3.6  1992    3.7  1951    5.1  1941    7.7  1885   10.9  1942   13.9  1922   15.7  1981   15.6  1925   13.4  1937   10.0  1953    6.3  1926    4.2  1920    3.91  1890    8.07  1935   15.17  1953   10.02  1986    9.31  1894
    3.5  2001    3.7  2006    5.1  2018    7.7  1950   10.9  1966   13.9  1967   15.7  2012   15.5  1957   13.4  1915   10.0  2012    6.2  1972    4.1  1908    3.84  1933    8.06  1934   15.15  1961   10.02  1967    9.30  1964
    3.5  1991    3.7  1887    5.1  2006    7.7  1981   10.8  1961   13.9  2013   15.6  2007   15.5  1923   13.4  1932    9.9  1907    6.2  1980    4.0  1967    3.81  1918    8.06  1930   15.13  1981    9.96  1980    9.29  1980
    3.5  1958    3.7  1987    5.1  1911    7.7  1931   10.8  1904   13.9  1965   15.6  1998   15.5  1929   13.4  1976    9.9  1975    6.2  2016    4.0  1960    3.80  1931    8.05  1897   15.12  1889    9.95  1957    9.27  1936
    3.4  2021    3.6  1916    5.1  1942    7.7  1967   10.8  1914   13.9  2012   15.6  1918   15.5  2014   13.3  1979    9.9  2008    6.1  1957    4.0  1938    3.72  1997    8.04  1987   15.11  1971    9.91  1966    9.27  1968
    3.3  1965    3.5  1984    5.0  1946    7.6  1915   10.8  1985   13.8  1901   15.5  1973   15.5  1968   13.3  2012    9.9  1923    6.1  1976    4.0  1895    3.71  1962    8.04  1974   15.08  1928    9.91  1942    9.27  1924
    3.3  1931    3.5  1941    5.0  1915    7.6  1969   10.8  1980   13.8  1999   15.5  1895   15.5  1915   13.3  1990    9.8  1900    6.1  1975    3.9  1926    3.67  1924    8.02  2021   15.06  1958    9.90  1973    9.27  1955
    3.2  1911    3.5  1994    5.0  1986    7.6  1966   10.7  1930   13.8  1884   15.5  1898   15.4  1928   13.2  1943    9.8  1891    6.1  1973    3.9  1970    3.62  2009    8.01  1980   15.05  1993    9.88  1988    9.26  1981
    3.2  1978    3.5  1904    5.0  1944    7.5  1962   10.7  1994   13.8  1980   15.5  1948   15.4  1917   13.2  1896    9.8  1950    6.1  1961    3.9  2022    3.57  1955    7.99  1968   14.99  1968    9.87  1985    9.25  1925
    3.2  1905    3.4  1892    4.9  1906    7.5  1953   10.7  1949   13.8  1890   15.5  2011   15.4  1900   13.2  1903    9.8  1904    6.1  1943    3.8  1909    3.56  1897    7.99  1978   14.99  1908    9.85  1956    9.25  1908
    3.2  1901    3.2  1944    4.9  1934    7.5  2013   10.7  1991   13.8  1912   15.5  1927   15.4  1913   13.2  1977    9.7  1929    6.1  1927    3.8  1992    3.56  1959    7.96  1904   14.98  1951    9.85  1940    9.24  1910
    3.2  1907    3.2  1934    4.9  1949    7.5  1892   10.7  1909   13.8  1932   15.4  1942   15.4  1892   13.1  1893    9.7  1911    6.1  1912    3.7  2008    3.49  1945    7.95  1923   14.94  1979    9.84  1917    9.23  1903
    3.2  1909    3.2  2010    4.9  1899    7.5  1907   10.7  1928   13.8  1955   15.4  1972   15.3  1988   13.1  1950    9.7  1940    6.0  1934    3.7  1896    3.45  1904    7.93  1985   14.93  1966    9.84  1891    9.23  1954
    3.1  1894    3.2  1906    4.9  1971    7.5  2012   10.6  1886   13.8  1964   15.4  1953   15.3  1934   13.1  1960    9.7  1935    6.0  1911    3.6  1923    3.41  1970    7.90  1919   14.92  1918    9.83  1926    9.21  1927
    3.0  1946    3.1  2013    4.8  1980    7.5  1905   10.6  1974   13.7  1979   15.4  1993   15.3  1910   13.1  1940    9.6  1901    5.9  1998    3.6  2001    3.40  1987    7.90  1971   14.92  1987    9.83  1975    9.19  1996
    3.0  1914    3.1  1970    4.8  1925    7.5  1971   10.6  1898   13.7  1969   15.4  2000   15.2  1904   13.1  1920    9.6  1890    5.9  1996    3.6  1940    3.40  1968    7.90  1925   14.90  1929    9.80  1897    9.17  2010
    3.0  1952    3.1  1952    4.8  1975    7.4  1902   10.6  1905   13.7  1974   15.4  1961   15.2  1977   13.0  1916    9.6  1951    5.9  1950    3.5  1943    3.40  2011    7.89  1915   14.85  1885    9.74  1936    9.17  1952
    3.0  2009    3.1  1890    4.8  1922    7.4  1925   10.6  1907   13.7  1906   15.3  1903   15.1  1972   13.0  1919    9.5  1894    5.9  1971    3.5  1944    3.39  1889    7.82  1901   14.84  1986    9.72  1937    9.16  1972
    2.9  1953    2.9  2018    4.7  1976    7.4  1911   10.5  1888   13.7  1894   15.3  1924   15.1  1974   13.0  1963    9.5  1956    5.9  1885    3.4  1928    3.34  1977    7.82  1929   14.75  1988    9.72  1927    9.15  1916
    2.9  1982    2.8  1981    4.7  1979    7.3  1910   10.5  1906   13.6  1948   15.2  1930   15.0  1948   12.9  1928    9.4  1902    5.8  1956    3.4  2009    3.30  1909    7.79  1916   14.75  1915    9.70  1884    9.14  1923
    2.8  1888    2.8  1965    4.6  1984    7.3  1897   10.4  2013   13.6  1951   15.2  1970   14.9  1978   12.9  1954    9.4  1899    5.7  1890    3.3  1901    3.27  1953    7.77  1922   14.75  1980    9.66  1894    9.14  1987
    2.8  1919    2.8  1924    4.6  1889    7.3  1938   10.4  1967   13.6  1958   15.2  1931   14.9  1965   12.9  2015    9.3  1944    5.7  1918    3.3  1964    3.27  1969    7.77  1983   14.74  1919    9.66  1902    9.08  1905
    2.8  1977    2.8  1900    4.6  1985    7.2  1954   10.4  1977   13.6  1990   15.2  1889   14.9  1951   12.9  1902    9.3  2003    5.6  1936    3.3  1885    3.26  1936    7.69  1924   14.73  1931    9.63  1932    9.07  1942
    2.8  1964    2.8  1932    4.5  1885    7.2  1924   10.4  1972   13.6  1978   15.2  1939   14.9  1960   12.9  1994    9.2  1955    5.6  1933    3.2  1969    3.20  1892    7.65  1899   14.73  1948    9.63  1992    9.05  1904
    2.7  1954    2.7  1889    4.5  1932    7.2  1890   10.4  1946   13.5  1902   15.1  1936   14.9  1979   12.9  1889    9.2  1915    5.6  1969    3.2  1903    3.20  1902    7.64  1902   14.71  1910    9.60  1950    9.04  1929
    2.7  1966    2.7  1930    4.4  1996    7.1  1958   10.3  1938   13.5  1944   15.1  1916   14.9  1905   12.8  1957    9.2  1936    5.6  1891    3.1  1935    3.17  1965    7.60  1898   14.70  1913    9.51  1972    9.02  1940
    2.6  1955    2.6  1954    4.4  1951    7.1  1889   10.3  2021   13.5  1898   15.1  1974   14.8  1966   12.8  1910    9.2  1973    5.6  2010    3.1  1952    3.15  1991    7.60  1931   14.68  1894    9.46  1962    9.00  1941
    2.6  1889    2.6  1909    4.3  1904    7.1  1973   10.3  1963   13.4  1888   15.1  1960   14.8  1993   12.8  1908    9.2  1918    5.4  1988    3.0  1937    3.14  1996    7.59  1970   14.64  1974    9.46  1889    9.00  1901
    2.6  1885    2.6  1936    4.3  1924    7.1  1906   10.3  1957   13.4  1886   15.1  1938   14.8  1889   12.7  1888    9.1  1884    5.4  1967    3.0  1925    3.10  1986    7.58  1909   14.62  1927    9.46  1888    8.99  1915
    2.3  1933    2.5  1907    4.2  1908    7.1  1977   10.2  1932   13.4  1954   15.0  1940   14.8  1908   12.6  1927    9.1  1952    5.4  1922    3.0  1968    3.08  1900    7.56  1975   14.57  1963    9.42  1931    8.99  1931
    2.2  1908    2.5  1978    4.1  1964    7.0  1919   10.2  1926   13.3  1926   14.9  1968   14.7  1985   12.6  1962    9.0  1980    5.4  1884    2.9  1889    3.05  1964    7.51  1906   14.56  1985    9.41  1944    8.92  1907
    2.2  1980    2.5  1996    4.1  1891    6.9  1951   10.2  1983   13.3  1962   14.9  1902   14.7  1907   12.6  1944    9.0  1931    5.3  1962    2.9  1996    3.01  1956    7.50  1908   14.56  1946    9.41  1893    8.91  1985
    2.0  1997    2.5  1940    4.1  1898    6.8  1983   10.1  1900   13.3  1981   14.9  1963   14.7  1941   12.6  1923    8.9  1932    5.3  1966    2.9  1939    2.95  1951    7.50  1969   14.53  1891    9.40  1901    8.89  1889
    2.0  1892    2.2  1985    4.1  1987    6.8  1932   10.1  1897   13.3  1904   14.9  1966   14.6  1894   12.5  1904    8.8  1889    5.2  1937    2.8  1906    2.85  1907    7.46  1886   14.50  1924    9.29  1965    8.87  1965
    1.9  1959    2.0  1968    4.1  1931    6.8  1884   10.1  1987   13.3  1892   14.8  1909   14.6  1890   12.5  1905    8.6  1964    5.2  1904    2.8  1887    2.79  1893    7.44  1979   14.43  1978    9.21  1909    8.82  1902
    1.9  1886    1.8  1901    4.0  1886    6.7  1918   10.1  1899   13.1  1929   14.8  1891   14.6  1954   12.5  1993    8.6  1993    5.1  1942    2.8  1946    2.75  1982    7.37  1958   14.41  1916    9.15  1904    8.81  1979
    1.9  1887    1.8  1919    4.0  1947    6.6  1970   10.0  1935   13.1  1928   14.8  1988   14.6  1946   12.4  1892    8.5  1981    5.0  1893    2.7  1961    2.70  1934    7.37  1984   14.39  1977    9.12  1910    8.80  1890
    1.8  1947    1.7  1983    3.9  1901    6.5  2021    9.9  1979   13.1  1918   14.7  1978   14.6  1902   12.4  1918    8.4  1939    4.9  1921    2.5  1995    2.67  1985    7.28  1996   14.35  1912    9.09  1918    8.78  1886
    1.7  1893    1.5  1991    3.9  1919    6.5  1941    9.9  1951   13.0  1987   14.7  1962   14.5  1962   12.4  1885    8.3  1926    4.9  1993    2.3  1886    2.65  2010    7.26  1986   14.35  1890    8.82  1925    8.78  1986
    1.5  2010    1.4  1902    3.7  1958    6.5  1989    9.9  1975   13.0  1956   14.7  1915   14.5  1896   12.3  1922    8.3  1922    4.8  1909    2.3  1963    2.59  1887    7.23  1900   14.35  1902    8.79  1974    8.78  1956
    1.4  1897    1.4  1955    3.7  1969    6.5  1956    9.8  1962   12.9  1946   14.6  1913   14.5  1931   12.2  1897    8.2  1912    4.8  1905    2.2  1899    2.56  1941    7.22  1955   14.33  1892    8.69  1892    8.76  1895
    1.3  1929    1.4  1888    3.6  1937    6.5  1929    9.8  1968   12.7  1985   14.6  1890   14.4  1888   12.2  1965    7.9  1888    4.7  1965    2.2  1892    2.37  1888    7.17  1932   14.29  1965    8.66  1915    8.72  1922
    1.3  1917    1.2  1979    3.6  1887    6.4  1903    9.7  1923   12.7  1927   14.4  1980   14.3  1903   12.2  1909    7.9  1992    4.6  1901    2.1  1976    2.12  1886    7.17  1892   14.18  1962    8.66  1922    8.61  1885
    0.9  1942    1.1  1969    3.6  1970    6.3  1887    9.7  1955   12.6  1907   14.3  1892   14.3  1963   12.1  1974    7.8  1917    4.6  1887    2.0  1927    2.11  1942    7.07  1917   14.17  1909    8.66  1993    8.57  1909
    0.9  1891    1.0  1886    3.5  1916    6.3  1936    9.6  1984   12.6  1903   14.3  1910   14.3  1891   11.8  1894    7.5  1974    4.1  1952    2.0  1916    1.83  1979    7.05  1951   14.17  1956    8.58  1885    8.53  1891
    0.7  1941    0.9  1917    3.5  1900    6.2  1891    9.5  1887   12.5  1971   14.2  1920   14.2  1924   11.8  1887    7.5  1895    4.1  1985    2.0  1917    1.67  1929    7.03  1885   14.10  1972    8.56  1923    8.50  1919
    0.6  1987    0.1  1929    3.4  1909    6.2  1978    9.5  1891   12.5  1923   14.2  1954   14.1  1885   11.8  1972    7.5  1885    4.1  1925    1.8  1962    1.43  1917    6.98  2013   14.07  1903    8.50  1912    8.49  1917
    0.6  1985    0.0  1942    3.3  1888    6.1  1888    9.3  1894   12.2  1991   14.0  1965   13.9  1986   11.7  1931    7.4  1919    4.1  1896    1.2  1950    1.41  1940    6.84  1941   14.06  1954    8.19  1896    8.45  1962
    0.4  1945   -0.8  1956    3.1  1917    6.0  1908    9.1  1996   12.1  1977   14.0  1907   13.7  1956   11.6  1925    7.3  1896    3.6  1910    1.1  1933    1.13  1895    6.65  1962   14.03  1920    8.14  1952    8.36  1887
    0.2  1895   -0.9  1963    3.0  1955    5.8  1986    8.9  1885   11.9  1909   13.9  1919   13.6  1920   11.3  1986    7.1  1887    3.3  1915    0.8  1981    1.13  1891    6.64  1888   13.87  1888    8.09  1905    8.26  1888
   -0.1  1979   -1.3  1986    3.0  2013    5.7  1922    8.9  1941   11.6  1972   13.8  1888   13.6  1922   11.2  1912    7.1  1892    3.2  1919   -0.1  2010    0.99  1947    6.63  1891   13.79  1907    7.88  1919    8.26  1963
   -1.1  1940   -2.0  1947    2.6  1892    5.3  1917    8.8  1902   11.6  1916   13.7  1922   13.1  1912   11.1  1952    7.0  1905    3.2  1923   -1.2  1890   -0.57  1963    6.49  1887   13.74  1922    7.84  1887    8.18  1892
   -2.7  1963   -2.1  1895    2.6  1962    ---  2026    ---  2026    ---  2026    ---  2026    ---  2026    ---  2026    ---  2026    ---  2026    ---  2026     ---  1884     ---  2026     ---  2026     ---  2026     ---  2026
