Areal values from HadUK-Grid 1km gridded climate data from land surface network
Source: Met Office National Climate Information Centre
Monthly, seasonal and annual total precipitation amount for Midlands
Areal series, starting in 1836
Last updated 01-Apr-2026 11:35
    jan  year    feb  year    mar  year    apr  year    may  year    jun  year    jul  year    aug  year    sep  year    oct  year    nov  year    dec  year     win  year     spr  year     sum  year     aut  year     ann  year
  148.8  2014  162.0  2020  146.4  1947  140.2  2012  143.9  1932  166.9  2007  154.1  1880  167.4  1912  161.6  1918  178.4  1903  173.5  1852  168.1  1868   347.4  1990   289.7  1979   388.1  1912   404.4  2000  1119.9  1872
  144.1  1948  141.4  1977  130.5  1981  137.9  2000  140.9  1886  151.9  2012  145.7  1875  155.0  2004  159.6  2024  151.9  2023  168.8  1951  157.8  1876   347.0  2014   275.2  1981   359.6  1879   371.3  1960  1084.2  2012
  138.5  1939  129.3  1923  118.3  2023  118.9  1920  138.7  1967  136.9  1860  143.4  2007  152.6  1878  149.3  1866  150.3  1875  167.5  1940  156.7  1914   346.5  2024   274.9  1932   352.6  2012   369.1  2019  1033.6  2000
  134.9  1928  126.0  1950  116.5  1919  117.0  1998  128.0  1878  133.6  1982  139.3  1888  147.7  1917  144.2  1976  147.1  1960  167.2  1929  153.5  1929   343.1  1915   274.6  1983   351.2  2007   365.2  1935  1019.3  1960
  131.3  1995  120.3  2024  110.0  1979  113.4  1846  125.1  1969  128.2  1879  132.8  1915  139.4  1956  137.3  1871  145.2  2000  147.4  1970  150.7  2023   339.9  1869   268.9  1947   322.9  1839   348.6  1852  1013.8  1882
  127.0  2008  119.2  2026  105.7  1913  107.7  1983  123.8  1924  124.1  2019  128.2  1936  133.8  1879  134.6  1965  143.2  1967  145.3  1954  150.4  1965   332.5  1877   262.7  1886   314.0  1931   347.9  1875   999.5  2023
  124.7  1960  117.0  2002  105.1  2018   98.1  1961  119.0  2021  123.5  1848  127.4  2009  133.4  1946  131.8  1896  142.7  1891  144.0  1946  149.2  1978   328.6  1995   258.0  2024   314.0  1860   320.5  1954   998.2  2024
  124.5  2021  114.3  1900  103.8  1916   96.5  1966  117.4  1869  121.0  1839  127.2  1839  128.0  1860  131.7  1883  141.0  1907  143.9  2000  144.8  1915   324.3  2026   257.7  1920   312.1  1872   317.7  1882   976.0  1912
  124.1  1988  112.6  1990  103.7  1836   95.4  1882  115.3  1979  119.6  1997  126.5  1939  127.3  1881  128.3  1968  140.6  1998  141.0  2009  138.5  1979   318.9  1960   255.3  1889   307.4  1848   317.7  1903   973.4  2019
  122.4  1943  112.5  1966  102.4  1951   94.0  2001  112.4  2007  119.0  1998  123.1  1920  120.9  1891  127.7  1981  139.1  1882  141.0  2025  137.7  1911   315.3  2021   254.3  1913   298.7  1956   317.6  1872   970.3  1903
  116.6  1872  112.5  1937  100.4  1903   92.6  1931  111.6  1983  117.3  1912  121.4  1855  119.6  1954  125.4  1876  137.7  1880  137.4  1888  137.4  2012   314.6  2020   252.8  1862   297.2  1927   317.3  2024   966.1  1848
  114.9  1999  112.4  1916   99.6  1912   91.5  1989  104.3  1843  112.5  1987  120.4  1988  119.3  1992  121.9  1957  135.6  1870  132.5  1935  133.1  1934   306.1  1966   250.1  1969   294.6  1875   316.9  1976   953.8  1852
  114.4  1930  111.4  2022   99.3  1862   89.9  1935  104.1  2006  112.1  1872  120.1  2023  119.3  1951  121.3  1927  134.8  1865  132.4  1842  132.7  1993   305.4  1977   246.5  1951   292.2  1852   315.3  1880   938.8  2008
  114.1  1984  109.5  1958   96.5  2024   89.1  1913  103.5  1955  111.9  1852  119.9  1872  118.4  1931  121.2  1869  134.1  1987  131.6  1926  130.9  1959   300.1  1916   243.5  2000   286.2  1958   315.1  1841   936.0  1954
  113.7  1877  108.6  2014   94.2  1982   87.7  1889  102.7  2014  111.8  1980  114.5  1922  118.3  1922  119.4  1935  132.9  1906  131.4  1836  128.5  1910   296.1  1994   239.2  2018   283.2  2019   313.8  2023   928.6  1951
  108.9  1852  102.4  1848   93.7  1848   87.0  2004   93.9  1862  110.4  1958  113.9  1930  118.3  2020  115.3  2000  132.9  2013  128.7  1963  127.7  1989   289.6  2016   236.1  1903   277.8  2020   307.9  2025   927.2  2020
  108.2  2026   97.9  1881   89.5  1980   83.4  1993   93.3  1925  105.7  1882  113.2  1861  117.5  1877  115.0  2019  129.6  1843  127.1  1984  126.6  2020   288.8  1980   228.2  1986   275.5  1880   307.7  1883   926.8  2007
  108.1  1986   97.7  1915   87.7  1964   82.8  1986   90.7  1847  102.8  1853  112.6  2012  117.3  1857  113.9  1974  129.0  2019  125.1  2019  120.7  2015   287.8  1912   225.5  2006   275.2  1954   305.7  1984   926.0  2002
  107.0  1990   97.1  1904   87.4  1988   81.6  1970   90.5  1942  102.7  1863  110.2  1968  117.2  1927  113.6  1994  128.3  1855  123.5  2022  117.5  1999   285.6  1930   225.3  1998   271.4  1888   305.3  1944   920.2  2014
  105.1  1906   95.7  1925   87.4  1861   81.5  1932   89.6  1889   99.2  1931  105.0  1871  115.4  1986  113.0  1841  127.7  2020  121.9  1840  117.3  1901   282.2  1937   223.4  1967   270.0  1845   305.0  1885   920.1  1877
  104.0  1912   89.6  1997   86.9  1897   80.6  1867   88.7  1903   99.2  2016  103.4  1912  114.9  1848  108.3  1946  126.7  1949  120.4  1939  116.6  2000   279.5  1883   218.9  2001   269.7  1882   303.1  1940   919.9  1927
  102.9  1956   89.3  1933   86.4  1876   80.2  1858   88.1  1907   97.5  1927  102.0  1882  110.5  1903  107.8  1880  126.4  2002  119.7  1944  115.8  1909   277.8  1939   218.3  1924   266.9  2004   296.2  1839   919.5  1880
  100.7  1886   87.8  1995   84.4  2008   79.9  2024   86.5  1931   95.8  1977  100.5  1958  110.4  1845  106.3  1960  125.2  1885  118.4  1839  114.0  1900   277.7  2007   217.4  2023   265.2  1946   294.4  2022   919.1  1875
   98.8  2016   86.7  1951   84.4  1998   79.1  2018   84.4  1891   95.3  1936   99.4  1973  110.0  1852  104.5  1999  122.8  1846  118.0  1960  113.4  1919   275.3  1923   214.7  2012   263.5  1980   292.4  1929   909.9  1966
   98.2  1913   85.1  2007   83.8  2019   78.7  1871   83.7  1951   95.1  1985   98.7  1960  110.0  1962  104.3  1984  122.6  1848  115.7  1950  113.2  1986   271.5  1979   214.3  1878   263.1  1922   287.5  2012   907.4  1876
   98.1  1899   84.7  1883   82.9  1905   78.3  1872   81.9  1898   93.1  2020   98.2  1895  109.7  1856  104.0  2008  122.2  1976  115.3  2002  110.2  2002   271.1  1900   214.3  1937   260.4  1878   287.3  1866   904.7  1958
   98.0  2004   84.1  1893   82.8  2016   77.9  1959   81.6  2024   90.4  1838   98.2  2008  109.2  1865  102.5  1839  121.3  2004  114.4  1872  109.9  1886   267.8  1928   214.0  1867   260.4  1853   282.8  1998   903.9  1930
   97.8  1937   83.2  1980   82.0  1963   74.7  1876   81.1  1981   89.1  1871   97.7  1879  108.7  1971  101.9  1950  121.2  1872  113.9  1992  109.6  1994   267.4  1910   210.5  1908   260.2  1866   281.9  1876   903.8  1999
   97.6  1919   83.0  1974   81.9  1914   74.3  1922   79.7  1986   87.7  1883   96.4  1931  107.7  1957  101.5  1848  120.0  1928  113.4  1875  109.2  1891   260.8  1984   207.1  2008   256.6  1917   281.4  1974   902.3  1924
   97.2  1936   82.7  1837   81.4  1851   73.7  1877   79.4  1860   87.7  1935   95.9  1924  107.5  1900  101.3  1993  115.9  2001  113.2  2012  108.2  1869   258.0  1919   206.6  1869   253.8  2008   281.3  1967   902.0  1946
   96.4  1974   82.0  1910   79.9  1941   73.1  1859   79.2  2015   86.5  1866   95.1  1957  106.7  1948  100.6  1958  115.6  1886  112.7  1882  105.0  1872   250.8  1958   206.0  1916   253.7  1960   280.2  1946   897.3  1998
   95.9  1900   81.5  2001   79.6  1908   72.6  1908   78.8  1968   86.5  1928   93.5  2002  105.6  1905  100.1  1849  113.3  1935  107.5  2015  103.1  1847   249.8  1948   205.6  1877   252.6  1997   273.1  1981   894.2  1841
   95.7  1994   80.3  1866   79.4  1909   72.3  1930   78.5  2013   86.4  1880   93.2  1877  105.4  1910   98.7  1930  112.6  1932  107.3  1931  103.0  1882   249.2  2001   203.4  1843   252.5  1992   272.2  1836   894.1  1866
   95.4  1998   80.0  1946   79.3  1842   72.0  1849   77.2  1993   85.8  1971   92.1  1965  104.4  1941   97.7  2025  110.5  1980  107.0  1910  101.6  1985   247.1  2013   200.4  1999   252.4  1903   272.0  2002   892.3  1839
   94.2  1869   79.9  1879   79.2  1896   71.7  1843   76.5  1856   85.3  1909   91.8  1850  102.8  2008   97.7  1995  110.4  1841  103.9  1969  101.0  2006   245.9  1925   200.1  2016   251.0  1936   271.7  1992   892.0  1886
   93.5  1875   79.6  1922   78.0  1889   70.8  1848   76.2  1926   84.9  1907   91.6  1932  102.5  2014   94.0  1944  109.7  1924  103.9  1895   99.1  1896   245.7  1920   198.3  1882   250.5  1877   269.2  1927   882.2  1860
   92.4  1895   78.9  1935   77.7  2006   70.5  1937   75.7  1997   83.6  1875   91.5  1956  101.5  1866   93.5  1924  109.2  1916   99.3  1928   97.5  1880   243.4  1936   197.2  1966   250.2  1891   269.2  1930   880.5  1965
   91.8  1883   78.1  1876   76.0  1987   70.1  1999   75.4  1840   82.4  1954   90.4  1884  101.1  1846   93.1  1885  108.5  2022   96.6  2016   97.2  1922   242.9  1935   196.6  1846   249.2  2009   269.0  1968   870.6  1931
   91.7  2007   78.1  2000   75.0  1888   69.3  1850   75.3  1973   80.1  1991   89.7  1940  100.9  1897   90.5  1852  106.2  1966   96.5  1982   96.9  2025   242.1  2008   196.3  2014   248.6  1841   263.1  1924   870.1  1968
   91.6  1863   77.8  1885   73.2  1972   67.3  1962   74.7  2002   80.1  1955   89.6  1853   99.2  1999   90.0  1962  105.0  2021   96.3  1876   96.3  1938   240.0  1848   195.5  1972   248.5  1881   262.9  1891   863.9  1992
   91.4  1978   77.8  1941   73.0  1975   66.0  1947   73.7  1954   79.4  1963   89.0  1914   98.5  1950   89.2  1983  103.2  1945   95.6  1974   96.3  1918   238.8  1922   195.1  1919   246.5  1957   261.1  1848   860.3  1981
   91.1  1922   77.6  1869   72.9  1937   65.6  1879   73.6  1943   78.2  1948   88.8  1918   98.5  1966   87.6  1925  103.0  1954   95.4  1883   95.5  1845   236.8  1961   194.6  1955   246.3  1939   260.1  1994   857.2  1878
   91.1  1971   77.5  1880   72.4  1994   65.3  1973   73.0  2000   77.3  1892   87.6  1992   98.4  2010   87.5  2012  102.7  1938   95.4  1996   94.9  1983   236.5  1943   193.9  1872   245.1  1982   259.1  2008   854.8  1939
   90.2  1959   77.1  1894   71.4  2001   65.3  1924   72.2  1985   76.3  1968   87.4  1886   98.2  1960   86.6  1903  102.4  1892   95.0  1986   94.8  1966   235.3  1872   191.1  1964   245.0  1857   258.2  1918   851.1  1986
   89.7  1884   76.0  1967   70.7  1867   65.3  1899   72.0  1945   76.1  1999   87.3  1909   97.9  1868   86.2  1874  101.8  1923   94.5  1930   94.7  1948   233.2  2000   190.5  1930   244.4  1968   256.9  1949   851.0  1891
   89.5  1837   75.1  1897   70.3  1844   65.0  1953   70.8  1937   75.6  1845   85.4  1923   95.8  1841   85.4  1863  101.7  1917   94.4  1838   94.2  1972   231.6  1837   190.4  1968   243.1  1985   254.7  1951   850.5  1980
   88.8  1926   74.7  1872   69.9  1864   64.8  1950   70.4  1958   75.3  1878   84.6  1941   92.8  1921   85.3  1899  101.2  1929   93.6  1877   93.4  2011   231.5  1974   187.8  1963   241.0  1966   252.9  2006   850.3  1979
   88.7  1915   72.6  1957   69.5  1927   64.3  1979   70.3  1920   75.2  1945   84.1  1845   92.3  1977   85.0  1862   99.4  1909   92.9  1914   93.1  1912   230.9  1970   187.5  1931   239.8  1924   252.7  1987   849.4  1935
   88.7  1938   72.6  1970   69.3  1992   64.1  2023   70.0  1877   75.1  1897   83.2  1883   91.3  1980   84.6  2017   98.8  1952   92.8  2014   92.7  2018   230.6  1899   187.4  1848   239.3  1910   250.6  1896   848.4  1910
   88.6  1860   72.5  2011   68.5  1969   64.0  1857   68.9  1865   74.9  1905   82.6  1927   91.0  1902   84.3  1936   97.5  1862   91.7  1841   91.0  1960   228.4  1999   186.1  1994   238.7  1909   249.1  1950   843.2  1883
   87.6  1961   72.3  1861   68.5  1920   63.9  1940   68.1  1972   74.1  1966   82.3  1953   89.3  1952   84.2  1875   97.2  1933   91.4  1890   90.0  1924   227.6  1897   184.4  1907   237.5  1988   246.9  1965   842.4  1994
   87.4  1993   71.6  1931   68.5  1886   63.8  1963   68.0  1912   74.0  1841   82.2  1851   89.1  1859   83.7  1859   97.1  1940   90.5  1938   89.6  2013   226.5  2022   184.4  1989   236.7  1855   246.7  1863   841.2  1923
   87.3  1970   70.1  2016   67.9  1989   63.6  1981   67.9  1879   73.3  1851   79.9  2017   88.1  2012   83.3  1992   96.8  1863   90.2  1949   89.1  1907   226.5  1986   183.8  1985   235.9  1971   246.3  1938   839.2  2004
   87.0  1975   68.5  1928   67.9  1999   63.2  1968   67.5  1917   73.1  1946   79.7  2021   87.3  1837   82.1  1872   95.8  1847   88.4  1997   88.3  1852   226.3  1946   183.3  1992   235.3  1900   245.3  1906   838.6  1967
   86.7  1920   67.7  1994   67.8  1873   63.1  1949   67.0  1966   71.1  1900   79.3  1867   86.6  1843   81.7  1967   95.6  2005   87.9  1959   88.2  2019   225.9  1978   179.6  1876   234.5  1915   244.3  1980   837.5  1916
   86.1  1972   67.6  1989   67.3  1965   63.0  1991   66.5  1952   70.2  1885   78.9  2019   86.1  1997   81.7  1998   94.9  1898   87.2  2023   88.0  1961   225.7  1926   179.5  1942   233.6  1930   244.2  1842   836.8  1928
   85.7  1840   67.2  1954   66.9  1933   62.9  2008   65.8  1902   69.8  1843   78.8  1841   85.9  1985   81.1  1856   94.7  2006   86.7  1885   87.8  1897   224.2  2004   179.0  1941   230.0  1871   243.7  1926   833.6  1900
   85.6  1890   66.7  1996   66.8  2017   62.7  1856   65.8  1948   69.6  1964   78.7  1894   85.7  1889   76.7  1842   93.9  1894   86.6  1965   87.6  2017   221.7  1950   178.4  1952   229.8  1865   243.5  1874   832.5  1993
   84.6  1867   66.2  1843   65.8  1881   62.2  2016   65.7  1838   68.3  2009   78.2  1950   85.7  1970   75.6  1868   93.0  1913   86.5  1977   86.8  1956   221.7  1988   178.3  1987   229.4  1987   241.3  1982   830.9  1915
   84.5  2025   65.0  1844   65.7  1860   61.8  1923   65.5  2003   68.3  1861   77.8  1993   84.8  2006   75.5  1879   93.0  1853   86.0  1881   86.4  2021   221.4  1913   177.9  1993   228.6  2023   240.9  1923   829.9  1920
   84.1  1962   64.9  1969   65.7  1986   61.8  2005   64.5  1916   68.1  1855   77.4  1938   84.3  1924   75.4  2006   91.8  1939   85.4  1927   86.3  2024   217.6  1881   177.6  1836   225.2  1920   240.8  1928   827.8  1936
   83.9  1921   64.8  1945   65.1  2013   61.7  1934   64.4  1849   67.8  1956   77.0  1893   84.2  1938   75.0  1931   91.6  1925   85.3  1906   85.6  2003   217.4  1894   177.5  2021   223.9  1941   240.2  1932   824.6  1977
   83.9  1941   64.6  1926   63.1  1930   61.5  1985   64.3  1976   67.7  1972   76.8  1854   83.2  1982   74.8  1932   91.6  1944   85.1  1905   85.6  1990   217.4  1904   176.4  2007   223.5  1843   239.6  1963   821.5  1879
   83.2  1977   64.5  1940   62.9  1868   61.1  1987   64.0  1841   67.5  1973   76.8  1903   83.2  1890   74.7  2023   90.8  1981   83.8  1861   85.5  1935   216.2  1941   175.9  1965   222.3  1907   239.2  1939   818.5  1948
   82.6  2018   64.2  2021   62.6  1978   60.3  1951   63.8  1899   67.4  1862   76.7  1978   82.4  1930   73.5  1956   90.7  1990   83.3  1916   84.4  1849   216.1  2002   175.6  1912   221.2  1948   238.9  1970   817.5  1950
   82.4  1942   64.1  1972   62.3  1859   59.7  1862   63.4  1946   67.1  2003   75.9  1865   82.4  1908   73.0  1923   89.2  1889   82.8  2006   84.2  1958   215.1  1967   174.6  1860   220.6  1950   237.5  1993   813.9  1974
   80.0  1965   64.1  1919   61.9  1877   59.5  1975   62.7  1867   66.8  1920   75.2  1842   82.1  1979   72.4  1857   87.0  1878   82.1  1878   82.7  1881   213.8  1873   174.1  1988   220.1  1953   236.5  2013   812.9  1922
   80.0  1983   63.2  1960   61.9  1872   59.2  1836   62.4  1999   66.2  2017   75.1  1901   81.9  1898   72.3  1975   86.8  2012   81.3  1894   80.8  1976   211.7  2025   173.7  1909   220.0  1846   236.0  1869   811.8  1869
   79.9  1866   62.1  1927   61.7  1955   59.2  1910   62.2  1842   66.2  1857   74.6  1849   81.8  1974   72.1  1954   86.6  1858   81.1  1936   80.0  1964   211.2  1957   172.7  1925   219.2  1838   235.5  1878   811.2  2021
   79.9  1851   61.1  1877   61.4  1928   57.9  1907   62.0  1885   66.1  1965   74.0  1840   80.4  2015   72.0  1909   86.6  1896   80.6  1911   79.8  1923   210.4  1991   172.2  1897   216.9  1905   234.3  1886   808.6  1982
   79.5  1846   60.7  1936   61.3  1954   57.6  1901   61.6  1904   65.9  1896   73.1  1954   80.2  2019   71.7  1897   85.0  2014   79.4  1844   78.9  1954   209.5  1870   170.9  2004   216.6  1973   231.3  1957   802.1  1919
   79.3  1873   59.8  1882   60.9  1901   57.5  1878   61.2  1949   65.1  1906   72.2  1866   80.1  1872   71.2  1982   84.6  1852   77.2  1843   78.9  1951   207.7  1882   170.9  1891   214.0  2017   231.3  1999   801.7  1881
   76.7  2023   58.9  1899   59.6  1991   57.4  1905   61.1  1892   65.1  1903   72.1  2024   79.6  1963   71.0  1892   84.5  1900   77.0  1991   78.8  1893   207.6  1911   169.1  1847   213.6  1892   230.6  1871   801.0  1836
   75.9  1991   58.4  1865   58.9  1952   57.1  1994   60.1  1906   64.6  1993   71.8  1991   79.2  1953   70.9  1840   82.8  1989   76.9  1874   78.5  1930   207.1  1931   168.7  1975   213.2  1974   230.5  1859   794.1  2001
   75.5  2024   58.3  1906   58.9  1839   56.8  1926   60.0  1873   64.6  1910   71.6  1846   78.9  1928   70.5  1861   81.9  2024   76.3  2008   78.4  1981   207.1  2018   167.7  1923   212.9  1894   230.0  1925   794.1  2006
   75.5  2015   58.2  1961   58.8  1977   56.5  1969   60.0  1923   64.6  1873   71.6  1908   78.8  1942   69.8  1943   81.5  1961   76.2  1941   78.4  1841   206.3  1951   166.3  1858   212.7  1861   229.7  1870   793.4  1843
   75.2  1944   57.4  1978   58.8  1895   56.3  1971   59.8  2008   64.3  1859   71.3  1919   78.2  1873   69.8  1860   80.6  1883   75.9  1972   78.0  2007   206.3  1867   165.9  1898   212.4  1965   229.3  1840   793.0  1969
   75.0  1904   57.0  1836   58.5  1957   56.3  1939   59.7  1845   62.7  1891   70.8  1890   77.4  1904   69.7  1887   80.4  1874   75.8  2024   77.5  1955   205.8  1885   165.5  2013   211.6  1873   229.0  1916   790.5  1914
   74.8  1969   57.0  1914   57.9  1970   56.2  1925   59.5  1913   61.8  1914   70.3  1852   76.0  1863   68.8  1864   80.4  1849   75.8  1994   77.2  1995   205.6  1840   165.0  1917   211.1  1890   228.6  2001   790.3  1932
   73.8  1951   56.3  1838   57.6  1922   55.9  1992   59.2  1938   61.6  1974   70.2  1907   75.9  1892   67.5  1877   80.1  1895   74.8  1866   77.1  1977   203.5  1962   164.6  1859   210.8  1938   228.5  1877   790.1  1907
   73.7  1958   56.1  2010   56.9  1934   55.6  1898   59.2  1962   61.5  1894   69.8  1974   75.9  1969   67.4  2010   79.6  1912   73.4  1913   76.6  1945   203.0  2003   164.1  1949   210.6  1851   228.0  1843   786.9  1937
   73.5  1856   55.9  2017   56.8  1971   55.5  1918   59.1  1941   61.3  1911   69.6  1836   75.4  1958   66.9  2001   79.1  1999   72.9  1971   76.6  1982   202.6  1846   164.1  1940   209.0  1859   225.9  1849   786.3  1970
   73.4  1853   55.5  1918   56.7  1940   55.4  1885   58.9  1918   61.1  1888   69.3  1910   75.1  2001   66.8  1858   78.8  2008   72.5  1980   76.5  1942   200.8  1956   163.6  1879   208.4  1928   223.6  1838   784.9  2016
   72.5  1924   55.1  1840   55.8  1884   55.1  1909   58.7  1984   61.0  1990   69.1  2001   74.7  1839   66.5  1948   77.5  1986   72.4  1865   76.3  1997   200.0  1892   162.3  2019   208.0  1883   223.3  2005   784.4  1918
   72.4  1868   54.6  1867   55.6  1984   54.6  1964   58.4  1858   60.8  1978   69.0  1848   73.8  1874   66.4  1878   77.2  1836   71.9  1891   75.5  1860   198.9  1969   161.6  1973   207.0  1863   222.9  1907   782.1  2015
   71.4  1903   54.2  1979   55.3  2007   54.1  1972   58.3  1915   60.8  1881   68.8  1873   73.8  1916   65.9  1882   76.1  1881   71.3  2010   74.9  1884   197.5  1866   161.6  1856   206.1  1963   222.7  1892   781.6  2009
   70.9  1849   53.6  1988   55.3  1983   54.0  1965   58.3  1908   60.3  1926   68.5  1966   73.1  1923   65.5  1922   76.0  1930   71.1  1979   73.8  2009   196.6  1852   160.8  1970   205.6  1998   222.0  1952   780.5  1988
   70.8  1927   53.5  1868   55.0  1959   53.8  1895   58.2  1992   60.1  1836   67.7  1947   72.7  1894   64.9  1845   75.8  1942   71.1  1859   73.6  1898   194.8  1875   159.1  1922   205.5  1856   221.9  2009   779.7  1940
   70.8  1968   53.2  1981   54.9  1917   53.4  1886   58.1  1854   60.0  1917   67.3  2013   71.5  1988   63.6  1836   75.7  1859   69.9  1880   73.3  1848   192.6  1955   158.8  1962   204.9  1977   221.5  1913   779.1  1909
   69.7  1910   52.8  1874   54.2  1942   53.2  1927   57.0  2009   59.6  1924   67.3  1937   71.1  1915   62.5  2022   75.4  1993   69.9  2003   72.9  1837   192.2  1887   158.6  1849   203.5  1914   221.2  1966   776.0  1894
   69.6  1946   52.8  1852   54.2  1995   53.0  1952   57.0  1890   59.4  1847   67.2  1843   71.0  1888   62.2  2005   75.4  1839   69.7  1864   72.8  1946   191.1  2010   158.5  1971   203.3  1895   220.3  1936   774.2  1984
   69.6  1857   52.4  1856   53.2  1936   52.6  1897   56.6  1994   58.6  1902   66.5  1891   71.0  1925   62.2  1844   74.5  1992   69.6  1966   72.7  2014   190.3  1901   158.4  1902   202.8  2002   218.9  2004   773.5  1987
   69.3  1940   51.9  1911   52.4  2015   52.3  1944   56.5  1947   58.6  1953   66.5  2020   69.9  1944   62.1  1963   74.4  1910   69.3  1900   72.3  1925   190.0  1853   158.3  1959   202.5  2014   218.5  1958   772.7  1862
   68.2  1979   51.8  1984   52.1  1857   51.1  1919   55.8  2017   57.2  1890   66.1  1889   69.7  1961   61.3  1980   74.4  1868   69.3  1968   71.9  1936   189.3  1998   158.2  1864   201.9  1897   217.2  2020   772.6  1957
   67.7  1865   50.9  1884   50.7  1882   51.0  1853   55.5  1894   56.9  1944   65.9  1904   69.6  1844   60.9  2018   74.4  1984   68.5  1850   71.5  2022   189.1  2015   157.6  2002   201.3  1837   215.4  1881   769.5  1941
   67.5  1932   49.6  1871   50.2  2010   50.8  1902   55.2  2016   56.8  1960   65.9  2015   69.3  1895   60.8  1961   73.9  1867   68.0  1860   71.1  1920   189.1  1902   157.5  1857   199.4  1978   214.8  1865   769.2  1845
   67.1  1980   49.5  1955   50.1  1985   50.5  1894   55.2  1910   56.3  1943   65.7  1844   68.8  1919   60.1  1847   73.8  1941   67.7  1837   71.0  1969   189.0  1996   157.3  1842   198.9  2016   213.8  1894   769.1  1983
   66.8  1952   49.4  1870   49.9  1841   50.4  1888   55.1  1930   55.8  2011   65.3  1838   68.7  1996   60.0  1953   73.6  1899   67.0  1869   70.6  1998   186.7  1983   157.0  1905   197.4  1908   210.4  1847   769.0  1925
   66.4  2002   49.0  1991   49.5  1932   49.1  1977   55.1  2018   55.7  1876   64.9  1925   68.2  1858   59.9  1908   73.6  1982   66.3  1985   70.4  1916   185.7  1906   157.0  1899   196.8  1999   210.0  1899   763.7  1885
   66.1  2009   48.2  1947   49.1  1967   48.5  1948   54.6  1965   55.6  1842   64.4  1961   67.9  1853   59.9  1951   73.2  1937   66.1  1923   70.1  1952   185.3  2012   156.2  1927   196.1  1945   207.9  1862   762.8  1944
   65.5  1854   47.3  1903   49.0  1939   48.3  1880   54.0  2011   55.0  1933   64.2  1944   67.9  2017   59.8  1867   71.9  1974   65.5  2005   68.4  1937   184.4  1940   155.0  1841   195.5  1986   207.3  1895   761.2  1868
   65.2  1882   47.3  1889   48.4  1968   48.1  1996   53.6  1872   54.9  1989   64.0  2003   67.8  1967   59.5  2021   71.9  1837   65.2  1995   68.3  1949   184.1  1972   154.9  2015   192.9  1902   207.1  1844   757.5  2013
   64.6  2003   47.2  1864   47.5  2005   47.9  1868   53.5  2001   54.4  2005   63.1  1837   67.6  1939   59.2  1838   71.5  1968   65.0  1952   68.1  1921   183.2  1860   154.6  1926   191.9  2010   206.7  1931   757.3  1926
   64.6  1934   47.1  1839   47.4  1846   47.6  1936   52.3  1893   52.9  2008   62.1  1985   67.2  1907   59.0  1973   71.4  1902   64.6  2007   67.6  1957   183.1  1938   154.4  1885   190.9  1944   206.6  2015   755.5  1867
   64.5  1918   46.0  1912   47.4  2014   47.2  1891   52.3  1875   52.3  1858   61.5  1857   66.7  1945   58.2  2016   71.0  1926   64.5  1863   67.1  1866   182.3  1987   154.4  1838   189.8  1970   203.9  1846   754.1  1985
   64.5  2020   45.6  1920   47.2  1866   46.9  1903   52.2  1882   52.3  1939   61.3  1975   66.1  1909   58.2  1952   70.7  1994   64.5  1987   66.0  1859   181.3  1947   152.9  1977   188.4  1840   203.6  2010   753.7  1846
   64.3  1874   45.5  2013   46.6  1890   46.7  1838   51.8  1988   51.9  1916   61.3  2005   65.7  1943   58.0  1853   70.4  1958   63.8  1907   65.8  1895   180.8  1959   152.7  1851   188.0  1951   203.5  1853   753.6  1978
   64.2  1955   45.4  1953   46.4  1870   46.3  1837   51.7  1953   51.9  1952   61.1  1926   65.2  1875   57.9  1837   70.3  1971   63.1  1915   65.8  1856   180.4  1849   151.8  1888   187.8  1867   201.1  1995   753.3  1897
   64.2  2013   45.0  1987   46.2  1855   46.2  2014   51.7  2012   51.7  2004   60.5  1980   64.7  2016   57.2  1886   69.9  1838   62.9  1947   64.8  1839   180.1  1868   151.8  1934   187.2  1993   201.1  1860   751.9  1859
   63.3  1887   44.8  1892   46.0  1845   45.4  2002   50.9  1850   51.4  2014   60.5  1881   64.5  1876   55.4  1991   69.2  2025   62.5  2018   64.8  1947   179.6  1879   151.7  1914   184.9  1862   199.1  2021   749.7  1972
   62.7  2012   44.5  2005   45.9  1923   45.3  1883   50.5  1950   50.9  1837   60.4  1892   63.9  1840   55.1  1913   68.5  1988   62.3  1898   64.5  1967   178.5  1945   151.6  1982   184.8  1884   199.1  1864   748.9  1837
   61.5  1894   44.5  1859   45.7  1911   44.9  1869   50.4  2022   50.4  1840   60.2  1862   63.4  1838   55.0  1934   68.4  1873   61.6  1886   64.4  1927   177.1  1865   149.6  1894   183.9  1926   197.7  1868   743.9  1938
   61.2  2010   44.1  1850   45.3  1906   43.9  1847   50.1  1864   49.6  1947   60.2  2004   62.9  2002   54.8  1889   68.1  1857   60.7  1993   64.3  1854   175.9  1884   149.3  1845   183.5  2015   197.4  1837   742.8  1956
   61.1  1836   43.0  1999   45.0  2021   43.7  2006   49.6  1887   49.2  1938   60.1  1970   62.5  1926   54.2  1987   67.4  1877   60.5  1998   64.0  1992   174.9  1965   148.6  1901   181.3  2001   196.5  1983   741.7  1906
   60.7  1982   42.9  1939   44.9  1880   43.6  1845   49.3  1929   49.1  1856   59.9  1942   62.1  1867   53.3  1881   66.7  1871   59.8  1924   63.8  1874   173.4  1933   148.6  1950   179.1  1969   195.4  1910   741.2  2017
   60.2  1947   42.6  1898   44.8  1904   43.5  1956   48.9  1964   48.5  2023   58.9  1949   62.1  1984   53.2  1938   66.7  1893   58.8  2013   63.5  1906   173.1  1903   148.5  1873   177.9  1842   194.5  1909   740.7  1871
   60.2  1925   41.7  2006   44.4  2020   43.5  1884   48.5  1933   48.5  1901   58.7  1946   62.0  1882   52.3  1920   66.6  1959   58.3  1887   62.8  1870   172.6  1850   148.3  1871   176.7  1916   193.6  1911   738.3  1856
   59.9  1841   41.3  1908   44.3  1869   43.0  1946   47.7  1995   47.2  1846   58.2  1969   61.9  1978   52.2  1978   66.3  1856   58.0  1845   62.0  1888   172.5  1982   147.5  1953   176.6  1850   193.2  1861   736.9  1849
   59.5  1862   41.0  1948   43.5  1894   42.8  1978   47.5  1880   47.1  1884   56.7  1900   60.6  1885   51.3  2004   65.6  1996   57.1  1955   61.1  1894   171.5  1968   147.3  1918   176.0  1901   191.3  2014   734.7  1929
   59.3  1843   41.0  2015   43.4  2026   42.6  1917   46.4  1855   46.4  1867   56.4  1987   60.5  1987   50.7  1873   65.5  1844   57.0  1912   61.0  1928   171.3  1975   147.3  1954   174.7  1923   191.3  1917   734.4  1913
   59.0  2017   40.9  2025   42.8  1960   41.4  2003   45.5  1900   46.4  2002   55.6  1859   60.0  2023   50.0  1919   65.0  2010   56.5  1870   60.9  1899   170.9  1924   147.2  2005   174.4  1962   189.5  1961   733.9  1865
   59.0  1945   40.6  2009   41.9  1838   41.2  1841   45.4  1971   45.7  2022   54.9  2000   58.1  1929   48.6  1911   64.7  1983   56.5  1902   60.7  1877   169.9  1861   146.5  1904   173.6  1836   189.4  1986   733.4  1997
   58.8  1992   40.6  2004   41.8  1921   40.5  2009   45.0  1977   45.6  1992   54.7  1972   57.9  1968   48.6  1937   64.5  1948   56.4  1967   60.6  1858   169.2  1908   145.2  1868   173.1  1991   187.6  1888   732.9  1961
   58.8  1878   39.8  1847   41.7  1902   40.1  1941   44.3  1996   45.6  1988   54.2  1945   57.4  1934   48.5  1945   64.4  1911   56.3  1873   59.4  1836   167.5  1973   145.0  1933   172.0  1889   186.6  1991   730.3  1888
   57.0  1931   39.4  1907   41.3  1958   40.0  1874   44.3  1853   45.2  1854   53.3  2010   57.3  1862   48.3  1891   64.1  1851   55.4  1901   59.2  1968   165.1  1857   144.4  1948   169.7  1932   185.8  2017   726.7  2018
   56.7  2011   39.0  1944   41.2  2022   40.0  1904   43.5  1940   45.0  1969   53.2  1933   57.1  2011   47.6  1970   63.4  1919   55.0  2017   57.9  1980   164.9  1842   144.3  1861   169.3  1858   185.8  1887   725.7  1989
   55.6  1985   38.5  2019   41.0  2004   38.2  1864   43.5  1881   45.0  1899   52.2  2025   56.3  2000   47.3  1988   63.3  1860   54.6  1981   56.7  1974   164.7  1893   144.2  1978   169.2  1952   184.5  1914   725.3  1917
   54.2  1891   38.0  1878   40.1  1887   37.8  1916   42.8  2004   44.8  1984   51.5  1929   55.7  1994   46.2  1917   63.2  1866   54.5  1847   56.0  1962   164.5  1952   140.7  1880   169.0  1961   184.0  1996   725.3  1952
   54.1  1917   37.6  1943   39.8  1949   37.5  1945   42.6  2019   44.7  1865   51.1  1916   55.5  2018   46.1  1850   62.5  1927   53.9  1957   55.9  2005   164.3  1949   140.6  1961   168.9  2005   183.4  1943   725.1  1889
   53.5  1933   37.5  1875   39.5  1974   37.3  1839   42.0  1963   44.0  1970   50.9  1962   55.1  1851   45.4  1966   60.7  1943   53.8  2020   55.3  1908   163.8  1981   139.7  2003   168.6  1919   183.1  1855   721.5  2022
   53.4  1897   37.1  1841   39.3  1874   36.6  1866   41.6  1914   43.8  1950   50.8  1959   54.2  1965   45.0  1884   60.5  1864   53.0  1854   55.3  1996   163.6  1843   138.9  2017   166.7  1893   182.8  2016   719.7  1853
   53.3  1847   37.0  2008   39.3  1891   36.4  1851   41.4  1857   43.7  1957   50.2  1964   54.0  1981   44.8  1904   60.2  1876   53.0  1897   54.8  1944   163.3  2019   137.1  1939   166.5  1904   182.4  1857   716.3  1971
   53.1  1885   37.0  2018   38.8  1976   35.9  2019   41.2  1921   43.5  1908   49.4  2006   53.9  1893   44.8  2013   59.3  1920   52.9  1943   54.7  2008   163.1  1921   135.9  1850   166.2  1844   181.7  1845   715.5  1838
   53.1  1976   36.4  1973   38.8  1996   35.6  1967   41.2  1987   43.1  1864   49.2  1860   53.7  1896   44.7  1972   59.2  1997   52.8  1932   54.6  1940   163.0  1876   135.6  1935   165.0  1886   181.1  1990   708.5  2025
   52.7  1981   36.3  1968   38.4  1907   34.9  1988   40.7  1883   42.1  2000   49.0  1917   53.5  2009   44.1  1905   58.9  1845   52.7  1921   54.5  1984   162.2  1863   135.1  1881   163.4  1964   179.6  1856   706.1  1895
   51.8  1870   36.3  1902   37.6  2002   34.8  1942   39.2  1909   40.2  2010   48.8  1858   53.5  1932   43.3  1933   58.0  1979   52.7  1903   54.4  1902   161.5  2009   134.9  1945   162.5  1918   178.9  1858   706.0  1847
   51.8  1957   36.2  1849   37.0  1885   34.2  1875   39.2  1852   39.8  1877   48.6  2014   53.3  2005   43.0  1942   58.0  1915   52.5  1853   54.2  1867   161.3  1993   134.5  1980   162.4  1896   178.5  1933   704.4  1857
   51.2  1842   35.3  1842   34.4  1847   34.0  1863   38.8  1978   39.8  1898   48.5  2011   52.7  1914   42.8  1990   57.8  1934   51.7  1953   52.0  1973   160.8  1895   134.2  1946   162.4  1854   177.6  2018   704.0  1842
   51.1  2001   34.5  1855   33.9  1871   33.7  1960   38.7  1960   39.4  1849   48.0  1967   52.6  2013   42.2  1893   57.8  1887   51.5  1934   51.2  1904   160.6  1898   134.0  1991   161.5  2011   177.1  1898   703.6  1899
   49.4  1879   34.4  1901   33.8  1966   32.6  1900   38.1  1874   38.7  1929   47.1  1963   52.4  1901   41.8  1846   57.4  1953   51.1  1899   51.0  1864   160.6  2023   133.6  1910   161.2  1876   175.8  1997   701.4  1963
   49.3  1845   34.3  1976   33.3  1950   32.4  1911   37.9  2005   38.0  1981   46.9  1997   52.0  1850   41.6  2015   57.4  2015   50.8  1925   50.6  1862   157.5  1878   132.6  1958   160.9  1849   175.4  1873   694.2  1863
   48.8  1923   33.5  1992   33.1  1853   32.0  1990   37.2  1957   37.5  2025   46.7  1856   50.6  1911   41.6  1947   57.2  2009   50.5  1976   50.6  1939   157.0  1971   131.2  1996   159.4  2021   174.6  1900   694.1  1945
   48.7  1876   33.4  1982   32.9  1918   31.5  1928   36.3  1975   37.3  2015   43.8  1983   49.8  1973   41.5  2011   57.0  1914   50.3  1962   50.3  1878   156.9  1997   130.7  1884   159.0  1943   173.5  1889   690.6  1947
   46.9  1954   32.7  1949   32.8  2003   31.1  1943   35.8  1846   37.3  1986   43.3  1902   48.9  1918   41.0  1926   55.5  1957   50.3  1989   50.1  1887   156.8  2011   130.5  1943   158.2  1972   173.3  1905   690.4  1861
   46.0  1892   32.5  1888   32.5  2000   30.9  1921   35.7  1871   37.3  1930   43.0  1928   47.8  1870   40.8  1902   54.9  1936   50.2  1918   48.6  1850   154.6  1927   130.4  1890   156.2  2013   173.1  1948   686.7  1908
   45.1  1839   31.4  1962   32.4  1962   30.8  1887   35.5  1866   37.2  2001   42.8  1896   47.3  1884   40.5  1955   54.2  2018   49.9  1919   47.7  1889   153.3  1890   130.0  1906   155.1  1942   169.1  1912   683.5  1990
   45.0  1996   30.2  1983   32.3  2009   29.7  1915   35.0  1911   37.1  1959   42.8  1986   47.2  1855   40.1  1949   54.2  1991   49.3  1892   45.8  1950   152.8  1856   129.9  2009   153.4  2000   169.1  1953   682.3  2005
   44.8  1893   30.0  1913   30.8  1953   29.6  1933   34.9  2023   36.7  2021   42.5  1989   47.1  1842   38.6  1894   52.7  2011   48.7  1893   45.8  1861   152.5  1918   129.9  1895   153.2  1935   169.0  1989   679.2  1896
   44.3  1967   29.7  1857   30.1  1948   29.5  1955   34.9  1851   36.2  2013   42.3  1934   46.9  1849   38.4  1940   51.3  1921   48.6  1975   45.3  1903   152.2  1851   128.5  1853   150.7  2006   168.8  1902   678.1  1976
   44.1  1850   29.5  1873   30.1  1865   29.4  1896   34.8  1944   35.9  1895   42.1  1994   46.6  1998   38.3  2007   50.6  1901   47.8  1868   45.0  1975   151.9  1838   127.1  1997   149.5  1898   168.5  1890   677.9  1942
   43.2  1966   29.1  2012   30.0  1879   29.4  1860   34.4  1868   35.8  1893   41.4  1971   46.3  1906   37.6  1870   48.9  1963   47.7  1999   44.0  1987   150.6  1871   126.6  1936   149.1  1967   168.0  1971   677.9  1949
   42.9  1916   29.0  1971   29.8  1883   29.1  1861   33.6  1974   35.3  1937   41.3  1899   45.9  1935   36.5  1916   48.8  1850   47.6  1990   44.0  1871   150.3  1917   125.9  1865   148.2  1929   166.7  1962   675.9  1840
   42.4  2005   28.5  1860   29.2  1924   28.5  1929   33.5  1927   34.9  1941   41.0  1876   45.7  1887   35.9  1989   48.5  1977   47.5  1958   43.9  2004   149.6  1944   123.3  1928   147.1  2003   166.1  1941   674.8  1874
   42.1  1844   28.5  1985   28.8  1878   28.2  1914   33.2  1934   34.8  1961   40.0  1998   45.7  1989   35.7  2020   48.5  1955   47.3  1961   42.3  1991   149.0  2017   123.2  1995   146.0  1885   165.1  1977   674.2  1892
   41.9  1901   28.2  1853   28.4  1898   28.2  2020   32.6  1982   34.1  2024   38.4  1951   44.7  1993   35.0  1901   47.8  1869   46.3  2004   42.1  1863   148.2  1942   123.0  1984   143.0  1989   164.3  1934   673.8  1995
   38.7  1908   28.2  2003   27.9  1899   27.4  1997   32.6  1897   33.3  1967   37.0  1943   44.7  1886   34.8  1890   47.5  2003   45.8  2001   39.4  1838   147.5  1886   120.4  1887   140.7  2024   163.5  1937   671.4  1962
   38.2  1871   27.6  1975   27.7  1946   27.1  1892   31.9  1939   32.9  1934   37.0  1874   44.0  1847   34.7  1969   46.9  1973   45.6  1978   38.8  1941   144.7  1954   119.4  1976   139.5  1906   163.4  1850   668.3  1943
   38.1  1929   27.6  1846   27.7  1915   27.0  1865   31.6  2010   32.9  1850   36.9  1996   44.0  1949   34.7  1914   46.5  1918   45.4  1849   38.1  1842   142.5  1859   119.4  1896   138.1  1925   163.3  1919   662.9  1873
   37.6  2000   27.5  1854   27.7  1858   26.8  1890   31.4  1884   32.8  1886   36.4  1905   44.0  1836   33.0  1921   46.4  1985   44.4  1904   37.3  1865   140.8  1953   119.3  1866   138.0  1979   162.9  1897   661.7  1959
   37.4  1859   27.0  1942   27.6  1837   25.8  1881   31.4  1961   32.6  1869   36.2  1948   43.6  1964   32.7  1979   46.2  2017   43.5  1917   37.1  1913   138.6  1889   117.4  1874   135.1  1996   162.7  1945   660.9  1991
   37.1  1914   26.9  1905   27.4  1956   24.9  2010   31.3  2025   30.9  1844   35.6  1981   43.5  1975   32.5  1912   46.0  1854   42.9  2011   36.9  1970   138.5  1985   116.2  1839   133.0  1874   161.8  1979   659.3  1901
   36.9  1973   26.0  1938   27.4  1843   24.7  1982   31.2  1837   30.7  1915   35.0  2016   42.9  2021   30.5  1854   45.6  1956   42.7  1973   36.2  1988   137.7  1989   115.8  1883   132.6  1934   160.3  1867   656.9  1934
   36.9  1949   26.0  1964   25.8  1943   24.6  1906   31.2  1870   30.4  1951   32.4  1878   40.9  2007   30.3  2002   44.2  1905   42.6  1983   36.2  1875   135.7  1874   115.8  1915   130.5  1937   158.4  1959   652.8  1884
   35.5  1902   25.8  1917   25.5  1945   23.9  2022   30.4  1928   30.2  1922   32.1  1870   40.3  1854   30.1  1977   43.8  1970   42.1  1948   35.9  1892   134.9  1907   115.5  2022   130.4  1847   157.6  1893   652.2  1973
   34.5  1848   23.7  1851   24.0  1997   23.3  2015   30.1  1901   29.8  1979   31.5  1887   39.4  1869   30.0  1855   42.4  1964   41.9  1857   35.3  1943   134.6  1992   115.3  1960   130.3  1947   157.4  1942   650.1  1955
   34.1  1909   23.3  1845   23.8  1863   22.0  1870   29.4  1980   29.5  1913   30.7  2018   37.7  1990   28.8  2003   42.4  1890   41.7  1937   35.2  1883   132.4  1976   113.9  1921   129.6  1933   155.0  1988   648.9  1904
   34.0  1989   22.3  1909   23.2  1925   21.9  2013   29.1  1859   29.5  1996   30.1  1995   37.1  1883   28.8  1985   41.9  1908   41.7  1908   34.9  1851   131.6  1839   113.1  1911   127.6  1981   153.1  1969   647.1  2010
   32.4  1864   21.7  1858   23.1  1892   21.4  1995   29.0  1863   28.5  1919   28.6  1990   36.0  1913   28.8  1851   41.6  2007   40.1  1884   34.1  2016   131.1  1914   111.3  1855   127.2  1990   151.5  1972   646.2  1902
   32.2  2019   21.0  1963   22.9  1875   20.9  1958   27.9  1861   28.4  1870   28.3  1982   36.0  1871   28.3  1915   39.0  1861   39.9  1964   33.9  1971   130.9  2005   111.3  1892   125.1  1984   149.4  1915   644.6  1911
   32.0  1907   20.4  1956   22.9  2012   20.7  1873   27.5  1919   28.1  1887   28.3  1863   35.8  1972   28.2  1997   38.2  1995   39.3  1846   33.8  1931   123.1  1880   109.4  1875   124.2  1868   148.6  1973   639.0  1898
   30.9  1935   20.1  1890   22.5  1856   19.8  2025   27.3  1922   25.3  1994   28.1  1906   35.3  1920   27.7  1888   38.2  1897   39.2  1988   32.7  2001   122.3  1862   106.7  2010   124.1  1940   148.6  1975   637.9  1953
   30.2  1898   20.0  1863   22.2  1849   19.1  1840   26.5  1888   24.8  1918   28.0  1952   35.0  1880   27.1  1939   36.7  1884   38.6  1942   32.6  1879   121.7  1864   105.1  1837   123.2  1994   146.1  2003   636.8  1890
   29.4  1889   19.8  1896   21.6  1900   18.7  1855   25.8  1936   24.6  1932   27.9  1898   34.4  2024   27.0  1906   36.6  1840   38.0  1933   32.5  1917   120.2  1844   102.7  1957   122.8  1921   146.1  1955   623.5  1905
   28.7  2022   19.5  1886   21.5  1926   16.3  1976   25.4  1959   23.2  1904   27.8  1913   32.4  1899   24.8  1971   35.1  1842   37.0  1848   30.6  1953   119.9  2006   101.5  1840   121.2  1911   144.5  2007   620.0  1851
   27.9  1896   19.0  1887   21.0  1935   16.3  2017   25.0  1989   22.2  1874   27.0  1847   31.2  1861   24.0  1929   31.6  1950   36.3  1922   30.5  1932   119.2  1847    99.7  1870   120.2  1975   143.9  1956   617.3  1996
   27.5  1950   18.8  1952   20.9  1973   15.9  1842   24.8  1935   22.1  1940   26.1  1979   30.8  1976   24.0  1964   31.5  1879   34.5  2021   27.6  2010   118.8  1854    99.6  1900   118.9  1949   143.7  1920   616.2  1858
   27.2  1911   18.6  1924   20.3  1990   15.6  1980   23.9  1998   21.9  1983   25.9  1897   30.6  2022   23.7  2009   30.9  1972   32.2  1896   27.3  1885   116.9  1929    97.5  1944   118.7  1899   143.4  1908   612.7  1850
   27.2  1905   17.9  1929   19.3  1910   14.3  1854   22.9  1848   20.2  1889   25.4  1976   29.5  1959   23.4  1895   28.0  2016   32.1  1856   27.0  1855   113.6  1896    90.4  1854   118.2  1955   141.5  1985   611.4  2003
   27.1  1963   17.7  1930   18.0  1854   13.5  2021   21.4  1970   17.4  1976   23.7  2022   28.5  1864   23.1  1996   27.8  1946   32.0  1920   26.2  1846   112.9  1841    90.0  1956   117.5  1959   141.1  1901   608.8  1933
   25.3  1953   17.6  1998   17.3  1993   12.3  1954   20.0  1839   16.4  2006   21.5  1999   27.9  1937   21.5  1928   27.6  1975   29.5  1889   25.7  1853   111.7  1909    89.6  1844   112.0  2025   137.1  2011   608.2  1893
   25.0  1888   17.0  1862   15.6  1850   11.8  1852   19.1  1956   16.4  1942   19.6  1935   27.6  1936   21.1  1843   26.3  1962   29.5  1879   22.2  1905   110.8  1855    86.8  1863   108.3  1870   137.0  1921   604.6  1855
   24.1  1987   16.7  1986   15.0  2025   11.7  1844   18.5  1876   16.2  1923   19.3  1864   27.2  1983   20.7  1900   26.1  1951   26.6  1871   21.7  1926   108.7  1932    84.6  1929   105.2  1887   136.5  1879   601.7  1870
   23.2  1964   14.9  1965   13.7  1893   10.2  1893   17.6  1990   16.1  1949   19.2  1955   22.4  2025   19.9  1898   25.7  1965   26.5  1867   21.1  1890   107.5  1888    83.2  1974   100.0  2022   129.6  1854   597.1  1975
   22.7  1838   12.4  2023   12.0  1852   10.2  1974   17.3  1895   15.4  1975   18.6  1921   21.4  1933   18.2  1907   24.4  1931   25.6  1858   20.3  1857   105.3  1905    79.3  2020    97.6  2018   122.8  1922   595.1  2011
   22.3  2006   10.7  1934   12.0  2011    8.7  1984   16.6  1905   14.9  1995   18.3  1984   21.2  1991   17.0  1986   23.5  1904   25.4  1862   19.7  1963   104.1  1963    76.2  1893    93.3  1913   121.8  1884   590.1  1964
   22.1  1881    9.9  1993   11.8  1938    8.7  2007   14.7  1836   13.6  1962   17.3  1869   18.9  1955   16.1  1941   22.6  1888   25.3  1851   18.6  1873    88.1  1934    75.7  1938    92.9  1983   118.2  1851   580.6  1844
   22.1  1861    8.1  1921   11.1  1961    7.9  2011   11.4  1991   11.7  1868   16.7  1977   15.9  2003   13.9  1910   21.0  1922   24.9  1855   15.9  1840    83.2  1845    73.9  2011    90.9  1864   118.2  1947   578.8  1864
   19.3  1858    7.5  1932   10.4  1944    7.9  1912   10.8  1896   11.4  2018   15.2  1885   13.0  1947   13.6  2014   14.4  1969   24.8  1956   13.1  1843    79.0  1891    69.9  1990    89.3  1869   112.7  1904   543.8  1887
   13.0  1880    7.3  1895    8.4  1931    7.0  1957    7.6  1844   11.4  1921   14.5  1868   12.3  1940    7.5  1865   14.2  1978   23.1  1909   12.9  1933    68.9  1964    66.2  2025    73.6  1976   112.1  1978   539.7  1854
   12.1  1997    6.4  1959    7.0  1840    4.6  1938    6.7  2020    2.2  1925    9.2  1911    8.3  1995    3.9  1959   13.7  1947   11.0  1945   10.6  1844    61.3  1858    63.0  1852    53.2  1995   106.3  1964   533.9  1921
   12.0  1855    3.6  1891    6.7  1929    ---  2026    ---  2026    ---  2026    ---  2026    ---  2026    ---  2026    ---  2026    ---  2026    ---  2026     ---  1836     ---  2026     ---  2026     ---  2026     ---  2026
