Areal values from HadUK-Grid 1km gridded climate data from land surface network
Source: Met Office National Climate Information Centre
Monthly, seasonal and annual total duration of bright sunshine for Midlands
Areal series, starting in 1910
Last updated 01-Apr-2026 11:35
    jan  year    feb  year    mar  year    apr  year    may  year    jun  year    jul  year    aug  year    sep  year    oct  year    nov  year    dec  year     win  year     spr  year     sum  year     aut  year     ann  year
   80.7  2022  118.1  2019  185.5  2025  246.3  2025  293.5  2020  284.3  1957  290.1  2006  264.0  1995  182.1  1914  134.0  2003   94.6  2006   75.4  2014   225.3  2015   681.9  2025   721.3  1976   370.5  1971  1789.4  2025
   77.8  2023  115.7  2008  167.6  2012  233.9  2020  255.6  1989  272.9  1940  282.0  1911  259.6  1947  181.8  1911  132.7  1919   90.0  2005   73.2  2001   223.1  2023   678.0  2020   716.1  1989   362.9  2003  1691.4  2003
   74.3  1952  104.8  1988  166.3  1929  224.2  1914  250.2  2025  260.1  1975  269.9  2013  236.4  1989  179.0  1929  132.1  2022   85.6  1977   65.7  2008   220.9  2000   574.5  1948   693.0  1911   353.4  1959  1678.4  1995
   73.1  2001  104.5  1949  164.0  2022  220.3  2021  249.8  2018  259.7  1960  268.0  2018  234.7  2022  175.7  1959  130.5  1921   84.6  1996   62.9  2009   214.0  2019   567.4  1990   681.1  1975   349.8  1986  1674.9  2022
   72.5  2015   99.1  2016  163.6  2003  218.5  2015  243.4  1992  248.3  1925  259.9  1955  230.7  1976  171.9  1964  129.9  1959   84.1  1971   59.2  2022   210.9  2001   538.7  2003   672.6  1995   345.4  1999  1662.8  1989
   71.6  1959   97.2  1970  161.8  1995  218.2  1912  240.5  1948  246.0  1969  258.9  1990  219.6  1975  171.0  1991  128.1  1997   83.9  1925   58.2  1980   209.9  2008   538.1  2011   667.0  2018   341.8  1921  1636.2  2018
   70.6  2003   96.6  2018  157.9  1967  216.1  2007  234.5  1943  241.9  1976  255.6  1989  217.1  1933  169.8  2020  127.6  1971   82.0  2017   58.1  2012   206.1  2018   531.4  1995   654.7  1959   341.1  1929  1625.9  2020
   69.7  2012   96.5  2000  155.5  1933  213.4  1984  233.7  1997  240.9  2023  248.6  1976  214.8  1983  166.4  2019  127.5  2008   82.0  1973   57.8  1967   206.0  1952   528.4  1929   645.2  1984   338.4  2006  1619.1  1949
   69.6  2025   91.9  1989  153.0  2009  209.0  2011  233.6  1990  238.4  1950  247.8  2014  210.5  1911  166.3  1986  124.2  2018   80.7  2016   57.4  2013   201.4  1949   519.6  2009   644.7  2022   334.7  2018  1605.5  1990
   69.1  2000   91.3  2003  152.0  1948  206.7  1942  230.0  1956  237.2  1949  246.9  1984  209.0  1990  166.2  1915  122.8  1995   80.5  1988   56.7  1929   198.9  2014   519.3  2007   643.4  2006   333.5  1964  1604.6  1959
   67.1  2024   89.9  2001  150.6  2020  192.7  1990  228.5  1919  236.4  1996  245.3  1934  207.4  2005  164.1  2003  120.1  1999   77.6  2013   56.4  2019   196.9  2003   517.1  2010   643.2  1949   320.9  2016  1580.1  1921
   66.9  1984   89.1  1998  147.5  2007  190.3  1945  228.4  1922  233.6  2010  243.4  1935  205.5  1991  163.7  1933  118.9  1917   77.2  1947   55.6  2004   192.3  1989   516.8  1982   641.9  1996   320.8  1911  1566.0  1911
   66.6  1991   88.8  2004  144.9  1910  190.0  2010  223.8  1929  233.2  1970  236.0  1928  203.4  1959  163.3  2015  117.7  2010   77.2  2023   55.5  2005   191.1  2004   516.6  1921   636.0  1933   320.3  1975  1562.6  1929
   66.4  1994   87.5  1934  144.1  1961  188.5  2002  223.7  1921  232.1  2018  232.9  1999  202.9  2016  161.4  1954  117.0  1955   77.0  1989   55.4  2017   190.1  2020   514.9  1943   627.4  2025   317.6  2023  1558.0  2006
   65.3  1965   86.1  2023  141.8  1955  186.7  1921  220.5  1977  231.1  2025  230.1  1921  200.9  2007  160.5  1940  116.5  2011   76.8  1985   55.3  1999   189.4  2022   512.8  2015   624.9  2013   316.7  1928  1551.1  2019
   63.8  2007   83.9  2014  141.2  1990  184.0  1969  220.0  1949  227.0  1914  227.7  1959  199.8  2019  159.6  1921  115.8  1931   76.5  1986   55.2  1962   189.2  2012   506.0  1997   623.3  2014   316.7  2012  1542.8  2007
   61.8  1962   83.8  1943  139.7  2026  183.2  2003  219.5  2023  226.5  1921  225.2  1996  198.2  1998  159.4  2004  112.1  1981   76.4  1923   55.0  1946   187.5  2002   501.8  2022   622.9  1940   316.6  2007  1542.1  2014
   60.9  2010   82.5  1933  138.9  2014  182.1  1948  218.8  2005  226.1  1962  224.9  1971  197.6  2003  158.8  1971  111.4  1961   75.4  1969   54.9  1984   186.0  1933   499.1  1956   619.7  1935   316.3  2010  1533.9  2015
   60.8  1989   80.5  2022  138.2  1938  181.4  1916  218.8  1915  224.2  1989  221.5  1983  194.6  1984  158.3  1928  111.2  1922   75.3  1975   53.5  1965   182.2  1988   497.8  2017   600.6  1983   315.9  2011  1529.7  1955
   60.5  1910   80.0  1952  136.4  1924  181.1  1951  216.9  1982  223.7  1959  220.2  1995  194.4  1919  156.6  1999  110.3  1964   74.4  1915   53.2  2003   181.1  1962   495.3  2019   600.0  1969   315.3  1981  1527.5  1933
   59.1  1999   79.4  1999  135.6  1931  177.8  2022  216.7  1971  220.2  1915  217.9  1969  194.2  1953  155.5  1979  110.1  1930   73.2  1972   52.8  2016   179.8  1963   487.5  2016   598.9  1928   314.5  1996  1525.6  2009
   58.9  1963   79.0  2020  135.6  1982  175.8  1946  216.0  1966  219.7  2015  217.7  1997  194.1  1949  155.1  2012  108.1  1983   72.8  1938   52.4  1976   177.9  2010   486.9  1955   598.0  1921   314.4  1919  1520.3  2016
   58.8  1967   79.0  1973  134.1  2011  175.5  1995  215.7  1980  218.1  1973  215.8  1994  193.5  2025  155.1  1981  107.5  2016   72.7  2025   52.2  2025   177.7  2016   486.1  1949   594.7  1934   313.8  1955  1516.4  2010
   58.4  1990   78.5  1996  130.7  2019  175.4  2017  213.8  1959  217.2  1967  215.5  1933  193.1  1935  152.9  2006  107.0  1986   71.7  1978   51.8  1951   177.0  1999   484.6  1953   588.5  1994   313.7  1979  1511.9  2011
   57.6  2014   78.5  1939  129.4  2010  168.5  2019  211.1  2001  216.5  1951  211.9  1949  192.4  1923  152.3  2025  106.2  1996   69.4  2010   51.2  1994   176.6  2005   481.9  2021   580.6  1947   313.6  2005  1507.2  2013
   57.5  1933   77.4  2015  127.7  1965  167.4  1954  210.1  1935  215.6  1942  205.9  1941  188.2  2000  151.1  2005  105.9  1980   69.3  1965   50.8  1983   176.5  2007   480.7  2012   577.3  1950   313.0  1947  1504.1  1975
   57.5  1986   77.4  1955  127.5  1973  165.5  2016  205.9  2009  213.3  1961  204.6  1943  187.2  1926  150.2  2023  105.8  1994   68.7  1999   50.5  2011   176.2  1995   480.3  1989   575.7  1990   312.1  1988  1502.7  2023
   57.4  1980   76.9  1957  125.7  1972  164.4  1968  205.3  2016  212.6  2006  203.5  1917  186.1  1930  148.8  2002  104.8  1929   68.2  2007   50.5  1986   175.9  1985   475.8  2002   575.5  1955   309.8  1995  1497.4  1999
   56.2  2026   76.7  1910  125.3  1956  164.2  1982  204.5  1918  211.5  2022  202.8  2025  185.3  1964  148.5  1955  104.7  2007   68.2  2009   50.4  1961   175.9  2009   473.6  1915   574.7  2003   308.6  1997  1497.4  1943
   55.7  2009   76.7  1922  124.7  2017  164.0  1994  203.4  1942  208.9  1922  202.3  1967  184.4  1974  147.7  2018  104.0  1975   67.8  1913   50.4  1979   174.5  2013   472.4  1945   569.7  1941   308.1  2022  1491.4  2005
   55.6  1940   76.3  1985  124.4  1997  161.5  1939  202.8  1953  208.7  1918  201.4  1975  180.9  1937  145.5  1923  103.9  1956   67.7  1910   49.9  1948   174.4  1934   465.8  1942   569.7  2005   305.0  1923  1485.4  1935
   55.2  1928   75.9  1915  124.0  1945  161.0  1949  198.6  1940  207.0  1939  199.5  2021  180.7  2014  144.9  1934  102.9  1928   66.6  1952   49.5  1952   173.7  1998   461.3  1914   565.7  1918   302.9  1914  1483.5  1997
   54.8  1979   75.8  2002  122.1  1943  161.0  1953  197.8  2010  206.8  2003  198.5  2022  180.5  1997  144.5  2011  102.3  2001   65.9  1995   48.9  1949   173.1  2006   458.3  1935   562.9  1967   301.2  1973  1483.4  1984
   54.7  2020   74.5  1990  121.4  1978  160.9  2013  197.7  2017  206.2  1930  197.6  1918  180.2  1996  143.7  2007  101.7  1987   65.8  1930   48.9  1960   170.8  1967   457.0  1946   562.1  1999   298.5  2004  1475.7  2001
   54.1  2018   74.5  2021  121.0  2015  160.8  2009  196.5  1944  204.9  1917  196.6  1929  179.1  1940  143.0  1997  101.2  1952   65.7  1998   48.6  1974   169.3  1994   455.7  1977   560.0  1929   298.3  1961  1475.2  1976
   53.0  1934   74.3  1967  120.8  1953  158.3  1943  196.2  2012  203.8  1984  192.0  1991  178.8  1981  141.7  2021  100.7  1951   65.2  2012   48.3  1973   168.6  1984   453.3  1922   554.7  1925   298.2  1991  1457.7  2017
   52.9  1931   74.3  1928  119.2  2008  157.6  1977  196.0  2019  203.5  1933  191.9  1924  178.5  1961  141.3  1987  100.2  1912   64.8  2003   48.2  1936   166.2  2025   452.4  1944   554.7  1961   298.1  2021  1448.0  2008
   52.7  2005   73.9  1936  118.6  1944  157.5  1980  194.9  2011  201.9  1994  188.6  1953  177.3  1955  141.0  1975  100.1  1993   63.0  2001   47.9  2000   165.3  1956   451.2  1910   553.2  2015   298.0  2019  1447.0  1914
   52.6  1956   73.6  1946  118.2  2000  157.5  1938  194.3  1978  201.7  1929  187.6  2016  177.0  1914  139.5  1990   99.2  1938   62.9  1918   47.6  2020   163.7  1986   449.9  1973   549.3  1930   297.8  1980  1446.2  1973
   52.6  1987   73.0  1920  118.1  1994  153.8  1955  194.2  1917  200.5  1911  186.8  2019  176.8  1993  139.5  1919   98.7  1979   62.9  2018   46.9  1925   163.4  1991   449.5  1980   548.9  1951   296.9  2009  1446.0  1940
   52.6  1995   72.8  2013  116.8  2016  153.6  1973  194.1  1995  199.5  1941  186.6  1951  175.2  2017  139.3  1937   98.7  1936   62.4  1976   46.6  1957   162.2  1987   448.7  2023   548.8  1970   293.3  1954  1438.1  1994
   52.2  2011   72.3  1995  116.2  1962  153.6  1915  193.8  1998  198.9  1919  185.7  2015  174.0  2013  139.3  1947   97.5  2024   62.2  2021   46.5  2010   161.5  2021   447.4  1938   548.5  2024   293.2  1989  1434.9  1996
   51.9  1954   72.1  1986  115.8  1950  153.4  1952  193.8  1970  197.3  1963  185.0  1985  173.9  2001  138.7  1942   96.6  1941   61.7  1961   46.0  1932   161.3  1981   441.2  1959   547.3  2023   293.2  1940  1433.8  1915
   51.5  2019   71.0  2006  114.0  1968  153.0  2023  193.0  1910  197.1  2024  184.9  1977  173.7  1988  138.1  1949   96.5  1947   60.3  1943   45.9  1954   156.7  1958   440.2  1919   546.3  1914   292.2  1917  1433.3  2004
   51.1  2017   70.8  2007  113.8  1986  152.9  1927  192.0  1957  196.1  2011  184.3  2008  173.2  1944  137.9  1953   96.5  1998   60.0  1940   45.5  1917   156.4  1970   439.6  2000   545.6  1960   292.1  1985  1432.1  1967
   50.9  1958   70.0  1960  112.7  1918  151.3  2006  191.9  2003  194.9  2008  183.0  1946  172.5  1928  137.8  2009   96.3  2012   59.4  1979   45.4  1993   156.2  1955   439.4  2018   544.3  2001   291.9  2008  1428.0  1948
   50.9  1974   69.5  1956  112.6  2002  150.6  1987  191.4  1955  194.9  2014  183.0  2001  172.0  2024  137.4  1982   96.3  1926   59.3  1957   45.4  1944   155.6  1939   439.2  2014   540.0  1993   291.8  1915  1427.0  1986
   49.6  1988   69.1  2012  112.0  1920  150.1  1936  190.3  2004  194.7  2004  179.4  2024  171.3  2009  136.7  1978   96.1  1988   59.1  1967   45.4  1996   155.4  1943   438.8  1912   537.8  1957   291.7  1925  1425.4  2021
   49.3  1976   68.8  1962  109.7  1966  149.8  1950  189.4  1911  192.2  1986  178.7  2007  171.1  1936  136.6  1935   96.0  1949   58.5  1960   45.3  2007   154.7  1968   436.4  1918   536.9  1943   291.4  2020  1424.5  1970
   49.0  1983   68.6  1948  109.1  1935  149.1  1960  189.4  1961  191.6  1992  177.9  1964  170.7  1994  135.7  1980   95.1  1967   57.7  2008   45.1  1964   154.6  1945   435.6  1992   536.1  1917   291.0  1933  1420.5  1952
   49.0  2004   68.4  2025  109.1  1932  149.0  1962  188.0  1952  191.4  1943  177.6  1925  170.4  1973  135.6  1988   95.1  1984   57.5  2024   44.3  2018   153.5  1922   431.6  2005   536.0  2009   289.9  2025  1417.4  1934
   48.9  2008   68.4  2005  108.8  1940  147.9  1997  187.7  2000  190.4  1928  176.8  1950  170.1  1972  135.2  1973   94.9  1962   57.5  1911   43.7  1938   153.4  1928   428.7  2008   533.7  1973   289.8  2002  1413.2  2012
   48.8  1932   67.1  1997  108.7  1993  145.5  1999  185.8  1974  190.1  1993  176.7  2017  168.7  2004  134.7  1970   94.7  1990   57.5  2020   43.1  1955   153.4  1990   428.4  2001   531.8  2019   289.3  1949  1408.8  1928
   48.6  1930   65.7  1963  107.2  1970  144.5  1957  185.6  1975  189.2  2009  175.6  2005  168.7  1965  133.3  1966   94.4  1950   57.4  1937   42.7  1990   152.7  2017   427.1  1970   531.3  1974   286.7  1990  1405.4  1961
   48.4  1918   64.7  1925  106.3  1946  143.8  1956  184.9  1964  188.8  1932  175.5  2009  167.9  1992  133.0  1963   94.2  2021   57.3  1929   42.7  1970   152.6  1997   426.8  1952   530.9  1926   286.3  1978  1399.1  2000
   47.9  1923   64.1  1914  106.1  1921  143.1  1959  184.1  2013  188.5  1995  173.8  1963  167.0  2018  132.9  1974   94.0  1943   57.1  1951   42.4  1911   152.3  1974   426.6  1933   530.3  1915   285.9  2013  1398.2  1919
   47.7  1911   63.8  1941  105.2  2021  141.9  1922  183.2  1988  188.1  1968  173.1  1993  166.0  1952  132.7  2016   93.3  1939   56.8  1948   41.8  2006   152.1  1946   425.4  1957   527.0  2007   284.7  1987  1396.9  1918
   47.5  1924   63.7  1945  105.1  1949  140.3  1947  183.1  1920  187.5  2001  172.0  2011  165.6  1934  130.2  1943   92.7  1970   56.3  1982   40.9  1963   151.7  1920   424.8  1962   525.5  2017   284.6  1943  1395.6  2002
   47.2  1982   62.9  1916  103.8  1927  140.1  1925  182.9  1934  186.9  1913  171.8  1923  165.0  1916  129.4  1989   92.7  2002   56.2  1992   39.9  1914   150.0  1977   422.6  2013   523.8  1997   284.3  1930  1383.8  1925
   47.1  1949   61.3  1981  103.6  1985  139.7  1958  180.9  1986  186.7  2005  170.9  1940  164.2  1941  129.2  2010   92.6  2004   56.2  1980   39.7  1995   149.8  1936   422.3  1927   523.4  1991   284.0  2015  1383.8  1953
   47.0  1920   61.1  1969  102.3  1989  139.4  2005  177.8  1963  185.0  2021  170.4  2003  162.1  1950  128.3  1918   91.2  1920   56.1  2022   39.6  1988   149.6  1918   421.3  1984   522.2  1919   280.6  1970  1379.3  1971
   46.6  1998   60.9  1992  102.1  1999  139.1  1935  177.0  1939  184.4  1999  170.1  1948  161.9  2023  128.2  1944   90.9  2009   55.6  1928   39.4  1981   149.3  1915   421.1  1994   522.0  2004   279.8  1977  1378.8  1950
   46.5  2006   60.9  1971  101.9  1941  138.3  1929  174.9  1946  184.1  1974  170.0  1979  161.7  1929  127.2  2014   90.8  2006   55.2  1949   39.2  1975   148.9  1930   421.1  1950   521.5  2010   279.0  2017  1370.8  1957
   46.2  1978   60.2  1954  101.3  1915  138.3  2014  174.9  1987  183.8  1934  167.8  1986  160.1  1979  126.9  1985   90.2  2023   54.9  2000   39.1  1977   148.8  1980   420.6  1965   515.3  2016   275.8  1952  1369.0  1974
   46.1  1916   60.2  1921  101.2  1976  138.2  1965  174.6  2002  183.1  1935  167.1  1958  159.7  1966  126.2  1917   90.1  1969   54.8  2011   38.8  1935   147.3  2026   420.0  1987   515.3  1953   275.3  1935  1364.9  1988
   45.5  1945   59.9  1983   99.9  2004  137.5  1991  174.6  2008  181.7  1920  166.8  1952  159.5  1970  125.3  1961   89.6  1977   54.5  1927   38.7  1950   146.7  1959   419.4  2004   514.5  1992   274.9  1938  1361.9  1947
   45.0  1947   59.4  1950   99.5  1913  137.3  1944  173.3  2015  181.5  1952  166.6  1916  159.4  1918  123.7  1996   89.0  1945   54.0  1935   38.6  1926   146.4  1983   419.4  1939   514.3  1952   274.6  1998  1361.4  1951
   44.7  1985   59.1  1911   99.5  1934  136.9  1974  172.9  1960  181.4  1926  165.9  1942  156.2  1982  122.9  2013   88.4  1985   53.8  1922   38.5  1998   145.1  1973   418.0  1940   509.5  2011   270.7  1974  1357.7  1982
   44.6  2016   59.1  1958   97.8  1958  134.9  2008  172.9  1937  180.9  2013  163.9  1945  154.5  1932  121.5  1925   88.4  1958   53.2  1970   37.9  1997   144.7  2024   417.0  1967   503.8  1942   269.5  1942  1351.2  1942
   43.8  1927   59.1  1987   97.6  1930  134.2  1976  172.3  1958  177.4  1965  163.3  2002  152.9  1985  121.1  1995   87.5  1974   52.6  1914   37.7  1966   144.6  1979   416.8  2006   503.2  2021   266.7  2001  1350.3  1962
   43.7  1935   58.9  1979   94.4  1987  133.7  2000  171.2  2006  176.9  1938  162.9  1961  150.9  2020  119.9  2022   87.3  1965   52.5  1954   37.5  1982   144.5  2011   415.2  1968   500.1  1985   266.0  2024  1349.1  1977
   43.6  2013   58.1  1937   94.3  2006  133.4  1933  170.8  1993  175.8  1945  162.7  1974  150.8  1945  119.8  1932   86.8  1989   52.5  1990   37.4  1931   143.5  1937   415.0  1978   497.1  2008   264.6  1937  1348.6  1969
   43.0  1946   58.0  1968   92.9  1954  133.4  1983  168.8  1973  173.7  2017  162.4  2012  150.4  1915  118.0  1948   86.3  2019   52.4  1916   37.1  1923   141.6  1953   414.3  1974   497.0  1979   263.6  1966  1342.7  1917
   42.4  1957   58.0  1961   92.8  1919  132.8  1924  167.6  1913  172.6  1947  162.3  1926  149.9  1931  117.2  1939   86.3  1932   52.3  2014   37.0  1924   141.0  1954   412.4  1961   495.7  1962   263.0  1953  1338.6  2024
   42.0  1977   57.4  1994   92.7  1988  129.9  1911  167.2  1979  172.0  2020  159.8  1915  149.4  2012  116.5  1960   86.2  1925   51.7  1921   36.6  1921   140.2  1925   412.0  1986   495.5  1963   262.7  2014  1338.6  1922
   41.8  1981   57.1  1931   92.3  1926  129.2  2004  166.3  1996  170.5  1910  159.3  1972  149.3  2002  114.4  1926   85.9  1992   51.2  1964   35.9  1940   139.7  1932   410.6  1966   492.6  1964   262.6  1982  1335.6  1979
   41.5  1943   57.0  1953   91.6  2001  128.4  1917  165.6  1927  168.0  2002  158.7  1987  147.9  2010  114.0  2017   85.9  2000   50.5  1956   35.6  1943   138.8  1965   409.8  1958   492.2  2000   261.3  1967  1335.0  1992
   40.3  1938   55.7  1918   91.6  1974  126.1  1970  162.5  1916  166.8  1979  158.7  2004  147.8  2015  113.1  2000   85.5  2015   50.3  1974   35.5  1945   138.4  1961   409.2  1924   490.5  1945   261.3  1913  1329.8  1985
   40.2  1922   55.6  1977   90.9  2024  125.7  2001  162.0  2014  164.3  1983  157.7  1982  146.6  1960  112.5  1998   85.4  2013   50.2  1931   35.2  1922   138.1  1971   409.0  1917   487.4  1939   260.7  1951  1326.8  1983
   40.2  1972   55.3  1944   90.8  1963  124.2  2024  161.4  1925  162.4  1927  157.0  1930  146.5  1962  111.0  2024   85.0  1942   49.1  1991   35.2  1941   138.0  1950   409.0  1951   486.3  1923   260.4  1922  1325.3  1980
   40.2  1997   54.9  1913   89.2  1937  122.4  1989  161.3  2024  162.2  1985  156.1  1970  145.8  1951  110.6  1913   84.6  1935   48.9  1950   35.2  1992   137.6  1916   403.0  1911   485.1  1986   260.4  1918  1316.8  1991
   40.1  1964   54.5  2009   88.8  1957  122.3  1928  161.0  1947  160.4  1946  154.9  1992  145.6  1939  110.2  1910   84.3  1948   48.3  2002   35.0  2002   137.5  1976   401.6  1916   484.9  1971   259.5  1969  1314.4  1956
   39.6  1919   54.4  1938   86.5  1917  122.1  1992  160.4  1936  160.3  1924  153.0  1956  144.7  1999  110.0  1924   84.0  1973   48.3  1955   35.0  1991   137.4  1957   400.5  1934   483.7  1924   259.1  1948  1314.4  1964
   39.5  1948   54.1  2010   85.8  1971  121.3  1996  160.0  2022  157.7  1988  152.8  1910  143.3  1967  109.6  1962   83.9  1944   48.1  1981   34.2  1928   137.0  1948   400.3  1971   480.7  2002   258.1  1963  1312.2  1910
   39.4  2021   54.0  1991   85.8  1925  121.0  1923  159.6  1962  157.0  1937  152.3  2020  141.4  1921  109.4  1950   83.9  1966   47.8  1933   34.1  1985   133.9  1992   396.0  1999   476.8  1977   257.9  1926  1310.4  1998
   38.9  1968   53.4  1932   85.4  1952  120.7  1985  159.3  1984  155.8  1966  151.8  1981  141.4  2011  108.8  1992   83.3  2014   47.8  1963   34.0  2015   133.8  1964   389.9  1931   475.2  2020   256.9  1972  1307.8  1946
   38.5  1925   53.2  1974   84.3  1959  119.2  1975  158.2  1985  154.6  1978  150.2  1998  140.9  1943  108.4  1930   83.2  1916   47.8  1959   33.8  1933   133.3  1911   388.9  1988   475.2  1946   256.5  1934  1305.5  1938
   38.4  2002   53.1  1951   83.7  1911  119.2  1918  158.2  1914  153.8  2000  150.2  2000  140.7  2006  108.0  1952   83.1  1923   47.2  1926   32.8  1959   133.1  1996   387.9  1976   475.1  1998   255.4  1965  1305.4  1945
   38.0  1951   52.9  1964   82.9  1922  119.0  1919  158.0  1945  152.6  1977  148.5  1947  140.2  1927  107.3  1916   83.0  2017   47.2  1917   32.4  1939   132.8  1941   387.3  1925   474.4  1981   255.0  1931  1302.5  1960
   38.0  1992   52.3  2024   82.1  1912  118.3  1972  157.5  1931  151.1  1944  146.9  1966  140.0  1980  107.3  1984   82.9  1913   46.7  1920   32.1  1972   132.6  1931   386.3  1998   472.8  1922   253.9  2000  1301.9  1939
   37.5  1944   50.8  1959   80.9  1939  118.1  1934  156.5  2021  151.1  1948  145.6  1978  139.8  1913  107.1  1967   82.3  1927   46.5  2004   31.8  1919   131.4  1978   386.0  1954   469.8  1988   253.4  1994  1295.7  1963
   37.2  1937   50.8  1984   80.4  1975  117.3  1986  156.0  1923  150.8  1936  145.2  1973  139.3  1977  106.7  1983   81.4  1911   46.4  1966   31.2  1969   130.6  1923   385.2  1975   468.4  1972   252.7  1950  1279.5  1923
   37.1  1936   49.8  1919   79.8  1951  117.1  1981  155.7  2007  150.7  1931  144.5  2023  138.1  1987  106.7  2008   81.2  1972   46.3  1993   31.0  1968   129.9  1960   383.7  1960   462.4  1966   251.5  1944  1279.1  1993
   36.2  1975   49.5  1935   79.6  1979  116.8  2012  155.5  1950  147.3  2007  142.3  1914  137.3  1938  106.5  1912   80.0  1924   46.0  1953   31.0  1920   129.8  1951   383.5  1972   461.9  1916   251.0  1983  1278.7  1930
   35.9  1926   49.0  1976   78.9  1914  115.2  1998  155.0  1926  145.2  2019  141.4  1922  136.0  1969  105.5  1994   79.4  1933   45.8  1942   30.9  1978   129.1  1927   382.5  1985   461.6  1932   250.9  1992  1273.2  1965
   35.1  1953   48.8  2017   78.6  1923  114.1  1979  154.7  1965  144.1  1912  140.1  2010  134.9  1956  104.7  1977   79.3  1954   45.3  2019   30.4  1918   128.4  1944   381.2  1993   457.2  1937   250.7  1939  1272.2  1944
   34.6  1971   48.3  1912   77.7  1977  114.1  2018  153.3  1967  143.7  1981  139.3  1960  131.8  1946  104.2  1957   79.0  1953   44.6  1936   30.0  1942   126.9  1924   376.6  1963   454.7  1910   245.7  1932  1255.0  1978
   34.5  1912   47.8  1942   77.7  2013  113.3  1910  152.5  1976  143.3  1980  138.4  1988  131.5  1924  103.8  1958   78.8  1934   42.5  1958   29.6  1916   126.8  1975   376.4  2024   453.7  1982   245.5  1956  1254.6  1926
   34.3  1942   47.7  1993   77.3  1998  113.0  1988  151.8  1938  141.7  1956  138.1  1980  131.4  1910  102.9  1951   78.2  1991   42.3  1919   28.9  1947   126.6  1982   372.0  1913   449.9  1965   244.3  1984  1250.4  1924
   34.0  1973   47.6  1923   76.2  1980  112.4  1932  148.5  1999  139.8  1982  134.8  1939  130.2  1978  102.8  1938   78.1  1957   42.0  1994   28.9  1913   125.7  1947   369.6  1936   446.0  1936   244.0  1962  1248.6  1941
   33.5  1939   46.7  1927   76.2  2023  110.5  1940  148.1  1951  139.0  1972  130.7  1938  129.6  1971  102.5  1972   77.9  1978   41.9  1984   28.9  1953   125.4  1914   369.1  1920   444.9  1938   242.9  1916  1248.2  1987
   33.5  1915   46.1  1978   75.5  2018  110.3  1964  140.0  1924  138.3  1955  129.0  1919  128.8  1925  101.9  1968   77.2  1963   41.6  1987   28.7  1915   125.2  1912   368.7  1947   441.4  1968   242.7  1910  1244.9  1916
   33.3  1993   45.9  2011   75.4  1983  108.0  1963  139.4  1972  132.5  1953  128.9  1954  128.0  1968  101.4  2001   72.7  1940   40.8  1924   28.2  2021   125.1  1969   363.9  1969   436.4  1948   241.6  1957  1243.1  1966
   33.1  1941   44.2  1929   73.7  1991  105.8  1967  139.1  1994  131.0  1954  126.0  1931  127.9  1958   99.9  1946   72.5  2005   40.4  1968   28.2  2024   122.6  1938   360.9  1979   433.4  1913   237.9  1912  1235.0  1981
   32.9  1969   43.6  1930   73.4  2005  104.9  1913  138.5  1912  130.5  1971  125.7  1957  127.8  1957   99.9  1920   71.6  1946   40.2  1939   28.1  1971   122.3  1966   358.2  1937   430.4  1978   237.8  1920  1219.0  1931
   32.9  1955   42.3  1924   70.2  1992  104.9  1926  137.6  1933  130.3  1916  125.3  1968  127.7  1917   98.8  1965   69.2  1918   39.6  1932   27.9  1937   122.0  1926   355.7  1923   430.2  1944   234.7  1958  1215.7  1972
   32.5  1914   42.0  1975   69.8  1928  101.7  1993  137.4  1928  129.5  1964  124.1  1936  125.1  1986   95.5  1922   68.9  1982   39.4  1962   27.8  1987   119.9  1919   352.2  1926   429.7  1956   232.4  1936  1210.6  1954
   32.2  1929   41.0  1980   67.4  1947   99.3  1978  136.8  1968  126.7  1998  123.1  1962  124.4  1963   95.2  1927   68.3  1914   39.3  1944   26.5  1910   118.4  1935   350.3  1964   426.6  1931   232.0  1927  1207.3  1936
   31.6  1961   40.8  1917   61.7  1960   97.8  1971  136.2  1930  126.6  1958  119.8  1912  123.3  1920   94.7  1976   67.8  1937   37.5  1997   25.3  2023   118.2  1921   339.7  1996   421.6  1958   231.6  1993  1203.1  1937
   30.4  1966   40.0  1982   61.6  1969   96.8  1931  134.8  1941  126.0  1991  119.3  1937  122.5  1922   94.0  1969   64.9  2025   36.2  1983   25.2  1934   117.2  1942   339.5  1991   421.4  1980   230.8  1924  1200.4  1958
   29.9  1913   39.2  1926   59.1  1936   96.4  1930  128.2  1991  125.6  1997  118.3  1932  122.3  1942   91.2  1956   64.7  1910   35.2  2015   24.3  1958   116.1  1993   330.3  1930   419.1  1927   227.2  1960  1188.1  1968
   29.6  1950   38.9  2026   57.7  1981   96.0  1937  128.1  1981  124.8  2016  116.5  1927  118.8  2021   89.1  1936   64.1  2020   34.7  1941   23.9  1927   110.7  1929   329.5  1928   419.0  2012   218.9  1941  1187.8  1927
   28.1  1970   38.4  1966   57.7  1916   91.1  1941  125.7  1954  122.2  1923  113.1  1920  117.9  2008   89.0  1931   61.2  1968   32.8  1934   23.7  1912   108.5  1913   327.9  1941   418.1  1920   215.4  1976  1180.5  1913
   27.1  1960   34.6  1972   55.7  1942   84.9  1966  118.2  1969  107.7  1990  106.7  1913  115.2  1948   87.6  1941   58.3  1976   32.6  1946   22.7  1930   108.5  1940   317.6  1932   404.1  1987   204.1  1946  1175.9  1920
   26.9  1921   28.4  1965   55.1  1964   79.0  1961  106.7  1983  107.3  1987  105.8  1944  113.4  1954   85.1  1993   52.2  1960   31.2  1912   20.5  1989   102.9  1972   315.5  1983   373.3  1954   203.5  1968  1173.2  1932
   18.9  1917   25.7  1947   52.1  1996   74.0  1920   96.1  1932  107.1  2012  103.9  1965   90.1  1912   78.1  1945   51.1  1915   30.8  1945   18.1  1956    89.3  1917   302.9  1981   353.9  1912   197.9  1945  1137.1  1912
   14.9  1996   20.5  1940   48.6  1984    ---  2026    ---  2026    ---  2026    ---  2026    ---  2026    ---  2026    ---  2026    ---  2026    ---  2026     ---  1910     ---  2026     ---  2026     ---  2026     ---  2026
