Areal values from HadUK-Grid 1km gridded climate data from land surface network
Source: Met Office National Climate Information Centre
Monthly, seasonal and annual mean of daily minimum air temperature for Midlands
Areal series, starting in 1884
Last updated 01-Apr-2026 11:35
    jan  year    feb  year    mar  year    apr  year    may  year    jun  year    jul  year    aug  year    sep  year    oct  year    nov  year    dec  year     win  year     spr  year     sum  year     aut  year     ann  year
    3.9  1916    4.2  2024    4.8  1957    6.0  2011    9.3  2024   11.8  2025   13.3  2006   13.5  1997   11.9  2006    9.8  2001    6.8  1994    6.4  2015    3.28  2024    6.25  2024   12.38  2025    8.28  2006    6.84  2024
    3.9  1921    4.2  2026    4.5  1981    5.7  2018    8.3  2022   11.4  2017   13.0  2025   12.9  2020   11.9  2023    9.6  2005    6.0  2011    5.0  1934    3.25  2016    5.50  2017   11.86  2006    8.25  2011    6.83  2023
    3.7  2007    3.9  1990    4.4  2017    5.6  2014    8.2  1999   11.0  2023   13.0  1983   12.8  2004   11.6  2016    9.2  1968    5.9  2015    4.8  1974    3.19  2007    5.48  1999   11.81  2003    8.07  2022    6.60  2014
    3.4  2020    3.5  1998    4.1  2024    5.5  2007    8.1  2017   10.8  2016   12.9  2021   12.5  2022   11.2  2021    9.0  2006    5.9  2022    4.4  1988    3.03  1935    5.39  2014   11.78  2021    8.06  2023    6.60  2006
    3.3  1884    3.4  1961    4.0  1998    5.4  1961    8.1  2008   10.6  2021   12.6  1995   12.5  1975   11.2  1949    9.0  2013    5.4  1938    4.1  2023    3.01  1989    5.13  2011   11.66  2016    7.84  2021    6.58  2025
    3.2  1975    3.4  2011    4.0  1991    5.4  1943    7.8  2014   10.6  1982   12.6  2022   12.4  1990   10.6  1999    8.9  2017    5.3  2009    4.1  2024    3.00  1975    5.12  1998   11.64  2018    7.83  2014    6.50  2022
    3.2  1983    3.4  1926    3.9  1990    5.2  1993    7.7  1952   10.6  2003   12.6  2018   12.4  2008   10.5  2011    8.7  2022    5.1  1997    4.1  1953    2.96  1990    5.11  2007   11.56  2022    7.50  2001    6.46  2017
    3.2  1990    3.3  1945    3.9  2019    5.2  2024    7.7  1964   10.5  2007   12.5  2019   12.4  2003   10.5  1958    8.6  1995    5.1  2002    3.7  2018    2.88  2026    5.10  1992   11.52  2020    7.43  2009    6.38  2011
    3.1  2008    3.2  2002    3.9  1997    5.2  1987    7.7  1889   10.5  2006   12.5  2010   12.3  2019   10.5  1998    8.5  2014    5.0  1953    3.7  1898    2.88  2020    5.00  2022   11.50  2019    7.40  1968    6.38  2020
    2.9  1898    3.1  1903    3.8  1994    5.1  2004    7.6  1998   10.5  1976   12.4  2013   12.3  2025   10.3  1980    8.5  1969    5.0  2014    3.6  2025    2.63  1998    4.92  2023   11.50  1997    7.36  2025    6.36  2004
    2.7  1989    3.1  2017    3.8  2026    5.0  1949    7.5  2006   10.5  2004   12.4  1923   12.2  1995   10.3  2000    8.5  2021    4.9  1939    3.6  1924    2.55  2014    4.90  1952   11.47  2023    7.33  2005    6.29  2002
    2.6  2005    3.0  2022    3.6  1938    4.8  1999    7.5  1992   10.4  2018   12.4  2003   12.2  1955   10.2  2005    8.3  2023    4.9  1946    3.6  1942    2.44  2022    4.82  2004   11.43  2017    7.20  1995    6.25  2007
    2.6  1976    3.0  1997    3.5  1992    4.8  2009    7.5  1970   10.4  2020   12.3  1991   12.1  2002   10.2  2004    8.2  2011    4.9  2020    3.6  1900    2.42  1943    4.77  1981   11.39  2004    7.17  1949    6.24  1999
    2.5  1932    2.9  1918    3.4  2005    4.7  1944    7.4  2018   10.3  1896   12.1  2016   12.1  1932   10.1  1936    8.2  1954    4.9  2025    3.5  1971    2.29  1923    4.76  2002   11.25  1983    7.16  2004    6.22  2018
    2.4  1969    2.9  2014    3.4  2023    4.7  1959    7.4  1947   10.3  1950   12.0  1901   12.1  1911   10.0  1961    8.1  1990    4.9  1951    3.5  1954    2.25  1925    4.75  2009   11.24  1995    7.14  1978    6.18  2005
    2.4  1938    2.8  1995    3.4  1999    4.6  1937    7.3  2002   10.3  2005   12.0  1989   12.1  2016    9.9  2014    8.0  2025    4.8  1984    3.5  1918    2.13  2019    4.74  1959   11.23  1947    7.12  1984    6.14  1998
    2.3  1944    2.8  1946    3.3  1912    4.6  2020    7.3  2023   10.2  2000   12.0  1947   12.0  2009    9.9  1956    7.6  1989    4.7  1888    3.4  2006    2.11  1995    4.74  2018   11.13  2013    7.09  1999    6.11  2021
    2.2  2014    2.7  2020    3.3  2021    4.4  2025    7.3  1960   10.1  2014   12.0  1933   11.9  2024    9.8  1945    7.5  1886    4.7  1899    3.4  2021    2.04  2017    4.66  2005   11.10  2008    7.08  2017    6.10  1990
    2.2  1974    2.6  1966    3.2  1967    4.4  1920    7.2  2011   10.1  1966   12.0  2014   11.9  2013    9.8  1985    7.5  1978    4.6  2018    3.2  1985    2.04  1988    4.63  1961   11.02  2005    7.06  1945    6.06  2016
    2.1  1988    2.6  2023    3.2  2000    4.4  1945    7.2  1908   10.1  1947   12.0  2005   11.9  2012    9.8  2024    7.5  1977    4.6  1982    3.2  2002    2.01  2025    4.63  2025   11.01  2009    7.02  1994    6.04  1997
    2.1  1948    2.6  1914    3.1  2012    4.4  1955    7.2  2003   10.0  1960   11.9  1994   11.9  2018    9.7  1989    7.4  1921    4.5  1978    3.2  1910    1.98  1921    4.62  1945   10.99  1982    7.02  2024    6.02  2019
    2.0  1999    2.4  2007    3.1  1927    4.3  1992    7.2  2007   10.0  1970   11.9  2001   11.9  2001    9.7  1941    7.4  2024    4.5  1917    3.1  1977    1.98  2005    4.61  1993   10.97  2001    6.95  2013    6.00  2000
    2.0  2016    2.4  1897    3.1  1959    4.3  1964    7.1  1953   10.0  1992   11.9  1957   11.8  2021    9.7  2009    7.4  1898    4.5  2003    2.9  1912    1.92  1957    4.60  1991   10.97  2010    6.91  2020    5.99  2015
    2.0  2018    2.3  1935    3.1  2002    4.2  1972    7.1  2025   10.0  1998   11.9  1999   11.7  1984    9.7  1946    7.3  2009    4.5  2004    2.7  1987    1.91  1976    4.59  1960   10.89  2012    6.88  1946    5.96  1994
    2.0  1996    2.2  1923    3.0  1989    4.2  2005    7.1  2016    9.8  1897   11.9  2017   11.7  2006    9.7  2022    7.3  1949    4.4  1963    2.7  1921    1.89  1972    4.52  1994   10.89  1976    6.84  2016    5.86  2009
    2.0  1993    2.2  2000    3.0  1977    4.2  2006    7.0  2009    9.7  1935   11.8  1975   11.7  2023    9.6  1970    7.3  1996    4.3  1894    2.7  1922    1.88  1916    4.52  2008   10.88  2002    6.81  1958    5.82  1989
    2.0  1923    2.2  1980    3.0  1945    4.1  2003    6.9  1989    9.7  2010   11.8  1926   11.7  1893    9.6  1984    7.2  1945    4.3  1999    2.7  1994    1.85  1948    4.49  1997   10.87  1933    6.79  2015    5.82  2008
    1.9  2012    2.1  2004    2.9  1961    4.1  1963    6.9  2004    9.6  2019   11.7  1900   11.7  1969    9.6  1926    7.2  1908    4.2  1983    2.6  1911    1.81  1999    4.49  2019   10.83  2014    6.73  2000    5.79  1995
    1.9  2004    2.0  1943    2.9  1936    4.1  1926    6.9  2000    9.6  1889   11.7  1976   11.6  1959    9.6  1947    7.2  1959    4.1  1970    2.6  1956    1.81  1974    4.49  2000   10.80  1975    6.72  2002    5.76  1949
    1.9  1949    2.0  2025    2.9  1921    4.1  1946    6.9  1911    9.6  1997   11.7  2023   11.6  1947    9.6  1951    7.1  1967    4.1  1945    2.6  2000    1.80  2008    4.47  2003   10.79  1992    6.67  1938    5.74  2003
    1.9  1998    2.0  1885    2.9  2014    4.1  1952    6.9  2001    9.6  2012   11.7  1944   11.4  1942    9.5  1968    7.0  1985    4.1  1931    2.6  1997    1.79  1899    4.44  1920   10.79  1959    6.67  1913    5.71  1945
    1.9  1957    1.9  1974    2.8  1952    4.1  1930    6.9  1919    9.6  1963   11.6  1992   11.4  1944    9.5  1884    6.9  1910    4.0  1995    2.6  2011    1.74  2004    4.42  1957   10.79  1990    6.67  1983    5.71  1983
    1.9  1930    1.9  1937    2.8  2022    4.0  1995    6.9  1933    9.6  1940   11.6  1899   11.4  1917    9.5  1983    6.9  1984    4.0  1913    2.6  2013    1.73  1949    4.36  2020   10.79  1994    6.66  1990    5.59  2001
    1.8  2002    1.9  1989    2.8  1903    4.0  1894    6.8  2012    9.6  1931   11.5  2009   11.4  1933    9.5  1948    6.9  2020    4.0  2023    2.5  1959    1.69  2012    4.30  2006   10.78  2024    6.65  1970    5.58  1988
    1.8  1994    1.8  1993    2.7  1950    4.0  2023    6.8  1976    9.5  2002   11.5  1952   11.4  1983    9.4  1978    6.9  1958    3.9  2006    2.5  2019    1.69  1903    4.28  1964   10.72  2007    6.64  1982    5.58  1959
    1.8  1890    1.7  1992    2.7  1897    4.0  1975    6.7  1912    9.5  2022   11.5  2008   11.4  1991    9.4  2019    6.8  2015    3.9  2008    2.5  1979    1.64  1937    4.27  2012   10.70  2000    6.61  1989    5.54  1957
    1.7  1935    1.7  1999    2.7  2007    3.9  2017    6.7  1918    9.5  1968   11.5  1905   11.4  2000    9.4  1981    6.8  2004    3.9  1964    2.4  2016    1.64  1950    4.26  1912   10.69  1955    6.59  1997    5.54  1992
    1.7  2023    1.7  1967    2.7  1948    3.9  1904    6.7  1924    9.5  2009   11.5  1945   11.3  1999    9.4  1973    6.8  1976    3.9  2024    2.4  1932    1.59  1920    4.19  1943   10.69  1999    6.58  2018    5.49  2012
    1.7  1925    1.7  1928    2.6  1960    3.9  1896    6.6  1937    9.5  1993   11.4  1934   11.3  2015    9.4  2010    6.8  2007    3.8  2021    2.4  1986    1.59  1911    4.17  1990   10.61  1893    6.57  1898    5.46  1938
    1.6  1906    1.7  2019    2.6  1983    3.9  1985    6.6  1969    9.4  1988   11.4  1932   11.2  1939    9.4  1939    6.7  1963    3.8  1895    2.4  1949    1.58  2002    4.16  1988   10.60  1911    6.54  2007    5.44  1921
    1.6  1973    1.7  1884    2.5  1988    3.9  2002    6.6  1922    9.4  1900   11.4  1967   11.2  1996    9.4  1924    6.7  2016    3.8  1928    2.3  1929    1.55  1967    4.10  2015   10.56  1932    6.51  1886    5.42  2013
    1.6  1943    1.7  1920    2.4  2009    3.8  1960    6.6  1981    9.4  1959   11.4  1941   11.2  1980    9.4  1890    6.7  1913    3.8  1986    2.2  1983    1.53  2000    4.08  1933   10.56  1950    6.49  1998    5.42  1960
    1.5  2024    1.7  1938    2.4  1920    3.8  1997    6.6  1965    9.4  1930   11.4  1959   11.1  1899    9.4  1997    6.7  1903    3.8  1981    2.2  1947    1.52  1898    4.07  1967   10.54  1998    6.45  1969    5.39  1953
    1.5  1937    1.6  1939    2.4  2004    3.8  2022    6.6  1925    9.3  1910   11.3  1921   11.1  1982    9.3  2007    6.7  1998    3.7  1900    2.2  1972    1.51  2003    4.02  1989   10.53  1952    6.42  1954    5.39  1948
    1.4  1896    1.6  1977    2.4  1902    3.8  1947    6.6  1893    9.3  1945   11.3  1912   11.1  1949    9.3  2002    6.7  1979    3.7  1924    2.1  1948    1.49  1973    3.93  1972   10.50  1899    6.41  1963    5.39  1967
    1.4  2006    1.5  2021    2.4  1978    3.8  1994    6.5  1986    9.3  1994   11.3  1997   11.1  1906    9.3  1930    6.6  1906    3.6  1990    2.0  2004    1.49  1914    3.88  1927   10.50  1970    6.40  1951    5.34  1975
    1.4  2003    1.5  1912    2.4  1923    3.7  1998    6.5  1945    9.3  2008   11.3  1969   11.1  1958    9.3  1933    6.6  1960    3.6  1897    2.0  1941    1.45  1961    3.86  1896   10.47  1935    6.40  1977    5.33  1961
    1.3  2000    1.5  1908    2.4  1896    3.6  2015    6.5  1917    9.3  1983   11.3  1982   11.1  1994    9.3  1917    6.5  1934    3.6  1987    2.0  1993    1.42  1932    3.84  1950   10.47  1944    6.38  1924    5.32  1982
    1.3  1920    1.4  1925    2.4  2025    3.6  1988    6.5  1920    9.2  1973   11.3  2020   11.0  1952    9.3  1913    6.5  1988    3.5  1906    2.0  1931    1.41  1913    3.80  1926   10.46  1945    6.35  1953    5.30  1898
    1.3  1981    1.4  1950    2.4  1926    3.6  1933    6.5  1959    9.2  1953   11.3  1949   11.0  1973    9.3  2001    6.5  1971    3.5  1960    1.9  1989    1.41  2023    3.80  2016   10.44  1900    6.29  2019    5.30  1976
    1.2  1971    1.3  1982    2.3  1993    3.6  1931    6.4  1973    9.2  1990   11.2  2024   11.0  2017    9.3  2008    6.4  1991    3.5  1948    1.9  1980    1.33  1912    3.78  2001   10.44  1991    6.26  1959    5.28  1943
    1.2  1902    1.3  1905    2.3  1966    3.6  1957    6.4  2015    9.2  1984   11.2  1956   11.0  1968    9.3  1967    6.4  1916    3.5  2007    1.9  2020    1.30  1930    3.77  1911   10.42  1989    6.25  1908    5.26  1971
    1.2  1967    1.3  1948    2.2  1905    3.6  1996    6.4  1988    9.2  1965   11.2  1985   10.9  1916    9.2  2017    6.4  1957    3.5  1980    1.9  1975    1.29  1993    3.73  1963   10.40  1984    6.24  1961    5.25  1991
    1.2  1924    1.2  1976    2.2  2015    3.6  1942    6.4  1991    9.2  1933   11.2  1925   10.9  1918    9.2  1929    6.4  1999    3.4  1968    1.8  1913    1.29  1946    3.73  1940   10.38  1957    6.23  2008    5.25  1934
    1.2  1899    1.2  1988    2.2  2011    3.5  2010    6.3  1940    9.1  1980   11.2  1935   10.9  1898    9.2  2013    6.4  2000    3.4  2000    1.8  1919    1.24  1960    3.73  1966   10.36  1897    6.20  1960    5.24  1968
    1.1  1928    1.2  1957    2.1  1968    3.5  2019    6.3  1993    9.1  2024   11.2  1937   10.9  2011    9.2  1969    6.3  1961    3.4  1898    1.8  2014    1.23  1938    3.71  1913   10.34  1973    6.20  1948    5.22  1926
    1.1  1927    1.2  2005    2.1  2020    3.5  1940    6.3  2020    9.1  1986   11.2  1887   10.9  1987    9.2  2025    6.3  1930    3.4  1992    1.8  1955    1.20  1994    3.69  2010   10.34  1949    6.18  1991    5.22  1977
    1.1  1950    1.2  1972    2.1  1935    3.5  1899    6.3  2005    9.1  1936   11.1  1904   10.9  1971    9.1  1992    6.3  1965    3.4  1908    1.8  1951    1.15  1939    3.69  1939   10.32  1958    6.16  1941    5.22  1993
    1.0  1968    1.1  1910    2.1  2008    3.5  1913    6.3  1990    9.1  1941   11.1  1955   10.9  1981    9.1  1953    6.3  1982    3.4  2001    1.7  1945    1.13  2015    3.65  1995   10.32  1969    6.16  1947    5.21  1913
    1.0  1915    1.1  2016    2.1  2003    3.4  1980    6.2  1958    9.1  1964   11.1  2012   10.9  1943    9.1  1982    6.3  1983    3.4  1955    1.7  1966    1.13  1980    3.63  1889   10.27  2015    6.14  1980    5.21  1911
    1.0  1939    1.1  1949    2.0  1939    3.4  1967    6.2  1954    9.1  2001   11.1  1971   10.9  1926    9.0  1955    6.3  1986    3.3  1902    1.7  1998    1.11  2021    3.62  1948   10.27  1926    6.09  1934    5.20  1966
    1.0  2026    1.1  1893    2.0  1914    3.4  1991    6.1  1995    9.1  1905   11.1  1946   10.9  1970    9.0  1896    6.2  2010    3.3  1932    1.7  1984    1.09  1926    3.61  1949   10.25  1968    6.03  1996    5.18  1974
    0.9  2022    1.0  1964    2.0  1928    3.4  1979    6.0  1913    9.1  1891   11.1  1893   10.9  1938    9.0  1991    6.2  1909    3.3  2019    1.7  1894    1.08  1966    3.60  1947   10.23  1953    6.01  1957    5.18  1984
    0.9  2015    1.0  2009    1.8  2010    3.4  1914    6.0  1931    9.0  1887   11.1  1987   10.8  1886    9.0  1995    6.2  1970    3.3  1947    1.6  2007    1.08  1992    3.55  1977   10.22  1967    5.99  1939    5.18  1970
    0.9  1900    1.0  1911    1.8  1954    3.4  1939    6.0  2019    9.0  1934   11.1  1911   10.8  1957    9.0  2020    6.2  2018    3.2  1889    1.6  2017    1.07  2018    3.54  1978   10.20  1981    5.99  1906    5.17  1958
    0.9  2019    0.9  1959    1.8  1933    3.4  2008    6.0  1994    9.0  1938   11.0  1958   10.8  2005    9.0  2018    6.1  2019    3.1  1957    1.6  1936    1.06  2006    3.53  1921   10.20  1917    5.98  1967    5.16  1939
    0.9  1972    0.9  1958    1.7  1890    3.4  2000    6.0  1950    9.0  1943   11.0  1998   10.8  1897    8.9  1977    6.1  1966    3.1  1974    1.5  1902    1.05  1971    3.53  1938   10.19  1937    5.94  1933    5.15  1935
    0.9  1995    0.9  1921    1.7  1884    3.3  1895    5.9  1978    9.0  1893   11.0  2007   10.8  1953    8.9  1886    6.1  1942    3.1  2017    1.5  1915    0.99  1922    3.52  1937   10.16  1988    5.93  1976    5.13  1930
    0.8  1960    0.9  1962    1.7  1972    3.3  1948    5.9  1985    9.0  1917   11.0  1927   10.8  1989    8.9  1895    6.1  1914    3.1  1991    1.4  1958    0.98  1954    3.51  1930   10.16  1960    5.92  1987    5.11  1978
    0.8  1926    0.8  1971    1.7  1913    3.3  1935    5.9  1916    9.0  1952   10.9  2002   10.8  1937    8.9  1966    6.1  1924    3.1  1940    1.3  1907    0.98  1885    3.50  1983   10.15  1987    5.92  1930    5.10  1884
    0.8  1913    0.8  1975    1.7  1963    3.3  1927    5.9  1972    9.0  1954   10.9  1884   10.8  1927    8.9  1898    6.1  1946    3.1  1886    1.3  1973    0.98  2001    3.48  1976   10.15  1925    5.82  1956    5.09  1973
    0.7  2017    0.8  1953    1.6  1982    3.3  1966    5.8  1895    8.9  2013   10.9  1986   10.7  1992    8.9  1987    6.0  1938    3.1  1959    1.3  1905    0.89  1981    3.47  1914   10.13  1936    5.82  2010    5.07  1920
    0.7  2011    0.7  2006    1.5  2016    3.2  1982    5.8  1983    8.9  1979   10.9  2004   10.7  1967    8.9  1891    6.0  1941    3.1  1935    1.3  1990    0.89  1944    3.47  1987   10.13  1941    5.82  1916    5.07  1954
    0.6  2013    0.7  1894    1.5  1943    3.2  1928    5.8  1932    8.9  1981   10.9  1964   10.7  1925    8.9  1988    6.0  1933    3.1  1958    1.3  1884    0.81  1927    3.47  1893   10.13  1930    5.81  1979    5.06  1933
    0.6  1951    0.7  1973    1.4  1911    3.2  1934    5.8  1890    8.9  1912   10.9  1950   10.7  1921    8.8  1934    6.0  1972    3.0  1949    1.2  2003    0.79  1983    3.47  1928   10.12  1901    5.75  1981    5.06  1980
    0.6  1962    0.6  2015    1.4  1974    3.2  2001    5.8  1943    8.9  1924   10.9  1931   10.7  2010    8.8  1996    5.9  1925    3.0  1954    1.2  1888    0.78  1978    3.43  1944   10.08  1934    5.75  1985    5.05  1946
    0.6  1903    0.6  1898    1.4  1971    3.2  1981    5.8  1892    8.8  1995   10.8  1914   10.7  2007    8.8  1976    5.9  1927    3.0  2012    1.2  2012    0.76  1901    3.42  1936   10.07  1921    5.74  2003    5.05  1950
    0.5  1970    0.6  2008    1.3  1940    3.2  1965    5.8  1997    8.8  1958   10.8  2015   10.7  1930    8.7  1901    5.9  1937    2.9  1934    1.1  1991    0.75  1984    3.42  1925   10.06  1996    5.73  1903    5.03  1932
    0.5  1911    0.5  1913    1.3  1956    3.2  1976    5.8  2010    8.8  1890   10.8  1979   10.6  1884    8.7  1935    5.9  1920    2.8  1916    1.1  1930    0.74  1915    3.41  1918   10.06  1923    5.68  1966    5.00  1914
    0.4  1992    0.5  2012    1.3  2001    3.1  1971    5.8  1906    8.8  1899   10.8  1951   10.6  1895    8.7  1950    5.8  1943    2.8  1941    1.1  1999    0.73  1906    3.39  1982   10.05  1943    5.67  1971    5.00  1944
    0.4  1953    0.4  1899    1.2  1984    3.0  1911    5.7  1898    8.7  1999   10.8  1981   10.6  1998    8.7  1942    5.8  1962    2.8  1920    1.1  1970    0.72  1896    3.38  1954   10.03  1905    5.63  1955    4.99  1947
    0.3  1934    0.4  1931    1.2  1975    3.0  1923    5.7  1966    8.7  1948   10.7  1973   10.6  1945    8.7  1994    5.8  1902    2.8  1972    1.1  1920    0.65  1928    3.38  1971   10.02  1980    5.61  1935    4.97  1969
    0.3  1918    0.3  1960    1.1  2006    2.9  1962    5.6  1956    8.7  2011   10.7  1936   10.5  1910    8.6  1938    5.7  2002    2.8  1912    1.0  1926    0.61  2013    3.37  1985   10.01  1964    5.59  1929    4.96  1937
    0.2  1904    0.3  2001    1.1  1918    2.9  1905    5.6  1934    8.6  1955   10.7  1988   10.5  1936    8.6  1971    5.7  1994    2.7  1977    1.0  1914    0.60  1918    3.36  1895   10.00  1971    5.59  1899    4.96  1924
    0.2  1961    0.3  1933    1.1  1996    2.9  2012    5.6  1910    8.6  1949   10.7  1996   10.5  1950    8.5  1899    5.7  1923    2.7  1892    1.0  2005    0.57  1997    3.36  1965    9.99  1896    5.58  1902    4.96  1981
    0.2  1956    0.3  1896    1.1  1973    2.8  1889    5.6  1971    8.6  2015   10.7  1886   10.5  1977    8.5  1959    5.6  1928    2.7  1907    1.0  1897    0.49  1933    3.34  1973    9.98  1931    5.57  1927    4.94  1987
    0.2  1965    0.3  1922    1.1  2018    2.8  1968    5.6  1939    8.6  1937   10.7  1977   10.5  1976    8.5  1960    5.6  1947    2.7  1944    0.9  1965    0.46  1919    3.30  1923    9.97  1939    5.55  1921    4.94  1972
    0.2  1914    0.2  1951    1.1  1925    2.8  1950    5.6  1936    8.6  1920   10.6  1953   10.5  1978    8.4  1957    5.6  1948    2.6  1979    0.9  1938    0.44  1958    3.29  1968    9.95  1966    5.54  1943    4.94  1918
    0.1  1984    0.2  1927    1.1  1893    2.7  2016    5.6  1903    8.6  1978   10.6  1990   10.5  1935    8.4  2003    5.6  1950    2.6  2013    0.9  1960    0.43  1931    3.29  1975    9.95  1942    5.54  2012    4.91  1964
    0.0  1978    0.1  1965    1.0  1910    2.7  1916    5.6  1907    8.6  1913   10.6  1948   10.5  1961    8.3  1927    5.6  2012    2.6  1914    0.7  1967    0.42  1924    3.27  1905    9.94  1979    5.53  1900    4.88  1900
    0.0  1986    0.1  1915    0.9  1979    2.7  1893    5.6  1930    8.5  1911   10.6  1970   10.4  1985    8.3  1921    5.5  2008    2.6  1943    0.7  1957    0.35  2009    3.27  1903    9.94  1938    5.50  1917    4.86  1951
   -0.0  2021    0.1  1916    0.9  1895    2.7  1907    5.6  1904    8.5  1961   10.5  1939   10.4  1914    8.3  1962    5.4  1940    2.6  1956    0.6  1982    0.35  1908    3.21  1942    9.93  1914    5.49  1894    4.85  1927
   -0.0  1936    0.1  1944    0.9  1995    2.7  1974    5.6  1961    8.5  1894   10.5  2000   10.4  1901    8.2  1932    5.4  1944    2.5  1989    0.6  1978    0.35  1905    3.20  1974    9.91  2011    5.49  1936    4.85  1996
   -0.0  1922   -0.1  1924    0.9  1894    2.7  1912    5.5  2013    8.5  1914   10.5  1894   10.4  1948    8.2  1990    5.4  1975    2.5  1885    0.5  1893    0.34  1897    3.19  1935    9.89  1948    5.48  1950    4.85  1897
   -0.1  1907   -0.1  1987    0.9  1930    2.7  1898    5.5  1967    8.5  1919   10.5  1993   10.4  2014    8.2  1916    5.3  1987    2.5  1933    0.5  1908    0.33  1894    3.18  1904    9.89  1886    5.47  1928    4.84  1912
   -0.1  2001   -0.1  2013    0.9  1980    2.7  1886    5.5  1974    8.5  1974   10.5  1928   10.3  1988    8.2  1943    5.3  1907    2.5  1903    0.5  1940    0.32  1910    3.16  1953    9.85  1884    5.44  1992    4.81  1903
   -0.1  1912   -0.1  1984    0.9  1964    2.7  1901    5.4  1962    8.5  1925   10.4  1960   10.2  1928    8.2  1975    5.3  1997    2.5  1929    0.4  2008    0.29  1890    3.16  1946    9.83  1910    5.43  1920    4.79  1928
   -0.1  2025   -0.1  1904    0.8  1986    2.6  1977    5.4  1963    8.4  1967   10.4  1974   10.2  1919    8.1  1889    5.3  1918    2.4  1927    0.4  1895    0.26  1953    3.14  1970    9.80  1887    5.42  1942    4.78  1936
   -0.1  1966   -0.2  2003    0.8  1922    2.6  2013    5.3  1982    8.4  1987   10.4  1897   10.2  1900    8.1  1908    5.2  1894    2.4  1961    0.4  1896    0.24  1955    3.12  1897    9.78  1889    5.40  1973    4.76  1952
   -0.1  1964   -0.3  1932    0.7  1942    2.6  1900    5.3  1942    8.4  1989   10.4  1895   10.2  1915    8.1  1979    5.2  1893    2.4  1911    0.3  1903    0.23  1952    3.12  1980    9.76  1985    5.39  1890    4.76  1910
   -0.2  1958   -0.3  1994    0.7  1907    2.6  1925    5.3  1884    8.4  1902   10.4  1896   10.1  1951    8.1  1964    5.1  1929    2.3  1998    0.3  1968    0.19  1969    3.11  1890    9.73  1986    5.38  1988    4.72  1923
   -0.2  1894   -0.4  1887    0.7  1949    2.5  1910    5.3  2021    8.4  1885   10.3  1930   10.1  1964    8.1  2012    5.1  1897    2.2  1976    0.3  1943    0.15  1904    3.10  2021    9.72  1978    5.33  1884    4.72  1894
   -0.2  1885   -0.4  1941    0.7  1915    2.5  1885    5.3  1896    8.3  1957   10.3  1908   10.1  1979    8.1  1963    5.1  1935    2.2  1950    0.2  1944    0.14  1968    3.10  1979    9.72  1993    5.33  1962    4.71  1893
   -0.2  1910   -0.4  2010    0.6  1906    2.5  1921    5.2  1886    8.3  1944   10.3  1972   10.0  1892    8.0  1965    5.1  1900    2.2  2016    0.2  1969    0.13  1996    3.07  1884    9.70  1906    5.31  1914    4.69  1896
   -0.2  1931   -0.4  1934    0.5  1946    2.5  1973    5.2  1949    8.2  1996   10.3  1968   10.0  1954    8.0  1954    5.1  1890    2.1  1930    0.2  1992    0.11  1945    3.05  1934    9.70  1940    5.29  1932    4.68  1916
   -0.2  1888   -0.4  1930    0.5  1976    2.5  1897    5.2  1929    8.2  1956   10.2  1984   10.0  1960    8.0  1993    5.1  1891    2.1  1973    0.2  1904    0.04  1959    3.04  1910    9.69  1895    5.28  1907    4.68  1985
   -0.2  1991   -0.4  1890    0.5  1944    2.5  1958    5.2  1921    8.2  1906   10.2  1943   10.0  1929    8.0  1903    5.0  1956    2.1  2005    0.2  1939    0.03  1970    3.02  1907    9.69  1961    5.27  1897    4.67  1925
   -0.3  1901   -0.4  1892    0.4  1889    2.5  1909    5.2  1927    8.2  1942   10.2  1885   10.0  1894    7.9  1937    5.0  1904    2.0  1926    0.1  1909    0.03  1964    3.00  1986    9.69  1927    5.26  1986    4.67  1931
   -0.3  1905   -0.5  1891    0.3  1987    2.4  1970    5.2  1928    8.1  1886   10.2  1917    9.9  1972    7.8  1910    5.0  1953    2.0  1975    0.1  1923    0.02  1987    2.94  1996    9.65  1894    5.25  1889    4.66  1899
   -0.3  1909   -0.5  2018    0.3  1941    2.4  1915    5.2  1938    8.1  1921   10.2  1942    9.9  1889    7.8  1918    4.9  1911    2.0  1966    0.0  2022    0.02  1889    2.93  1894    9.65  1951    5.25  1964    4.65  1955
   -0.4  2009   -0.5  1952    0.3  1934    2.4  1918    5.2  1944    8.1  1939   10.1  2011    9.9  1940    7.8  1907    4.9  1952    2.0  1996   -0.0  1885    0.01  1962    2.93  1919    9.63  1954    5.24  1891    4.64  2010
   -0.4  1954   -0.6  1981    0.3  1965    2.3  1919    5.1  1951    8.1  1908   10.1  1978    9.8  1909    7.8  1906    4.8  1951    1.9  1971   -0.1  1996   -0.10  1977    2.87  1908    9.62  1963    5.21  1972    4.61  1908
   -0.4  1919   -0.7  1970    0.3  1985    2.2  1978    5.1  1980    8.0  1926   10.1  1961    9.8  1941    7.8  1900    4.8  1901    1.9  1962   -0.2  2001   -0.11  1965    2.86  1969    9.61  1946    5.20  1975    4.60  1965
   -0.5  1889   -0.7  1889    0.2  1951    2.2  1932    5.1  1914    8.0  1895   10.0  1966    9.8  1923    7.7  1911    4.8  1936    1.8  2010   -0.2  1891   -0.15  2011    2.85  1916    9.58  1912    5.16  1940    4.56  1906
   -0.5  1977   -0.9  1906    0.1  1901    2.2  1990    5.0  1977    8.0  1932   10.0  1909    9.8  1962    7.6  1905    4.7  1973    1.8  1891   -0.2  2009   -0.18  1986    2.85  1931    9.55  1974    5.16  1944    4.55  1941
   -0.5  1946   -0.9  1978    0.1  1953    2.2  1941    5.0  1979    8.0  1898   10.0  1962    9.8  1891    7.6  1902    4.7  1884    1.8  1884   -0.2  1935   -0.28  1991    2.80  1956    9.54  1956    5.11  1965    4.54  1889
   -0.6  1952   -0.9  1954    0.1  1885    2.2  1953    5.0  1987    8.0  1951   10.0  1903    9.7  1934    7.6  1920    4.7  1980    1.8  1890   -0.3  1952   -0.30  1951    2.79  1958    9.51  1977    5.09  1895    4.51  1942
   -0.7  1955   -1.1  1996    0.1  1886    2.2  1969    5.0  1926    8.0  1907   10.0  1929    9.7  1974    7.6  2015    4.6  1915    1.6  1936   -0.3  1901   -0.40  1909    2.75  1902    9.50  1891    5.07  1926    4.47  1956
   -0.7  1917   -1.1  1940    0.1  1904    2.1  1884    5.0  1901    8.0  1888   10.0  1924    9.7  1966    7.6  1974    4.5  1955    1.6  1969   -0.3  1937   -0.42  1902    2.70  1922    9.47  1898    5.06  1937    4.45  1979
   -1.0  1997   -1.2  1907    0.0  1908    2.1  1954    4.9  1946    8.0  1946    9.9  1918    9.7  1946    7.6  1915    4.4  2003    1.6  1922   -0.5  1928   -0.43  1934    2.67  1886    9.44  1928    5.05  1931    4.45  1905
   -1.2  1980   -1.2  1901   -0.1  1891    2.1  1989    4.9  1968    8.0  1975    9.9  1938    9.6  1963    7.5  1922    4.4  1889    1.5  1967   -0.5  1887   -0.56  1936    2.67  1898    9.42  1965    4.98  1911    4.44  1886
   -1.2  1947   -1.2  1888   -0.1  1916    2.0  1983    4.9  1957    8.0  1884    9.9  1916    9.6  1965    7.5  1909    4.4  1932    1.4  1942   -0.6  1889   -0.59  1907    2.63  1932    9.41  1904    4.93  1974    4.40  1986
   -1.2  1886   -1.3  1900   -0.1  1932    2.0  1984    4.9  1948    7.9  1969    9.9  1954    9.6  1913    7.5  1893    4.3  1993    1.4  1993   -0.6  1906   -0.61  1956    2.61  1915    9.40  1924    4.87  1909    4.38  1902
   -1.3  1893   -1.4  1968   -0.2  1969    2.0  1888    4.9  1888    7.9  1971    9.9  1913    9.5  1905    7.5  1931    4.1  1974    1.4  1937   -0.6  1946   -0.65  1900    2.60  1984    9.35  1918    4.86  1888    4.30  1907
   -1.3  1929   -1.5  1909   -0.3  1958    2.0  1902    4.8  1887    7.9  1901    9.8  1906    9.5  1890    7.4  1919    4.1  1981    1.3  1887   -0.6  1964   -0.65  1888    2.59  1901    9.34  1913    4.72  1918    4.29  1904
   -1.3  1982   -1.5  1936   -0.4  1898    2.0  1951    4.8  1900    7.9  1923    9.8  1889    9.5  1931    7.4  1892    3.9  1992    1.1  1918   -0.6  1995   -0.69  2010    2.53  1955    9.34  1890    4.71  1901    4.28  1890
   -1.3  1933   -1.6  1985   -0.4  1919    2.0  1924    4.8  1915    7.8  1922    9.8  1920    9.5  1904    7.4  1944    3.8  1964    1.0  1904   -0.7  1925   -0.72  1892    2.50  1899    9.26  1916    4.69  1910    4.23  1901
   -1.5  2010   -1.7  1983   -0.4  1947    1.8  1890    4.7  1975    7.8  1962    9.7  1980    9.5  1907    7.3  1888    3.8  1922    1.0  1905   -0.7  1963   -0.77  1985    2.46  2013    9.24  1919    4.58  1893    4.15  1940
   -1.5  1892   -1.7  1886   -0.4  1899    1.7  1938    4.6  1905    7.7  1915    9.7  1890    9.4  1896    7.2  1914    3.7  1939    1.0  1893   -0.8  1927   -0.78  1941    2.43  1924    9.22  1962    4.57  1993    4.12  1962
   -1.5  1897   -1.9  1979   -0.4  1887    1.7  1936    4.6  1955    7.6  1892    9.7  1891    9.3  1924    7.2  1904    3.6  1899    1.0  1965   -1.2  1976   -0.78  1893    2.43  1951    9.21  1908    4.41  1904    4.12  1922
   -1.7  1908   -1.9  1919   -0.5  1888    1.6  1986    4.5  1984    7.6  1928    9.6  1963    9.3  1903    7.2  1923    3.6  1931    0.9  1909   -1.2  1933   -0.98  1886    2.38  1906    9.18  1929    4.34  1885    4.11  1915
   -1.7  1887   -2.1  1991   -0.5  1970    1.5  1929    4.5  1923    7.5  1985    9.6  1910    9.3  1888    7.1  1897    3.6  1926    0.8  1952   -1.2  1917   -1.13  1887    2.32  1900    9.16  1915    4.29  1922    4.10  1963
   -2.1  1959   -2.3  1955   -0.5  1929    1.4  1956    4.5  1899    7.5  1904    9.6  1940    9.2  1908    7.0  1885    3.5  1885    0.8  1921   -1.3  1886   -1.19  1942    2.13  1888    9.15  1972    4.25  1925    4.05  1929
   -2.3  1987   -2.4  1902   -0.5  1900    1.3  1903    4.2  1897    7.5  1929    9.5  1915    9.2  1993    7.0  1887    2.9  1896    0.8  1988   -1.4  1961   -1.30  1982    2.10  1929    9.10  1885    4.23  1892    4.03  1885
   -2.4  1941   -2.4  1969   -0.6  1909    1.3  1908    4.2  1891    7.5  1991    9.5  1965    9.2  1986    7.0  1940    2.8  1912    0.6  1896   -1.6  1899   -1.72  1929    2.09  1941    9.08  1920    4.17  1896    4.03  1917
   -2.4  1942   -2.9  1917   -0.7  1937    1.1  1891    4.2  1996    7.3  1903    9.4  1898    9.2  1887    7.0  1894    2.8  1917    0.6  1901   -1.7  1916   -1.76  1917    2.09  1962    9.01  1909    4.08  1912    3.95  1888
   -2.5  1985   -3.4  1942   -0.8  2013    1.0  1887    4.1  1935    7.3  1977    9.2  1888    9.2  1902    6.9  1928    2.7  1887    0.4  1985   -1.7  1950   -1.80  1979    2.07  1885    8.91  1902    4.06  1923    3.87  1891
   -2.6  1891   -3.6  1929   -1.0  1931    0.8  1906    4.1  1909    7.2  1927    9.2  1902    9.1  1956    6.8  1925    2.7  1888   -0.1  1925   -2.0  1892   -2.09  1947    1.98  1909    8.90  1903    4.04  1952    3.85  1909
   -2.9  1945   -4.1  1956   -1.3  1917    0.6  2021    3.9  1894    7.2  1972    9.0  1892    8.9  1920    6.8  1972    2.6  1895   -0.2  1919   -2.1  1962   -2.15  1940    1.90  1917    8.90  1892    3.71  1915    3.83  1919
   -3.5  1895   -4.2  1986   -1.3  1955    0.6  1922    3.8  1902    7.1  1918    9.0  1919    8.7  1885    6.7  1912    2.6  1892   -0.7  1923   -3.7  1981   -2.37  1891    1.80  1887    8.83  1888    3.67  1905    3.79  1895
   -4.1  1979   -4.3  1963   -1.3  1924    0.6  1892    3.8  1941    7.1  1909    8.7  1922    8.7  1922    6.4  1952    2.4  1905   -0.8  1910   -3.8  1890   -2.70  1895    1.77  1891    8.73  1907    3.63  1887    3.61  1887
   -5.5  1940   -4.7  1947   -2.0  1892    0.4  1917    3.6  1885    6.8  1916    8.7  1907    8.5  1912    5.7  1986    2.2  1919   -1.1  1915   -4.1  2010   -3.96  1963    1.47  1892    8.42  1922    3.15  1919    3.33  1892
   -5.6  1963   -6.6  1895   -2.1  1962    ---  2026    ---  2026    ---  2026    ---  2026    ---  2026    ---  2026    ---  2026    ---  2026    ---  2026     ---  1884     ---  2026     ---  2026     ---  2026     ---  2026
