Areal values from HadUK-Grid 1km gridded climate data from land surface network
Source: Met Office National Climate Information Centre
Monthly, seasonal and annual mean air temperature for Midlands
Areal series, starting in 1884
Last updated 01-Apr-2026 11:35
    jan  year    feb  year    mar  year    apr  year    may  year    jun  year    jul  year    aug  year    sep  year    oct  year    nov  year    dec  year     win  year     spr  year     sum  year     aut  year     ann  year
    6.9  1916    7.4  2024    8.6  1938   11.6  2011   13.7  2024   17.0  2025   19.5  2006   18.6  1997   16.5  2023   12.9  2001    9.3  1994    9.3  2015    6.33  2016   10.23  2025   17.56  2025   12.11  2006   10.86  2025
    6.6  1921    7.0  1998    8.5  1957   10.9  2007   13.0  2018   16.7  2023   19.0  2018   18.5  1995   16.3  2006   12.6  2005    9.0  2015    7.3  1974    6.08  2024   10.18  2024   17.19  2018   12.00  2011   10.80  2022
    6.6  2007    6.9  1990    8.3  2017   10.3  2025   13.0  1992   16.4  1976   18.9  1983   18.3  2022   15.7  2021   12.4  2022    8.9  2011    7.2  1934    6.05  2007   10.00  2011   17.10  2006   11.80  2023   10.76  2023
    6.2  2008    6.6  1945    8.0  2012   10.2  2020   12.9  2025   15.9  2018   18.2  2013   18.2  1975   15.7  1949   12.4  2006    8.6  2022    6.9  1988    5.99  1989    9.96  2017   17.08  2022   11.75  2022   10.58  2024
    6.1  1975    6.5  2002    7.9  1990   10.1  1943   12.9  2017   15.9  2006   18.2  1995   17.9  1947   15.7  2016   12.4  1995    8.5  1938    6.6  2023    5.80  2020    9.73  2007   17.01  1976   11.53  2021   10.58  2014
    6.1  2020    6.5  2022    7.9  1997    9.8  2014   12.9  2008   15.8  2017   18.1  2025   17.9  1911   15.2  1999   12.3  1921    8.1  2009    6.6  2024    5.79  1975    9.72  2014   16.88  2003   11.49  2014   10.51  2006
    6.1  1990    6.4  2026    7.9  2026    9.8  1893   12.8  2022   15.8  1940   18.1  2022   17.8  1990   15.2  1895   12.2  1969    8.0  2020    6.5  1898    5.77  1990    9.69  1893   16.83  1995   11.08  2005   10.46  2011
    6.1  1983    6.3  2019    7.7  1948    9.8  1987   12.7  1947   15.7  2003   17.9  1921   17.8  2003   14.9  1929   12.2  2011    8.0  1997    6.4  2018    5.59  1998    9.67  2022   16.54  1911   11.00  2009   10.43  2020
    5.8  1884    6.3  1961    7.7  1961    9.6  2009   12.7  1919   15.7  1896   17.8  1976   17.5  2025   14.9  2011   12.0  2013    7.9  2002    6.4  1900    5.57  2014    9.61  2020   16.50  1983   10.93  2001   10.34  2018
    5.6  1989    6.2  1903    7.6  2024    9.5  1945   12.6  1952   15.6  1970   17.7  2021   17.5  1955   14.8  2005   12.0  2017    7.9  2014    6.3  1918    5.53  1935    9.50  1999   16.46  1947   10.91  1949   10.29  2017
    5.6  2005    6.2  1997    7.6  2019    9.5  1949   12.6  1964   15.6  1950   17.7  1911   17.3  1899   14.7  2014   12.0  1968    7.9  2025    6.3  1953    5.53  2022    9.50  1945   16.42  1933   10.87  1999   10.21  1990
    5.6  1898    6.2  2023    7.5  1998    9.5  1944   12.6  1999   15.6  1960   17.7  1934   17.2  2020   14.6  1898   11.9  2014    7.8  1939    6.3  2025    5.46  2026    9.39  1992   16.35  1975   10.85  1995   10.21  2007
    5.5  1932    6.1  1926    7.5  2025    9.4  2018   12.5  1989   15.4  2021   17.6  1994   17.2  2004   14.5  1961   11.9  2023    7.8  1899    6.1  1924    5.43  2019    9.36  2003   16.31  2021   10.85  2025   10.16  1999
    5.3  1944    6.1  2011    7.5  1945    9.3  1946   12.5  1998   15.3  1992   17.6  1989   17.1  1984   14.5  1933   11.9  1959    7.8  1953    6.1  1942    5.23  1995    9.33  2009   16.30  1899   10.83  1959   10.15  2004
    5.2  1993    6.1  1914    7.4  1991    9.3  2003   12.4  1970   15.2  1887   17.5  2014   17.1  1933   14.4  1890   11.8  2021    7.7  1978    6.0  1912    5.22  1943    9.24  1952   16.20  2023   10.80  1978   10.14  2002
    5.2  1974    6.0  2020    7.4  2022    9.3  1961   12.3  1918   15.2  2005   17.4  1901   17.0  2019   14.4  1958   11.4  1954    7.7  1951    6.0  1954    5.21  2008    9.18  1990   16.18  2013   10.62  2015   10.11  2003
    5.2  1938    5.9  1995    7.3  2014    9.2  2004   12.3  1922   15.1  2010   17.4  2019   17.0  1893   14.4  1959   11.4  1990    7.6  2018    6.0  2006    5.07  1925    9.15  2002   16.18  1997   10.61  2017   10.10  2005
    5.1  2014    5.8  1918    7.3  1981    9.2  1914   12.3  2020   15.1  2004   17.3  1933   16.8  1959   14.4  2004   11.2  1908    7.6  2003    5.9  2021    5.06  1899    9.15  1943   16.15  2019   10.59  2020   10.05  2019
    5.1  1976    5.7  2014    7.2  1994    9.2  2024   12.3  1911   15.1  1889   17.3  1999   16.8  1983   14.4  1947   11.2  1978    7.6  2006    5.9  1971    4.95  2017    9.15  1959   16.12  2016   10.56  2004   10.04  1997
    5.1  1890    5.7  2017    7.1  2003    9.1  1894   12.3  2023   15.0  2020   17.3  1900   16.8  1976   14.3  2000   11.1  1989    7.5  1946    5.9  2013    4.95  1923    9.12  1998   16.09  1959   10.55  1898   10.02  2015
    5.1  2012    5.6  2000    7.1  2002    9.0  1999   12.3  1889   15.0  2014   17.1  1887   16.8  2016   14.3  1998   11.1  1945    7.5  1913    5.8  1921    4.92  1999    9.11  1997   15.96  2020   10.49  2013   10.01  2021
    5.1  1999    5.5  2007    7.0  1893    9.0  1952   12.3  1893   15.0  1982   17.1  2003   16.7  1932   14.2  1991   11.1  1949    7.4  1917    5.8  1994    4.92  1949    9.11  2019   15.94  2017   10.47  2016    9.99  1949
    5.0  2016    5.5  1946    7.0  2000    9.0  2015   12.2  1960   15.0  1947   17.1  1923   16.7  2002   14.2  1980   11.0  2009    7.4  1984    5.8  1985    4.90  2005    9.11  2023   15.94  1893   10.47  1913    9.99  1989
    5.0  2002    5.4  1943    7.0  2021    8.9  1993   12.1  1917   14.9  1893   17.0  1991   16.7  2013   14.2  1985   11.0  2025    7.3  1963    5.7  1910    4.85  1916    9.08  2004   15.94  2004   10.45  2018    9.98  2016
    5.0  1923    5.4  1989    6.9  1950    8.9  1955   12.1  1953   14.9  2016   17.0  1955   16.6  2018   14.1  2022   11.0  2024    7.2  1982    5.6  2016    4.84  1974    9.04  1961   15.93  1989   10.44  2024    9.96  1995
    4.9  1969    5.3  1935    6.9  1989    8.9  1959   12.1  1990   14.8  2007   16.9  1941   16.6  2024   14.1  1989   10.9  1996    7.2  2004    5.5  2011    4.83  1920    8.96  2018   15.91  1935   10.44  1945    9.92  1921
    4.9  1930    5.2  1920    6.9  1999    8.9  2002   12.0  2016   14.8  2022   16.9  2010   16.6  1991   14.0  1884   10.9  1977    7.2  1894    5.5  1986    4.81  1921    8.88  1948   15.90  1949   10.39  2002    9.88  1959
    4.8  1957    5.2  1885    6.9  1992    8.8  2022   12.0  2001   14.8  1933   16.9  1949   16.5  1884   14.0  2003   10.7  1971    7.2  1999    5.5  1911    4.79  2012    8.87  1933   15.87  1955   10.38  1938    9.84  1998
    4.8  2018    5.1  1980    6.8  2005    8.7  2010   12.0  2014   14.8  1899   16.8  1975   16.5  2001   14.0  1981   10.7  1886    7.2  1888    5.4  1977    4.79  1957    8.82  2012   15.87  2005   10.38  2007    9.80  2000
    4.8  1948    5.1  1928    6.8  1921    8.7  2017   12.0  1908   14.7  1966   16.8  1905   16.4  1906   14.0  2019   10.6  1898    7.1  1986    5.3  2019    4.77  2002    8.81  2005   15.85  1990   10.36  1968    9.77  2009
    4.8  1949    5.1  1897    6.8  2007    8.7  2019   12.0  2006   14.7  2000   16.8  1935   16.4  1944   13.9  2009   10.6  2015    7.1  1970    5.3  1997    4.76  2025    8.80  1957   15.82  1984   10.35  1984    9.71  1994
    4.8  2023    5.1  1992    6.7  1933    8.6  2005   11.9  1959   14.6  1897   16.8  1959   16.4  2009   13.9  1934   10.5  2007    7.1  2021    5.2  1959    4.72  2000    8.77  1912   15.81  1887   10.34  1989    9.67  2008
    4.8  2004    5.0  1949    6.7  2009    8.6  1926   11.9  2011   14.6  1930   16.8  1899   16.3  1935   13.9  1926   10.5  1984    7.1  1995    5.1  2002    4.72  1988    8.74  2008   15.76  2014   10.34  1970    9.67  1945
    4.7  1988    5.0  1966    6.7  2023    8.5  1995   11.9  1940   14.6  1959   16.7  2001   16.3  1949   13.9  1970   10.5  1979    7.0  1928    5.1  1987    4.70  2004    8.72  1960   15.72  2010   10.33  1997    9.53  1911
    4.6  1994    5.0  2004    6.7  1927    8.5  1997   11.8  2004   14.6  1957   16.6  2016   16.3  2012   13.9  1941   10.5  1985    7.0  1931    5.1  1949    4.66  2023    8.68  1896   15.72  1994   10.31  1947    9.49  1983
    4.6  1998    4.9  2008    6.6  1912    8.5  1942   11.8  1895   14.6  2009   16.6  2017   16.3  2000   13.9  2002   10.4  2016    7.0  2023    5.1  2004    4.58  1937    8.67  2000   15.71  2001   10.30  1994    9.49  2001
    4.5  1925    4.9  1974    6.6  1967    8.4  1896   11.7  2009   14.5  1935   16.5  1904   16.2  1937   13.9  1936   10.3  1913    7.0  1981    5.1  1983    4.55  1976    8.63  1993   15.64  1921   10.18  2000    9.48  1938
    4.5  1920    4.8  1939    6.6  1959    8.4  1937   11.7  2003   14.5  1949   16.5  1971   16.2  1996   13.8  1973   10.2  1963    6.9  2001    5.1  1979    4.54  1913    8.55  2015   15.61  2009   10.15  1982    9.45  1943
    4.5  1928    4.8  2025    6.6  1920    8.4  1960   11.5  2000   14.5  1941   16.5  1925   16.1  2008   13.8  2020   10.2  2018    6.9  2007    5.1  1922    4.53  1898    8.53  1938   15.60  1934   10.13  1990    9.43  1893
    4.5  1906    4.8  1923    6.5  2011    8.4  1933   11.5  2007   14.4  1993   16.4  1990   16.1  1989   13.7  1982   10.2  1967    6.9  1983    5.0  1929    4.50  1948    8.48  1920   15.57  2024   10.11  1958    9.42  1934
    4.5  2000    4.8  1937    6.4  1903    8.3  1948   11.5  2012   14.4  1973   16.4  1947   16.1  2023   13.7  1955   10.2  1986    6.9  1895    5.0  2000    4.49  1950    8.47  1989   15.51  1999   10.10  1908    9.41  1957
    4.4  1937    4.8  1950    6.3  1936    8.3  2023   11.5  2002   14.4  1917   16.4  2005   16.0  2005   13.7  2025   10.2  1999    6.9  1964    5.0  1956    4.42  1903    8.44  1991   15.43  2002   10.09  2003    9.40  1898
    4.3  2024    4.7  1967    6.3  1902    8.3  1992   11.5  1945   14.4  1934   16.4  1969   16.0  1916   13.7  1971   10.2  1965    6.8  2024    5.0  1955    4.41  1967    8.43  1940   15.43  1982   10.04  1951    9.38  1975
    4.3  2022    4.7  1999    6.3  1905    8.3  2006   11.5  1933   14.3  1925   16.4  1967   15.9  1973   13.6  1891   10.2  1957    6.8  1992    5.0  1980    4.39  1914    8.42  1921   15.41  1996   10.04  1906    9.37  1948
    4.2  1899    4.7  2021    6.3  2020    8.3  1904   11.4  1912   14.3  1968   16.3  1926   15.9  1898   13.6  2007   10.2  1906    6.7  1908    4.9  1948    4.34  1911    8.42  1981   15.41  1897   10.03  1969    9.36  2012
    4.2  1943    4.7  1908    6.3  1977    8.2  1912   11.4  1937   14.3  1963   16.3  1997   15.9  2006   13.6  1921   10.2  1958    6.7  1897    4.9  1998    4.29  1932    8.41  2010   15.40  2008   10.02  1961    9.35  1976
    4.1  1981    4.6  1884    6.3  1896    8.2  1980   11.4  1896   14.3  1910   16.3  1984   15.9  1942   13.6  1956   10.1  1947    6.6  1906    4.9  1932    4.28  1972    8.31  1994   15.39  1901   10.02  1953    9.34  1992
    4.1  1902    4.6  1912    6.2  1978    8.2  1909   11.3  1943   14.1  1900   16.2  1952   15.8  1939   13.6  1997   10.1  1961    6.6  1945    4.9  1972    4.25  1973    8.27  1944   15.37  1900   10.01  1946    9.30  2013
    4.1  1896    4.6  2016    6.2  2004    8.1  1964   11.3  1976   14.1  1905   16.1  2008   15.8  1981   13.6  2024   10.1  2004    6.6  2008    4.9  1941    4.23  2003    8.24  1914   15.36  1992    9.98  1963    9.29  1933
    4.1  1935    4.5  1957    6.2  1897    8.1  1957   11.2  1920   14.1  1986   16.1  1996   15.8  1926   13.6  1917   10.1  1910    6.6  1948    4.8  2014    4.22  1912    8.24  2006   15.35  1950    9.98  1954    9.28  1914
    4.1  2003    4.5  1925    6.1  1993    8.1  1982   11.2  1956   14.1  1994   16.1  1945   15.8  2015   13.6  1951   10.0  1916    6.5  1960    4.8  1951    4.21  2015    8.23  1988   15.33  1925    9.97  1921    9.28  1982
    4.1  1995    4.4  1938    6.1  2015    8.1  1996   11.2  1988   14.1  1895   16.1  2024   15.8  1999   13.6  1939   10.0  1970    6.5  2017    4.8  1919    4.17  1993    8.21  1995   15.29  2000    9.96  1991    9.28  1953
    4.0  2015    4.4  1905    6.1  1952    8.0  1939   11.2  1995   14.1  1891   16.0  1982   15.8  2021   13.6  1913   10.0  2020    6.5  1947    4.8  1993    4.14  1922    8.20  2016   15.26  1970    9.95  1971    9.28  1961
    3.9  1973    4.4  1910    6.1  1943    8.0  1947   11.2  1890   14.1  1989   15.9  1885   15.7  1969   13.5  2010   10.0  1998    6.4  1900    4.7  1966    4.12  1961    8.20  1927   15.21  1884    9.94  1983    9.26  1988
    3.9  1927    4.4  1894    6.0  1894    8.0  1901   11.1  1925   14.0  1984   15.9  2009   15.7  1897   13.5  1945    9.9  1943    6.4  2000    4.7  1931    4.04  1992    8.18  1982   15.20  1932    9.94  1929    9.19  1884
    3.9  2006    4.4  1899    6.0  1935    7.9  1963   11.0  2005   14.0  2002   15.9  1893   15.7  1918   13.5  2013    9.9  1942    6.4  1924    4.6  1947    4.02  1994    8.18  1895   15.18  1973    9.93  1886    9.19  1935
    3.8  1971    4.3  1988    5.9  1968    7.9  1895   11.0  2019   14.0  1975   15.9  1957   15.6  1914   13.5  1911    9.9  1925    6.4  1898    4.6  1936    4.02  1946    8.08  1949   15.17  1941    9.89  1998    9.18  1913
    3.8  1924    4.3  1977    5.9  1983    7.9  1940   11.0  1913   14.0  2019   15.9  1896   15.6  1886   13.5  2018    9.9  2010    6.4  1955    4.6  1915    4.01  1930    8.08  1950   15.14  1952    9.83  1941    9.18  1984
    3.8  1967    4.3  1982    5.9  1966    7.9  1975   11.0  1892   14.0  1914   15.9  1897   15.6  1953   13.5  1964    9.9  1988    6.3  1990    4.6  1975    3.99  1960    8.07  1964   15.13  1969    9.79  2019    9.16  1971
    3.8  1968    4.3  1993    5.9  1972    7.8  1985   10.9  1924   14.0  1911   15.9  2023   15.5  1936   13.5  1978    9.8  1976    6.2  1889    4.6  1984    3.96  2018    8.01  1918   15.10  2015    9.78  1948    9.13  1960
    3.7  2026    4.2  1958    5.9  1923    7.8  1972   10.9  1997   14.0  2024   15.8  1992   15.5  1952   13.4  1948    9.8  1934    6.2  1954    4.5  2007    3.94  1939    8.01  1911   15.10  1991    9.78  1979    9.11  1899
    3.7  1926    4.2  1911    5.8  1988    7.7  1994   10.9  1982   14.0  1942   15.8  1946   15.5  1998   13.3  1946    9.8  1930    6.2  1959    4.5  2020    3.94  1938    7.97  2001   15.10  1906    9.77  1934    9.09  1926
    3.7  1962    4.1  1893    5.8  2010    7.7  1916   10.9  1965   13.9  1988   15.8  1928   15.4  1994   13.3  1953    9.8  1972    6.1  1935    4.5  1894    3.94  2021    7.97  1953   15.09  1957    9.77  1996    9.09  1967
    3.7  1996    4.1  1921    5.8  1907    7.7  1921   10.9  1916   13.9  1921   15.8  1944   15.4  1970   13.3  1906    9.8  1927    6.1  1979    4.4  2017    3.91  1980    7.96  1913   15.08  1940    9.74  1977    9.07  1991
    3.6  2019    4.1  1891    5.8  1926    7.7  1900   10.9  1978   13.9  1931   15.8  1943   15.4  2007   13.3  2017    9.8  2000    6.1  1940    4.4  1989    3.91  1926    7.94  1926   15.08  1945    9.71  1899    9.07  1973
    3.6  1934    4.0  1948    5.8  1929    7.6  1898   10.9  1993   13.9  2008   15.7  1951   15.4  2017   13.3  1968    9.8  1914    6.1  2012    4.4  1973    3.89  2001    7.94  1939   15.08  1967    9.71  2008    9.00  1970
    3.6  1950    4.0  1913    5.7  2008    7.6  1988   10.8  1971   13.9  1945   15.7  1985   15.4  2011   13.2  1901    9.8  1983    6.1  1991    4.4  1945    3.86  1981    7.88  1972   15.08  2007    9.70  1933    9.00  1947
    3.6  2017    4.0  1971    5.7  1884    7.6  1930   10.8  1921   13.9  1936   15.7  1979   15.4  1943   13.2  1886    9.8  1909    6.1  1920    4.4  2003    3.81  2006    7.87  1946   15.07  1896    9.62  1955    8.99  1918
    3.5  1900    4.0  1898    5.7  1890    7.6  1928   10.8  1973   13.9  1996   15.6  1884   15.4  1901   13.2  1966    9.8  1920    6.1  1902    4.3  1913    3.80  1971    7.87  1894   15.05  1937    9.61  1890    8.98  1939
    3.5  1939    4.0  2001    5.6  1973    7.6  1920   10.8  1934   13.9  1965   15.6  2015   15.4  1980   13.2  2008    9.8  1941    6.0  1914    4.2  2012    3.74  1944    7.84  1947   15.05  1926    9.61  1939    8.95  1920
    3.5  1913    3.9  2005    5.6  1960    7.6  2008   10.8  1901   13.9  2015   15.6  2002   15.3  1919   13.2  1984    9.7  1962    6.0  1987    4.2  1888    3.68  1896    7.83  1967   15.03  1914    9.59  1924    8.95  1944
    3.4  1915    3.9  1973    5.6  1914    7.6  1968   10.8  1981   13.9  1961   15.6  2020   15.3  1958   13.1  1969    9.7  1903    6.0  1974    4.1  1999    3.67  1927    7.80  1890   15.00  1905    9.56  1895    8.94  1993
    3.4  2011    3.9  1976    5.5  1982    7.6  1965   10.7  1958   13.8  2001   15.6  1932   15.3  1938   13.1  1907    9.7  1938    6.0  1932    4.1  2005    3.66  1983    7.75  1942   15.00  1944    9.55  1981    8.92  1928
    3.4  1960    3.9  1962    5.5  1956    7.5  1984   10.7  1986   13.8  1998   15.5  1886   15.3  1982   13.1  1983    9.6  1937    6.0  1929    4.1  1991    3.65  1906    7.70  1928   14.99  1943    9.53  1928    8.91  1974
    3.3  1903    3.8  2009    5.5  1913    7.5  1935   10.7  1944   13.8  1943   15.5  1912   15.3  1930   13.1  1942    9.6  1991    5.9  1916    4.0  1897    3.65  1984    7.70  1965   14.98  1917    9.52  1914    8.88  1900
    3.3  1972    3.8  1896    5.5  1928    7.5  1927   10.7  1884   13.8  1938   15.5  1929   15.2  1945   13.1  1987    9.6  2019    5.9  1980    4.0  1893    3.65  1894    7.69  1889   14.98  2012    9.51  1960    8.85  1946
    3.3  1904    3.8  1964    5.5  1940    7.5  1990   10.7  1910   13.7  1913   15.5  1914   15.2  1895   13.1  1995    9.5  1960    5.9  1886    4.0  1905    3.62  1915    7.67  1973   14.91  1942    9.49  1930    8.85  1930
    3.2  1918    3.8  1959    5.4  1910    7.4  2000   10.7  2010   13.7  2011   15.5  1917   15.2  1987   13.1  1996    9.5  1982    5.9  1949    4.0  1958    3.62  1966    7.67  2021   14.85  1960    9.47  1916    8.84  1958
    3.2  1951    3.7  1975    5.4  1918    7.4  1991   10.6  1969   13.7  1919   15.5  1937   15.2  1967   13.0  1930    9.5  1924    5.9  1972    3.9  1902    3.61  1885    7.66  1963   14.83  1930    9.45  1980    8.84  1937
    3.1  1970    3.7  2012    5.3  2016    7.4  1976   10.6  1954   13.7  1983   15.5  2004   15.1  1925   13.0  1967    9.5  1966    5.9  2013    3.9  1990    3.56  1954    7.64  1905   14.81  1998    9.44  1900    8.83  1950
    3.1  1911    3.7  1953    5.2  1939    7.4  1913   10.6  1929   13.7  1915   15.4  1964   15.1  2010   13.0  1938    9.5  1997    5.9  2019    3.9  1914    3.54  1958    7.64  1978   14.79  2011    9.44  1964    8.83  1906
    3.1  2013    3.7  2015    5.2  1963    7.4  1899   10.6  1936   13.7  1952   15.4  1986   15.1  1971   13.0  1935    9.5  1928    5.9  1907    3.9  1907    3.54  1928    7.64  1884   14.74  1895    9.39  2010    8.81  1897
    3.0  1992    3.7  1922    5.2  1954    7.3  1998   10.6  2015   13.7  1995   15.4  1987   15.1  1887   12.9  1900    9.5  1933    5.8  1941    3.9  1965    3.51  1918    7.62  1966   14.71  1953    9.38  1943    8.80  1966
    3.0  1984    3.7  1972    5.1  1953    7.3  1934   10.6  1939   13.7  1920   15.4  1950   15.1  1927   12.9  1899    9.4  1994    5.8  1892    3.7  1884    3.50  1901    7.62  1976   14.68  1886    9.38  1985    8.80  1980
    3.0  1956    3.5  1915    4.9  1995    7.2  2001   10.6  1948   13.7  1967   15.4  1894   15.1  1950   12.9  2001    9.4  1948    5.8  1958    3.7  1957    3.44  1890    7.61  1987   14.67  1936    9.38  1986    8.79  1977
    2.9  1914    3.5  1933    4.9  1974    7.2  1974   10.6  1931   13.6  1885   15.4  1908   15.0  1917   12.9  1924    9.4  2002    5.8  1968    3.7  1920    3.41  1910    7.61  1910   14.66  1981    9.37  1920    8.78  1896
    2.9  1922    3.5  1887    4.8  1895    7.2  1967   10.5  1942   13.6  1997   15.4  1958   15.0  1909   12.8  1992    9.4  1893    5.8  1989    3.7  1982    3.40  1997    7.60  1954   14.65  1939    9.37  1987    8.76  1978
    2.9  1961    3.4  1927    4.7  1944    7.2  1979   10.5  1949   13.6  2013   15.3  2012   15.0  1940   12.8  1915    9.4  2008    5.7  2005    3.6  1930    3.36  1933    7.60  1935   14.65  1958    9.36  1907    8.76  1968
    2.9  1953    3.4  2006    4.6  1971    7.2  2016   10.4  1966   13.5  1908   15.3  1906   15.0  1921   12.7  1979    9.3  1975    5.7  1957    3.6  1926    3.36  1908    7.60  1956   14.62  1889    9.33  1967    8.76  1932
    2.8  2025    3.4  2003    4.6  1946    7.2  1885   10.4  1991   13.5  1953   15.3  1956   15.0  1968   12.7  1988    9.2  1946    5.7  1944    3.6  1970    3.35  1905    7.59  1907   14.57  1923    9.32  1917    8.76  1964
    2.8  1910    3.3  1960    4.6  1915    7.2  1886   10.4  1980   13.5  1979   15.3  1977   14.9  1992   12.7  1914    9.2  1897    5.7  1977    3.6  1938    3.35  2013    7.57  1968   14.56  1968    9.31  1935    8.74  1912
    2.8  1965    3.3  1934    4.6  2001    7.2  1915   10.4  1927   13.5  1906   15.2  1981   14.9  1964   12.7  1975    9.1  1890    5.6  1912    3.5  1967    3.33  1978    7.56  1936   14.56  1898    9.30  1956    8.73  1955
    2.8  1958    3.2  1931    4.6  1965    7.2  2013   10.3  1950   13.4  1999   15.2  2011   14.9  1961   12.7  1937    9.1  1950    5.6  1903    3.4  1960    3.26  1952    7.56  1980   14.55  1904    9.29  1957    8.73  1894
    2.8  1986    3.2  1987    4.6  1930    7.1  1911   10.3  1974   13.4  1924   15.2  1973   14.8  1928   12.7  1990    9.1  1907    5.6  1943    3.3  1908    3.23  2009    7.55  1977   14.54  1979    9.28  1976    8.70  1996
    2.8  1936    3.0  1951    4.6  1899    7.1  1981   10.3  1915   13.4  1937   15.1  1998   14.8  1957   12.6  2012    9.0  1987    5.6  1930    3.3  1891    3.16  1919    7.52  1971   14.52  1938    9.24  2012    8.68  1924
    2.7  1907    3.0  1916    4.6  1986    7.1  1931   10.2  1903   13.4  1939   15.1  1948   14.8  1915   12.6  1976    9.0  1923    5.6  1934    3.3  1940    3.16  1931    7.50  1903   14.51  1964    9.22  1973    8.68  1981
    2.7  1905    2.8  1944    4.5  1911    7.1  1971   10.2  1888   13.4  1884   15.1  1918   14.8  2014   12.6  1977    9.0  1940    5.5  1975    3.3  2008    3.16  1924    7.49  1974   14.48  1971    9.22  1903    8.68  1969
    2.7  2001    2.8  1984    4.5  2006    7.0  1923   10.2  2013   13.4  1980   15.0  1927   14.8  1913   12.6  1943    9.0  1953    5.5  1961    3.2  2022    3.03  1945    7.49  1929   14.46  1918    9.22  1942    8.65  1954
    2.7  2021    2.8  1952    4.5  2018    7.0  1962   10.2  1985   13.3  1890   15.0  2007   14.8  1988   12.6  1896    9.0  1900    5.4  1927    3.1  1896    3.03  1889    7.49  1937   14.44  1961    9.20  1911    8.65  1908
    2.7  2009    2.7  1941    4.4  1906    7.0  1907   10.2  1961   13.3  2012   15.0  1953   14.7  1977   12.5  1932    9.0  2012    5.4  1971    3.1  1978    3.01  1962    7.47  1925   14.42  1993    9.18  1936    8.65  1925
    2.7  1894    2.7  1892    4.4  1925    7.0  1954   10.1  1909   13.3  1912   14.9  2000   14.7  1929   12.5  1960    9.0  1929    5.4  1956    3.1  1895    3.00  1953    7.46  1934   14.39  1966    9.16  1975    8.64  1910
    2.7  1912    2.7  2013    4.4  1941    6.9  1950   10.1  1904   13.3  1901   14.9  1972   14.7  1910   12.5  1893    8.9  1904    5.4  1973    3.1  1909    2.96  1987    7.41  1901   14.39  1951    9.16  1966    8.64  1951
    2.6  1931    2.7  1965    4.3  1942    6.9  1938   10.0  1938   13.3  1932   14.9  1895   14.7  1934   12.4  1963    8.9  1951    5.4  1998    3.0  2001    2.91  1897    7.41  1930   14.35  1988    9.15  1884    8.62  1936
    2.6  1978    2.6  1904    4.3  1949    6.9  2012   10.0  1914   13.2  1969   14.9  1942   14.7  1892   12.4  1916    8.9  1902    5.4  1911    3.0  1923    2.90  1955    7.40  1919   14.33  1928    9.12  1891    8.61  2010
    2.6  1991    2.6  1924    4.3  1934    6.9  1892   10.0  1930   13.2  1990   14.9  1931   14.7  1900   12.4  1950    8.9  1935    5.4  2016    3.0  1943    2.89  1968    7.40  1897   14.33  1987    9.10  1897    8.60  1972
    2.6  1888    2.6  1932    4.2  1975    6.9  1969   10.0  1994   13.2  1958   14.8  1993   14.6  1923   12.3  2015    8.8  1901    5.3  1976    3.0  1904    2.88  1959    7.39  1985   14.31  1908    9.09  1940    8.59  1952
    2.5  1909    2.6  1890    4.2  1889    6.9  1925   10.0  1928   13.2  1894   14.8  1916   14.6  1972   12.3  1903    8.8  1891    5.3  1890    3.0  1992    2.80  1904    7.35  1904   14.28  1929    9.09  1988    8.58  1916
    2.5  1964    2.5  1994    4.2  1984    6.8  1958   10.0  1905   13.2  1922   14.8  1924   14.5  1974   12.3  1889    8.8  1956    5.2  1996    3.0  1944    2.77  1970    7.35  1915   14.27  1910    9.08  1927    8.57  1987
    2.5  1901    2.5  2018    4.1  1985    6.8  1902    9.9  1972   13.1  1964   14.7  1970   14.5  1978   12.3  1908    8.8  1955    5.2  1926    3.0  1885    2.74  1964    7.27  1983   14.26  1885    9.05  1902    8.55  1903
    2.4  1889    2.4  1889    4.1  1976    6.7  1910    9.9  1907   13.1  1951   14.7  1898   14.4  1979   12.3  1920    8.8  1936    5.1  1933    2.8  1969    2.74  2011    7.25  1970   14.26  1980    8.98  1894    8.55  1927
    2.3  1946    2.4  2010    4.1  1980    6.7  1953    9.9  1906   13.1  1902   14.7  1939   14.4  1904   12.2  1954    8.8  1911    5.1  1922    2.7  1928    2.69  1965    7.21  1923   14.25  1913    8.96  1937    8.51  1942
    2.3  1954    2.4  1970    4.1  1932    6.6  1905    9.9  1886   13.1  1974   14.6  1903   14.4  1960   12.2  1902    8.7  1918    5.1  1885    2.6  1939    2.67  1909    7.12  1922   14.21  1986    8.94  1972    8.49  1923
    2.2  1952    2.4  1906    4.0  1979    6.6  1919    9.9  1963   13.1  1955   14.6  1960   14.4  1948   12.2  1940    8.7  1894    5.0  1950    2.6  2009    2.61  1934    7.11  1902   14.20  1919    8.88  1992    8.47  1905
    2.1  1919    2.3  1981    4.0  1885    6.6  1924    9.9  2021   13.0  1978   14.6  1936   14.3  1965   12.2  1919    8.7  2003    4.9  1936    2.6  1964    2.61  1991    7.10  1916   14.17  1915    8.88  1962    8.45  1941
    2.1  1966    2.2  1907    4.0  1922    6.6  1977    9.8  1898   13.0  1962   14.6  1889   14.3  1951   12.1  1994    8.7  1944    4.9  1891    2.5  1889    2.57  1969    7.08  1899   14.15  1931    8.86  1950    8.45  1901
    2.0  1885    2.1  1909    3.9  1996    6.6  1889    9.8  1977   13.0  1898   14.6  1930   14.2  1889   12.1  1962    8.6  1884    4.9  1884    2.5  1903    2.51  1902    7.08  1975   14.15  1948    8.86  1889    8.44  1889
    2.0  1977    2.0  1996    3.7  1904    6.5  1897    9.7  1957   12.9  1926   14.6  1974   14.2  1985   12.1  1928    8.5  1973    4.8  1966    2.5  1901    2.48  1996    7.02  1909   14.13  1894    8.84  1932    8.43  1929
    1.9  1982    2.0  1954    3.6  1987    6.5  1973    9.7  1946   12.9  1948   14.5  1961   14.2  1966   12.1  1910    8.4  1899    4.7  1962    2.5  1952    2.46  1977    7.02  1898   14.10  1963    8.83  1926    8.39  1940
    1.9  1955    1.9  1930    3.6  1898    6.5  1906    9.7  1983   12.9  1981   14.5  1963   14.1  1941   12.0  1957    8.4  1915    4.7  2010    2.4  1946    2.46  1907    7.01  1984   14.08  1946    8.77  1893    8.38  1931
    1.9  1997    1.9  1900    3.6  1891    6.5  1890    9.6  1967   12.9  1886   14.5  1938   14.0  1905   11.9  1904    8.4  1952    4.7  1967    2.4  1996    2.44  1892    7.01  1931   14.07  1974    8.77  1931    8.36  1985
    1.7  1933    1.8  1978    3.5  1908    6.5  1884    9.6  1932   12.8  1954   14.5  1940   14.0  1908   11.9  1927    8.3  1980    4.7  1969    2.4  1968    2.44  1956    6.99  1908   14.00  1916    8.74  1888    8.35  1965
    1.6  1908    1.6  1985    3.5  1901    6.5  1966    9.5  1987   12.8  1944   14.4  1968   14.0  1993   11.9  1944    8.1  1931    4.7  1918    2.4  1906    2.39  1986    6.98  1924   13.99  1927    8.74  1944    8.35  1904
    1.6  1980    1.6  1936    3.5  1964    6.3  1951    9.5  1962   12.7  1888   14.3  1988   14.0  1954   11.8  1923    8.1  1932    4.7  1988    2.4  1887    2.23  1951    6.97  1906   13.98  1891    8.69  1901    8.35  1915
    1.5  1893    1.5  1940    3.5  1951    6.3  1918    9.5  1897   12.7  1892   14.3  1978   14.0  1946   11.8  1888    8.0  1964    4.6  1942    2.3  1935    2.23  1936    6.88  1958   13.96  1985    8.63  1965    8.33  1890
    1.5  1887    1.4  1901    3.4  1886    6.2  1983    9.4  1900   12.7  1904   14.3  1966   13.9  1890   11.8  1965    8.0  1889    4.5  1937    2.3  1937    2.23  1900    6.88  1986   13.95  1978    8.49  1909    8.29  1907
    1.4  1886    1.3  1888    3.4  1924    6.2  1970    9.4  1926   12.6  1918   14.2  1891   13.9  1907   11.8  1993    7.7  1981    4.5  1904    2.1  1925    2.22  1893    6.87  1979   13.90  1977    8.47  1904    8.24  1956
    1.4  1892    1.3  1968    3.4  1931    6.1  2021    9.4  1979   12.6  1929   14.2  1909   13.8  1962   11.8  1885    7.7  1922    4.5  1893    2.0  1963    2.19  1985    6.84  1996   13.90  1924    8.29  1918    8.23  1979
    1.4  1947    1.2  1991    3.2  1887    6.1  1929    9.3  1984   12.5  1956   14.2  1962   13.8  1894   11.7  1892    7.7  1993    4.3  1909    1.7  1886    2.16  1887    6.83  1886   13.84  1965    8.28  1910    8.22  1902
    1.0  2010    1.0  1983    3.1  1970    6.1  1932    9.3  1899   12.4  1946   14.2  1913   13.7  1888   11.6  1905    7.6  1912    4.2  1905    1.7  1995    2.09  1888    6.78  1955   13.77  1890    8.17  1974    8.22  1886
    1.0  1929    0.8  1919    3.1  1958    6.1  1956    9.3  1935   12.3  1987   14.1  1902   13.7  1896   11.6  1922    7.5  1939    4.1  1993    1.7  1917    1.99  2010    6.72  1969   13.74  1912    8.14  1922    8.22  1986
    1.0  1959    0.8  1886    2.9  1919    6.0  1887    9.2  1968   12.3  1928   14.0  1890   13.7  1931   11.5  1918    7.4  1926    4.1  1887    1.5  1961    1.88  1941    6.68  1892   13.70  1962    7.98  1925    8.16  1895
    0.9  1917    0.7  1902    2.9  1947    5.9  1941    9.2  1951   12.2  1903   14.0  1980   13.6  1891   11.5  1897    7.3  1888    4.0  1901    1.3  1976    1.80  1982    6.64  1900   13.63  1902    7.95  1912    8.06  1922
    0.7  1891    0.6  1955    2.8  1900    5.9  1989    9.2  1975   12.0  1907   14.0  1915   13.6  1902   11.4  1974    7.1  1974    3.9  1921    1.3  1892    1.75  1886    6.58  1932   13.60  1972    7.94  1892    8.01  1885
    0.7  1897    0.5  1979    2.8  1909    5.8  1888    9.0  1891   12.0  1923   13.8  1910   13.6  1963   11.4  1909    7.1  1992    3.9  1965    1.3  1899    1.61  1942    6.51  2013   13.59  1956    7.89  1915    7.99  1917
    0.4  1985    0.3  1917    2.7  1937    5.8  1903    9.0  1887   11.9  1985   13.6  1954   13.5  1903   11.2  1931    7.0  1917    3.8  1896    1.2  1916    1.07  1929    6.51  1917   13.59  1892    7.88  1885    7.97  1891
    0.3  1987    0.1  1969    2.7  1916    5.8  1978    8.9  1955   11.8  1927   13.6  1920   13.5  1924   11.2  1887    6.8  1919    3.5  1952    1.1  1927    0.98  1891    6.47  1885   13.56  1909    7.85  1993    7.95  1909
    0.2  1942   -0.5  1942    2.7  1888    5.7  1936    8.7  1923   11.8  1971   13.5  1919   13.3  1885   11.1  1894    6.8  1885    3.5  1985    1.1  1962    0.91  1979    6.32  1951   13.48  1954    7.84  1923    7.93  1962
   -0.1  1945   -0.6  1929    2.7  1969    5.5  1891    8.6  1996   11.7  1977   13.4  1907   13.1  1920   11.1  1972    6.7  1895    3.1  1925    1.0  1933    0.83  1917    6.26  1941   13.46  1903    7.60  1896    7.92  1887
   -0.3  1941   -0.9  1956    2.6  1955    5.4  1908    8.5  1894   11.6  1991   13.4  1892   13.1  1986   10.9  1925    6.6  1887    2.7  1919    0.6  1950    0.65  1940    6.26  1888   13.46  1920    7.42  1952    7.89  1919
   -0.7  1895   -1.5  1963    2.5  1917    5.3  1986    8.5  1941   11.3  1909   13.4  1965   13.0  1956   10.8  1986    6.5  1896    2.6  1910   -0.5  1981    0.48  1947    6.18  1962   13.18  1888    7.42  1905    7.79  1963
   -0.9  1979   -1.8  1986    2.2  2013    5.0  1922    8.3  1885   11.3  1972   13.1  1888   12.8  1922   10.6  1912    6.5  1905    2.6  1923   -1.0  2010    0.46  1895    6.06  1887   13.13  1907    7.28  1887    7.74  1888
   -2.1  1940   -2.6  1947    2.2  1892    4.8  1917    8.2  1902   11.1  1916   13.0  1922   12.4  1912   10.3  1952    6.4  1892    2.5  1915   -1.6  1890   -1.08  1963    6.02  1891   12.99  1922    7.22  1919    7.51  1892
   -2.8  1963   -2.7  1895    2.0  1962    ---  2026    ---  2026    ---  2026    ---  2026    ---  2026    ---  2026    ---  2026    ---  2026    ---  2026     ---  1884     ---  2026     ---  2026     ---  2026     ---  2026
