Areal values from HadUK-Grid 1km gridded climate data from land surface network
Source: Met Office National Climate Information Centre
Monthly, seasonal and annual number of days in the month with precipitation amount >= 1mm for Midlands
Areal series, starting in 1891
Last updated 01-Apr-2026 11:35
    jan  year    feb  year    mar  year    apr  year    may  year    jun  year    jul  year    aug  year    sep  year    oct  year    nov  year    dec  year     win  year     spr  year     sum  year     aut  year     ann  year
   23.5  2014   20.9  1923   22.2  1947   21.5  1920   21.3  1967   20.5  1912   19.8  1939   22.3  1917   22.4  1918   25.3  1903   22.4  2009   22.3  1934    55.1  2014    49.5  1983    57.2  1912    53.9  1960   158.4  1903
   22.7  1948   20.1  1977   20.4  2023   20.1  2012   19.5  1969   18.4  1998   19.6  1936   22.0  1912   20.0  1896   21.6  1976   20.8  1951   21.7  1915    52.1  1910    47.8  1920    50.1  2012    51.6  1935   157.8  1912
   19.6  1928   19.8  2020   19.7  1981   19.0  1932   18.9  1983   18.1  1987   19.1  2009   20.3  1891   18.5  1974   20.7  1960   20.5  1960   21.6  1911    51.9  2026    47.4  1979    48.4  1927    50.7  2000   157.2  1960
   19.4  1939   19.5  1916   18.8  1914   18.7  2000   18.7  1924   18.0  2012   18.4  1920   19.7  1956   17.9  2017   20.0  1916   19.9  1944   21.2  1959    51.7  1915    45.5  1932    46.0  1958    49.5  2019   157.1  1951
   19.0  2026   19.3  2026   18.4  1896   18.4  1998   17.2  2021   17.9  1907   17.9  2007   18.1  1927   17.7  1950   19.7  1909   19.5  2019   20.8  1929    51.2  1916    45.2  1947    45.3  1956    49.2  1954   156.2  2000
   18.9  1988   18.9  1937   18.3  1912   17.0  1935   17.0  1925   17.6  1980   17.4  1988   17.9  1951   16.7  1935   19.6  1907   19.3  2002   20.7  1914    50.4  1937    44.5  1981    44.4  1907    48.5  1903   155.6  2012
   18.6  1943   18.4  1910   18.0  1979   16.9  1983   16.8  1932   17.5  1991   17.2  2012   17.9  1941   16.7  1924   19.4  1891   19.0  1935   20.5  2023    50.3  1912    43.9  2024    42.9  1946    48.2  1974   155.5  1927
   18.6  1970   17.4  2002   17.9  2018   16.6  1966   16.7  1981   17.2  1958   17.0  1915   17.6  2004   16.1  1968   19.0  1906   18.9  1970   19.9  1999    49.0  1960    43.8  1913    42.4  1931    48.0  1944   155.3  1916
   18.5  1984   17.2  1893   17.7  1913   16.4  1931   16.6  2006   17.0  1982   16.5  1957   17.6  1954   15.8  1954   18.9  2013   18.9  2015   19.9  1978    48.6  1995    43.7  1951    42.0  1954    46.3  1976   154.1  1900
   18.4  1999   17.2  1904   17.3  1903   16.3  1961   16.5  1898   16.9  1935   16.5  2023   17.3  1946   15.6  1957   18.5  2020   18.8  1963   19.7  1993    47.6  1900    42.2  1903    42.0  1891    45.5  1918   153.7  2023
   18.3  1900   17.0  2014   17.3  1916   16.0  2001   16.2  1891   16.9  1997   16.4  1960   17.3  1897   15.4  1965   18.1  1932   18.8  1946   19.4  2015    47.5  1994    42.0  1986    41.6  1939    44.0  2022   153.4  2014
   18.1  1922   16.8  1925   17.3  1905   15.4  2016   16.1  1979   16.5  1946   16.4  1922   16.8  1905   15.2  1927   18.1  1923   18.7  1926   19.1  1909    47.4  1977    41.5  2006    41.5  1924    44.0  1930   152.6  1923
   17.9  2008   16.6  1900   17.2  1951   15.3  1899   15.9  2014   16.3  1927   16.1  1931   16.7  1902   14.8  1994   18.0  2000   18.2  2000   18.8  2020    47.4  2016    40.9  1963    41.3  1917    43.8  1891   152.1  1954
   17.9  2016   16.4  2007   17.2  2024   15.1  1970   15.6  1902   15.9  1948   15.9  1918   16.5  2008   14.8  1967   17.9  1967   18.1  1929   18.8  1919    47.2  2021    40.5  2023    41.1  1985    43.5  1896   151.6  1924
   17.7  1986   16.3  1995   16.7  1897   15.1  1922   15.5  1955   15.3  2007   15.3  1953   16.3  1960   14.7  1999   17.7  1928   17.9  1939   18.6  1965    47.0  1970    40.4  1972    40.8  1960    43.4  1950   151.6  1930
   17.5  1937   16.1  1951   16.1  1980   15.1  2024   15.4  1907   15.3  2016   14.8  1893   16.2  1950   14.7  1899   17.6  1896   17.9  1950   18.1  1910    46.8  1939    40.3  1908    40.5  1900    42.7  1932   150.1  1910
   17.5  1975   16.0  1990   15.7  1988   14.9  1950   15.1  1926   15.1  1900   14.8  1965   16.0  1924   14.7  1946   17.3  1998   17.4  1954   18.0  1918    46.6  1922    39.4  1969    40.2  2007    42.7  1984   150.0  1999
   17.4  1919   15.8  2000   15.7  1908   14.8  1905   14.9  1972   15.0  1945   14.7  1912   15.6  1903   14.5  2000   17.0  2004   17.3  1895   17.8  2012    45.9  1923    38.9  1897    39.6  1936    42.3  1967   149.6  1966
   17.4  1906   15.7  1915   15.5  1909   14.8  1975   14.8  1910   14.9  2020   14.5  1914   15.5  1900   14.3  1958   17.0  2019   16.8  1940   17.8  1896    45.9  2007    38.7  2018    39.4  2020    41.6  2025   149.3  1958
   17.3  1895   15.7  1966   15.2  1992   14.7  1913   14.6  1903   14.7  1985   14.4  1909   15.5  1985   14.3  2024   16.6  1917   16.8  2025   17.7  1938    45.9  1990    38.5  1916    39.4  1894    41.4  1938   148.7  1891
   17.2  1936   15.3  1950   15.0  1994   14.6  1963   14.5  2007   14.7  1972   14.4  1940   15.3  1910   14.0  1932   16.5  1987   16.7  1992   17.5  1901    45.3  2020    38.3  1907    39.3  1997    41.3  2023   148.4  1936
   17.2  1990   15.2  1931   14.9  1963   14.6  2008   14.1  1951   14.7  1928   14.3  1924   15.2  1992   14.0  1909   16.3  1900   16.7  1900   17.5  1986    44.3  1999    38.1  1967    39.0  1963    41.3  1998   147.7  1907
   17.2  1995   15.1  1922   14.9  1982   14.5  1989   14.1  1968   14.2  2019   14.0  1895   15.1  1894   13.9  1981   16.3  2022   16.4  1928   17.4  1891    44.1  1966    38.0  1994    39.0  1902    40.9  1992   146.9  1920
   17.0  2018   15.0  1970   14.9  2006   14.3  1930   14.0  1986   14.0  1936   14.0  1932   15.0  1930   13.9  1930   16.2  1966   16.4  2022   16.9  1966    44.1  2024    38.0  1937    38.9  1957    40.8  1923   146.1  1928
   17.0  1899   14.9  1941   14.8  1927   13.9  1986   14.0  2003   13.9  1963   14.0  1958   15.0  1963   13.9  1976   16.2  2001   16.2  1982   16.6  1900    44.0  1936    37.9  1999    38.8  2008    40.2  1981   145.9  1922
   16.9  1926   14.7  2024   14.8  1977   13.8  1999   13.9  1906   13.0  1909   13.9  1954   15.0  2014   13.8  1984   16.1  1892   16.2  1997   16.5  2000    44.0  1919    37.5  1925    38.7  1922    40.1  1926   145.7  1965
   16.8  1956   14.7  2022   14.4  1895   13.7  1907   13.6  1976   13.0  1990   13.9  1927   14.9  1958   13.7  1995   16.0  1954   16.1  1984   16.2  2011    43.7  1948    36.9  2008    38.7  2009    39.9  1909   145.1  1998
   16.8  2004   14.3  1997   14.4  1934   13.6  1910   13.5  1942   13.0  1902   13.9  1930   14.8  2012   13.6  2001   16.0  1935   16.0  1949   16.2  2002    43.3  1904    36.9  1965    38.5  1953    39.8  1982   145.1  1946
   16.7  1912   14.1  1958   14.3  1919   13.5  1897   13.5  1973   12.7  1931   13.9  1907   14.5  2006   13.5  2025   15.8  1961   15.9  1914   16.1  1906    43.1  1931    36.8  1914    38.2  1980    39.7  1924   145.0  1906
   16.6  1938   14.0  1906   14.2  2008   13.5  2004   13.5  2002   12.6  1966   13.6  2008   14.2  1922   13.5  1936   15.7  1981   15.7  2014   16.0  1946    42.9  2000    36.4  1924    38.1  1909    39.6  2001   144.8  1894
   16.6  1894   14.0  1957   14.2  1937   13.5  1925   13.2  1958   12.6  1892   13.5  1956   14.1  1957   13.4  1992   15.7  1944   15.6  1931   16.0  1979    42.5  1984    36.3  1966    37.7  1987    39.6  1916   144.5  1914
   16.5  1904   13.9  1980   14.1  1972   13.3  1959   13.0  2015   12.1  1956   13.5  1894   14.1  2010   13.2  1993   15.6  2014   15.4  1911   15.8  2021    42.4  1894    36.2  2001    37.5  2004    39.5  1946   144.5  2008
   16.3  2021   13.7  2010   14.1  1986   13.2  1979   12.9  1894   12.1  1971   13.4  1993   14.1  1921   13.1  2019   15.4  1938   15.2  1974   15.8  1912    42.2  1979    36.1  2000    37.4  1910    39.2  2013   144.3  1918
   16.2  1972   13.6  1954   13.8  1983   13.2  1901   12.9  1923   12.0  1944   13.3  1938   13.9  1895   12.9  1903   15.4  1980   15.0  1996   15.8  2009    42.2  1926    36.0  1923    36.8  1948    39.1  1928   144.2  1935
   16.2  1993   13.5  1974   13.7  1920   13.1  1993   12.8  1945   12.0  1953   13.0  1891   13.6  1923   12.6  1908   15.4  1930   14.9  1941   15.6  1998    42.0  2010    36.0  1988    36.8  1920    39.0  1994   144.0  1909
   16.2  1994   13.3  1996   13.6  1970   12.8  1965   12.8  1962   12.0  1896   12.9  2017   13.6  1931   12.6  1925   15.0  2023   14.7  1930   15.5  1935    41.9  1943    35.9  1930    36.5  1930    38.9  1968   143.9  1950
   15.9  1974   12.8  2011   13.5  1978   12.7  2018   12.7  1899   11.8  1968   12.9  1903   13.5  1915   12.6  1962   14.6  1974   14.6  1910   15.5  1955    41.7  1951    35.9  2014    36.3  1903    38.5  1940   143.8  2019
   15.7  2007   12.7  1969   13.4  1989   12.7  1994   12.5  1952   11.8  1999   12.7  2015   13.4  1961   12.6  1960   14.5  2002   14.5  1965   15.4  1942    41.7  1935    35.8  1905    36.1  1915    38.2  1927   143.3  2002
   15.7  1971   12.7  1978   13.3  1928   12.7  1926   12.5  1908   11.6  1916   12.7  2002   13.3  1999   12.5  1983   14.2  2006   14.4  1913   15.3  2019    41.6  2018    35.8  1977    36.1  1965    38.1  2006   142.8  1939
   15.6  1930   12.4  1940   13.3  1999   12.6  2023   12.5  1920   11.6  1977   12.7  1947   13.3  2001   12.4  1944   14.1  1894   14.3  2023   15.2  2018    41.6  1957    35.7  1992    35.7  2023    38.1  1900   142.6  1994
   15.5  1961   12.4  1946   13.1  1917   12.5  1992   12.5  2013   11.5  1905   12.1  2021   13.3  1943   12.3  1952   14.1  1939   14.2  1938   15.2  1958    41.6  1920    35.4  2016    35.7  1988    38.0  1980   142.5  1977
   15.4  2015   12.4  1960   13.1  2019   12.5  1934   12.5  1931   11.3  1964   12.1  1978   13.3  1982   12.2  1923   14.0  2012   14.0  1905   15.1  1994    41.4  1930    35.2  1998    35.5  1978    37.9  1892   142.0  2020
   15.3  1960   12.4  2017   13.1  1936   12.4  1953   12.4  1965   11.2  1924   11.9  1944   13.3  1948   12.2  2008   13.9  1996   14.0  1959   15.0  1952    40.9  1978    35.2  1985    35.5  1950    37.4  1913   141.9  1974
   15.2  1915   12.4  1935   13.0  2001   12.4  1951   12.3  1997   11.1  1926   11.8  1923   13.2  1978   12.1  2010   13.8  1924   13.9  1977   14.9  2017    40.9  1925    35.0  1898    35.3  1966    37.2  1936   141.5  2004
   15.0  1927   12.2  1961   12.9  1975   12.3  1964   12.3  1954   11.0  1917   11.7  1970   13.1  1908   12.0  2023   13.8  1949   13.9  1986   14.8  1956    40.7  1974    35.0  1968    35.3  1938    37.1  2020   141.3  1970
   14.9  1978   12.2  2001   12.9  1922   12.3  2005   12.2  1892   11.0  1897   11.5  1992   13.1  1971   11.8  1975   13.7  1940   13.5  1969   14.8  1922    40.5  1961    35.0  1902    35.1  1998    37.1  2004   141.0  2024
   14.9  1921   12.1  1894   12.9  1995   12.3  1937   12.1  2022   10.9  1910   11.5  1966   13.1  1925   11.7  1998   13.6  1934   13.4  1979   14.8  1985    40.4  1897    34.8  1891    34.7  1905    37.0  1906   140.9  1926
   14.8  1920   12.1  1972   12.9  1987   12.2  1977   12.1  1904   10.9  1965   11.5  2020   13.0  2020   11.7  1938   13.5  2005   13.4  1936   14.7  1908    40.2  1892    34.7  1922    34.6  2019    37.0  2002   140.8  1967
   14.7  1962   12.1  1912   12.9  1985   12.1  1940   11.9  1988   10.8  2011   11.4  1941   12.9  1928   11.6  1922   13.4  1952   13.4  2006   14.6  2013    40.2  1928    34.6  1899    34.5  1982    37.0  1963   139.9  1931
   14.7  1965   12.1  2021   12.8  1901   12.1  1908   11.7  2000   10.8  1894   11.3  1942   12.8  1962   11.6  1892   13.3  1989   13.3  2008   14.6  1930    40.2  1941    34.4  1975    34.3  1892    36.9  1961   138.8  2015
   14.6  1910   12.1  1989   12.8  1957   12.0  1923   11.7  1930   10.7  1933   11.2  1950   12.8  1938   11.3  2022   13.3  1933   13.1  1980   14.3  1897    40.0  1980    34.2  1917    34.2  1895    36.9  1951   138.0  1979
   14.1  1977   12.0  1918   12.2  2017   12.0  1894   11.7  1916   10.5  1939   11.2  1910   12.7  1907   11.3  1891   13.1  1895   13.0  1891   14.1  1924    39.1  1958    34.2  1909    34.1  1945    36.8  1987   136.9  1897
   14.0  1983   11.9  1914   12.1  1921   11.9  1919   11.6  2024   10.5  1954   11.1  1974   12.7  1898   11.0  1943   13.1  1982   12.8  1906   14.0  1923    38.8  1947    34.1  1952    33.9  2017    36.8  2012   136.5  1980
   14.0  1951   11.9  1926   12.1  1959   11.9  1962   11.5  1937   10.5  1920   11.1  1975   12.6  1942   11.0  1961   13.1  1898   12.8  2012   14.0  1983    38.6  2001    33.9  1964    33.9  1941    36.7  2008   136.3  2009
   13.8  1952   11.7  1928   11.8  1933   11.7  1985   11.5  1966   10.4  1943   11.0  2004   12.5  1986   10.8  1897   13.1  1929   12.8  1943   14.0  1916    38.5  1956    33.8  1934    33.8  1897    36.5  1952   136.2  1986
   13.8  1941   11.7  1927   11.8  1991   11.6  1947   11.4  1913   10.3  1978   10.8  1985   12.3  2023   10.8  2016   13.0  1902   12.7  1919   13.9  1936    38.5  1899    33.8  1970    33.7  1916    36.1  1939   135.8  1981
   13.8  1913   11.6  1994   11.7  1965   11.6  1924   11.4  1947   10.2  1898   10.7  1926   12.3  1997   10.7  2004   13.0  1913   12.7  2010   13.8  2006    38.4  1967    33.7  2012    33.4  1992    36.1  1970   135.8  1896
   13.6  1947   11.5  1897   11.6  1998   11.4  1917   11.3  1963   10.1  1955   10.5  2003   12.3  1952   10.6  1942   12.9  1990   12.5  1916   13.7  1893    38.1  1893    33.7  1894    33.4  1928    36.1  1911   135.6  1919
   13.5  1903   11.3  1898   11.4  1904   11.4  1972   11.2  1933    9.9  1947   10.4  1908   12.1  1934   10.6  2006   12.8  1918   12.5  2020   13.6  1945    37.8  1946    33.6  1904    33.4  1926    36.1  2024   135.3  2017
   13.5  1924   11.3  1911   11.3  1952   11.3  1968   10.9  1993    9.7  1993   10.4  2000   12.1  1892   10.5  1982   12.8  1984   12.3  2003   13.6  1907    37.8  2022    33.6  1910    33.4  1893    36.0  2009   134.9  1948
   13.4  1969   11.3  1936   11.2  1954   11.1  1939   10.9  1999    9.7  1952   10.3  2010   12.0  1969   10.4  1953   12.8  2024   12.3  1966   13.6  2025    37.7  2004    33.5  1927    33.4  2016    35.7  2015   134.8  1917
   13.3  1931   11.2  1945   11.2  1940   11.0  1909   10.8  1949    9.6  2017   10.3  1973   12.0  1977   10.3  1951   12.7  2021   12.2  1998   13.5  1949    37.3  2002    33.3  1906    33.3  1914    35.7  2017   134.7  1925
   13.3  1998   11.0  1892   11.1  1911   10.9  1927   10.7  1921    9.5  1911   10.2  1916   11.9  1967   10.2  1956   12.6  1986   12.2  1947   13.5  1984    36.9  1906    33.0  2004    33.2  1944    35.6  1966   134.5  2006
   13.2  1979   10.9  1933   11.1  1923   10.8  1898   10.7  1964    9.4  1974   10.1  1980   11.9  1896   10.1  1987   12.5  1893   12.1  1927   13.5  1951    36.9  2013    33.0  1901    33.0  1951    35.5  1949   133.7  1902
   12.8  1957   10.9  1955   11.1  1906   10.7  1973   10.7  2009    9.3  1906   10.1  1987   11.9  1916   10.1  2011   12.5  1942   11.9  1994   13.4  1921    36.5  1913    32.9  1926    32.9  1896    35.4  2010   133.7  1957
   12.8  2002   10.7  2025   11.0  1941   10.6  1969   10.6  1985    9.3  2003   10.1  1933   11.7  1979   10.1  1945   12.4  1994   11.7  1995   13.4  1969    36.5  1901    32.8  1950    32.0  1974    35.4  1907   133.6  1978
   12.7  1942   10.4  1967   10.9  1964   10.4  1918   10.6  1914    9.2  1959   10.1  1997   11.5  1926   10.0  2012   12.3  1911   11.6  2013   13.4  1920    36.4  1988    32.4  1987    31.8  2014    35.1  1965   133.5  1988
   12.6  1958   10.3  1999   10.7  2004   10.4  1952   10.4  2017    9.2  2014   10.0  1963   11.5  1974   10.0  1913   12.2  1901   11.6  1907   13.4  1925    36.1  1986    32.3  1989    31.6  1971    35.1  1917   133.5  1963
   12.6  2010   10.3  1908   10.6  2014   10.3  1895   10.4  1938    9.2  1938   10.0  1919   11.4  2017    9.9  1934   12.2  1925   11.6  1985   13.3  1977    35.7  1911    31.9  1919    31.4  2010    34.9  1895   133.4  1908
   12.5  2013   10.2  1988   10.3  2013   10.2  1903   10.3  1994    9.2  1901    9.9  1900   11.4  1893    9.9  2005   11.9  1988   11.5  1991   13.2  1976    35.6  1975    31.7  1962    31.4  1918    34.6  2014   133.2  1992
   12.4  1959   10.0  2016   10.3  1939   10.2  1936   10.3  1987    9.0  2005    9.7  2024   11.3  2015    9.8  1926   11.9  1958   11.3  1972   13.0  1967    35.5  2008    31.5  1940    31.2  1968    34.6  1929   133.2  1932
   12.4  1968   10.0  1899   10.3  1971   10.1  1904   10.3  1912    9.0  2004    9.7  1892   11.3  2000    9.8  1920   11.8  1968   11.0  1962   12.9  1997    35.3  1969    31.3  1931    31.2  1991    34.4  1943   133.0  2001
   12.3  2003    9.9  1984   10.1  2016   10.0  1948   10.2  1941    8.9  1929    9.6  1904   11.3  1904    9.7  1919   11.7  1926   11.0  1902   12.8  1964    35.0  1972    31.0  1921    31.2  1993    34.3  1999   132.8  1915
   12.3  1934    9.9  1948   10.1  2015   10.0  2006    9.9  2016    8.9  2002    9.5  1925   11.3  2019    9.6  1931   11.4  1983   11.0  1975   12.8  1972    34.5  1902    31.0  1955    31.1  1943    34.1  2005   132.6  1968
   12.3  2023    9.9  2005   10.1  2010   10.0  1978    9.8  1948    8.8  1969    9.5  1961   11.3  1939    9.6  1893   11.3  2025   10.9  1968   12.8  1961    34.3  1962    30.9  1959    30.5  1923    34.0  1996   132.6  1982
   11.9  1892    9.7  2018    9.9  1930   10.0  1902    9.7  1917    8.8  2008    9.4  2025   11.3  1966    9.5  1980   11.2  2008   10.9  2018   12.8  1990    34.3  1938    30.6  1942    30.5  2011    33.9  1958   132.1  1972
   11.9  1982    9.6  1939    9.8  1960    9.6  1991    9.6  1943    8.7  1891    9.4  2011   11.2  1953    9.3  1973   11.2  1977   10.9  1894   12.8  1960    34.3  2015    30.5  1978    30.3  2002    33.8  1925   131.9  2007
   11.8  1944    9.4  1907    9.7  1984    9.5  1949    9.5  2011    8.6  2009    9.3  1902   11.1  1988    9.3  1947   11.1  1910   10.8  1952   12.7  1899    34.0  1950    30.5  2005    30.2  2015    33.6  1914   131.8  1937
   11.8  2012    9.2  1947    9.6  1968    9.5  1916    9.4  1946    8.4  2013    9.3  1998   10.9  2009    8.9  1937   10.9  1927   10.8  1976   12.7  1989    34.0  2003    30.3  1912    30.0  1908    32.8  1905   131.7  1952
   11.7  1946    9.1  1979    9.6  1932    9.4  2014    9.3  1950    8.3  1957    9.1  1967   10.9  1914    8.9  1905   10.8  1959   10.8  2005   12.6  1948    33.9  1955    30.0  1896    30.0  1972    32.8  1934   131.6  2016
   11.7  1991    9.0  1991    9.6  1942    9.3  1891    9.3  1900    8.3  2025    9.1  2019   10.9  1906    8.8  1970   10.7  1992   10.7  2016   12.5  1937    33.9  1924    29.9  1928    29.8  2000    32.4  1893   131.3  1944
   11.7  2009    8.8  1902    9.4  1902    9.2  1944    9.2  1929    8.2  1922    9.1  1946   10.8  1996    8.8  1955   10.7  1943   10.6  1932   12.5  2024    33.5  1991    29.8  2015    29.3  1999    32.4  1902   131.2  1983
   11.6  1955    8.8  1901    9.4  1958    9.2  1987    9.1  1918    8.2  1960    9.0  1896   10.8  1929    8.7  2013   10.6  1979   10.5  1917   12.4  1894    33.4  2012    29.7  1933    28.7  1935    32.3  1957   131.1  1938
   11.6  1981    8.8  1992    9.3  2005    9.1  2009    9.0  1971    8.1  1934    9.0  1968   10.7  1945    8.6  1963   10.6  2011   10.5  1981   12.4  1895    33.2  1983    29.6  2002    28.3  1961    31.8  1899   131.0  1961
   11.5  1933    8.7  2004    9.3  2020    9.1  1896    9.0  2019    8.1  2000    8.9  1991   10.6  1909    8.6  2015   10.6  2010   10.5  2017   12.3  1928    33.2  2025    29.3  1973    28.3  1970    31.7  1995   130.8  1913
   11.4  2017    8.6  2006    9.3  1891    9.0  1928    8.9  1953    8.0  1950    8.9  1986   10.6  1980    8.5  1948   10.5  2009   10.5  1923   12.3  1957    33.0  1996    29.1  1936    28.0  2001    31.4  1977   130.7  1934
   11.3  1945    8.6  1919    9.3  1969    8.6  1990    8.8  2004    7.9  2022    8.7  1959   10.5  1965    8.5  2021   10.5  1941   10.4  1893   12.2  1981    32.8  1945    29.0  1935    28.0  1964    31.1  1990   129.8  1947
   11.2  1901    8.5  1987    9.1  1974    8.5  1900    8.8  2005    7.9  1914    8.6  1972   10.4  1968    8.4  2018   10.4  1914   10.4  1903   12.2  2003    32.2  1982    29.0  2019    27.9  1919    31.0  1993   129.6  1895
   11.2  1967    8.5  1944    9.1  1907    8.4  1943    8.8  1996    7.8  1903    8.6  1964   10.3  2011    8.4  1911   10.4  1936   10.4  1912   12.1  2022    32.2  1927    28.9  2013    27.8  1977    31.0  1919   129.3  1892
   11.1  1897    8.3  2015    8.8  2007    8.4  1988    8.8  1977    7.8  1919    8.5  2001   10.1  1919    8.4  1902   10.3  1999   10.3  1892   11.8  1904    32.2  1907    28.8  2021    27.6  1898    30.6  1894   129.2  1985
   11.1  1918    8.2  1976    8.7  1894    8.3  1906    8.6  1897    7.7  1970    8.5  1962   10.0  1901    8.3  1901   10.1  1993   10.3  1918   11.7  1950    32.0  1952    28.8  1895    27.5  1952    30.3  1931   129.1  1969
   11.1  1985    8.2  1973    8.7  1967    8.2  1967    8.6  1974    7.7  1989    8.4  1945   10.0  2016    8.2  1978   10.0  1957   10.2  1898   11.7  1974    32.0  1903    28.7  1941    27.4  1901    30.2  1908   128.6  1993
   10.9  1893    8.2  1982    8.6  1950    8.2  1921    8.5  1915    7.6  1984    8.2  1901    9.5  1987    8.1  1990   10.0  1912   10.2  1987   11.5  1898    31.9  1965    28.0  1993    27.4  1929    30.1  1997   128.1  1941
   10.5  2011    8.1  1983    8.5  2021    8.1  1981    8.5  1893    7.6  1930    8.1  1917    9.3  2005    8.1  1988   10.0  1945   10.2  1961   11.5  1940    31.8  1908    27.8  2003    27.3  1934    30.0  2011   128.0  1987
   10.2  1923    8.1  1903    8.3  1966    8.0  2002    8.5  1957    7.3  1951    8.1  2016    9.2  1994    8.1  1904    9.9  1905   10.2  2007   11.5  1954    31.7  1895    27.7  1939    27.2  1906    29.9  1979   127.8  1956
   10.2  2020    8.0  1953    8.1  1996    8.0  1915    8.5  2012    7.2  1913    8.0  1996    9.2  1944    8.1  1991    9.7  1948   10.1  1990   11.5  2007    31.4  1971    27.5  1949    27.1  1986    29.4  1983   127.8  1904
   10.1  1980    7.9  1920    8.0  2002    7.9  1911    8.3  1984    7.2  1893    7.8  1951    9.0  1970    7.9  1940    9.6  1963    9.9  1948   11.3  1973    31.3  1968    27.3  1958    26.9  2021    29.3  1942   127.2  2021
   10.0  2025    7.9  1981    7.9  1976    7.9  1955    8.2  1940    7.1  1988    7.7  2005    8.9  2018    7.9  1917    9.3  1920    9.8  1897   11.2  1947    31.3  1987    27.2  1954    26.8  1904    28.9  1962   126.4  1899
   10.0  1916    7.9  1943    7.7  1898    7.9  2003    8.1  1995    7.1  1937    7.7  1981    8.7  2002    7.4  1914    9.2  1956    9.8  1908   11.2  1980    31.0  1918    27.1  1982    26.7  1942    28.7  1941   125.9  1984
   10.0  2001    7.8  2019    7.7  1955    7.8  1996    8.1  2008    7.1  2010    7.7  1937    8.6  1911    7.3  1933    9.0  1899    9.8  2001   11.1  1982    31.0  2017    27.1  2017    26.6  1969    28.4  1986   125.6  1901
    9.9  1925    7.7  2009    7.5  2026    7.8  1956    8.0  2018    7.0  2024    7.7  1948    8.6  1918    7.1  1916    8.9  1973    9.8  1971   10.8  1995    30.9  1954    26.5  1945    26.4  2006    28.2  1991   125.5  2013
    9.9  1932    7.4  1905    7.4  2022    7.8  1945    7.9  1992    6.9  2023    7.7  1929    8.2  2024    7.0  1966    8.7  1991    9.6  1967   10.6  2014    30.9  1998    26.4  2009    26.2  1933    28.2  1933   124.4  2018
    9.9  1891    7.0  1964    7.1  1949    7.5  1941    7.8  1909    6.9  1918    7.6  2014    8.1  1984    7.0  2007    8.6  1953    9.4  2004   10.4  1962    30.6  2019    26.3  1953    26.0  2005    28.1  1948   124.1  1940
    9.8  1966    7.0  1913    7.1  1962    7.5  1929    7.7  1927    6.7  1981    7.4  1899    8.1  1964    6.3  1977    8.6  1964    9.3  2011   10.4  1944    30.6  1981    26.2  1918    25.9  1967    28.1  1910   123.9  1905
    9.8  1917    6.9  1949    7.0  1915    7.5  1914    7.6  1928    6.7  1992    7.3  1943    8.1  2021    6.2  1997    8.6  1955    9.2  1934   10.3  1902    30.6  2011    25.7  1995    25.2  1990    28.0  1975   123.3  1997
    9.6  2005    6.8  1962    7.0  1925    7.5  1942    7.5  2023    6.7  2021    7.3  2013    8.0  1993    6.2  2020    8.6  1919    9.2  1924   10.0  1892    30.5  1898    25.6  1976    25.2  1962    27.8  1901   122.7  2010
    8.9  2024    6.6  2013    6.7  1918    7.2  1946    7.3  2001    6.6  1979    7.3  2006    7.9  2013    6.1  1969    8.5  1937    9.2  1999    9.7  1903    30.5  1933    25.2  2022    24.9  2024    27.6  2016   122.5  1893
    8.9  1996    6.5  1917    6.6  2009    7.0  1960    7.3  1982    6.6  1899    7.2  1994    7.8  1920    5.9  1979    8.4  1970    9.0  2024    9.5  1970    30.2  1917    25.2  1961    24.7  1947    27.4  2021   121.8  2022
    8.8  1976    6.4  1975    6.5  1899    7.0  2019    7.0  1901    6.5  1908    7.0  1934    7.7  1913    5.8  1964    8.3  1915    9.0  1925    9.2  1968    29.8  1921    25.2  2007    24.7  1932    27.4  1953   121.5  1943
    8.6  1954    6.4  1924    6.4  1997    6.7  1933    7.0  1978    6.3  1895    6.9  1906    7.7  1989    5.7  1985    8.2  2015    8.9  1964    8.9  1927    29.3  1959    25.0  1911    24.4  1996    27.4  2018   121.0  1911
    8.5  1909    6.2  1971    6.3  1900    6.6  2015    6.9  1934    6.2  2001    6.9  1949    7.6  1975    5.7  1949    8.1  1971    8.6  1921    8.8  1992    28.9  1985    25.0  1980    23.7  2013    27.2  1897   120.2  1945
    8.3  1949    6.2  1956    6.3  1956    6.6  1892    6.9  1944    6.1  2015    6.9  1913    7.4  1998    5.6  1894    8.0  1921    8.4  1953    8.8  2005    28.7  1940    24.8  1948    23.6  2025    26.4  1956   120.0  1990
    8.2  1989    6.1  2008    6.1  1924    6.1  2013    6.7  1922    6.1  1994    6.5  1971    7.1  1949    5.6  1989    8.0  2018    8.1  1899    8.7  1953    28.4  1973    24.7  1996    23.3  1925    26.3  1989   119.4  1942
    8.2  1902    5.9  1968    6.0  2003    6.0  2010    6.7  1975    6.0  1973    6.3  1905    7.1  2007    5.4  1912    7.8  1950    8.1  1955    8.3  1939    28.0  1953    24.7  1991    22.9  2003    26.2  1920   118.8  2005
    8.1  1914    5.4  2003    5.9  1945    5.7  2022    6.3  1939    5.9  1904    6.3  1983    6.7  1932    5.2  1996    7.8  1908    8.0  1904    8.3  2004    27.9  2023    24.4  1971    22.8  1975    25.8  1947   117.7  1962
    7.9  1908    5.4  2012    5.9  1935    5.6  2020    6.3  2010    5.7  1986    5.9  2022    6.7  1972    5.1  1906    7.7  2003    7.8  1978    8.1  2008    27.8  1949    24.2  1892    22.7  1959    25.8  1912   116.1  1898
    7.9  1940    5.2  1938    5.8  1946    5.0  1971    6.2  1961    5.6  1996    5.8  1928    6.5  1935    5.1  1971    7.6  1997    7.8  1958    8.1  1932    27.7  2005    24.1  1900    22.6  1973    25.8  1898   114.7  1959
    7.9  1929    5.1  1930    5.7  2000    4.9  1982    6.1  1935    5.6  1915    5.8  1990    6.4  1899    5.0  1900    7.3  2017    7.6  1933    8.1  1941    27.6  1993    23.6  1915    22.5  1994    25.7  1959   114.6  2011
    7.6  2019    5.0  1963    5.4  1892    4.8  1958    6.0  2025    5.5  1961    5.8  1969    6.4  1973    5.0  2003    6.6  1897    7.6  1993    7.9  1917    27.5  2009    23.3  1957    22.4  1979    25.7  1973   114.4  1975
    7.6  1905    4.8  1952    5.3  1990    4.6  1995    5.9  1911    5.3  1983    5.6  1952    6.3  1990    5.0  1928    6.3  1995    7.5  1937    7.4  1996    27.5  1909    23.2  1997    22.3  1940    25.6  1988   114.2  1976
    7.4  1973    4.7  1896    5.2  1926    4.6  1997    5.8  1936    5.0  1923    5.5  1995    6.0  1936    4.6  1915    6.1  2016    7.5  1973    7.4  1931    27.4  1989    22.5  1943    21.9  1913    25.4  1955   114.1  1995
    7.3  2022    4.7  1942    5.1  1973    4.5  2017    5.7  1919    4.8  1940    5.5  1897    5.9  2025    4.5  1895    6.1  1946    7.4  1915    7.3  1987    27.3  1944    22.5  1946    21.7  1921    25.1  2003   114.0  1953
    7.2  2000    4.7  1998    5.1  1910    4.1  1976    5.6  1959    4.8  1967    5.5  1989    5.5  1933    4.5  1921    5.8  1904    7.4  1989    7.2  2010    27.0  1914    22.4  2010    20.8  1989    24.8  1937   113.4  1929
    7.0  1935    4.5  1929    5.1  2012    4.0  2025    5.3  1998    4.6  2006    5.4  1935    5.3  1937    4.2  1939    5.8  1951    7.3  1922    7.2  2016    26.8  1905    22.0  1960    20.8  1911    24.5  1922   112.8  2025
    6.9  1896    4.4  1965    5.0  1953    3.7  1954    5.2  1960    4.6  1941    5.2  2018    5.0  1981    4.1  1907    5.8  2007    7.2  1901    7.1  1988    25.5  1942    20.9  1984    20.4  1984    23.6  1969   112.7  1996
    6.7  1907    4.3  1985    4.9  1948    3.6  1980    5.2  1980    4.1  1995    5.1  1976    4.8  1955    4.0  1972    5.6  1922    7.1  1920    7.1  2001    25.3  1997    20.5  1974    20.4  1899    23.4  1945   112.4  1955
    6.4  1963    4.2  1909    4.5  1943    3.1  2021    5.1  1970    4.0  1975    4.7  1984    4.8  1959    3.5  1929    5.4  1985    7.0  1956    7.0  1943    24.7  1929    19.4  1944    20.1  1937    23.3  1964   112.4  1989
    6.2  1911    3.6  1986    4.0  1993    2.9  1984    4.4  1989    4.0  1976    4.7  1898    4.7  1991    3.3  1941    5.3  1962    6.7  1957    7.0  1913    24.1  1896    18.3  1956    19.4  1981    22.9  1971   110.9  1991
    6.1  2006    3.5  2023    3.7  1893    2.8  1974    4.3  1956    4.0  1949    4.3  1921    4.7  2022    3.3  2014    5.2  1972    6.3  2021    6.7  1971    23.5  2006    18.3  1929    18.5  2022    22.9  2007   110.9  1933
    5.7  1964    2.6  1993    3.4  1938    2.7  1893    4.1  1895    3.9  1932    4.3  1977    4.6  1983    3.2  2002    5.2  1965    6.2  1909    6.1  1991    22.3  1976    17.9  1990    18.1  1955    22.7  1985   110.7  1964
    5.6  1992    2.3  1932    3.4  2025    2.1  2011    4.0  1990    3.9  1962    4.1  1982    3.1  2003    3.2  2009    5.2  1975    6.2  1942    5.6  1905    21.8  1963    16.6  2020    18.0  1949    22.0  1904   109.6  1949
    5.3  1987    2.2  1934    3.2  1944    2.1  1957    3.7  1905    3.3  1921    4.1  1999    3.1  1940    2.4  1898    5.1  1931    6.0  1896    5.6  1926    20.5  1992    14.9  1893    16.4  2018    21.1  1921   107.5  1971
    5.2  1950    2.0  1895    2.9  2011    1.9  2007    3.3  1991    2.7  1942    4.0  1979    2.9  1995    2.3  1910    4.3  1947    5.6  1988    5.3  1975    19.6  1932    14.8  1938    16.2  1983    20.6  1972   105.7  2003
    5.1  1953    1.6  1959    2.7  1961    1.8  1912    2.5  1896    2.3  2018    3.2  1955    2.9  1976    2.0  1986    4.1  1969    5.4  1983    5.2  1963    18.9  1934    14.5  2011    12.5  1995    20.4  1915   104.4  1973
    4.8  1898    1.6  1921    2.4  1931    1.1  1938    1.8  2020    0.7  1925    2.7  1911    2.1  1947    1.0  1959    4.1  1978    3.4  1945    4.3  1933    17.9  1964    13.4  2025    12.0  1976    20.1  1978   103.7  1921
    3.6  1997    0.8  1891    1.5  1929    ---  2026    ---  2026    ---  2026    ---  2026    ---  2026    ---  2026    ---  2026    ---  2026    ---  2026     ---  1891     ---  2026     ---  2026     ---  2026     ---  2026
