Areal values from HadUK-Grid 1km gridded climate data from land surface network
Source: Met Office National Climate Information Centre
Monthly, seasonal and annual mean of daily maximum air temperature for Midlands
Areal series, starting in 1884
Last updated 01-Apr-2026 11:35
    jan  year    feb  year    mar  year    apr  year    may  year    jun  year    jul  year    aug  year    sep  year    oct  year    nov  year    dec  year     win  year     spr  year     sum  year     aut  year     ann  year
    9.7  1916   11.0  2019   13.5  1938   17.2  2011   18.7  2025   22.4  2023   25.7  2006   24.8  1995   21.5  1895   17.2  1921   12.0  2015   12.1  2015    9.41  2016   15.87  1893   23.12  1976   15.93  2006   15.14  2025
    9.5  2007   10.6  1998   12.9  1893   16.7  1893   18.7  2018   22.3  2025   25.4  2018   24.3  1947   21.1  2023   16.6  1959   11.9  1994    9.9  1974    8.97  1989   15.82  2025   22.77  2025   15.76  2011   15.11  2022
    9.3  1921   10.5  2024   12.9  2012   16.4  2007   18.6  1919   22.3  1976   24.7  1983   24.2  2022   20.8  2006   16.2  2022   11.9  2011    9.5  1934    8.92  2007   14.88  2011   22.76  2018   15.54  2023   14.71  2023
    9.2  2008   10.0  1990   12.8  1948   16.2  2025   18.5  1992   22.0  1940   24.5  1921   23.8  1975   20.7  1929   16.2  1995   11.7  1938    9.5  1988    8.89  2024   14.86  2020   22.61  2022   15.41  2022   14.56  2011
    9.0  1990    9.9  2022   12.6  2025   15.9  2020   18.3  2020   21.5  2018   24.2  1911   23.6  1911   20.3  1898   16.1  2011   11.4  2022    9.5  1898    8.75  2019   14.44  2017   22.42  1995   15.41  1959   14.56  2014
    9.0  1975    9.9  1945   12.4  1961   15.0  1914   18.2  1922   21.4  1887   24.0  2013   23.6  1997   20.3  1949   16.0  2001   11.2  2006    9.2  1900    8.73  2020   14.40  1945   22.42  1911   15.21  2021   14.49  2020
    8.9  1983    9.7  2002   12.3  1957   14.9  1943   18.1  2024   21.3  2006   24.0  1976   23.6  1899   20.3  2021   15.9  1969   11.1  2020    9.2  1912    8.65  2008   14.36  2022   22.36  2006   15.15  2014   14.47  2003
    8.8  2020    9.7  2023   12.1  2017   14.7  1945   18.1  1989   21.2  1970   23.9  1934   23.2  1990   20.3  1959   15.8  2006   11.0  1913    9.2  1918    8.63  2022   14.34  2007   22.12  1899   14.82  2005   14.47  2018
    8.6  1989    9.6  1914   12.1  2003   14.6  1946   18.1  1893   21.1  1896   23.8  1995   23.1  2003   19.8  1999   15.6  2005   11.0  1899    9.2  2013    8.62  2014   14.25  2003   21.99  1933   14.65  1949   14.42  1921
    8.6  1932    9.4  1997   12.0  1945   14.4  2003   18.1  1918   21.1  1960   23.5  2022   23.1  1976   19.7  2016   15.5  2023   11.0  1978    9.1  2023    8.59  1975   14.19  1990   21.93  2003   14.64  1999   14.42  2006
    8.5  2005    9.4  1903   11.9  2026   14.4  2009   18.0  1917   20.9  1950   23.2  2025   22.8  1933   19.7  1933   15.3  2014   10.9  2025    9.1  2018    8.58  1990   14.15  1948   21.90  1975   14.58  2009   14.32  2024
    8.5  1993    9.3  2008   11.9  1929   14.3  1987   18.0  1947   20.9  2003   23.2  1994   22.8  1955   19.7  2003   15.3  1908   10.8  2009    9.1  2024    8.55  1998   14.14  1943   21.87  1887   14.54  1898   14.32  1990
    8.4  1890    9.3  2020   11.9  2022   14.3  2015   17.9  1990   20.9  1893   23.1  1989   22.8  2025   19.4  1991   15.2  2017   10.8  2003    8.9  1921    8.36  1995   14.12  2024   21.76  1983   14.52  1995   14.23  1949
    8.3  1944    9.2  1961   11.9  1997   14.3  1894   17.9  1911   20.8  1899   23.1  1887   22.5  1884   19.4  2014   15.1  2013   10.8  1997    8.9  1994    8.33  1899   14.05  2014   21.69  1947   14.48  1947   14.18  1959
    8.3  1884    9.1  2000   11.9  1990   14.2  1944   17.8  1895   20.8  1957   23.0  2014   22.5  1984   19.4  2005   15.0  1945   10.8  2014    8.9  2025    8.08  1949   13.92  2009   21.45  1949   14.47  1978   14.17  1989
    8.2  1974    9.0  1995   11.8  2014   14.1  2014   17.7  2017   20.6  1992   22.9  1900   22.4  1893   19.4  1890   15.0  2021   10.8  1939    8.8  2016    8.06  1920   13.78  1997   21.45  1989   14.45  2015   14.16  2007
    8.2  2012    8.9  1949   11.7  1933   14.1  1949   17.7  2008   20.6  2010   22.8  1955   22.2  1983   19.3  2011   15.0  1971   10.7  2002    8.7  1942    8.05  1935   13.74  2019   21.38  1959   14.43  2003   14.14  1893
    8.2  1898    8.9  1926   11.3  2019   14.0  2010   17.6  1952   20.5  1889   22.8  1901   22.2  1935   19.2  1911   15.0  1978   10.6  2018    8.7  1924    8.04  1943   13.70  1992   21.37  1935   14.42  1921   14.13  1995
    8.1  2002    8.9  2011   11.2  1894   13.9  1909   17.6  1940   20.4  1933   22.7  1933   22.1  1959   19.2  1947   14.8  1968   10.5  1951    8.6  1954    8.03  2026   13.68  1933   21.30  1893   14.37  2001   14.13  2017
    8.1  1999    8.9  1989   11.1  2002   13.9  1952   17.6  1964   20.3  1949   22.6  2021   21.9  1991   19.0  1961   14.8  1949   10.5  1953    8.6  2006    8.03  1999   13.61  1952   21.26  1984   14.34  2025   14.10  2019
    8.1  2014    8.8  1920   11.1  2024   13.9  2019   17.5  1970   20.3  1925   22.6  1999   21.8  1906   19.0  1921   14.7  2009   10.5  2001    8.6  1953    7.98  2002   13.58  1938   21.24  1921   14.33  1929   14.09  1999
    8.1  2016    8.7  2026   11.1  1950   13.8  2002   17.5  1896   20.3  2017   22.5  1935   21.7  1937   19.0  1934   14.7  1989   10.5  1986    8.5  1986    7.95  2000   13.57  2002   21.24  2013   14.30  2018   14.06  2015
    8.0  1923    8.7  1943   11.0  1907   13.8  1912   17.4  1959   20.2  2021   22.4  1949   21.7  2019   18.9  1906   14.6  1990   10.4  1917    8.4  2011    7.92  2023   13.56  1959   21.16  1934   14.27  2020   14.05  1997
    8.0  1938    8.7  2007   11.0  1998   13.8  2022   17.4  1998   20.2  2005   22.4  1941   21.6  2004   18.8  1964   14.6  1954   10.4  2007    8.4  2021    7.90  1925   13.54  1896   21.07  1955   14.25  1971   14.04  2005
    7.9  2023    8.7  1918   10.9  2009   13.5  2017   17.4  2023   20.1  1895   22.3  2019   21.6  2020   18.8  1971   14.6  1996   10.3  2021    8.3  1971    7.89  2012   13.53  1999   20.95  2023   14.23  1913   14.00  2002
    7.9  1930    8.7  1891   10.9  2011   13.5  1955   17.3  2022   20.1  2022   22.3  1984   21.6  1949   18.6  1981   14.6  1947   10.2  1928    8.3  1985    7.89  2017   13.47  1961   20.92  1990   14.21  2007   13.95  2004
    7.8  1928    8.6  2014   10.8  1991   13.4  2004   17.2  2001   20.0  1975   22.3  1959   21.4  1944   18.6  2022   14.5  2024   10.2  1963    8.2  2019    7.87  1974   13.37  2012   20.88  1997   14.12  2017   13.92  2016
    7.8  1957    8.6  1928   10.8  2007   13.4  1948   17.1  1953   19.9  1930   22.2  1990   21.4  1989   18.6  1985   14.3  1979   10.2  1981    8.2  1998    7.82  2005   13.36  2004   20.85  2021   14.11  1938   13.92  2021
    7.7  2022    8.5  1992   10.8  1989   13.3  1942   17.1  1960   19.9  1917   22.1  1905   21.4  2013   18.5  1884   14.3  2007   10.2  1946    8.2  1955    7.80  1916   13.35  1921   20.80  2019   14.11  2016   13.78  1911
    7.7  1920    8.5  1885   10.8  2000   13.3  1999   17.0  2016   19.9  2014   22.0  1899   21.4  2016   18.5  2020   14.3  2018   10.2  1894    8.2  2004    7.66  2004   13.32  2023   20.76  1996   14.10  1906   13.69  2009
    7.7  1976    8.3  2017   10.8  1920   13.3  1901   17.0  1889   19.9  1921   22.0  1904   21.4  2018   18.5  2004   14.3  2015   10.1  1999    8.1  1911    7.66  1957   13.32  1912   20.74  2005   14.08  1989   13.64  1945
    7.6  2018    8.3  1899   10.7  2021   13.2  1997   16.9  1999   19.9  1947   21.9  1971   21.4  1932   18.5  1989   14.3  1977   10.1  1995    8.1  1910    7.64  1921   13.20  1957   20.71  2014   14.07  2002   13.62  1943
    7.6  1949    8.2  1935   10.7  1943   13.1  1933   16.9  1943   19.9  2004   21.8  1975   21.3  2024   18.5  1907   14.2  1984   10.1  1992    8.0  1997    7.63  1923   13.19  2018   20.67  1994   14.06  1997   13.62  1934
    7.6  2004    8.2  1946   10.6  1921   13.1  1892   16.8  1908   19.8  1941   21.8  1925   21.2  2002   18.5  2019   14.2  1986   10.1  1970    8.0  1980    7.61  1913   13.17  1940   20.65  1901   14.05  1970   13.61  2000
    7.6  2000    8.1  1950   10.5  1994   13.1  1961   16.8  1956   19.8  1934   21.8  2003   21.2  1996   18.4  2002   14.1  1965   10.1  1908    8.0  1983    7.53  1937   13.14  1998   20.59  1884   14.03  2013   13.57  1899
    7.5  1948    8.1  1980   10.4  2020   13.1  1959   16.8  2004   19.8  1915   21.7  1923   21.2  2000   18.4  1982   14.0  2016   10.0  2023    7.9  1959    7.53  1898   13.14  2010   20.58  2016   14.02  1895   13.56  1914
    7.5  1994    8.1  1939   10.4  1999   13.1  1926   16.7  1901   19.8  1959   21.7  1991   21.2  1887   18.4  1891   14.0  1943   10.0  1895    7.9  1949    7.51  2025   13.14  1944   20.55  1925   13.96  1908   13.56  1998
    7.4  1969    8.0  1894   10.3  1905   13.1  2024   16.7  2011   19.7  1942   21.6  1885   21.1  2005   18.4  1955   14.0  1999   10.0  2004    7.9  2014    7.42  1988   13.02  1914   20.53  1906   13.96  2004   13.54  1933
    7.4  1925    8.0  2016   10.3  1902   13.1  1984   16.5  1982   19.7  1989   21.5  1996   21.1  2001   18.3  1958   13.9  2025    9.9  1931    7.9  1951    7.36  1950   13.02  1895   20.51  2004   13.87  2024   13.53  2008
    7.3  1988    7.9  2004   10.3  1927   13.1  2018   16.5  1945   19.7  2020   21.5  2001   20.9  1916   18.3  2000   13.9  1985    9.9  1964    7.8  1948    7.29  2015   13.01  2015   20.50  1940   13.86  1945   13.52  1938
    7.3  1906    7.9  2021   10.3  1992   13.0  1995   16.5  1921   19.6  2009   21.5  1969   20.9  1898   18.2  1914   13.9  1957    9.9  1984    7.8  1966    7.28  1967   12.98  2008   20.49  2010   13.83  1899   13.48  1898
    7.3  1998    7.8  1957   10.2  1896   13.0  2005   16.5  1890   19.6  1973   21.4  1997   20.9  1973   18.2  1926   13.9  1970    9.8  2017    7.8  1929    7.27  1922   12.97  2005   20.49  1897   13.81  1890   13.45  1994
    7.3  1937    7.8  1974   10.1  1973   13.0  1960   16.5  2009   19.5  1996   21.4  1896   20.8  1914   18.2  2025   13.9  1898    9.8  1982    7.8  1977    7.27  1914   12.97  1982   20.45  2017   13.80  1961   13.43  1975
    7.2  1995    7.8  1897   10.1  1959   13.0  1896   16.4  2006   19.5  1914   21.3  2010   20.8  2009   18.2  1970   13.9  1913    9.8  2024    7.8  1919    7.19  1976   12.93  1989   20.45  2001   13.76  1979   13.40  1976
    7.2  1899    7.8  1908   10.1  2005   12.9  1982   16.3  1995   19.5  1897   21.3  1897   20.7  1926   18.2  2009   13.9  1961    9.7  1897    7.7  1941    7.19  1932   12.88  1960   20.42  2020   13.73  1991   13.38  2001
    7.2  2024    7.8  1967   10.1  1981   12.9  1980   16.3  1909   19.4  1993   21.3  1943   20.7  1981   18.2  1941   13.9  1925    9.7  1947    7.7  1936    7.16  1948   12.88  1929   20.39  1900   13.70  1914   13.35  1948
    7.2  2015    7.8  1999   10.1  1903   12.9  1921   16.3  1948   19.3  1935   21.3  1967   20.7  1897   18.1  1973   13.8  1886    9.6  1906    7.7  1979    7.15  1903   12.87  2000   20.37  2024   13.70  1951   13.31  1884
    7.0  1981    7.7  1912   10.1  1953   12.9  1900   16.3  2014   19.3  1982   21.3  2017   20.6  2012   18.1  1900   13.8  1927    9.6  1888    7.7  1915    7.04  1993   12.85  1894   20.34  1999   13.69  1953   13.29  1983
    6.9  1934    7.7  2025   10.1  1972   12.7  1990   16.2  1944   19.3  1911   21.2  2016   20.5  1936   18.1  1998   13.7  1963    9.6  1983    7.6  1972    7.02  1992   12.81  1953   20.23  1941   13.67  1982   13.29  1957
    6.9  1902    7.6  1937   10.0  1967   12.7  1916   16.2  2003   19.3  1966   21.2  1928   20.5  1919   18.1  1980   13.7  1906    9.6  1948    7.6  1993    7.01  1973   12.78  1995   20.22  2009   13.65  1928   13.26  1935
    6.8  1943    7.6  1925   10.0  1912   12.6  1993   16.2  1997   19.2  1905   21.0  1929   20.5  1918   18.0  2018   13.7  1942    9.6  1960    7.6  1987    7.01  1911   12.67  1993   20.18  1896   13.64  2000   13.25  1982
    6.8  1896    7.6  1884   10.0  2015   12.6  2023   16.2  1892   19.2  1961   20.9  1926   20.5  1939   18.0  1915   13.7  1916    9.6  1979    7.5  1973    7.01  1912   12.65  1918   20.16  1914   13.64  1964   13.23  2012
    6.8  1927    7.6  1910   10.0  1978   12.6  1957   16.2  2000   19.2  2007   20.9  2024   20.4  2023   17.9  2007   13.7  1920    9.5  1954    7.5  1922    6.96  2003   12.62  1946   20.13  1950   13.62  1955   13.22  1961
    6.8  2003    7.6  2001    9.9  2004   12.6  1939   16.2  2012   19.2  1910   20.9  2005   20.4  1886   17.8  1997   13.7  1972    9.5  1929    7.5  2003    6.95  1894   12.62  2016   20.02  1970   13.60  1969   13.18  1984
    6.7  1962    7.5  1958    9.9  1993   12.6  1898   16.2  1884   19.1  2015   20.9  1906   20.4  1901   17.8  1917   13.6  1962    9.4  1955    7.5  1984    6.87  2018   12.57  1949   20.02  1973   13.60  1984   13.18  2013
    6.6  1926    7.5  1905    9.9  2023   12.5  1996   16.2  1933   19.1  1986   20.8  1947   20.4  1953   17.8  2013   13.6  1997    9.4  1914    7.4  2007    6.85  1994   12.56  1927   19.99  2002   13.60  1990   13.18  1953
    6.5  2026    7.5  1913    9.9  2010   12.5  1904   16.2  1912   19.1  1968   20.8  1917   20.4  1909   17.8  1913   13.6  1893    9.4  2005    7.4  1893    6.84  1981   12.56  1920   19.95  1905   13.58  1994   13.16  1992
    6.5  2017    7.4  1966    9.9  1935   12.4  1895   16.1  1937   19.1  1908   20.8  1952   20.4  1998   17.7  1939   13.5  2010    9.4  1898    7.4  1932    6.80  2001   12.45  1890   19.95  2015   13.56  1963   13.13  1913
    6.5  1968    7.4  1923    9.8  1910   12.4  1906   16.1  1971   19.1  2000   20.7  2008   20.3  1942   17.7  1901   13.5  1914    9.4  2000    7.4  2000    6.80  1961   12.42  1956   19.95  1967   13.54  1954   13.11  1906
    6.5  1924    7.4  1988    9.7  1884   12.4  2006   16.1  2019   19.1  2016   20.7  1951   20.2  2015   17.7  2010   13.5  1941    9.3  1959    7.4  1931    6.79  1946   12.35  1950   19.94  1969   13.51  1941   13.08  1971
    6.5  1935    7.3  1896    9.7  1968   12.3  1940   16.0  1929   19.1  1891   20.7  1945   20.2  1999   17.6  1936   13.4  1958    9.3  1920    7.4  1956    6.78  2021   12.31  1988   19.94  1937   13.50  1986   13.08  1928
    6.4  1971    7.3  1921    9.7  1890   12.3  1968   16.0  1988   19.1  1919   20.7  1982   20.2  1940   17.6  1953   13.4  1909    9.3  2008    7.3  2017    6.75  1939   12.31  1942   19.93  1992   13.49  1996   13.06  1918
    6.4  2019    7.3  1898    9.7  1956   12.3  1992   16.0  1934   18.9  1900   20.7  1893   20.2  2007   17.6  1951   13.4  2004    9.2  2012    7.3  1975    6.75  1960   12.30  1991   19.93  1943   13.48  1934   13.04  1973
    6.3  1973    7.3  1982    9.7  1936   12.2  1937   16.0  1920   18.9  1963   20.5  1946   20.1  2006   17.5  1942   13.4  1937    9.2  1935    7.3  1894    6.74  1926   12.27  1884   19.89  1942   13.47  1933   13.01  1947
    6.3  1967    7.3  1887    9.7  1897   12.2  1938   16.0  1913   18.9  1913   20.5  1979   20.0  1930   17.5  1937   13.4  1930    9.2  1889    7.3  2012    6.73  1930   12.26  1901   19.88  2000   13.46  1907   12.99  1926
    6.3  2006    7.3  1911    9.6  1918   12.1  1947   16.0  1916   18.9  1984   20.4  2015   20.0  1945   17.5  1966   13.4  1983    9.2  1924    7.3  1999    6.69  1980   12.25  2021   19.88  1926   13.43  1958   12.95  1988
    6.2  1904    7.3  1938    9.6  1940   12.0  1928   15.9  2007   18.9  2011   20.4  1886   20.0  1952   17.5  1978   13.3  1967    9.2  1945    7.2  2005    6.67  1938   12.22  1907   19.88  1932   13.37  1948   12.92  1944
    6.2  1913    7.2  1971    9.6  1966   12.0  1964   15.9  1976   18.9  1967   20.4  1908   20.0  1970   17.5  1886   13.3  1938    9.1  1940    7.2  1888    6.67  1972   12.22  1911   19.86  1982   13.35  1900   12.92  1900
    6.2  1918    7.1  1893    9.6  1977   11.9  1915   15.8  1980   18.8  2024   20.4  1884   20.0  1913   17.4  1956   13.3  1928    9.1  1930    7.1  2020    6.65  1958   12.22  1939   19.81  1957   13.35  1981   12.91  1991
    6.1  2011    7.1  1973    9.5  1899   11.9  1965   15.8  1978   18.8  1994   20.3  1894   19.9  1895   17.4  1928   13.3  1988    9.1  2013    7.1  1945    6.65  1896   12.21  1913   19.80  1895   13.34  1886   12.88  1896
    6.1  1900    7.1  1922    9.4  1982   11.9  1885   15.8  2005   18.8  1906   20.2  2011   19.9  1943   17.4  1893   13.3  1899    9.1  1991    7.1  1947    6.61  1944   12.19  2006   19.79  1917   13.33  1968   12.85  1960
    6.1  1950    7.1  2003    9.4  2008   11.9  1954   15.8  1925   18.8  1885   20.2  1918   19.9  2011   17.4  1979   13.2  2000    9.1  1900    7.1  1897    6.59  1890   12.18  1910   19.77  1991   13.32  1920   12.84  1920
    6.0  1939    7.0  1977    9.4  1923   11.8  2008   15.7  1949   18.8  1884   20.2  2009   19.9  1994   17.4  1938   13.2  1975    9.1  1916    7.1  2002    6.57  2006   12.17  2001   19.76  1952   13.31  1911   12.84  1970
    5.9  1960    7.0  2012    9.3  1952   11.8  1975   15.7  1915   18.7  1920   20.2  2002   19.8  1964   17.3  2024   13.2  1890    9.0  1907    7.0  1991    6.57  1983   12.13  1909   19.74  1904   13.28  2019   12.83  1939
    5.9  1903    6.9  1934    9.3  1926   11.8  1985   15.7  2002   18.7  1939   20.2  1914   19.8  1938   17.3  1940   13.2  1948    9.0  1989    6.9  1989    6.56  1971   12.12  1926   19.73  1945   13.28  1998   12.83  1929
    5.9  1984    6.9  1962    9.3  1913   11.8  1974   15.7  1910   18.7  1936   20.1  1985   19.8  2017   17.3  1996   13.2  1998    9.0  1990    6.9  1965    6.56  1927   12.11  1994   19.71  2008   13.25  1939   12.83  1955
    5.8  1910    6.9  1915    9.2  1983   11.8  1902   15.7  1888   18.7  1901   20.1  1898   19.8  2008   17.3  1987   13.2  2008    9.0  1972    6.8  1913    6.55  1984   12.08  1981   19.68  2011   13.23  1983   12.80  1967
    5.8  2025    6.8  1948    9.2  1988   11.8  1963   15.7  1927   18.7  1922   20.1  2023   19.8  1969   17.3  1945   13.2  1897    9.0  1971    6.8  1891    6.49  1906   12.06  1947   19.67  1898   13.23  1943   12.78  1897
    5.8  1915    6.8  1993    9.2  2016   11.7  1935   15.7  1942   18.6  2001   20.0  2004   19.7  1934   17.3  2017   13.2  1994    8.9  1941    6.8  1982    6.46  1910   12.06  1915   19.62  1918   13.20  2008   12.75  1894
    5.8  1922    6.8  2015    9.1  1914   11.7  1927   15.6  1936   18.6  1995   20.0  1992   19.7  2021   17.3  1948   13.2  1934    8.9  1975    6.7  1957    6.43  1915   12.05  1905   19.57  1930   13.16  1916   12.74  1937
    5.8  1958    6.7  1933    9.0  1928   11.7  2013   15.6  1939   18.6  1943   20.0  1964   19.7  1967   17.3  1899   13.2  2020    8.9  1892    6.7  1914    6.43  1928   12.03  1965   19.55  1960   13.14  1946   12.70  1908
    5.7  1956    6.7  1975    9.0  1995   11.7  1994   15.6  2010   18.6  1965   20.0  1986   19.6  1958   17.2  1935   13.2  1910    8.9  1974    6.7  1905    6.37  1918   12.03  1935   19.55  1944   13.13  1975   12.68  1901
    5.7  1905    6.7  1959    9.0  1944   11.7  1988   15.4  1993   18.5  1932   19.9  1950   19.6  1950   17.2  1975   13.1  2002    8.8  1890    6.5  1958    6.34  1908   12.01  1980   19.51  1886   13.13  1917   12.68  1946
    5.7  1951    6.7  1953    8.9  1965   11.7  1886   15.4  1905   18.5  2008   19.9  2020   19.6  1925   17.2  1995   13.1  1955    8.8  1949    6.5  1990    6.33  1905   12.01  1973   19.49  1889   13.09  1930   12.67  1993
    5.7  2009    6.7  2005    8.8  1946   11.7  1976   15.3  1958   18.5  1969   19.9  1944   19.6  1980   17.2  2012   13.0  1951    8.8  1902    6.4  1907    6.31  1952   11.97  1928   19.45  2007   13.09  1977   12.66  1925
    5.7  1970    6.6  1927    8.8  1895   11.7  1969   15.3  1966   18.5  1938   19.8  1977   19.5  1982   17.1  1990   13.0  1904    8.8  1886    6.4  1902    6.28  1901   11.91  1934   19.44  1885   13.04  1973   12.65  1940
    5.7  1911    6.6  2009    8.8  1963   11.6  2016   15.3  1924   18.5  1988   19.8  1957   19.5  2010   17.1  1969   13.0  1953    8.8  1973    6.3  1967    6.25  1933   11.90  1919   19.42  1908   13.03  1940   12.65  1974
    5.7  1992    6.6  1964    8.6  1954   11.6  2021   15.3  1965   18.5  1952   19.8  1937   19.5  1929   17.1  2008   13.0  2019    8.7  1903    6.3  2022    6.23  1885   11.89  1892   19.41  1929   13.02  1942   12.63  1950
    5.6  1914    6.5  1976    8.5  1960   11.5  2000   15.2  1973   18.5  1945   19.7  1912   19.5  1987   17.0  2015   12.9  1924    8.7  1944    6.3  1920    6.22  1997   11.87  1964   19.36  1939   13.02  1935   12.61  1912
    5.6  1972    6.4  1987    8.5  1915   11.5  1991   15.2  1931   18.5  2002   19.7  1916   19.5  1928   17.0  1946   12.9  1976    8.7  1922    6.3  1926    6.15  1966   11.85  1968   19.27  1928   13.01  1985   12.60  1964
    5.6  1936    6.3  1960    8.5  1974   11.4  1934   15.1  1974   18.4  2019   19.7  1981   19.4  1904   17.0  1943   12.9  1933    8.7  1932    6.3  1938    6.14  1954   11.84  1954   19.24  1936   13.00  1891   12.59  2010
    5.5  1907    6.2  2006    8.5  1939   11.4  1972   15.0  1954   18.3  1962   19.7  1932   19.4  1923   17.0  1968   12.9  1936    8.6  1977    6.3  2001    6.12  2009   11.84  1972   19.20  1919   12.97  1893   12.58  1930
    5.5  1894    6.1  1972    8.4  1941   11.4  1907   15.0  1981   18.3  1931   19.7  1987   19.4  1961   17.0  1920   12.9  2003    8.6  1943    6.2  1930    6.09  2013   11.80  1974   19.20  1961   12.96  1884   12.54  1915
    5.5  2001    6.1  1952    8.4  1906   11.3  1913   15.0  1914   18.2  1937   19.7  1958   19.4  1974   17.0  1919   12.9  1966    8.6  1988    6.2  1884    6.03  1889   11.78  1889   19.19  1953   12.96  2010   12.54  1996
    5.5  1986    6.1  1931    8.4  1932   11.3  1899   15.0  1938   18.2  1951   19.6  1948   19.4  1927   16.8  1967   12.9  1901    8.6  1958    6.1  1970    5.97  1962   11.77  1976   19.19  1915   12.93  2012   12.54  1980
    5.5  2013    5.8  1916    8.3  1930   11.3  2001   14.9  1903   18.2  1983   19.6  1924   19.4  1915   16.8  1932   12.9  1907    8.5  1998    6.1  1909    5.95  1945   11.77  1987   19.14  1913   12.92  1897   12.54  1932
    5.5  1961    5.8  1951    8.3  1986   11.3  1924   14.9  1986   18.2  2013   19.6  1942   19.3  1892   16.8  1930   12.9  1900    8.5  2016    6.1  1940    5.93  1924   11.76  1903   19.14  1951   12.91  1936   12.53  1895
    5.5  1931    5.8  1941    8.3  1934   11.2  1958   14.9  2013   18.1  1999   19.6  1973   19.3  1971   16.8  1902   12.8  1929    8.5  1961    6.1  2008    5.92  1931   11.74  1978   19.13  1979   12.88  1937   12.53  1958
    5.4  2021    5.8  1909    8.2  1924   11.2  1925   14.9  1961   18.1  1918   19.5  1972   19.3  1900   16.8  1963   12.8  1903    8.5  1996    6.1  1908    5.89  1978   11.70  1936   19.12  1993   12.83  1960   12.53  1942
    5.4  1965    5.8  1892    8.0  2001   11.2  1930   14.8  1928   18.1  1979   19.4  2012   19.3  1921   16.7  1984   12.8  1982    8.5  1927    6.0  1923    5.89  1987   11.70  1899   19.12  1938   12.83  1924   12.49  1916
    5.4  1991    5.7  1984    8.0  1985   11.2  1911   14.8  2015   18.0  1898   19.4  1889   19.2  1988   16.7  1904   12.7  1991    8.5  1976    5.9  1885    5.87  1919   11.70  1897   19.11  1981   12.82  1988   12.48  1910
    5.4  1888    5.6  1907    8.0  1889   11.1  1950   14.8  1897   18.0  1924   19.4  1903   19.2  2014   16.7  1983   12.7  1987    8.5  1912    5.9  1896    5.75  1953   11.69  1971   19.11  1923   12.81  1987   12.48  1936
    5.4  1909    5.6  1944    8.0  1885   11.1  1953   14.8  1950   18.0  1890   19.4  1895   19.2  1972   16.7  1916   12.7  1950    8.4  2019    5.9  1960    5.75  1909   11.63  1963   19.09  1998   12.79  1956   12.47  1905
    5.4  1953    5.6  1890    8.0  1949   11.1  1890   14.7  1904   17.9  1894   19.3  2000   19.2  1992   16.7  1903   12.7  1935    8.4  1926    5.9  1904    5.72  1959   11.63  1906   19.08  2012   12.78  1980   12.44  1924
    5.3  1996    5.6  1889    8.0  1942   11.1  1962   14.7  1969   17.9  1926   19.3  1963   19.1  1965   16.6  1988   12.6  1931    8.4  1980    5.8  1895    5.67  1934   11.62  1967   19.01  1964   12.75  1903   12.43  1904
    5.3  1901    5.5  1932    7.9  1971   11.1  1923   14.7  1957   17.9  1892   19.3  1956   19.0  1968   16.5  1976   12.6  1956    8.4  1987    5.8  1992    5.62  1968   11.59  1922   18.98  1958   12.71  1967   12.43  1952
    5.3  1889    5.5  2018    7.9  2006   11.1  1981   14.6  1977   17.9  1902   19.3  1953   19.0  1977   16.5  1992   12.6  1940    8.3  1956    5.8  1964    5.62  2011   11.59  1924   18.96  1971   12.68  1901   12.43  1951
    5.3  1912    5.5  1970    7.8  2018   11.0  1967   14.6  1886   17.9  1953   19.3  1940   18.8  1957   16.5  2001   12.6  1891    8.3  1918    5.8  1928    5.59  1892   11.58  1925   18.89  1968   12.66  1972   12.42  1978
    5.2  1946    5.5  2013    7.8  1925   11.0  1971   14.6  1991   17.8  1904   19.2  1998   18.8  1910   16.5  1885   12.5  1960    8.3  1957    5.8  1943    5.57  1955   11.57  1977   18.85  1966   12.66  1966   12.41  1981
    5.2  1978    5.4  1906    7.7  1931   11.0  1979   14.5  1935   17.7  1912   19.2  1993   18.8  1960   16.5  1923   12.4  1911    8.3  1911    5.7  1944    5.51  1991   11.55  1902   18.76  1916   12.64  1976   12.41  1966
    5.1  1964    5.4  1994    7.7  1976   11.0  1998   14.5  1930   17.7  1974   19.1  1927   18.8  1979   16.5  1908   12.4  1923    8.3  1934    5.7  1978    5.50  1956   11.52  1904   18.69  1986   12.64  1888   12.38  1890
    5.1  1982    5.3  1981    7.6  1898   11.0  1910   14.5  1985   17.6  1886   19.0  1938   18.8  1993   16.5  1889   12.4  2012    8.2  1936    5.7  1889    5.50  1970   11.52  1966   18.67  1910   12.62  1926   12.38  1969
    5.0  1952    5.3  1924    7.6  1911   11.0  2012   14.4  1946   17.6  1929   19.0  1961   18.8  1908   16.5  1954   12.4  1884    8.1  1968    5.5  1946    5.50  1965   11.47  1937   18.64  1894   12.62  1927   12.37  1977
    4.9  1954    5.2  1904    7.4  1904   11.0  1887   14.4  2021   17.6  1998   19.0  2007   18.7  1966   16.4  1960   12.4  1912    8.1  1904    5.4  2009    5.49  1907   11.43  1984   18.59  1974   12.59  1904   12.36  1941
    4.9  1908    5.2  2010    7.3  1980   10.9  1919   14.4  1963   17.6  1958   19.0  1902   18.7  1917   16.4  1924   12.3  1964    8.0  1891    5.3  1901    5.48  1897   11.42  1985   18.59  1963   12.58  1957   12.33  1889
    4.7  1997    5.2  1965    7.2  1891   10.8  1920   14.3  1907   17.6  1997   18.9  1970   18.6  1889   16.4  1944   12.3  1946    8.0  1884    5.3  1906    5.46  1964   11.38  1916   18.58  1946   12.53  1902   12.33  1903
    4.6  1919    5.1  1996    7.2  1975   10.8  1884   14.3  1899   17.6  1980   18.9  1931   18.5  1905   16.3  1977   12.2  1973    7.9  1950    5.3  1952    5.43  1904   11.37  1970   18.55  1988   12.50  1931   12.31  1907
    4.6  1933    4.8  1954    7.1  1979   10.8  1956   14.2  1984   17.5  1978   18.9  1939   18.5  1951   16.3  1888   12.1  1915    7.9  1967    5.3  1969    5.43  1887   11.33  1930   18.51  1987   12.46  1894   12.30  1923
    4.5  1887    4.8  1900    7.1  1984   10.7  1951   14.2  1900   17.5  1888   18.8  1960   18.5  1978   16.2  1910   12.1  1918    7.9  1893    5.3  1887    5.41  1902   11.27  1898   18.50  1980   12.43  1932   12.29  1968
    4.5  1977    4.7  1985    7.1  1908   10.7  1931   14.1  1906   17.5  1955   18.8  1891   18.4  1941   16.1  1950   12.1  1894    7.8  1933    5.1  1939    5.18  1893   11.22  1917   18.48  1891   12.43  1962   12.27  1927
    4.4  1955    4.6  1936    7.1  1922   10.6  1897   14.1  1987   17.3  1944   18.8  1930   18.4  1948   16.1  1896   12.0  1902    7.8  1969    4.9  1925    5.14  1985   11.21  1931   18.45  1924   12.42  1889   12.26  1972
    4.4  1980    4.6  1978    6.9  1987   10.6  1973   14.1  1994   17.2  1990   18.7  1974   18.4  1907   16.0  1962   12.0  1888    7.8  1942    4.9  1996    5.03  1900   11.16  1923   18.41  1948   12.34  1944   12.25  1954
    4.3  1966    4.5  1991    6.9  1886   10.6  1929   14.0  1926   17.2  1964   18.6  1966   18.4  1890   15.9  1892   11.9  1944    7.7  1937    4.9  1937    5.03  1936   11.14  1908   18.35  1931   12.32  1992   12.23  1887
    4.3  1885    4.3  1930    6.8  1887   10.5  1977   14.0  1972   17.2  1948   18.6  1968   18.3  1946   15.8  1986   11.9  1980    7.7  1885    4.8  1935    5.02  1977   11.06  1886   18.33  1892   12.25  1950   12.19  1987
    4.2  1892    4.2  1901    6.8  1901   10.4  1983   13.8  1891   17.1  1928   18.5  1913   18.3  1888   15.8  1897   11.8  1952    7.7  1909    4.8  1903    4.95  1986   11.05  1983   18.32  1902   12.17  1965   12.12  1931
    4.2  1893    4.1  1940    6.7  1951   10.4  1905   13.8  1979   17.1  2012   18.5  1909   18.1  1896   15.7  1922   11.8  1932    7.7  2010    4.7  1963    4.94  1969   11.05  1955   18.31  1927   12.13  1909   12.12  1965
    4.1  1886    3.9  1968    6.6  1996   10.3  1889   13.8  1967   17.0  1903   18.5  1978   18.1  1902   15.6  1905   11.7  1922    7.6  1962    4.7  1886    4.91  1982   11.04  1900   18.29  1977   12.04  1922   12.09  1891
    4.1  1891    3.8  1902    6.6  1970   10.2  1918   13.7  1898   16.9  1946   18.5  1936   18.0  1985   15.6  1994   11.6  1889    7.6  1966    4.5  1968    4.85  1888   11.00  1958   18.27  1965   12.03  1915   12.08  1909
    4.0  1959    3.8  1888    6.5  1955   10.2  1903   13.6  1962   16.8  1981   18.4  1915   17.9  1954   15.6  1993   11.5  1919    7.4  1901    4.5  1917    4.80  1996   10.93  1885   18.23  1890   11.89  1918   12.07  1902
    3.9  1947    3.7  1983    6.5  1958   10.0  1970   13.6  1975   16.7  1956   18.4  1962   17.9  1931   15.6  1927   11.3  1939    7.4  1905    4.4  1892    4.79  1951   10.85  1975   18.18  1985   11.81  1910   12.04  1985
    3.5  2010    3.6  1919    6.4  1892    9.9  1932   13.6  1968   16.7  1954   18.4  1890   17.9  1885   15.5  1965   11.3  1981    7.0  1921    4.4  1961    4.68  2010   10.76  1986   18.17  1962   11.79  1912   12.04  1922
    3.2  1929    3.6  1917    6.3  1917    9.9  1891   13.5  1983   16.4  1927   18.3  1980   17.8  1962   15.5  1957   11.3  1926    7.0  1896    4.3  1962    4.55  1941   10.74  1996   18.17  1909   11.75  1925   12.04  1956
    3.2  1985    3.4  1955    6.2  1909    9.8  1989   13.4  1932   16.3  1985   18.2  1907   17.8  1903   15.3  1887   11.2  1917    6.9  1887    4.2  1916    4.50  1886   10.65  1979   18.17  1978   11.67  1923   12.03  1986
    2.9  1897    3.3  1886    6.2  1919    9.8  1936   13.4  1951   16.3  1987   18.0  1919   17.8  1924   15.3  1972   11.0  1993    6.8  1965    4.1  1899    4.40  1942   10.61  1969   18.07  1903   11.65  1892   12.03  1886
    2.9  1942    2.8  1979    6.2  1900    9.7  1941   13.3  1955   16.1  1923   18.0  1910   17.7  1894   15.2  1974   10.7  1895    6.8  1993    4.0  1995    4.34  1891   10.58  2013   18.05  1972   11.41  1885   12.01  1885
    2.7  1987    2.6  1969    6.2  1962    9.7  1888   13.2  1941   16.1  1907   18.0  1988   17.6  1891   15.2  1909   10.5  1887    6.5  1985    3.8  1976    3.85  1929   10.57  1932   17.91  1912   11.41  1974   12.00  1979
    2.6  1945    2.4  1942    6.1  1937    9.6  1966   13.1  1887   16.0  1977   17.7  1892   17.5  1963   15.2  1918   10.4  1905    6.3  1952    3.3  1933    3.62  1979   10.44  1941   17.87  1920   11.31  1919   11.99  1919
    2.6  1917    2.4  1929    6.1  1947    9.5  1908   13.1  1996   15.6  1991   17.4  1920   17.5  1920   15.1  1894   10.4  1992    6.2  1925    3.0  1927    3.61  1895   10.44  1888   17.65  1956   11.13  1993   11.96  1917
    2.3  1979    2.4  1956    6.1  1964    9.4  1922   13.1  1894   15.6  1971   17.4  1954   17.0  1986   15.1  1925   10.2  1892    6.0  1923    2.9  1950    3.48  1940   10.31  1891   17.64  1922   11.13  1905   11.73  1962
    2.0  1895    1.3  1895    5.9  1888    9.3  1978   13.0  1923   15.5  1909   17.3  1922   17.0  1922   15.0  1931   10.2  1974    6.0  1910    2.6  1981    3.42  1917   10.31  1887   17.57  1907   11.04  1896   11.68  1892
    1.8  1941    1.2  1963    5.5  1969    9.3  1917   12.9  1885   15.5  1916   17.2  1965   16.9  1956   14.5  1912   10.1  1896    6.0  1915    2.2  2010    3.06  1947   10.29  1962   17.56  1888   10.93  1887   11.55  1888
    1.2  1940    0.7  1986    5.5  1916    9.0  1986   12.6  1902   15.3  1972   16.9  1888   16.3  1912   14.3  1952   10.1  1885    5.4  1919    0.7  1890    1.82  1963   10.25  1951   17.34  1954   10.83  1952   11.48  1963
   -0.0  1963   -0.6  1947    5.2  2013    ---  2026    ---  2026    ---  2026    ---  2026    ---  2026    ---  2026    ---  2026    ---  2026    ---  2026     ---  1884     ---  2026     ---  2026     ---  2026     ---  2026
