Areal values from HadUK-Grid 1km gridded climate data from land surface network
Source: Met Office National Climate Information Centre
Monthly, seasonal and annual number of days in the month with precipitation amount >= 1mm for England and Wales
Areal series, starting in 1891
Last updated 01-Apr-2026 11:35
    jan  year    feb  year    mar  year    apr  year    may  year    jun  year    jul  year    aug  year    sep  year    oct  year    nov  year    dec  year     win  year     spr  year     sum  year     aut  year     ann  year
   23.6  2014   20.5  1923   21.7  1947   21.3  1920   21.0  1967   19.4  1912   20.2  1936   22.7  1912   22.9  1918   26.0  1903   22.3  2009   23.1  1934    58.6  2014    50.4  1983    56.4  1912    55.3  1960   169.7  1903
   22.8  1948   20.2  2020   20.7  2023   20.0  1998   19.1  1924   17.9  1907   19.4  1920   21.4  1917   20.6  1896   21.4  1976   21.6  1960   22.8  1911    56.0  1915    48.5  1920    49.1  1927    54.5  1935   166.8  1960
   20.6  1928   19.9  1916   20.4  1914   19.1  2012   19.0  1983   17.8  1991   18.7  1988   20.3  1891   19.0  1950   21.1  1907   20.9  1951   22.3  1915    53.9  1916    48.4  1979    48.9  2012    54.0  2000   165.0  1927
   20.6  1988   19.6  1910   19.9  1981   18.5  1932   18.5  1969   17.7  1998   18.7  2009   19.7  1956   18.7  1974   20.5  1960   20.4  1963   22.0  1959    53.5  1910    45.7  1932    45.9  1958    51.9  1954   165.0  1912
   20.0  1984   19.4  2026   18.8  1912   18.2  2000   17.6  1932   17.3  2012   18.6  1939   18.6  1941   17.5  1935   20.3  1909   20.2  1944   21.9  1929    52.6  1912    45.1  1913    45.5  1946    51.8  1903   164.6  2000
   19.9  1943   18.9  1977   18.8  1903   16.9  1983   17.4  2021   17.2  1935   17.9  1960   18.4  1927   17.5  1954   20.2  1916   20.1  2002   21.7  1914    52.2  1995    45.0  1947    45.1  1956    51.1  1974   164.1  1916
   19.3  1939   18.9  1937   18.5  1896   16.8  1935   17.0  1925   17.0  1987   17.5  2007   18.1  1897   17.4  2017   20.1  2020   20.1  2000   21.0  1993    52.1  2026    44.6  1981    44.5  1985    50.2  2019   162.5  1923
   19.1  1900   18.9  2014   18.4  1979   16.5  2001   17.0  1981   16.7  1946   16.9  1931   17.8  1985   16.8  1927   19.9  1932   20.0  1926   20.8  1919    52.0  1937    44.3  1986    44.1  1907    49.8  1944   162.4  1951
   19.0  2016   17.9  1904   18.1  1913   16.0  1931   16.6  1902   16.5  1980   16.7  2012   17.8  1946   16.6  1924   19.7  1923   19.7  2015   20.3  2023    51.4  1960    44.0  2024    43.8  1924    48.9  1976   161.0  1930
   18.9  2026   17.9  1893   17.8  1897   15.9  1966   16.5  1898   16.2  1997   16.5  1922   17.7  1951   16.1  1968   19.6  1906   19.5  1935   20.3  1999    51.3  1994    43.3  1951    43.6  1931    48.4  1918   160.9  2012
   18.9  1936   17.8  1915   17.7  2018   15.8  1899   16.2  1979   16.1  1948   16.5  1915   17.5  1924   16.1  1946   19.4  1967   19.4  1946   20.1  2015    50.8  2016    42.9  1903    43.4  1891    47.3  1930   160.6  1954
   18.8  1919   17.6  1995   17.7  1909   15.8  1950   15.9  1907   15.8  1927   16.5  1957   17.4  2008   15.7  1957   19.4  2000   19.2  1970   19.9  2020    50.0  2021    41.8  1963    43.3  1954    47.2  2022   160.1  1910
   18.7  1990   17.6  2002   17.4  1905   15.7  1961   15.6  1955   15.8  1982   16.3  1953   17.2  1954   15.3  1930   19.3  1891   19.1  1929   19.6  1978    50.0  1900    41.4  1908    42.8  1894    47.1  1950   159.8  1900
   18.6  1937   17.5  1925   17.4  2024   15.5  1970   15.6  1891   15.7  1958   16.3  1918   17.0  1950   15.1  1967   18.8  2013   18.9  1939   19.6  1918    48.7  2020    41.1  1897    42.5  1960    46.2  1984   159.3  1924
   18.6  1975   17.2  1900   17.4  1951   15.4  1905   15.6  2006   15.6  2007   16.2  2023   16.9  2004   15.1  1995   18.6  1928   18.7  2019   19.5  1965    48.4  1990    40.7  1907    41.7  2007    46.1  1967   159.0  1894
   18.5  1938   17.2  1951   17.0  1988   15.1  1907   15.1  2014   15.2  1900   15.7  1940   16.7  1903   15.1  1899   18.5  1917   18.7  1950   19.3  2012    48.3  1922    40.3  1925    40.9  1917    45.9  1891   158.7  2023
   18.5  1922   16.9  1990   16.6  1916   15.0  1963   14.9  1972   15.1  1945   15.3  1894   16.6  1905   15.0  1965   18.3  1896   18.3  1992   19.2  1896    48.3  1919    40.2  1937    40.6  1939    45.8  1923   158.0  2014
   18.4  1986   16.6  2000   16.5  1908   15.0  1913   14.8  1986   14.9  1928   15.1  1909   16.6  1963   15.0  1999   18.2  1998   18.0  1954   18.6  1910    48.0  1923    40.0  2006    40.5  1936    45.5  1932   157.9  1928
   18.4  1970   16.3  1931   16.1  2008   14.8  2024   14.7  2002   14.8  2016   14.9  1924   16.4  1960   14.9  1984   18.0  1892   17.9  1900   18.6  1909    47.8  1970    39.8  2023    40.5  1910    45.4  1896   156.9  1950
   18.3  2004   16.3  1950   16.1  1992   14.8  1925   14.6  1906   14.7  1972   14.9  1927   16.3  1910   14.6  2000   18.0  2004   17.9  2022   18.3  1986    47.5  1977    39.8  1972    40.4  1963    45.2  1938   156.5  1907
   18.3  1999   16.2  2024   16.0  1980   14.8  1986   14.6  2007   14.7  1985   14.7  1893   16.2  1958   14.5  1976   17.8  2019   17.9  2025   18.1  2011    47.3  2007    39.5  1994    40.2  1922    44.7  1998   156.2  1966
   18.3  1894   16.2  2007   16.0  1927   14.7  1910   14.4  1910   14.4  2020   14.6  1932   15.9  1992   14.5  1981   17.7  1981   17.9  1940   18.0  1966    47.2  1939    39.2  1916    39.7  1900    44.2  1982   154.9  1998
   18.2  1906   16.1  1966   15.8  1994   14.6  1922   14.2  1926   13.6  1990   14.5  1895   15.8  1902   14.4  2024   17.5  1935   17.5  1895   17.9  1912    47.0  2024    39.1  1967    39.7  2020    44.2  1992   154.7  1891
   18.2  1995   15.8  1941   15.4  1919   14.5  2008   14.1  2003   13.5  1963   14.5  1965   15.7  1930   14.4  1994   17.2  1938   17.4  1982   17.8  1901    46.8  1931    38.8  2008    39.5  2008    44.1  2025   154.4  1946
   18.1  2008   15.6  1957   15.3  1937   14.5  1975   13.9  1894   13.5  1936   14.4  1930   15.3  2014   14.3  1932   17.2  1987   17.3  1974   17.7  2009    46.8  1936    38.8  1969    39.4  1902    44.1  2023   154.2  1958
   18.0  1926   15.5  1997   15.2  1978   14.5  2016   13.9  1973   13.5  1902   14.3  1954   15.2  1894   14.1  1992   17.2  1961   17.2  1997   17.7  1900    46.6  1935    38.5  1914    39.3  1953    44.0  1981   153.8  1920
   18.0  1994   15.3  2022   15.0  1977   14.2  1897   13.9  1945   13.4  2019   14.3  1891   15.1  1900   14.0  2025   17.1  2022   17.1  1984   17.6  1891    46.5  1926    38.1  2000    39.2  1903    43.0  1916   153.7  1936
   17.7  1993   15.2  1970   15.0  1963   14.2  1989   13.9  1958   13.1  1916   14.3  1912   15.0  2012   14.0  1952   16.8  2001   17.1  1911   17.5  1938    46.5  1966    37.9  2001    39.1  1909    42.9  1926   153.4  1935
   17.5  1930   14.9  1958   14.8  2001   13.9  1930   13.8  1923   12.9  1966   14.0  1958   14.9  1943   13.9  1925   16.6  1966   17.1  1928   17.3  1979    46.3  1920    37.8  2018    39.0  1950    42.3  1946   153.3  1918
   17.5  1899   14.9  1922   14.8  1928   13.7  1979   13.8  1903   12.9  1909   14.0  1903   14.9  1895   13.8  1958   16.5  2014   16.9  1914   17.2  1955    46.3  1951    37.8  1998    38.9  1957    42.3  1892   152.6  2002
   17.4  2018   14.9  1906   14.8  1934   13.6  1937   13.5  1931   12.8  1931   13.9  1914   14.3  1922   13.7  2019   16.5  1954   16.6  1996   17.2  1942    46.1  1904    37.7  1930    38.9  1948    42.1  1927   152.2  1922
   17.4  1921   14.8  2010   14.8  1920   13.5  1993   13.4  1942   12.6  1892   13.7  1993   14.3  1921   13.5  1983   16.4  1930   16.5  1949   16.8  2000    45.7  1943    37.6  1965    38.7  1980    41.9  1963   151.7  1974
   17.4  1974   14.7  1954   14.7  1986   13.4  1959   13.3  2015   12.6  2011   13.5  1938   14.2  1942   13.5  1962   16.4  1944   16.3  2023   16.7  2021    45.7  1948    37.4  1905    38.1  1997    41.8  1928   151.5  2008
   17.3  1895   14.5  1935   14.7  2006   13.3  1965   13.1  1951   12.3  1968   13.5  2017   14.2  1925   13.5  1903   16.2  2012   16.2  2014   16.6  1952    45.5  2000    37.1  1909    38.1  2004    41.7  1924   151.5  1906
   17.2  1956   14.0  1974   14.6  1982   13.3  2004   12.9  1962   12.3  1956   13.3  2015   14.2  1923   13.4  1936   16.1  2023   16.2  1913   16.5  2002    45.5  2010    37.0  1924    38.0  2009    41.6  2001   151.4  1999
   17.1  2021   14.0  2011   14.5  1983   13.3  1994   12.8  1904   12.2  1894   13.3  1950   14.2  2006   13.4  1908   16.1  1900   16.2  1905   16.4  1998    45.5  1894    36.8  1902    37.3  1920    41.4  2006   151.2  1914
   16.8  1904   13.8  1980   14.4  1989   13.2  1934   12.7  2000   12.2  1999   13.1  1956   14.1  1957   13.4  2001   15.9  1982   15.9  1931   16.4  1946    45.4  1957    36.7  1923    37.3  1987    41.4  2012   150.4  1994
   16.8  1920   13.8  1978   14.3  1895   13.1  1999   12.6  1968   12.0  1944   12.9  1907   14.0  1928   13.4  1923   15.8  1980   15.9  1938   16.4  1994    45.4  1999    36.7  1992    37.2  1930    41.2  1952   150.3  1909
   16.7  1913   13.7  1912   13.9  2019   13.1  1926   12.6  1976   11.9  1910   12.8  2008   14.0  1948   13.3  1993   15.8  2006   15.9  1959   16.4  1923    45.1  1930    36.4  1977    37.1  1988    41.0  1940   150.1  2020
   16.6  1961   13.6  1926   13.9  1917   13.0  2005   12.6  1908   11.8  1954   12.4  1970   13.9  1931   13.2  1944   15.6  1934   15.9  1969   16.3  2019    44.8  1961    36.2  1898    37.0  1965    41.0  2013   149.9  1931
   16.5  1927   13.5  1914   13.9  1970   13.0  1992   12.5  1899   11.8  1896   12.3  1966   13.9  1982   13.2  1960   15.3  1939   15.9  1910   16.2  1985    44.8  1984    36.2  1988    37.0  1966    40.7  1909   149.8  1965
   16.5  1915   13.5  1960   13.8  1995   13.0  1901   12.4  1920   11.7  1971   12.3  1910   13.8  1971   13.1  1975   15.3  1894   15.8  1986   16.1  2013    44.5  1925    36.2  1966    36.7  1998    40.6  1961   149.2  1939
   16.4  1972   13.4  1894   13.7  1975   12.9  1951   12.4  1965   11.6  1926   12.3  2021   13.6  2001   12.9  1909   15.2  1895   15.6  1930   15.9  2017    44.3  2018    35.9  1899    36.3  1928    40.5  2020   148.9  1926
   16.4  2007   13.3  1972   13.5  1922   12.7  1919   12.3  1916   11.5  1964   12.1  2002   13.6  2020   12.8  1943   15.2  1924   15.5  1977   15.8  2018    43.9  1897    35.8  1999    36.2  1915    40.5  1900   148.5  1925
   16.3  2015   13.1  2001   13.5  1921   12.7  2018   12.3  1930   11.5  1905   12.1  1944   13.5  2010   12.8  1998   15.1  1974   15.4  1965   15.8  1908    43.9  1974    35.8  1934    36.2  1895    40.4  1913   148.5  1967
   16.2  1962   13.0  2021   13.5  1985   12.7  1953   12.2  1997   11.4  1953   12.1  1942   13.5  1934   12.6  1891   15.1  2002   15.1  2010   15.8  1906    43.3  1978    35.7  1891    36.0  2023    39.8  1970   148.4  1970
   16.1  1978   12.9  1996   13.3  1901   12.5  1964   12.1  2013   11.4  1924   12.0  1947   13.4  1915   12.4  1961   14.9  1996   15.0  2006   15.7  1958    42.7  1979    35.5  1985    35.8  1938    39.8  1980   148.4  2019
   16.1  1912   12.9  1989   13.3  1987   12.3  1908   12.1  1913   11.3  1947   11.9  1985   13.3  1907   12.2  1892   14.8  1949   14.8  1919   15.7  1922    42.3  1941    35.4  1922    35.4  1943    39.7  1906   148.4  1979
   15.9  1960   12.8  1955   13.1  1957   12.3  1917   12.1  2022   11.3  1943   11.8  1923   13.2  1999   12.2  1942   14.8  1929   14.6  1936   15.7  1956    42.3  1928    35.4  1927    35.4  2017    39.7  1968   148.2  2024
   15.7  1971   12.7  1969   13.0  1972   12.3  1894   11.9  1938   11.2  1977   11.7  2004   13.2  2023   12.2  2022   14.7  1898   14.5  1979   15.6  1960    42.3  1892    35.2  1917    35.4  1916    39.7  1939   147.0  1977
   15.5  1951   12.7  1945   12.9  1959   12.3  2023   11.9  1966   11.0  1898   11.7  2020   13.2  1986   12.2  1938   14.5  1893   14.5  2012   15.6  1930    42.1  1980    35.1  1894    35.3  2011    39.7  1911   146.4  2015
   15.4  1952   12.7  1892   12.8  2017   12.2  1940   11.8  2024   10.9  1933   11.6  1974   13.0  1961   12.1  1897   14.3  2005   14.4  1916   15.6  1907    41.9  1913    35.1  1910    35.2  1905    39.4  1987   146.4  1919
   15.4  1910   12.6  1918   12.5  1999   12.1  1923   11.8  1963   10.9  1965   11.6  1978   13.0  2015   12.0  2010   14.2  1984   14.4  1943   15.5  1935    41.7  1956    35.1  1904    35.1  1897    39.3  2017   146.4  2004
   15.4  1965   12.6  1961   12.4  1954   12.1  1985   11.6  1954   10.7  1939   11.4  2024   13.0  1896   12.0  2008   14.1  1913   14.3  1906   15.4  1924    41.4  1958    35.0  1975    35.1  1926    39.3  1936   145.9  1937
   15.3  1977   12.6  1946   12.3  1936   12.0  1939   11.6  1947   10.7  1897   11.3  1992   13.0  1962   11.9  1934   14.1  1902   14.3  1941   15.2  1984    41.2  2001    34.8  2014    34.8  1982    39.3  1943   145.8  1986
   15.1  1969   12.6  1940   12.1  1911   12.0  1977   11.6  1933   10.6  1955   11.3  1998   13.0  1908   11.8  1922   14.1  1940   14.1  2003   15.2  1897    41.2  1899    34.7  1970    34.7  1892    39.3  1917   145.1  1897
   14.9  1931   12.6  1933   12.1  1991   12.0  1972   11.4  1921   10.6  1978   11.1  1926   12.9  1952   11.6  1945   14.1  1952   14.0  1927   15.1  1920    41.2  2002    34.6  1906    34.6  2019    39.2  2002   144.1  1981
   14.7  1983   12.6  2017   12.1  1940   11.9  1909   11.3  1993   10.6  1917   11.1  2003   12.8  1892   11.6  2023   14.1  1918   14.0  2008   15.0  1945    41.1  1967    34.5  2016    34.5  1941    39.1  2008   143.9  2009
   14.6  1903   12.5  1898   12.0  1952   11.7  1927   11.3  1937   10.5  2002   11.1  1980   12.8  1979   11.4  1951   14.0  1901   14.0  1891   15.0  1925    40.7  2013    34.1  1931    34.5  1945    39.0  2010   143.3  2001
   14.5  2002   12.4  1897   12.0  1939   11.7  1947   11.2  1988   10.3  1911   11.0  1946   12.6  2011   11.4  1956   13.8  1989   13.9  1966   14.9  1916    40.6  2004    34.1  1919    34.2  1974    38.9  1994   143.1  1915
   14.3  1924   12.4  1936   12.0  1906   11.6  1924   11.1  2009   10.1  2025   10.9  1925   12.6  1974   11.3  1953   13.8  1942   13.8  1972   14.9  1949    40.5  1893    34.0  1964    34.2  1978    38.8  2004   142.9  1963
   14.2  1957   12.4  1994   12.0  1933   11.5  1962   11.1  1892   10.1  2003   10.9  1908   12.5  1916   11.2  1937   13.7  2021   13.7  1998   14.9  1937    40.5  1988    34.0  1968    33.9  1896    38.4  1905   142.6  1952
   14.1  1942   12.0  1908   11.9  1965   11.1  1968   11.0  1952   10.1  2017   10.8  1941   12.5  2019   11.1  2016   13.7  1990   13.3  1980   14.8  1997    40.5  1938    33.9  1952    33.7  1944    38.4  1907   142.5  1948
   14.1  1998   12.0  1927   11.8  1941   10.8  1952   10.9  1949   10.1  1974   10.6  1933   12.4  1938   11.0  1893   13.7  1933   13.2  1952   14.8  1921    40.2  1906    33.9  1950    33.6  1893    38.3  1951   142.2  1913
   14.1  2013   11.7  1928   11.7  1998   10.7  1904   10.5  1987    9.8  1920   10.6  1973   12.4  1926   11.0  1987   13.3  1911   13.2  1991   14.7  2006    39.9  1946    33.6  1987    33.5  2016    38.2  1929   141.9  1980
   14.1  2023   11.7  2016   11.5  1930   10.7  1898   10.4  1914    9.8  1938   10.5  1987   12.3  1898   11.0  2011   13.2  2024   13.0  1976   14.7  1983    39.9  2022    33.5  1901    33.4  1951    38.2  2009   141.8  1938
   14.0  1947   11.6  1911   11.5  1904   10.7  1973   10.4  1994    9.7  1993   10.5  2010   12.2  1967   11.0  1982   13.1  2008   13.0  1894   14.7  1951    39.6  1947    33.3  2012    33.2  1991    38.0  1893   141.5  2017
   13.8  2003   10.9  2018   11.4  2004   10.7  1918   10.4  1964    9.6  1952   10.5  1904   12.2  1904   10.7  2005   13.1  1986   12.9  1947   14.6  1895    39.2  1975    33.1  1926    33.2  1992    38.0  1949   141.4  1917
   13.7  1934   10.9  1967   11.3  1891   10.5  1948   10.3  1946    9.5  2004   10.5  1975   12.2  1929   10.7  1980   12.8  1925   12.8  1923   14.5  1936    38.6  1986    33.0  1928    33.0  1918    37.9  1966   141.3  1896
   13.7  1958   10.8  1988   11.1  1964   10.4  1903   10.3  1943    9.5  1959   10.3  1963   12.0  1997   10.7  2006   12.7  1958   12.7  2020   14.5  1928    38.5  1901    32.9  2002    32.9  1914    37.8  1925   141.1  1934
   13.6  1979   10.7  1999   10.9  1902   10.3  1916   10.2  1999    9.5  1929   10.3  2000   12.0  1978   10.6  2012   12.7  1983   12.6  1907   14.2  1969    38.3  1950    32.8  1962    32.8  2015    37.6  2015   141.1  1982
   13.6  1941   10.4  1899   10.8  1971   10.2  1969   10.0  1912    9.3  1922   10.2  2025   11.9  1988   10.6  1905   12.6  1926   12.6  2018   13.9  1974    38.2  1911    32.8  1921    32.7  1968    37.4  1895   141.1  1988
   13.3  2009   10.4  1939   10.8  2016   10.1  1978    9.9  1985    9.3  2008   10.2  2011   11.8  1966   10.6  1920   12.6  1994   12.6  1985   13.8  2025    38.1  1969    32.6  1989    32.4  2014    37.1  1996   140.8  1957
   13.1  1944   10.3  2025   10.7  1923   10.0  1991    9.9  2005    9.3  2005   10.1  1902   11.8  2017   10.4  2004   12.6  1988   12.5  1975   13.8  1964    38.1  1955    32.5  2004    32.0  1971    36.9  2024   140.7  1902
   13.0  1985   10.2  1948   10.6  2010   10.0  1949    9.8  2011    9.1  1901   10.1  1919   11.8  1906   10.4  1973   12.5  1968   12.5  2017   13.8  1980    38.0  2015    32.5  2005    31.9  1993    36.8  1934   140.7  1932
   13.0  1945   10.0  1984   10.6  1942    9.9  1895    9.8  1941    8.9  2022    9.9  1997   11.7  1977   10.3  1926   12.2  1912   12.4  1893   13.8  1893    37.8  1924    32.4  1978    31.9  2002    36.8  2005   139.8  1908
   13.0  1959    9.9  2005   10.3  2013    9.9  2014    9.6  1929    8.8  1891    9.9  1991   11.7  1965   10.2  1970   12.2  2025   12.4  2013   13.7  1948    37.6  1945    32.2  1940    31.3  1923    36.3  1999   139.1  1904
   12.9  2010    9.8  1919   10.3  1968    9.8  1987    9.6  2017    8.7  1937    9.9  2001   11.6  2000   10.1  1913   12.2  1979   12.4  1903   13.7  1899    37.3  2003    32.1  1959    30.5  2000    36.2  2014   139.0  1992
   12.8  1968    9.7  1903   10.0  1960    9.7  1928    9.5  1948    8.7  1969    9.7  1916   11.5  1953   10.1  1963   12.1  1943   12.2  1898   13.6  1967    37.1  1972    31.7  1942    30.3  2001    36.0  1894   139.0  1978
   12.7  1982    9.6  2006   10.0  1969    9.7  2006    9.4  1977    8.7  1950    9.5  1986   11.4  1893    9.9  1919   12.1  2011   12.1  2016   13.6  2022    37.1  2008    31.0  1955    30.3  1935    35.8  1965   138.9  1985
   12.6  1991    9.6  1907    9.9  2015    9.6  1936    9.4  1950    8.6  1906    9.5  1937   11.3  2009    9.8  1955   11.8  1910   12.1  1892   13.5  1950    36.7  1962    30.9  1912    30.3  1929    35.5  1914   138.7  2006
   12.6  1981    9.6  1991    9.9  2020    9.6  1900    9.4  1996    8.6  1903    9.5  1900   11.3  1939    9.8  1948   11.8  2010   12.0  1971   13.5  1894    36.6  1952    30.8  1933    30.3  2010    35.0  1902   137.7  2007
   12.5  1955    9.6  2015    9.9  2014    9.4  1911    9.3  1957    8.6  2013    9.5  1968   11.3  1969    9.7  2013   11.8  1959   11.9  1994   13.4  1977    36.3  1908    30.5  1973    30.1  1908    34.6  1958   137.5  1944
   12.4  1918    9.5  1979    9.8  1907    9.3  1902    9.3  2016    8.6  2000    9.3  1892   11.1  1980    9.7  1947   11.8  1992   11.9  1902   13.4  1972    36.2  2012    30.4  1939    30.0  1999    34.6  1977   137.5  2016
   12.4  1893    9.3  1992    9.7  1984    9.3  1990    9.3  1971    8.5  2014    9.2  1943   11.1  1909    9.7  1931   11.7  1941   11.9  1917   13.4  1904    36.1  1983    30.3  1896    29.8  1942    34.3  1995   137.3  1892
   12.3  1897    9.3  2004    9.6  1932    9.1  1944    9.2  1918    8.5  1934    9.2  1981   10.9  1968    9.5  1901   11.6  1905   11.9  1962   13.3  1898    35.9  1902    30.1  2015    29.6  1904    34.2  1919   137.1  1895
   12.3  2012    9.2  1987    9.6  1967    9.0  1896    9.2  2012    8.5  1989    9.2  1961   10.9  1996    9.3  1988   11.6  1977   11.8  1981   13.2  1976    35.8  1903    30.0  2013    29.4  1934    34.1  1957   137.0  1983
   12.3  1946    9.2  1947    9.5  2007    8.9  2009    9.1  1900    8.4  1957    9.2  1959   10.8  1914    9.2  1911   11.6  2009   11.7  1912   13.2  1990    35.5  1991    29.9  1993    29.4  1972    33.9  1979   137.0  1993
   12.2  2020    9.1  1982    9.5  1974    8.8  1891    9.1  1897    8.3  1960    9.1  1967   10.7  2018    9.2  1904   11.4  1963   11.7  2005   13.1  1961    34.8  1927    29.8  2019    29.2  1986    33.8  1990   136.9  1968
   12.1  1967    9.0  1944    9.5  2005    8.7  2002    9.0  1917    8.2  1914    9.1  1896   10.6  1945    9.0  1940   11.4  1948   11.7  1995   13.0  2003    34.8  1982    29.7  2021    29.2  1970    33.3  1899   136.8  1961
   12.0  1892    8.9  1901    9.5  1958    8.6  1915    9.0  1953    8.2  1919    9.0  2016   10.5  1994    9.0  1978   11.3  1936   11.6  1967   13.0  1982    34.4  1933    29.7  1935    29.0  1952    33.2  1993   135.9  1972
   12.0  1933    8.9  1905    9.5  2002    8.6  1967    8.7  2019    8.1  1913    8.9  1917   10.4  1919    9.0  2018   11.3  1927   11.5  1918   12.9  1981    34.4  1921    29.6  1941    28.7  1919    33.0  1942   135.5  2021
   11.8  1923    8.8  1953    9.2  2021    8.5  1945    8.6  1974    8.0  1981    8.9  1962   10.2  1901    9.0  1902   11.2  1993   11.4  2001   12.9  1940    34.3  2025    29.3  1958    28.5  1964    32.7  2011   135.3  1943
   11.8  1901    8.8  1973    9.0  1898    8.5  1943    8.5  1928    8.0  2009    8.9  2005    9.7  1987    8.8  1917   10.9  1957   11.4  1990   12.8  1989    34.3  1898    29.0  1945    28.5  1961    32.2  1991   134.7  1905
   11.7  1916    8.8  2019    8.9  1894    8.3  1996    8.4  1915    7.8  1979    8.8  1945    9.7  1918    8.7  1991   10.7  1999   11.2  1932   12.8  1954    34.2  1981    28.8  1895    28.4  2021    32.2  1983   134.6  1987
   11.7  2011    8.8  1902    8.7  2026    8.2  1960    8.4  1995    7.5  1893    8.8  2019    9.6  2016    8.7  1990   10.5  1914   11.2  1987   12.8  1957    34.1  1998    28.6  2009    28.3  1933    32.1  1931   134.4  1956
   11.6  2005    8.7  1920    8.7  1950    8.1  1941    8.3  1984    7.5  1951    8.7  1948    9.6  2005    8.6  2015   10.4  1970   11.1  1925   12.7  2024    34.1  1996    28.3  1949    28.3  1977    31.9  1997   133.9  1969
   11.6  1925    8.7  1943    8.5  2009    8.1  1906    8.2  2008    7.5  1970    8.7  1929    9.6  1944    8.6  2021   10.4  1991   11.1  1968   12.6  1947    34.0  1918    28.1  1936    28.2  1906    31.8  1908   133.7  1947
   11.4  1932    8.4  1983    8.5  1925    8.0  1988    8.1  1982    7.3  2024    8.6  1901    9.3  1970    8.4  1916   10.2  1956   11.0  1961   12.5  1973    33.8  2011    28.1  1911    28.0  1898    31.8  1975   133.4  1984
   11.4  2001    8.4  1976    8.4  1962    8.0  1946    8.0  1893    7.2  1984    8.5  2014    9.2  2002    8.2  1933    9.7  1964   11.0  2007   12.1  2014    33.8  1968    27.9  2003    27.9  2024    31.6  1986   132.9  2013
   11.3  1891    8.2  2009    8.4  1966    7.8  2003    7.9  1940    7.1  1994    8.5  1972    9.2  2024    8.0  1914    9.7  1945   10.6  1999   12.1  2007    33.7  1971    27.9  1954    27.9  1901    31.4  1962   132.9  1911
   11.3  2017    7.9  1949    8.3  1915    7.8  1921    7.9  2004    7.1  1930    8.4  1996    9.0  2021    8.0  2007    9.7  1955   10.3  1953   12.0  1944    33.6  1895    27.4  1995    27.7  2005    31.4  1948   132.5  1899
   11.3  2025    7.9  1981    8.0  1996    7.8  1955    7.8  1934    7.0  2021    8.2  1951    8.9  2013    7.7  2020    9.6  1915   10.3  2004   11.8  1962    33.6  1965    27.3  1982    27.3  2025    31.0  1953   132.4  1941
   11.0  1980    7.4  1962    8.0  1976    7.7  1942    7.7  1927    7.0  1918    8.1  1964    8.8  1964    7.7  1894    9.4  1919   10.2  1964   11.4  1902    33.6  1987    27.2  1918    27.0  1990    31.0  1901   132.1  1940
   10.8  1966    7.4  1968    7.7  2022    7.7  1981    7.6  1909    6.9  1904    8.1  1899    8.8  1911    7.5  1966    9.4  1950   10.2  1948   11.4  1995    33.5  1907    27.1  2017    26.7  1962    30.9  1933   132.0  2018
   10.4  2024    7.3  2013    7.6  1899    7.7  1914    7.5  1992    6.9  1895    7.8  1906    8.7  1989    7.5  1977    9.4  2017   10.2  1897   11.4  1903    33.5  1954    26.5  1953    26.6  1967    30.9  1910   131.2  1942
   10.3  1917    7.3  1956    7.6  1955    7.6  2013    7.3  1922    6.8  2001    7.6  1994    8.6  2007    7.2  1979    9.4  2003   10.1  1921   11.1  1970    33.3  2019    26.1  2007    26.2  1925    30.8  1898   131.0  1901
   10.1  1976    7.2  1913    7.4  1949    7.4  1956    7.3  2018    6.6  1899    7.4  1934    8.5  1993    7.1  1964    9.4  1953    9.9  1924   10.3  1892    32.5  1985    25.8  2022    26.1  2006    30.6  2021   130.5  1945
   10.0  1954    7.2  1964    7.3  1918    7.4  1892    7.2  1901    6.6  2023    7.4  1913    8.0  1920    7.0  1985    9.4  1937    9.8  1908   10.3  1968    32.1  2017    25.7  1991    26.0  1969    30.6  2016   130.2  1893
   10.0  1909    7.1  1924    7.1  2000    7.3  1933    7.1  1978    6.5  1986    7.4  1928    7.9  1913    6.6  1949    9.3  1973    9.6  2011   10.0  1927    32.0  1917    25.7  1996    25.8  1979    30.5  2018   129.4  2022
    9.7  1996    7.0  1938    7.0  1946    7.2  1929    7.0  2010    6.5  1988    7.1  1905    7.9  1984    6.6  1969    9.2  2015    9.4  1934    9.9  1992    32.0  2023    25.6  1900    25.6  1932    30.0  1912   129.1  1990
    9.5  1949    7.0  2003    6.9  1900    7.2  2019    7.0  1944    6.5  1983    7.0  2006    7.9  1949    6.5  1900    9.1  1899    9.2  2024    9.8  1932    31.8  1914    25.6  1948    25.6  1947    29.6  2003   128.8  2011
    9.3  1902    7.0  2008    6.8  1892    6.8  2015    6.9  2023    6.5  2015    7.0  2013    7.8  1973    6.5  1915    8.9  2018    9.2  1978    9.6  2005    31.8  1953    25.5  1971    25.3  1994    29.6  1941   128.8  2010
    9.1  1940    6.9  1971    6.8  1997    6.1  2022    6.8  1975    6.3  1915    6.8  1995    7.8  1975    6.4  1997    8.7  1920    9.2  1904    9.5  2004    31.1  1949    25.5  1961    25.3  1996    29.6  1956   128.1  2005
    9.1  1914    6.8  1917    6.8  1956    6.0  2010    6.6  2001    6.3  1908    6.6  1949    7.7  1998    6.3  1989    8.6  1908    9.1  1899    9.2  1941    31.1  1959    25.3  1915    24.5  1937    29.2  1959   128.1  1997
    8.9  1989    6.7  1975    6.6  1945    5.9  1958    6.5  1911    6.2  2010    6.5  1971    7.5  1935    6.2  1928    8.5  1971    9.0  1933    9.2  1913    31.0  2005    25.3  1892    24.5  2013    29.0  1897   127.5  1898
    8.9  1935    6.5  1963    6.4  1935    5.4  1971    6.4  1935    6.2  1961    6.5  1952    7.5  1990    6.2  2003    8.4  1997    9.0  1915    9.1  1987    31.0  1993    25.3  1957    24.3  2003    28.8  1937   126.3  1962
    8.9  1929    6.5  1952    6.3  1924    5.4  2020    6.4  1961    6.0  1992    6.3  1897    7.0  1932    6.1  1912    8.0  1921    8.9  1973    9.0  2001    30.8  1973    25.2  1946    24.3  1940    28.6  1973   124.5  1929
    8.7  1908    6.3  1929    6.0  2003    5.3  1995    6.3  1939    5.9  1996    6.0  1921    7.0  1899    5.8  1906    7.9  1904    8.7  1993    9.0  2008    30.7  1909    24.8  1976    24.1  1973    28.6  1988   124.3  1995
    8.7  2019    5.8  2012    5.9  1910    4.8  2025    6.2  1936    5.8  1973    6.0  1969    7.0  2025    5.6  1996    7.5  1995    8.5  1922    8.9  1917    30.6  1940    24.7  1980    24.0  1959    28.4  1989   122.6  1959
    8.6  2000    5.7  1930    5.9  1926    4.7  2017    6.1  2025    5.6  1995    5.9  1990    6.9  1933    5.5  1939    7.4  2016    8.3  1955    8.9  1939    30.5  2009    24.0  1960    23.5  1913    27.8  1955   121.3  2025
    8.5  1973    5.5  1942    5.9  1973    4.6  1982    6.1  1998    5.3  1923    5.8  2018    6.8  1936    5.2  1921    7.1  1922    8.3  1937    8.9  1931    30.5  1944    23.7  1943    23.2  1921    27.4  1922   121.3  1975
    8.1  1907    5.1  1998    5.8  1990    4.5  1997    6.0  1919    5.3  1967    5.6  1984    6.2  1937    5.1  1971    6.8  1946    8.2  1989    8.8  1953    30.0  1905    23.6  2010    22.6  1911    27.4  1920   120.8  1953
    8.0  1911    5.0  1909    5.6  1948    4.2  1976    5.8  1960    5.1  1941    5.5  1935    6.2  1972    4.7  1895    6.8  1897    8.2  2021    8.4  1943    29.7  1929    23.5  1997    22.5  1989    27.3  1947   120.6  1955
    7.9  2022    5.0  1896    5.1  1993    3.9  1954    5.7  1959    4.9  2006    5.4  1976    5.5  2022    4.7  1907    6.5  1931    8.2  1958    8.3  2016    29.6  1989    21.2  1984    22.5  1975    27.1  1969   120.4  1933
    7.8  1905    4.4  1965    5.0  2012    3.5  1980    5.4  1956    4.8  1962    5.3  1977    5.5  1991    4.5  1972    6.3  2007    8.1  1920    8.2  2010    28.8  1942    21.0  1974    22.1  1981    27.1  1964   120.0  1991
    7.5  1896    4.4  2023    4.9  1943    3.2  1984    5.4  1970    4.5  1940    5.3  1989    5.4  1955    4.4  2009    6.2  1975    8.0  1956    8.1  1996    27.7  1997    19.9  1944    21.6  1899    26.4  1945   118.7  1996
    7.1  1950    4.3  1985    4.7  1953    3.1  2021    5.2  1980    4.5  1949    5.3  1983    5.3  1959    4.3  1929    6.1  1962    7.5  1901    7.8  1988    27.0  1896    19.6  1956    20.7  1984    26.3  1904   118.1  1989
    6.8  2006    3.9  1986    4.6  1931    3.0  2011    4.6  1895    4.2  1975    5.3  1979    4.9  1981    4.0  2002    6.0  1951    7.5  1957    7.4  1971    26.0  2006    19.5  1990    19.7  2022    25.6  1971   117.6  1949
    6.6  1898    3.4  1993    4.2  2011    2.9  1974    4.5  1905    3.9  1932    5.2  2022    4.8  1983    3.9  1898    5.8  1985    7.4  1909    7.1  1905    25.3  1976    18.9  1929    19.5  2018    25.4  1985   117.3  1976
    6.4  1953    2.9  1895    4.2  1893    2.9  1957    4.5  1990    3.6  1976    5.1  1982    4.1  1940    3.6  1941    5.5  1965    6.9  1942    6.7  1975    24.6  1963    17.7  1938    19.3  1955    25.2  2007   116.7  1964
    6.3  1963    2.6  1932    4.1  1938    2.5  1893    4.0  1989    3.5  1942    4.7  1898    3.1  2003    3.5  2014    5.3  1972    6.7  1988    6.6  1991    22.9  1932    17.6  2020    18.9  1949    25.0  1915   115.7  2003
    6.2  1964    2.4  1959    3.8  1944    2.1  1912    3.6  1991    3.1  2018    4.6  1999    3.0  1995    3.2  1910    4.7  1947    6.6  1896    6.3  1926    21.8  1934    17.0  2011    16.6  1983    23.6  1972   113.3  1921
    6.0  1987    2.3  1934    3.6  2025    2.0  2007    2.8  1896    2.9  1921    3.6  1911    2.8  1976    2.8  1986    4.7  1978    6.0  1983    6.0  1963    21.7  1992    14.6  1893    15.4  1995    23.3  1921   113.1  1971
    5.8  1992    1.9  1921    3.4  1961    1.8  1938    2.4  2020    1.1  1925    3.2  1955    2.3  1947    1.5  1959    4.7  1969    5.1  1945    5.7  1933    19.3  1964    14.5  2025    11.8  1976    22.9  1978   113.0  1973
    4.2  1997    0.8  1891    2.0  1929    ---  2026    ---  2026    ---  2026    ---  2026    ---  2026    ---  2026    ---  2026    ---  2026    ---  2026     ---  1891     ---  2026     ---  2026     ---  2026     ---  2026
