Areal values from HadUK-Grid 1km gridded climate data from land surface network
Source: Met Office National Climate Information Centre
Monthly, seasonal and annual total duration of bright sunshine for England and Wales
Areal series, starting in 1910
Last updated 01-Apr-2026 11:35
    jan  year    feb  year    mar  year    apr  year    may  year    jun  year    jul  year    aug  year    sep  year    oct  year    nov  year    dec  year     win  year     spr  year     sum  year     aut  year     ann  year
   77.9  2022  118.0  2019  183.4  2025  241.7  2025  297.6  2020  285.2  1957  292.0  1911  269.0  1995  192.4  1959  134.4  1959   91.5  2006   75.0  2001   218.2  2015   687.4  2025   748.7  1976   378.2  1959  1801.0  2025
   76.4  1959  116.6  2008  176.2  1929  234.3  2020  265.5  1989  277.6  1940  283.9  2006  268.9  1947  188.2  1911  131.3  1921   90.3  2005   69.6  2014   217.4  2000   686.2  2020   724.6  1989   375.6  1971  1720.0  2003
   74.1  2001  106.1  1949  167.6  2022  229.1  2021  262.3  2025  268.2  1975  272.6  2013  251.7  1976  184.0  1914  130.1  2003   85.9  1988   66.1  2008   214.7  2023   596.3  1948   722.3  1911   364.8  2003  1710.7  2022
   73.6  2023  105.6  1988  165.6  2003  222.6  1914  251.1  2018  262.5  1925  266.2  2018  236.4  2022  178.4  1929  128.7  1919   83.7  1925   65.7  1962   213.0  1949   584.0  1990   694.1  1995   353.5  1921  1710.2  1995
   72.1  1952  100.9  2018  165.2  2012  220.1  2015  247.6  1992  255.0  1960  265.9  1955  232.0  1989  176.3  1964  128.3  2018   83.3  1989   61.1  2009   212.8  2008   556.8  1929   688.9  1975   349.0  1999  1699.6  1989
   70.7  2003   97.1  1970  160.5  1933  218.1  1984  246.6  1948  253.8  2023  262.4  1990  219.5  1975  173.9  1928  128.1  1997   82.8  1996   58.0  1946   212.6  2019   554.1  2011   676.1  2018   346.2  1986  1683.6  1949
   68.0  2025   95.2  2003  158.7  1948  216.8  2011  245.2  1990  250.1  1969  260.8  1989  219.1  1911  172.4  1991  127.7  1971   81.9  1923   57.3  1999   208.6  2018   546.3  2003   672.5  1959   345.1  2018  1681.8  1959
   67.4  2024   93.6  2000  156.3  1995  216.6  2007  236.4  1956  246.9  1949  253.2  1934  217.8  1933  169.2  1933  126.8  2022   81.9  1971   57.0  2022   206.0  2001   537.4  1995   670.6  1949   344.2  1929  1672.4  2018
   67.0  2015   91.9  1934  154.3  2020  216.5  1912  236.0  1922  244.7  2018  252.4  1976  215.4  1983  168.4  2015  122.9  1999   81.6  1973   56.8  2005   205.5  1963   537.0  1921   664.8  2022   344.0  1964  1657.6  1911
   66.6  2012   91.0  2016  153.0  2007  206.3  1942  233.6  1997  244.6  1976  248.4  1935  211.2  1990  167.1  2003  122.1  2008   81.4  1977   56.4  1961   203.5  1952   536.3  2007   659.4  2006   341.1  2006  1654.1  1990
   66.6  1991   90.0  1989  152.6  1967  204.6  1990  231.9  1943  238.9  1970  243.3  2014  208.7  2005  166.2  1915  120.3  1995   80.0  2017   56.2  1929   199.9  2003   534.1  1956   654.5  1933   339.4  1911  1650.5  2020
   66.5  2000   88.9  1998  152.4  2009  200.4  2010  227.8  2023  238.6  1950  240.8  1928  208.1  2003  166.0  1971  118.3  1917   79.7  2016   56.0  2025   191.4  2002   533.1  2009   648.9  1996   335.0  1928  1640.0  1921
   65.5  1965   88.3  2004  151.5  1955  198.8  1921  227.7  1921  238.5  1996  238.9  1984  208.0  1991  164.6  1986  118.1  1931   78.5  1985   55.9  1967   190.4  1989   532.3  1982   638.0  2013   329.4  1997  1630.6  1929
   65.0  1984   86.7  1996  147.3  1924  191.0  1948  226.7  1929  237.6  2010  236.8  1959  206.4  1959  163.9  1940  117.7  1955   77.8  1915   55.3  2019   190.2  2004   529.3  2010   636.7  1984   327.2  1996  1610.8  1955
   64.1  1940   86.3  2001  145.8  1910  190.9  2003  226.5  2001  236.4  1962  234.1  1921  204.6  2016  163.8  2020  116.8  1922   75.9  2013   54.3  2012   190.0  2014   526.9  2015   635.2  1940   326.0  1923  1603.1  1933
   63.9  1963   85.4  2014  143.8  1982  189.8  1945  226.0  1977  231.8  1989  233.6  1971  204.2  1998  162.6  1921  115.4  1994   74.8  1947   54.0  1948   189.2  2022   524.1  1997   633.5  2014   324.8  1955  1591.1  2006
   63.1  1994   84.1  2023  141.6  2026  188.8  2002  223.7  1980  229.3  1959  233.1  1999  201.1  2019  162.4  2019  115.4  2010   73.7  1965   53.3  1976   188.7  1933   523.5  1943   628.8  2025   324.1  1947  1588.5  2019
   61.6  1989   83.1  1928  138.9  1961  186.4  1969  223.5  1971  229.2  1921  232.5  1983  199.9  1919  157.7  1979  113.1  1920   73.2  1975   53.2  1965   188.5  1988   520.0  2022   624.6  1935   323.6  2016  1575.1  2014
   61.1  1933   82.9  1943  138.8  2014  184.1  1951  223.3  1959  228.9  1914  225.2  1995  199.2  1949  156.5  1954  112.2  2011   73.1  1986   53.1  2017   187.7  1934   514.4  1955   622.2  1934   323.5  2007  1565.8  1975
   60.1  2017   82.3  1939  138.5  1938  183.7  2022  223.2  1919  227.2  1942  224.5  1949  199.0  1923  155.5  2006  110.5  2016   72.4  1998   52.6  2003   187.2  2020   513.9  1953   616.3  1955   323.1  1975  1565.6  2007
   60.0  2007   81.7  2022  137.8  1931  183.6  1946  222.3  1949  226.5  2006  221.5  1997  198.7  2025  155.1  2004  110.3  1961   72.4  1910   52.6  2004   186.5  1962   508.7  2021   614.3  1983   321.8  1988  1564.5  2015
   59.9  1931   81.5  2015  137.2  2011  182.6  1954  217.1  1966  226.0  1951  220.5  1996  197.9  2007  155.0  1999  109.9  1965   72.2  1969   52.3  1984   185.2  2012   504.3  2019   612.4  1921   321.8  1979  1553.5  2010
   59.6  1980   81.4  1933  136.0  1956  181.3  1916  216.3  1915  225.3  2025  219.4  1994  196.1  1953  154.8  1923  109.7  1964   71.9  2023   52.2  1994   181.9  1998   503.3  1949   612.0  1947   319.9  1919  1552.7  1976
   59.4  1962   80.8  1952  134.2  1990  178.9  2017  215.4  1940  221.9  1973  218.7  1933  195.0  1955  154.6  2025  109.5  1951   71.1  1999   52.2  2013   180.3  2005   501.9  2016   608.3  1928   319.5  2005  1552.5  2009
   59.3  2010   79.4  1999  133.9  1953  176.9  2019  214.9  1982  221.2  2015  211.2  1929  191.6  1935  154.4  1997  109.2  1981   69.8  1972   51.7  1952   179.8  2010   501.3  1989   605.0  1969   318.3  1995  1544.1  1997
   58.7  1999   79.2  1957  133.5  1972  174.6  1995  214.6  2005  220.0  1918  210.1  2022  191.5  1984  153.9  2002  109.1  1956   69.4  2025   51.4  1925   178.5  1985   499.3  2017   595.5  1994   317.1  2010  1542.5  1943
   58.6  1979   79.2  1955  133.4  1973  173.7  1982  211.6  2009  219.8  1930  209.0  1969  190.6  2000  153.6  2012  109.1  1930   69.2  2007   51.4  1980   177.2  2009   493.0  1922   595.0  1990   317.1  2011  1539.4  1999
   58.6  1967   78.4  1967  130.3  1943  172.4  1968  211.0  1918  218.3  2022  208.9  1941  189.9  1996  153.1  1934  108.4  1986   68.8  1978   51.2  1917   177.1  1999   488.0  2012   590.3  2003   316.8  1914  1534.6  2016
   58.0  1910   78.0  1922  127.3  2015  171.6  1938  210.9  1935  218.0  1933  205.8  1917  188.6  1926  152.2  1955  107.7  1975   68.3  2010   51.1  1957   176.4  2006   485.7  1945   586.2  1950   315.0  2012  1533.6  2011
   57.2  2026   77.6  1985  127.0  1965  170.2  1939  209.8  1953  217.5  1939  204.8  2025  187.4  1964  150.6  2023  107.7  1962   68.2  2021   51.1  1973   175.9  1967   484.0  1914   585.5  1925   314.4  2023  1529.7  2023
   56.4  2009   77.3  2020  126.9  1944  170.2  1953  209.4  2016  215.3  1961  204.4  1943  186.9  1944  150.0  2018  107.6  1996   67.6  2003   51.0  1983   174.9  2007   483.4  1946   585.4  1918   312.3  1973  1527.2  2001
   56.1  2005   77.0  1910  126.9  1945  169.2  2016  207.6  1911  214.0  1967  202.3  1918  186.3  1930  149.9  1981  107.1  2007   66.8  2012   50.9  1960   174.9  1984   481.2  1942   582.8  1929   311.7  1933  1521.1  1940
   55.4  1934   76.8  1960  126.0  1997  169.1  2009  206.7  1944  213.7  1917  201.4  2021  185.6  1981  149.5  2005  107.0  1993   66.8  2018   50.8  1986   171.9  1995   479.9  2002   577.1  1941   309.4  2022  1520.3  2013
   55.4  1986   76.8  1973  125.9  2019  168.2  1980  206.6  1995  212.4  1915  201.2  1975  184.8  1914  147.2  2007  106.3  1912   66.7  1930   50.7  2016   170.1  2016   478.1  1915   575.6  1951   308.9  1915  1516.8  2005
   54.6  2020   76.0  1963  124.5  2010  166.8  2013  206.5  1957  211.2  1911  198.5  2019  184.8  2014  145.4  2011  106.3  1983   66.6  1918   50.7  1979   169.5  1991   477.7  1944   574.3  1999   308.2  1940  1512.3  1914
   54.6  2018   75.7  1920  123.2  2016  166.2  1949  205.8  1961  211.2  1922  198.0  1967  184.5  1937  145.3  1990  106.1  1947   66.6  1995   50.5  1951   168.7  1956   473.7  1980   572.5  2005   307.9  1981  1508.4  1984
   54.5  1954   75.2  2002  122.5  1950  165.5  1994  204.4  2004  209.1  2003  197.7  1951  183.5  1993  144.9  1987  105.7  1929   66.5  1952   50.5  1936   168.3  2013   470.0  1938   569.2  1930   305.3  1991  1507.4  1935
   54.4  1928   74.8  1990  119.8  2017  164.5  1997  204.4  2010  209.0  1929  195.8  1924  183.4  1997  144.2  1949  105.3  1980   66.3  1913   50.1  2007   168.3  1959   469.7  1977   568.8  2023   304.5  1985  1506.6  1996
   54.0  2019   74.0  1936  119.1  1918  163.6  1955  203.8  1998  208.0  1994  193.4  1977  182.5  1940  144.2  1919  103.9  1928   66.3  2001   49.5  1996   168.2  1994   469.0  1910   568.0  1914   303.6  1949  1493.7  1948
   53.9  1956   73.7  1986  118.9  1932  161.7  1956  201.5  2019  207.9  1992  191.3  1946  182.1  2013  143.8  1953  103.5  2001   66.2  1967   49.4  1944   167.0  1939   463.1  2008   567.2  1967   302.7  1990  1493.0  1928
   53.2  1990   73.5  1956  118.5  1968  161.3  1943  200.6  2017  206.3  1984  189.8  2001  182.1  1972  143.2  1947  103.1  1952   65.0  2009   47.9  2010   166.8  1987   462.9  1959   566.4  1957   302.0  2002  1483.5  2017
   52.9  1949   73.3  2021  117.8  2000  159.8  1960  200.2  2011  205.6  1919  189.4  1985  181.2  1974  142.7  2009  102.8  1987   64.5  1943   47.5  1970   165.3  1981   461.4  1935   566.3  1970   301.5  1925  1483.3  1973
   52.7  1918   73.2  1915  117.7  2008  159.4  2006  199.6  1942  205.4  2014  186.8  1953  180.2  2024  142.3  1978  102.6  1938   64.4  1948   47.1  1949   164.9  1945   461.0  2023   560.9  2024   299.6  1961  1482.8  1934
   52.4  1911   73.0  1983  117.7  1962  158.7  1952  199.5  1910  204.8  1932  185.6  2016  177.5  1936  142.2  1975  101.9  1941   63.3  1961   47.0  2011   164.6  1986   455.9  1957   560.7  2019   299.4  2021  1479.8  2008
   52.4  2014   71.6  2012  115.8  1966  158.7  1922  199.5  1952  204.2  1941  185.2  1991  177.1  1973  141.6  1973  101.8  1936   63.3  1938   46.6  1926   164.3  1930   455.0  1912   560.5  1960   297.9  2004  1476.1  1952
   52.0  1987   71.6  2005  115.5  1986  158.1  1977  199.3  1978  203.9  2024  184.8  2008  177.1  2001  141.2  1966  101.4  1979   62.8  1976   46.6  1964   164.0  1928   455.0  2018   559.9  2015   297.8  1943  1475.0  2021
   52.0  1982   71.5  1946  114.9  1949  158.0  2023  199.3  1955  200.6  2009  183.5  2015  174.9  1928  141.0  1937  100.9  1977   62.7  1979   46.2  1932   163.5  2017   454.1  1973   558.8  2001   297.6  1987  1470.7  2004
   51.9  2006   71.2  2013  114.0  1920  156.8  1915  195.6  2012  199.9  1995  183.3  1925  174.0  1961  139.5  1982  100.8  1969   61.6  1940   45.9  1963   162.8  2025   454.1  2014   555.3  1973   297.1  2009  1468.9  1994
   51.9  2011   70.6  1962  113.9  1978  156.5  1957  195.3  1975  199.5  1986  182.0  1923  173.7  1988  138.2  2021  100.6  1926   61.5  1957   45.6  2000   161.7  1997   453.9  1933   555.3  1961   297.0  1978  1467.4  1967
   51.4  1998   70.5  2007  113.5  1940  156.1  1936  195.2  1974  198.5  2008  181.9  1950  173.6  2017  137.2  1988   99.5  1949   61.5  1960   45.2  1938   161.2  1977   453.7  1918   553.6  1917   296.2  2019  1465.2  1915
   51.4  1923   70.2  1995  113.0  1994  154.5  1987  194.9  1917  198.3  2004  181.1  2017  173.5  2004  136.9  1996   99.4  1985   61.2  1990   45.0  1954   160.8  1968   452.2  1939   552.2  1943   295.9  2015  1460.9  1925
   51.4  1988   68.9  1914  112.4  2002  154.4  1999  194.2  2000  197.4  1943  181.0  1964  172.1  2009  136.4  1935   99.3  2024   60.8  1937   44.5  2006   160.2  1983   450.2  2000   551.5  1926   295.8  1989  1457.7  1953
   51.0  1992   68.8  1948  112.2  1993  154.4  1927  193.4  1946  197.2  1934  179.1  1963  171.8  1934  136.1  1963   99.2  1945   60.1  1911   44.3  1990   160.0  1943   449.7  2001   550.1  2009   295.4  1917  1457.1  1970
   50.9  1945   68.2  1921  112.0  1935  154.3  1962  193.3  1939  196.3  2011  178.7  2007  171.5  1965  135.0  1943   98.7  1988   60.0  2020   44.0  1974   159.8  1974   449.7  1927   549.8  1919   294.4  1980  1454.5  1957
   50.8  1947   67.9  1968  111.8  2021  154.0  1976  193.2  1988  194.8  1920  177.5  1979  169.4  1952  134.7  1942   98.4  1943   60.0  1929   43.8  1935   159.5  1918   449.1  1974   543.8  1993   293.2  2025  1452.7  1961
   50.7  1932   67.7  2006  110.4  1921  153.9  1974  192.8  1934  192.5  1928  177.4  2009  169.2  1966  134.5  1970   98.1  1939   59.8  1949   43.4  2020   159.0  1955   447.6  1952   540.5  2010   292.7  1977  1452.6  1918
   50.0  1958   67.6  2025  110.3  1927  153.9  1929  192.3  2008  192.4  1974  176.8  2024  168.1  1970  134.1  1944   97.0  1998   59.5  1921   43.2  1943   158.3  1970   447.2  1950   539.2  2017   292.3  1954  1450.8  1986
   49.9  1978   67.3  1932  110.2  1970  153.6  1973  190.1  1970  192.2  1993  176.8  2011  168.1  1994  134.1  2014   96.8  1950   59.5  2011   43.0  1981   158.3  1946   445.8  2004   536.9  2004   292.0  2008  1444.7  1919
   49.5  1995   67.2  1925  108.7  1985  153.2  1950  189.8  1920  191.9  2001  175.8  2005  165.9  1916  133.7  1939   96.4  1970   58.6  2022   42.6  1991   157.6  1920   444.9  1919   536.8  1997   291.2  2020  1444.1  1971
   49.3  2004   67.1  1981  108.0  1958  153.1  2008  189.8  2003  191.6  1963  175.2  1940  165.7  1950  133.4  2010   96.1  1990   58.5  1980   42.3  1993   157.6  2021   444.7  1940   536.4  1915   290.6  1930  1441.2  1947
   49.1  1946   65.8  1971  107.9  2004  148.9  1947  188.7  1964  191.4  2021  175.0  1952  165.2  2018  133.4  2016   95.4  1927   58.3  1922   42.0  1923   157.3  1992   444.6  1992   535.2  1952   288.9  1998  1439.3  1951
   48.9  1930   65.5  1916  106.4  1976  148.5  1925  188.1  1987  191.0  1926  173.2  2003  164.0  1941  132.0  1918   94.8  2004   58.0  1920   42.0  1911   157.0  1922   444.3  1984   533.1  1974   288.8  1952  1434.6  1950
   48.7  1924   65.2  1997  106.4  1946  148.3  1991  187.9  2013  190.8  1952  172.8  1942  163.6  2023  131.5  1995   94.6  1984   57.9  1964   41.8  1914   156.7  1936   443.0  1968   530.8  1953   288.5  1965  1430.6  2000
   48.7  1985   65.0  1975  106.0  1999  147.1  1965  186.5  1986  188.9  1968  172.8  1945  163.0  1918  131.0  1974   94.6  2012   57.5  1914   41.7  1992   155.7  1958   442.3  1924   530.1  1942   284.9  1970  1430.1  2012
   48.3  1920   64.6  1945  105.9  1930  146.4  2014  185.0  1927  188.8  1913  172.3  1948  162.6  1929  130.6  1917   94.1  2006   57.4  2000   41.5  1997   155.1  1932   441.8  1961   528.0  1991   284.2  1972  1419.4  1988
   48.2  1976   64.4  1941  105.8  1934  146.3  1958  184.8  1963  188.4  1938  172.0  1926  161.8  1932  130.5  1980   93.5  1925   57.4  1951   41.3  1955   155.0  2026   440.7  1987   526.4  1992   283.4  2001  1418.8  1962
   47.9  1974   64.1  1969  105.0  1915  146.2  2005  182.4  1960  188.0  1999  170.4  1958  161.7  1979  126.6  1985   93.3  2002   57.2  1928   40.8  1924   154.4  1990   440.3  2005   525.3  2007   282.2  2013  1416.6  2002
   47.9  1935   64.0  1950  104.1  1941  144.9  1959  180.9  1936  187.9  2005  170.2  1915  160.4  1992  126.0  1961   93.0  2021   56.6  1927   40.7  1975   153.6  1980   437.8  1911   523.1  2021   281.3  1937  1416.4  1982
   47.0  1997   63.9  1987  102.7  1913  144.1  1944  179.6  2015  184.6  1935  169.3  1916  158.8  1945  126.0  1989   92.7  1958   56.4  1956   40.7  1982   153.0  1915   437.4  1962   521.6  2016   280.5  1953  1415.3  1922
   46.9  1981   63.7  1992  101.5  1963  142.3  1933  179.2  1996  184.5  2017  168.2  1993  158.7  1939  124.8  1910   92.5  1944   56.3  1993   40.7  2018   152.3  1953   436.0  1965   520.9  1962   280.2  2014  1407.7  1977
   46.8  1957   63.7  1911  101.3  1989  139.9  1924  178.7  2002  183.5  1945  168.1  1987  157.9  2012  124.4  1925   92.0  2023   56.2  1982   40.6  1995   150.4  1961   433.9  2013   517.3  1939   279.8  1922  1406.7  1917
   46.5  1983   63.6  1951  100.0  1974  139.3  1917  178.2  1937  183.4  2013  167.0  1982  157.6  2002  124.0  2022   91.9  1967   55.9  2008   40.5  1933   150.1  1973   433.3  1967   516.8  1923   279.1  1948  1404.6  1956
   46.1  2008   63.1  1938   99.6  1937  138.5  1935  178.1  1979  179.2  1947  166.0  1961  156.9  1982  123.3  1948   91.8  1972   55.8  1992   40.3  1928   149.8  1979   433.1  1951   515.9  2011   279.1  2017  1403.8  1942
   45.9  1977   62.8  1994   98.9  1954  138.2  2000  176.3  1958  178.6  2020  165.0  2004  156.5  1960  123.0  1960   91.4  2015   55.6  2014   40.1  1950   149.7  1937   432.5  1971   515.1  1945   278.9  1938  1403.4  1939
   45.8  2016   62.2  1953   98.8  1926  138.2  1911  173.7  1913  177.9  1910  164.2  1972  156.3  1985  122.5  1972   91.3  1948   55.2  1933   39.6  1972   149.4  1965   431.4  1954   513.0  2000   278.8  1920  1402.5  1974
   44.9  1927   62.1  1977   98.4  1922  137.7  1983  173.1  1947  175.5  1965  163.9  1947  156.3  2020  122.1  1958   91.2  1913   55.2  1950   39.4  1940   149.4  1971   430.5  1958   512.4  1964   278.0  1966  1402.3  1969
   43.6  1916   61.2  1944   98.0  1987  134.7  1972  172.0  1993  173.6  1927  163.3  2002  155.1  1967  121.7  2013   91.0  1911   55.1  1935   39.1  1939   149.2  1925   430.0  1970   511.8  1985   277.3  1935  1388.9  1960
   43.5  1951   61.0  1913   97.5  1925  134.4  1989  171.5  1950  170.6  1937  163.3  1986  155.1  2015  121.6  1926   90.6  1992   55.1  1954   39.1  1998   148.2  1931   429.9  1986   505.9  1979   275.0  1913  1386.9  1992
   42.9  1943   60.8  1974   96.7  2006  133.7  2001  171.1  1914  168.3  1936  163.1  1930  154.3  1931  120.0  2024   90.4  2014   54.9  1955   39.0  1966   147.9  1996   428.3  1994   503.8  1971   274.2  1967  1385.6  1945
   42.8  2013   60.7  1959   95.0  2024  133.4  2004  170.2  2006  168.1  1988  163.1  1966  153.9  1915  119.5  1998   90.0  2000   54.8  2002   38.9  1988   147.4  2011   426.9  1917   502.7  1924   273.9  2024  1384.6  1979
   42.5  1964   60.3  1937   94.7  1959  133.2  1988  169.6  2024  167.8  1924  162.9  2020  153.2  1927  119.1  1952   89.5  1953   54.7  2024   38.8  1977   147.3  1950   426.7  1978   498.6  1977   273.1  1951  1380.5  1983
   42.1  1938   60.0  1954   94.4  1923  133.1  1928  169.5  1926  167.6  1946  159.6  1974  153.1  1999  118.1  1932   89.4  2009   54.0  1970   38.0  1941   147.1  1951   426.4  2006   498.3  1946   272.9  1918  1379.6  1946
   41.9  1919   59.6  1961   94.3  1919  131.5  1996  169.0  1945  166.7  1979  159.3  1970  152.3  1913  117.5  1913   89.3  1923   53.4  1931   38.0  1921   146.8  1911   426.1  1976   497.8  2020   272.9  1939  1376.3  1938
   41.3  1925   59.4  2010   92.9  1957  131.4  1981  168.8  2014  166.5  1983  158.8  1956  152.3  1962  116.5  2017   89.2  1932   52.5  1942   37.7  1945   146.7  1964   425.0  1966   496.9  1966   272.6  1969  1376.2  1985
   41.2  2002   59.1  1930   92.7  1917  129.6  1970  168.7  2022  166.0  1985  158.4  2000  151.9  1987  116.1  1967   89.1  1973   52.3  1966   37.1  1931   146.6  2024   422.0  1934   496.2  1963   271.7  1931  1374.9  1923
   41.1  1922   59.0  1931   92.0  1911  128.8  1923  168.0  1925  164.9  1978  158.4  2012  151.8  1951  114.9  1968   87.3  1933   52.3  1963   36.6  1922   146.5  1982   420.8  1999   496.0  2008   271.5  1942  1374.3  1991
   40.8  2021   58.8  1984   91.3  1971  128.1  1975  167.8  2021  164.6  1966  158.1  1992  150.4  1943  114.9  1930   86.6  1989   52.0  1916   36.2  1913   146.4  1954   420.4  1972   495.3  1932   271.2  1944  1374.2  1964
   39.9  1961   58.6  1991   91.0  1988  128.0  1986  167.2  1984  164.0  2000  156.2  1973  150.3  2010  114.5  1962   85.9  1978   51.6  1974   35.6  1985   146.4  1957   417.4  1988   494.8  1986   270.3  1926  1372.2  2024
   39.7  1926   58.6  1979   90.2  1914  127.5  1985  167.1  1973  163.3  2002  154.2  1914  149.5  1977  114.4  2000   85.8  1935   51.4  1959   35.5  1916   145.8  1975   414.0  1960   493.5  1998   269.3  1910  1370.5  1910
   39.7  1972   58.4  1964   89.6  2001  127.3  1919  166.7  2007  161.5  1944  152.6  2010  149.1  1921  114.1  1912   85.6  2019   51.1  1991   35.2  1920   144.9  1927   413.9  1925   492.6  1972   267.9  1963  1366.1  1980
   39.6  1929   55.7  1918   89.4  1952  127.2  2012  166.6  1916  161.0  2019  151.3  2023  149.1  1938  114.0  2008   84.9  1974   49.9  1936   34.3  1942   144.1  1960   412.9  1916   486.9  1922   267.8  1934  1365.0  1998
   39.5  1939   54.6  2009   88.7  1939  126.8  2024  165.6  1976  159.6  1931  150.7  1998  149.0  2006  113.5  2001   84.6  2013   49.8  1987   34.1  2002   142.9  1924   411.3  1975   485.6  1981   267.5  1974  1364.6  1930
   39.0  1937   54.6  1958   87.8  1975  125.5  1979  165.4  1962  158.5  1948  149.6  1981  148.5  1956  113.0  1938   84.4  1966   49.1  1984   33.8  1968   142.1  1944   409.4  1931   484.2  1988   267.0  1994  1356.7  1944
   38.9  1936   54.5  1919   87.2  1951  125.4  1932  164.2  1923  155.7  1980  148.9  1960  145.9  1969  112.9  1992   84.3  1942   48.9  1924   33.7  1919   141.2  1941   404.8  1936   484.2  2002   264.8  1962  1353.0  1963
   38.6  1948   53.4  1927   87.2  1912  123.7  1910  162.5  1931  155.6  1977  148.7  1922  142.8  2011  112.5  1924   84.1  1924   48.8  1981   33.3  2015   140.1  1978   403.1  1963   479.8  1937   264.6  1993  1343.6  1965
   38.5  1953   52.7  2017   85.5  1977  123.7  2018  162.0  1985  155.4  1955  146.9  1910  142.1  1978  110.8  1916   83.9  1957   48.2  2019   32.7  1937   139.7  1916   403.1  1998   478.8  1936   262.9  1982  1336.2  1926
   38.0  1915   52.3  1935   85.5  1979  123.7  1992  161.9  1965  155.0  1912  146.8  1980  141.7  1910  110.4  1977   82.6  1940   48.0  1926   32.6  1978   139.5  1923   399.4  1993   477.0  1982   262.3  1956  1333.8  1993
   37.7  1944   52.2  1917   83.6  1991  123.6  1918  161.8  1951  153.2  1982  145.9  1968  141.5  1957  109.8  1957   82.5  2017   48.0  2004   32.3  1918   139.5  1947   398.2  1985   477.0  1938   261.8  2000  1332.1  1924
   37.3  1941   52.1  1924   81.8  1980  123.4  1934  160.4  1999  153.1  1956  144.3  1919  141.2  1980  109.1  1994   81.7  1991   47.2  1953   31.9  1953   139.1  1948   398.1  1969   476.0  1916   260.8  1950  1328.0  1941
   37.0  1968   51.5  1923   81.4  1928  122.8  1967  159.9  1938  150.4  1981  142.4  1988  139.7  1925  108.8  1950   80.7  1954   47.1  1919   31.8  1947   137.9  1914   391.9  1947   472.0  1968   260.2  1958  1321.9  1987
   37.0  1942   51.4  1982   80.3  2018  122.4  1998  157.8  1967  148.6  2007  141.1  1939  139.4  1946  107.7  1920   79.6  2005   46.9  1997   31.4  1987   137.9  1938   391.4  2024   466.5  1910   259.4  1992  1317.0  1972
   36.8  1975   51.4  1978   79.5  2005  119.6  1964  157.4  1928  147.8  1953  139.9  1978  139.2  1924  107.5  1984   79.5  1937   46.6  1917   31.2  1959   137.5  1976   389.3  1920   465.4  1913   256.0  1912  1307.8  1966
   36.3  1993   51.4  2024   79.3  1983  117.9  1926  155.1  1924  146.3  1972  139.7  1957  137.1  1968  106.2  1951   79.5  1963   45.4  1958   31.2  1958   134.4  1921   389.0  1979   463.0  1965   255.4  1983  1304.3  1978
   36.2  1950   51.3  1912   79.2  2013  117.7  1971  153.0  1941  144.1  1964  139.6  1938  134.3  1920  105.8  1983   78.1  1934   44.6  1944   30.7  1910   133.0  1926   387.3  1913   460.5  1956   255.2  1957  1298.7  1936
   36.1  1971   51.0  1929   76.9  1998  116.9  1963  152.2  1972  140.9  1954  134.4  1931  134.1  1917  104.9  1965   77.3  1916   43.3  1983   30.6  1915   132.8  1940   387.3  1923   459.4  1944   253.9  1927  1285.3  1931
   36.0  1960   49.7  1942   75.4  1942  115.7  1940  152.1  1968  140.7  1916  133.0  1936  132.2  1971  104.6  1922   76.6  1946   42.8  1968   30.3  1971   131.0  1929   386.2  1926   456.9  1948   251.7  1936  1283.3  1927
   35.9  1912   48.6  1976   75.2  2023  115.1  1993  151.3  1912  139.2  1958  132.4  1912  132.0  1986  104.2  1946   75.4  1914   42.6  1945   29.9  1969   130.4  1969   375.9  1937   454.9  1927   251.3  1984  1283.3  1981
   34.8  1955   47.6  2011   73.3  1992  113.4  1978  151.1  1933  138.6  1998  132.2  1962  130.3  2021  102.7  1941   74.2  1918   42.6  1962   29.6  2021   129.2  1912   373.5  1996   454.3  1920   250.7  1960  1281.5  1920
   33.7  1973   47.3  1993   72.2  1969  112.8  1930  149.9  1954  138.0  1971  129.5  1954  130.1  1942  102.0  1927   72.1  1910   42.5  1994   29.3  1930   128.7  1919   373.2  1991   448.3  1931   249.6  1932  1275.8  1954
   33.3  1913   43.3  1980   71.8  1960  110.9  1913  149.7  1994  135.7  1923  128.6  1932  127.0  1922  101.3  1993   69.3  2025   42.3  1932   27.8  2023   125.4  1993   371.9  1928   446.8  1978   246.2  1941  1273.5  1916
   32.9  1914   41.9  2026   69.9  1947  109.0  1931  148.7  1930  134.8  1991  128.1  1927  126.1  1948  101.1  1976   67.4  2020   41.5  1941   27.1  2024   124.8  1942   370.4  1964   443.7  1980   245.5  1924  1270.7  1968
   32.6  1969   41.8  1926   67.8  1936  107.8  1941  141.3  1991  131.9  1997  125.1  1920  125.5  1963  100.1  1931   67.2  1982   41.0  1939   26.5  1927   123.9  1935   367.4  1930   436.3  1987   240.0  1916  1268.9  1937
   32.3  1966   40.5  1972   65.1  1916   98.2  1937  139.5  1969  131.4  2016  124.7  1937  125.4  1958  100.0  1936   66.3  1960   38.5  1946   26.3  1989   122.1  1966   364.9  1941   435.0  1958   231.7  1945  1261.9  1932
   31.2  1970   37.3  1965   64.0  1981   97.1  1961  137.3  1981  121.4  1990  124.3  1913  122.2  1954   99.7  1969   65.0  1915   36.6  1934   24.1  1912   118.5  1913   352.7  1932   434.6  2012   227.8  1976  1261.6  1958
   31.0  1921   36.6  1966   62.9  1996   92.1  1966  123.2  1983  118.3  2012  116.0  1965  112.6  2008   96.7  1956   63.9  1976   36.1  2015   23.7  1934   115.0  1917   340.2  1983   392.6  1954   219.3  1946  1258.3  1913
   27.3  1917   30.7  1947   62.1  1964   85.4  1920  108.4  1932  116.2  1987  111.0  1944   89.1  1912   89.8  1945   59.3  1968   35.6  1912   20.4  1956   110.5  1972   332.7  1981   376.5  1912   217.0  1968  1199.0  1912
   20.7  1996   29.6  1940   59.0  1984    ---  2026    ---  2026    ---  2026    ---  2026    ---  2026    ---  2026    ---  2026    ---  2026    ---  2026     ---  1910     ---  2026     ---  2026     ---  2026     ---  2026
