Areal values from HadUK-Grid 1km gridded climate data from land surface network
Source: Met Office National Climate Information Centre
Monthly, seasonal and annual total precipitation amount for England and Wales
Areal series, starting in 1836
Last updated 01-Apr-2026 11:35
    jan  year    feb  year    mar  year    apr  year    may  year    jun  year    jul  year    aug  year    sep  year    oct  year    nov  year    dec  year     win  year     spr  year     sum  year     aut  year     ann  year
  173.3  1948  179.3  2020  160.7  1947  141.0  2012  136.0  1967  157.8  2012  149.5  1888  180.3  1912  181.3  1918  210.1  1903  194.8  1929  186.7  1868   445.1  2014   306.5  1979   396.4  1912   484.1  2000  1269.0  1872
  173.3  2014  149.6  1923  158.9  1981  134.8  2000  127.4  2021  150.3  1860  143.9  1880  172.3  1917  163.4  1866  182.9  2000  192.9  1852  185.5  1914   414.2  1915   305.9  1981   392.6  1879   427.6  1960  1215.2  2000
  159.4  1995  143.7  1990  134.7  2023  123.8  1998  121.5  1932  148.8  2007  141.9  2009  150.4  1956  151.0  1976  175.9  1967  191.0  2009  182.3  1929   413.2  1995   295.6  1947   372.6  2012   411.4  1852  1204.6  2012
  157.3  1928  143.1  2024  125.2  1979  119.6  1920  120.7  1878  133.5  1879  136.0  1839  148.6  2004  150.1  1896  167.6  1987  182.7  1940  181.6  1876   412.1  1990   283.8  2024   349.3  1860   408.2  1935  1160.1  2023
  155.5  1988  140.9  2002  120.7  1912  106.4  1882  119.8  1924  126.5  1998  135.5  2007  147.3  1891  146.1  1974  167.3  1960  177.8  1951  176.9  1915   406.0  2024   283.0  1983   341.2  2007   390.8  2019  1153.7  1852
  150.7  1939  139.4  2014  117.5  1919  103.9  1846  117.7  1886  126.3  1997  134.9  1936  144.0  1878  144.1  1968  163.8  1998  177.5  2000  175.7  1934   402.0  1877   281.6  1920   327.7  1927   389.4  1954  1152.4  1960
  146.2  1943  138.7  1950  116.8  1836  103.8  1983  115.6  1979  121.8  1848  133.1  1920  143.3  1879  143.5  1981  162.3  1865  170.2  1970  171.7  1911   390.9  1869   273.6  1913   324.3  1839   388.0  1872  1140.4  1903
  145.6  1877  136.7  1977  114.1  1903  102.6  1966  112.3  1983  121.1  1912  132.4  1939  139.9  1860  140.6  2024  162.2  1891  167.4  1954  167.7  1965   384.4  2016   263.2  1862   320.5  1848   385.5  1976  1120.3  2024
  145.1  2008  132.1  1937  114.1  1914   99.3  1913  111.9  1969  119.8  1980  131.1  1988  137.0  1881  140.1  1927  160.2  2023  159.3  1926  165.9  1959   381.1  2021   262.3  1932   318.3  1956   384.4  1841  1109.0  1882
  144.9  1984  125.6  1915  110.3  1951   98.3  2001  110.3  2007  119.3  1982  131.1  1875  135.8  1946  138.1  1869  156.8  1870  158.7  1963  165.5  1993   379.7  2020   259.3  1951   317.3  1931   376.3  1903  1105.7  1877
  142.8  1872  124.9  1848  108.8  1897   97.5  1935  109.5  2006  117.5  1852  129.9  2023  133.7  1927  134.5  1935  154.6  2020  157.0  1946  164.7  2012   373.4  1960   258.4  2000   313.8  1852   376.3  2023  1092.5  2020
  140.6  2016  124.6  1916  108.5  1913   97.4  1961  108.2  1869  112.7  2019  121.4  1915  130.9  1992  133.8  1965  152.7  1907  154.3  1939  164.4  2023   369.2  2026   255.5  1886   299.7  1917   374.6  1875  1091.8  1954
  140.0  2021  123.7  1966  108.2  2018   93.6  1993  105.0  1843  106.4  1958  118.7  1922  129.1  1852  131.7  1883  152.6  1932  154.2  2002  164.1  1978   368.8  1994   254.7  1998   298.9  1872   370.9  1944  1091.6  2002
  138.4  1852  123.6  1900  106.9  1862   92.8  2024  100.3  2014  106.1  1987  116.2  2012  128.1  1877  131.7  1950  151.6  1949  154.0  2025  162.0  1979   359.5  1916   251.4  1986   298.3  1954   362.5  1974  1079.7  1848
  136.6  1999  120.4  1925  104.0  2024   92.5  1871  100.3  1955  105.4  1882  115.7  1879  127.5  1951  130.5  1871  151.3  1976  152.4  2022  160.9  2015   351.7  1937   249.8  1903   297.3  1882   362.5  1984  1075.9  1912
  133.7  1990  119.4  2026  103.9  1963   88.8  1931   98.9  1942  105.2  1872  114.0  1872  124.2  2020  130.0  1876  149.2  1843  151.8  1842  154.2  2020   347.4  1966   249.3  2006   297.0  1888   357.9  2025  1074.8  2008
  131.4  1974  119.0  1997  103.5  1988   88.4  1867   98.8  1925  105.2  1839  113.8  1861  123.3  1950  128.5  1841  148.7  2013  151.5  1944  154.2  1999   341.1  2007   243.9  2023   296.3  1958   353.6  2022  1068.8  1998
  131.2  2026  115.9  1958  103.1  1851   87.6  1970   93.7  2002  102.5  1838  113.7  1895  121.0  1903  127.1  1839  148.1  2004  151.2  1960  144.1  1986   334.5  1930   240.6  1969   295.7  2020   352.9  1885  1064.8  2019
  129.8  1906  114.2  2022  102.6  1982   87.2  1843   89.4  1981  101.7  1863  113.4  1855  120.9  1865  125.9  1946  147.0  1882  148.2  1888  141.8  1919   334.3  1912   238.5  2018   294.4  1946   351.4  1967  1062.4  1927
  128.3  1930  113.1  1995  100.7  1980   85.2  1850   88.1  1993  100.2  2016  113.0  1871  120.3  1954  125.9  1957  145.2  1875  145.3  1984  140.6  1994   331.0  1980   236.4  1963   288.7  2008   348.2  1882  1062.3  1951
  125.4  1975  108.6  1951  100.3  2019   84.9  1877   87.5  1847   98.9  1927  112.0  1882  119.7  1848  124.4  2019  144.8  1872  143.7  1836  139.2  2000   329.0  1910   236.3  1967   287.6  1903   344.9  1880  1060.5  2014
  125.1  1937  106.4  1974   99.8  1905   84.5  1986   87.3  1860   98.4  1928  111.8  1960  118.9  1986  123.7  2000  144.6  1906  143.3  1935  136.8  1910   327.3  1923   234.3  1867   287.4  1985   344.6  1929  1054.9  1841
  124.5  1960  106.3  1893   99.3  2008   83.8  1989   87.2  2015   98.0  2020  109.5  1918  118.9  1985  120.8  1885  141.9  1841  141.4  1950  135.6  1872   323.3  1977   234.2  1937   283.3  1891   342.6  1998  1039.7  1924
  123.7  2004  105.7  1910   98.9  1848   83.3  2018   87.0  2024   97.9  1971  109.0  1924  117.4  2008  120.8  1999  141.3  1880  141.4  1872  134.7  1909   323.1  1883   233.2  1889   282.2  1875   342.4  1981  1038.0  1946
  123.0  1851  105.6  1883   98.5  1909   82.3  1932   86.9  1986   95.3  1985  108.4  1853  117.1  1941  120.3  1958  141.2  1909  139.7  1877  134.7  1989   320.7  1925   232.6  1877   279.2  1877   341.5  1940  1035.1  1860
  122.2  1994  104.4  1904   98.2  1896   81.8  1899   86.6  1898   95.0  1935  107.8  1930  115.8  1845  116.8  1984  141.1  1928  138.5  1992  133.5  1891   318.6  1935   232.1  2001   278.6  1881   339.2  1839  1031.9  1999
  121.8  1986  103.2  1881   97.9  1998   81.5  1859   86.3  1862   94.5  1991  107.8  1931  115.3  1931  114.5  2025  140.9  1846  136.1  1931  132.7  1886   318.0  1939   229.7  1994   276.2  1980   337.1  1883  1025.7  1966
  120.2  1936  101.1  1866   95.2  1916   80.2  1959   85.4  1931   94.3  1931  107.6  1940  114.3  1948  111.9  1993  140.8  1916  135.5  1875  132.4  2013   315.3  1984   229.1  2008   275.4  2004   336.4  1836  1020.7  1930
  119.6  1899  100.9  2007   95.0  1994   80.1  1963   85.2  1865   93.1  1936  107.3  2008  113.2  1962  111.1  1995  140.7  2021  135.1  2015  131.7  1852   311.1  1928   228.0  1924   273.5  2019   334.5  2012  1014.6  1974
  118.2  1998  100.2  1935   94.7  1876   79.1  1947   85.1  2000   93.0  1948  107.1  1957  112.7  1900  110.5  1924  140.7  1855  133.7  1840  131.0  1901   309.5  2001   225.2  2012   270.2  1853   328.9  1930  1012.2  1994
  118.1  1913   97.9  2000   93.6  2006   79.1  1848   85.0  1907   92.6  1907  103.6  1877  112.3  2014  109.4  1859  138.9  2019  132.7  1969  129.9  2006   308.4  1974   224.5  1878   269.7  1924   327.3  1982  1012.1  1958
  117.2  1875   97.2  1879   92.3  1989   78.9  1889   82.3  1903   89.0  1954   99.6  1956  111.9  1910  109.1  1880  138.0  1885  130.1  1861  129.0  1896   307.4  2000   224.5  1843   268.9  1950   324.3  2024  1011.8  1928
  115.3  1866   96.3  1885   91.3  2001   78.6  2004   82.0  1958   88.7  2017   99.6  1867  110.3  1971  109.1  1960  136.2  1923  128.3  1982  128.9  2002   306.2  1979   224.0  1972   268.5  1997   322.2  2002  1008.6  2007
  114.9  1919   96.3  2001   90.7  1987   78.1  1876   81.5  1943   87.1  1853   99.1  1932  109.9  1897  108.5  1930  133.4  2002  127.5  2019  128.2  1985   304.3  1919   220.5  1908   268.5  1910   319.9  1946  1008.5  1866
  114.5  1956   95.8  1941   89.4  1908   77.7  1922   81.1  1889   85.2  1883   99.1  1968  107.7  1930  108.1  1863  132.9  1848  127.4  2012  125.8  1900   302.7  1900   215.6  1872   267.5  1845   319.8  1950  1008.3  1876
  113.7  1961   95.1  1869   89.1  1888   77.3  1937   80.4  1856   84.9  1955   98.0  1965  106.6  1905  106.2  1852  132.1  1892  126.2  1882  124.0  1847   300.6  1948   215.6  1882   267.0  1939   319.3  1918  1003.4  1839
  113.0  1886   95.1  1876   88.8  1964   77.0  1849   79.5  1945   84.7  1946   97.9  1950  105.3  1957  104.2  2008  131.4  2001  125.9  1996  122.4  1924   299.0  1943   212.7  1897   266.0  1960   319.1  1891  1002.4  1967
  112.8  1873   93.2  1967   88.6  1861   76.9  1856   79.5  1973   84.3  1968   97.2  1953  105.0  1999  104.2  1975  130.4  1935  125.1  1974  119.8  1918   298.8  2013   212.5  1916   264.8  2009   315.8  1927   999.7  1886
  112.8  1993   93.1  1933   87.7  1842   76.7  1858   79.0  1891   84.0  1875   96.6  1886  104.7  1841  104.1  1994  130.3  1980  124.5  1839  118.7  2025   298.5  1920   212.3  1966   261.9  1841   314.8  1992   997.9  1950
  111.5  1962   92.8  1957   87.7  1920   76.5  1907   78.7  1906   83.7  1977   96.3  1903  104.3  1960  103.7  1944  130.1  1938  124.1  1986  118.7  1869   297.2  1848   211.9  1964   261.7  1936   313.5  1987   997.7  1965
  110.9  1978   92.4  1922   86.5  1937   76.2  1999   77.1  2013   83.6  1999   95.8  1894  102.1  1952  102.7  1874  129.6  1886  122.5  1930  118.4  2011   297.1  1961   210.3  2014   261.3  2017   309.7  1863   997.4  1981
  110.4  2007   92.0  1980   86.1  1927   74.4  2005   76.9  1951   83.3  1966   95.1  1927  101.8  1966  102.7  1962  128.2  1954  122.1  1959  116.5  2019   295.6  1872   210.1  1846   261.3  1880   308.9  1949   996.0  1986
  110.0  1970   91.0  1837   85.4  1941   74.1  1992   76.6  1849   82.7  1963   94.9  2017  100.6  1868  102.6  1967  128.1  1917  121.4  2023  116.2  1922   293.1  1873   207.9  1992   260.8  1957   308.6  1938   988.1  1916
  109.7  1926   89.5  1989   85.2  1992   74.0  1994   76.5  1954   82.3  1909   94.9  1912  100.5  1892  102.2  2017  126.8  1981  121.2  1838  115.8  1882   288.2  2008   207.4  1869   260.6  1966   308.1  1923   986.7  1939
  109.7  1938   88.0  1872   83.4  1978   73.7  1857   75.4  1972   81.6  1866   94.9  1958  100.1  1963  101.9  1872  126.4  1862  121.1  1895  115.0  1966   286.2  1899   207.2  1860   256.1  1988   307.5  1968   986.6  1875
  109.1  1869   87.9  1894   82.8  1872   72.7  1924   74.7  2003   81.0  1945   93.9  1851   99.0  1866  101.4  1983  123.8  1924  121.0  1938  115.0  1897   285.1  1978   207.2  1993   254.2  1922   307.2  1876   986.2  1979
  108.9  1900   86.9  2021   81.8  2016   72.7  1950   74.4  1997   79.5  1880   93.6  1914   98.7  1846   99.4  1903  123.2  1966  120.6  1928  114.5  1880   285.0  1988   206.7  1999   253.8  1948   306.4  1924   984.0  1923
  108.6  1860   86.9  1946   81.6  2017   72.1  1951   74.3  1920   79.3  1900   93.2  1909   98.7  2012   97.5  1849  122.7  1929  117.8  1910  113.0  1948   283.7  1970   205.4  1907   252.9  1992   305.6  1932   983.8  1891
  108.5  1971   86.6  1914   80.4  1886   72.1  1953   74.2  1968   78.7  1972   93.1  1884   98.4  2010   96.3  1856  121.1  2005  115.4  1997  112.8  1983   283.6  1958   205.2  1919   252.6  1878   305.5  1866   983.4  1910
  108.4  1920   86.0  1880   80.1  1860   71.8  1934   74.0  1877   78.5  1862   91.9  1850   97.6  1856   95.1  1848  119.0  1982  114.1  1841  112.6  1912   282.5  2004   204.9  1848   252.6  1890   305.1  2008   975.5  1993
  107.6  1867   85.4  1970   79.9  1986   71.1  1908   73.9  1854   78.1  1855   91.1  1893   97.3  2015   94.6  2023  118.4  1863  113.8  1911  112.4  1960   281.3  1999   204.7  1988   252.6  2023   303.1  1916   971.5  1935
  107.4  1921   85.1  2011   78.5  1844   71.0  1962   73.0  1840   77.2  1871   90.1  1846   97.0  1924   94.3  2012  118.3  1961  113.6  1890  111.2  2018   280.3  2002   204.0  1909   252.2  1930   301.8  2006   971.2  2004
  107.1  1890   83.0  1897   78.0  1972   70.9  1991   72.6  1885   77.1  1892   89.0  1883   96.7  1889   93.8  1954  117.2  1889  112.8  1894  110.8  1972   280.1  1936   203.8  2016   251.8  1971   301.6  1970   969.9  1982
  106.8  1863   83.0  1960   77.6  1881   70.7  1985   71.8  1879   76.2  1905   89.0  1954   96.1  1921   93.8  1875  117.1  2006  110.8  2014  108.1  1907   279.2  1926   203.7  1942   251.5  1855   300.2  2009   966.4  1968
  106.3  1884   82.9  2016   77.1  1864   70.6  1972   71.4  1902   76.1  1911   88.0  1841   96.1  1922   93.6  1998  117.0  2022  110.2  1949  108.0  2017   276.7  1922   203.1  1985   250.1  1866   299.8  1874   966.2  1880
  106.0  2023   82.2  1996   76.1  1867   70.6  1872   71.1  1966   75.4  2011   87.6  1973   95.7  1857   93.5  1925  115.7  1944  109.9  1883  107.3  1938   275.5  1957   202.4  1968   249.8  1968   299.1  1877   964.0  1980
  105.4  1983   81.3  1861   76.0  1940   70.2  2023   70.5  1937   74.6  1843   86.8  1938   95.2  1977   92.2  1932  115.3  1847  109.8  2006  106.8  1997   275.0  1853   201.3  1987   248.9  1894   297.7  1896   962.7  2015
  105.0  1922   81.2  1945   75.9  1975   70.2  1905   70.2  1841   73.9  1926   85.5  1978   95.0  1958   92.2  1992  114.7  1898  109.5  1914  106.6  1955   274.7  1866   199.8  1925   247.8  1987   296.6  1926   962.0  2021
  104.6  2015   81.1  1994   75.8  1954   70.2  1930   70.1  1946   73.7  1897   85.3  1836   94.9  1890   92.2  1897  113.6  1894  108.4  1916  106.5  1964   274.1  1946   199.6  1836   247.3  1928   296.3  1939   960.7  1836
  103.1  1915   80.8  1954   75.8  1928   70.1  1836   69.9  1938   73.6  1836   84.9  1840   94.7  1843   90.1  1956  112.9  2008  107.5  1881  106.4  1982   271.2  1967   196.9  2002   247.2  1909   295.0  1886   959.5  2009
  102.4  1972   80.2  1978   75.5  1991   70.0  1862   69.8  1867   73.6  1878   84.7  1890   93.8  1997   90.1  1836  112.9  2014  106.8  1977  105.1  2021   270.5  1904   196.3  1989   245.2  1838   294.1  1928   958.5  1931
  101.7  1883   79.9  1931   75.4  1859   69.9  1925   69.8  1916   73.3  1964   84.1  1910   93.8  1923   89.8  1899  112.8  2012  106.6  1878  104.8  1845   268.1  1951   196.2  2021   243.1  1965   291.5  1951   955.2  1992
  101.4  1965   78.8  1928   74.8  1977   68.8  1975   68.7  1899   73.1  1965   83.9  2015   93.4  1873   89.8  1936  112.3  1852  105.9  1965  104.6  1956   267.8  1913   195.3  1931   243.0  1953   290.8  1859   953.5  1948
  101.3  1912   76.9  1844   74.5  1895   68.2  1949   67.6  1904   73.0  1890   83.7  1992   93.1  1979   89.4  1879  111.7  1853  104.9  1972  103.8  1942   267.7  1897   194.9  1965   242.8  1920   289.2  1963   949.3  1920
  101.3  2018   76.4  1926   73.7  1877   67.8  2008   66.5  1894   72.6  1845   83.3  1908   92.9  1908   88.6  2010  111.7  1896  104.5  1905  103.7  2022   266.7  1894   194.1  1952   241.8  1843   289.2  1980   946.9  1915
  100.3  2025   75.7  1972   73.7  1868   67.7  1910   66.4  1923   72.5  1910   83.2  2002   92.8  1928   87.6  1943  110.1  1939  103.5  1876  103.0  1841   266.6  1986   193.6  1905   240.8  1846   286.6  1869   946.0  1914
  100.3  1942   75.6  1927   73.3  1933   67.6  1901   66.0  1926   72.1  1990   82.7  1993   92.0  1874   87.5  1887  109.3  1874  102.6  2016  102.5  1951   265.3  1950   193.6  1914   240.6  1892   286.4  1848   944.5  1883
   99.7  1840   74.8  1877   73.2  1873   66.8  1973   65.8  1948   71.7  1861   82.2  2024   91.9  2019   86.6  1952  106.2  1940  102.1  1936  101.4  2009   264.0  1885   192.6  1876   240.3  1861   285.0  1842   943.3  1918
   99.5  1959   74.1  1906   73.1  1889   66.6  1923   65.8  1913   71.4  1881   81.4  1849   90.5  1980   86.0  1861  105.8  1952  101.0  1906  101.2  1990   261.9  2018   189.8  1930   240.3  1982   284.7  1994   942.9  1900
   98.6  2024   72.7  1884   71.9  1999   66.5  1897   65.8  1985   70.8  1851   80.5  1891   90.5  1859   85.4  1892  105.0  1925  100.0  2003  100.2  1884   259.2  1991   189.3  1955   240.0  1865   283.8  1892   941.9  1894
   97.8  1977   72.1  1940   71.6  1952   66.1  1853   65.7  1962   70.3  1903   80.4  2021   90.2  1974   85.0  1840  104.2  1945   99.9  1927  100.2  2003   258.6  1837   187.9  1859   238.7  1900   281.6  1952   940.2  1936
   97.6  1846   71.9  2010   71.4  1901   66.0  2016   64.7  1949   69.2  1841   79.2  1865   89.8  2006   84.9  1864  103.3  1900   99.9  2018   99.5  2007   256.8  1867   187.7  1975   237.9  1998   281.0  2020   934.6  1878
   97.3  1868   71.3  1899   71.2  1965   65.7  1879   64.6  1952   68.9  1902   79.1  1845   88.2  1916   84.2  2022  102.9  1933   98.2  2010   99.0  1958   256.8  2022   187.1  2019   236.7  1963   280.3  2001   931.0  1977
   97.3  1969   71.0  1961   71.1  1969   65.7  1979   64.3  1910   68.2  1956   79.0  1848   88.0  1837   84.2  1842  102.7  1895   95.3  1843   98.2  1881   255.9  2025   187.1  1899   236.3  1895   279.9  1870   929.9  2006
   96.9  1853   70.2  1936   71.0  1934   65.6  1968   63.9  1858   68.1  1894   78.1  1873   87.7  1863   83.4  1857  102.6  1836   95.0  1913   98.1  2024   255.1  1931   186.7  1934   234.6  1871   279.2  2005   929.3  1988
   96.7  1904   70.1  1865   70.6  1957   64.8  1909   63.8  1838   67.8  1888   77.4  1974   87.3  1942   83.4  1953  102.5  1990   95.0  1991   97.7  1945   253.4  2003   185.9  1857   231.5  1974   278.7  1878   929.1  2001
   95.6  1895   69.7  1919   70.4  1839   64.6  1987   63.3  1976   67.2  2003   76.8  1889   86.9  1895   83.2  1868  101.4  1878   94.5  1880   97.6  1930   251.6  1941   185.9  1851   231.3  1851   277.6  2013   928.7  1879
   95.1  2002   69.6  2017   68.9  1922   64.4  1926   62.2  1872   65.8  1896   75.6  2003   86.9  1898   82.5  1951  100.9  1913   94.0  1885   96.9  1961   251.2  1983   185.5  2007   230.7  1938   276.4  1906   926.7  1881
   94.6  1903   67.9  1969   68.7  2013   64.3  1964   61.9  1915   65.3  1857   75.6  1842   86.3  1988   82.5  1923  100.3  1984   92.7  1865   95.6  1946   250.3  1881   185.2  1941   228.8  1907   274.6  1965   920.3  1970
   94.1  2009   66.1  1852   68.6  1884   63.9  1878   61.9  2008   64.8  1993   75.6  1966   86.2  2001   81.3  2001   98.7  1849   92.6  1979   95.4  1898   249.6  1875   184.5  1841   227.9  1915   272.6  1993   918.1  1925
   93.0  1991   65.9  1918   67.6  1959   63.5  1939   61.8  1965   64.6  1917   75.0  1942   86.1  1943   80.0  1982   98.7  1912   92.6  1971   94.7  1848   248.8  1840   183.6  1912   226.5  1873   272.3  1838   917.9  1937
   92.5  1932   65.0  1991   66.9  1983   61.9  1965   60.8  1917   64.3  1947   74.3  2010   85.8  1982   79.3  1973   98.4  1989   91.8  1980   94.5  1936   248.1  2015   183.2  1898   226.0  1857   269.6  1894   917.1  1987
   92.3  1951   64.6  1988   66.7  1995   61.6  1919   60.7  1994   63.9  2008   74.1  1923   85.8  1925   79.3  1922   97.9  1930   91.8  1886   94.5  1923   247.9  1998   182.2  1849   223.1  1862   269.2  1999   915.3  1869
   89.7  1927   64.2  1882   66.7  1985   60.8  1885   60.2  1890   63.9  1974   74.0  2001   85.5  1902   77.7  1961   97.9  2024   90.5  1900   93.9  1977   247.2  1962   181.7  1847   221.4  1883   267.4  1925   905.7  2017
   89.5  1946   63.5  1843   66.6  1971   60.4  1868   60.1  1988   63.8  1944   73.9  1946   85.0  1894   77.3  1862   96.7  1986   90.0  2005   93.8  1860   245.4  1956   181.6  1923   220.0  1863   267.4  1840   905.5  1922
   89.2  1924   63.3  1867   66.5  1857   58.9  1898   60.1  1941   63.8  1924   73.9  1987   83.7  1953   75.8  1858   95.7  1994   90.0  1850   93.6  1849   245.1  2010   181.4  1856   219.8  2015   266.2  2004   905.2  1909
   88.6  1958   63.3  1911   64.8  1866   58.5  1940   59.9  1908   63.7  1847   73.6  2020   83.3  1938   75.6  1948   95.5  1883   89.6  1864   93.5  1893   244.4  1969   181.1  1885   219.7  1941   266.1  2010   902.3  1984
   88.6  1910   63.1  1871   64.7  1841   57.9  1952   59.6  2009   63.0  1916   73.4  1926   83.1  1839   75.6  1845   95.3  1942   89.4  1923   93.1  1925   243.8  1852   180.2  2013   218.9  1905   265.6  1865   902.0  1957
   88.2  2011   62.7  1903   64.4  2010   57.6  1981   59.5  1892   62.9  1939   73.1  1985   82.8  1961   75.1  1882   94.8  1968   89.2  1952   92.6  1954   243.6  1870   179.8  1962   218.6  2011   265.1  1843   899.4  1862
   87.7  1918   61.3  1912   64.0  1917   57.5  1969   59.1  2017   62.5  1943   73.1  1862   82.0  1904   74.9  2006   94.6  1867   88.0  1891   92.4  1998   241.0  1892   178.6  1927   218.1  1926   264.4  1957   899.4  1932
   87.6  1865   61.3  1870   63.2  1970   57.3  1886   59.1  1984   62.0  1953   72.7  1854   81.4  1876   74.8  1860   94.1  1859   87.9  2008   92.4  1937   240.0  1846   178.6  1922   217.7  1897   264.2  1861   898.0  2016
   87.4  2013   61.1  1840   63.1  1942   57.1  1927   58.8  1842   61.0  1854   72.5  1843   81.1  1934   73.6  1909   93.5  1844   87.8  1874   91.6  1856   239.6  1911   178.4  2004   216.9  1986   263.9  1911   895.1  1919
   86.1  1837   60.4  1874   63.0  1921   56.6  2014   58.8  1964   61.0  1920   72.2  1970   80.8  1970   73.5  1886   93.4  1857   87.4  1844   91.3  1981   239.5  1860   178.2  1917   216.3  2016   261.2  1849   894.5  1859
   85.8  2003   60.1  1836   62.9  1930   56.5  1880   58.7  1999   60.7  1978   71.3  1858   80.0  1996   72.6  1908   91.8  1858   87.4  1859   90.3  1859   238.7  1975   178.1  1891   214.8  1908   260.7  1913   891.1  1985
   85.4  1894   60.0  1939   62.7  2007   55.8  1918   58.7  1953   60.5  1938   70.8  1944   79.9  1882   72.5  2016   91.6  1868   85.8  2024   90.0  1920   236.1  1938   177.2  1977   214.5  1859   258.1  1966   888.7  1868
   85.1  1952   59.9  1979   62.6  1968   55.4  1895   58.7  1850   60.4  2025   70.2  1881   79.8  2023   71.1  1931   91.3  1974   85.7  1866   89.8  1935   233.8  1906   177.1  1858   214.0  1945   257.7  1961   887.2  1843
   84.7  1944   59.5  1955   62.3  1846   54.5  1944   58.3  1845   59.4  1859   70.1  1941   79.7  1872   70.7  1878   90.3  1959   85.1  1998   89.4  1874   233.7  1987   175.3  1888   213.0  1999   257.7  1958   886.9  1938
   84.5  1849   59.5  1856   60.0  1936   53.8  2002   57.8  1929   58.6  1885   69.8  1904   79.7  1888   70.5  1877   90.3  1988   84.9  1994   88.7  1976   232.3  1945   175.1  1959   212.5  2014   255.7  1847   885.3  2013
   84.0  2020   59.4  1987   59.5  1984   53.4  1903   57.6  1852   58.5  2004   69.7  1925   79.6  1844   70.1  1963   89.4  1996   83.7  1898   88.4  1949   232.2  1955   174.9  1970   212.4  1978   254.6  1936   884.9  1897
   83.5  1857   59.3  1868   58.5  1932   53.4  1894   57.1  2012   58.5  1906   69.5  1866   79.1  1919   69.7  2018   89.4  1838   83.3  1863   88.3  1969   230.7  1903   174.6  1940   212.3  1914   254.2  1881   883.9  1944
   82.8  1968   59.2  1838   58.2  1890   53.4  1917   57.0  1996   58.0  1933   69.5  1991   78.9  2011   69.0  1934   89.3  2025   83.2  1976   88.0  1839   230.2  1882   174.2  1949   211.7  1973   253.7  2021   883.7  1983
   82.7  1854   59.0  1850   57.9  1882   52.7  1977   56.6  1930   57.6  2009   68.9  2019   77.7  2017   68.8  1891   89.2  1910   82.4  1869   87.4  1916   230.1  1884   174.1  1879   210.5  1836   253.7  1871   883.2  1969
   82.5  1856   58.6  2004   57.9  1939   51.9  1948   56.5  1918   57.5  2002   68.9  1837   76.5  1967   68.4  2021   88.9  1877   82.3  1887   86.1  2014   228.2  1887   173.8  2005   209.9  2010   252.2  1846   883.1  1846
   82.3  1979   58.5  1839   57.8  2020   51.6  1888   56.0  2016   57.3  1969   68.9  1947   75.8  1838   68.2  1942   88.7  1893   82.3  1966   85.9  1866   227.9  1996   173.7  1978   209.9  1840   250.7  2015   882.7  1929
   81.7  1941   57.6  1984   57.3  1911   50.9  1971   55.8  1947   56.7  1973   68.3  2004   74.8  1853   68.1  2005   88.4  1911   81.6  1995   85.3  1952   226.7  2023   173.1  1894   209.1  1902   249.8  1895   880.3  1978
   80.6  1934   57.4  2025   57.0  2021   50.5  1845   55.5  1873   56.5  2005   67.7  1961   74.2  1915   67.8  1970   88.1  1993   81.0  1947   83.8  1837   226.0  2012   172.0  1868   208.7  1837   249.4  1995   879.8  1961
   80.1  1955   57.3  2015   56.8  1906   50.3  1996   55.4  1875   56.5  1876   67.2  1852   74.1  1944   67.0  1980   87.8  1873   80.3  1987   83.6  1992   224.8  1849   171.9  1973   208.7  1944   249.4  1996   878.4  1926
   79.5  1947   56.9  1889   56.8  1855   49.6  1936   54.5  2011   55.9  1989   67.0  1838   73.8  1907   66.8  1873   87.6  1839   80.1  1845   83.2  1928   224.4  1868   171.4  1901   208.0  1951   248.8  1907   877.7  1906
   79.3  1874   56.2  2006   55.7  1967   49.6  1841   53.9  1912   55.7  1840   66.8  1975   73.7  1929   66.7  1920   86.1  1871   79.7  1837   82.8  1995   224.4  1947   170.2  1902   207.7  2002   247.8  1909   876.9  1885
   78.2  1957   55.4  1892   55.1  2015   49.4  1838   53.8  1855   55.5  1891   66.6  1844   73.1  1969   66.1  1867   86.1  1837   79.6  1941   82.7  1980   224.3  1879   169.3  2015   206.7  1856   247.6  1899   876.2  1907
   77.8  1925   54.6  1981   54.9  2026   49.4  1978   53.7  2022   55.4  1856   66.3  2005   72.0  1965   65.9  1881   86.0  1983   78.8  1899   82.7  1974   223.9  1965   168.8  1954   204.5  1943   245.1  1986   876.0  1865
   77.7  1982   54.3  1908   53.9  2004   49.3  1847   52.4  1963   55.3  1914   65.8  1980   71.7  1909   65.7  2004   85.2  1943   78.2  2017   82.2  1895   223.7  1851   168.6  1982   204.2  1977   243.5  2018   875.7  1940
   77.6  1945   54.3  1859   53.5  1955   48.5  1851   52.3  1933   55.3  1952   65.8  1959   71.7  1939   65.7  1884   85.1  1934   77.3  1860   81.5  1836   219.5  1865   167.2  1904   202.4  1916   243.0  1917   875.1  2025
   77.5  1931   53.8  1898   53.4  2014   48.4  1960   51.4  1882   55.0  1842   65.2  1929   71.5  1862   65.6  1987   84.4  1926   77.2  1985   81.5  1858   218.8  1901   165.0  1950   202.1  2001   242.6  1864   873.0  2018
   77.0  1980   53.1  2019   53.2  1894   48.4  1869   51.1  1881   54.9  1873   65.0  1857   71.4  1994   65.1  1847   84.1  1992   76.1  1907   80.4  1984   218.6  1982   164.7  1971   202.0  1993   242.0  1931   866.0  1972
   74.3  1862   52.7  2018   53.2  1870   48.0  1904   50.6  1887   54.9  1898   64.8  1967   70.8  1926   64.8  1913   83.9  1851   75.6  1912   79.3  1921   217.7  1972   164.6  1871   201.8  1850   241.9  1844   863.9  1952
   74.0  2001   52.3  1999   52.4  1891   47.8  1911   50.0  1950   53.3  1864   64.6  1945   70.8  2018   64.6  2011   83.9  1958   75.3  1847   79.3  1968   216.8  1842   164.5  1850   200.6  1918   241.8  2017   860.0  1845
   72.9  2012   50.3  2005   52.3  1902   47.6  1874   50.0  1864   52.0  1846   64.6  1859   70.4  1858   63.9  1945   83.5  1860   74.2  1975   79.1  1957   216.1  1908   164.0  1906   197.3  1889   240.5  1943   859.5  1867
   72.8  1845   50.1  1953   51.8  2005   47.6  1837   49.7  1977   51.8  1837   64.4  1969   69.8  2016   63.8  1988   83.1  1999   74.1  2020   78.7  1870   214.4  1902   163.0  1864   197.0  1970   240.3  1862   857.4  1913
   72.7  1836   50.0  1864   51.5  1904   47.5  1916   49.2  1900   51.7  1901   64.3  2011   69.3  1840   63.5  1837   83.0  1941   73.4  1953   77.9  1947   213.6  1857   163.0  1838   196.9  1867   238.9  2014   856.1  1997
   72.2  1985   49.9  2009   50.9  1869   46.7  1891   48.6  1992   50.0  2022   64.0  2000   68.4  1945   63.3  1853   80.8  1881   73.2  2007   77.6  1967   213.2  1952   161.5  1910   194.9  1991   237.8  1983   852.1  1963
   71.8  2010   49.8  1841   49.8  1838   46.5  1902   48.3  1995   49.9  1960   63.5  1937   68.3  1850   62.6  1991   79.4  2010   73.1  2013   77.0  1894   213.0  1933   160.9  1953   194.7  1969   237.0  1887   849.2  2022
   71.5  1843   49.6  1982   49.3  2002   46.3  1866   47.5  2005   48.7  2000   63.0  1892   67.9  1987   61.8  1838   79.0  1899   72.9  1967   76.3  1854   211.8  1993   160.8  1933   192.5  1854   236.5  1868   847.9  1917
   71.4  1841   49.4  1948   48.6  1845   46.1  2006   47.5  1883   48.4  1957   62.8  1917   67.6  2000   61.7  1911   78.7  1937   72.5  1993   75.5  1862   211.3  1863   160.7  1842   192.1  1952   236.0  1853   845.4  1888
   70.2  1887   49.2  1947   48.6  1960   45.6  2003   47.3  1921   48.0  1981   62.4  1907   67.5  1973   61.7  1937   77.9  1957   72.2  1902   75.3  1906   210.9  2011   160.5  1991   191.1  1962   235.7  1860   841.8  1990
   68.7  1933   49.0  1943   48.6  1923   44.8  2009   47.3  1971   47.8  2014   62.2  1901   67.3  1906   61.0  1844   77.6  1991   72.2  1981   75.0  1927   210.7  1898   159.9  1881   190.9  1893   235.1  1991   839.8  1849
   67.8  1882   48.3  1920   47.7  1885   44.7  1967   47.0  1914   47.7  1950   60.0  1998   67.1  1875   59.0  1850   77.2  1902   72.1  1924   74.9  1908   209.7  1959   159.3  2017   189.0  1961   229.2  1837   839.6  1871
   67.7  1878   47.6  1847   47.5  1976   44.4  1884   47.0  2018   47.5  1877   60.0  1933   67.1  2002   58.3  1893   76.4  1979   72.0  1915   74.3  1888   208.0  2019   159.1  1890   188.7  1923   228.8  1888   839.0  1863
   67.5  1940   47.3  1992   46.8  1880   44.2  1946   46.2  1957   47.4  2021   59.2  1860   66.6  1851   57.5  1938   76.1  2009   71.8  1870   74.3  1877   207.6  1924   159.1  2003   187.3  1844   227.7  1857   837.8  1956
   67.4  2005   47.3  1878   46.3  1874   43.9  2019   46.0  1987   46.5  1929   59.2  1919   66.4  1968   56.4  1978   75.8  1927   70.9  1919   74.2  1904   207.3  2009   157.5  1945   185.3  1929   226.9  1898   835.1  1943
   67.4  1885   47.1  1842   46.2  1887   43.2  1945   45.9  2004   45.5  1959   58.8  2025   66.4  1901   56.1  1905   75.0  1948   69.3  1962   74.0  1940   207.0  1893   157.5  1845   184.9  1904   226.5  1900   832.2  1856
   66.8  1842   46.7  2013   45.6  1974   42.0  1900   45.7  1857   44.0  1970   57.8  1962   66.2  1978   55.8  2013   75.0  1971   69.3  1893   73.5  1944   206.9  1850   157.1  1948   184.8  1858   226.0  1953   831.8  1911
   65.9  1891   46.4  1853   45.0  1847   41.8  1883   45.2  1893   43.3  1984   56.2  1928   65.6  2013   55.0  1889   74.5  1854   69.1  1854   73.4  1902   206.9  1861   154.8  1935   183.9  1842   223.6  1845   831.0  1874
   65.6  2017   46.3  1907   44.7  2009   41.7  1942   43.9  1934   43.2  1858   56.1  1972   65.3  2009   54.4  1917   74.0  2018   68.9  1925   72.2  1962   206.5  1921   154.6  1958   183.7  1876   222.4  1910   830.6  1934
   63.7  1870   45.6  1849   44.5  2022   41.2  1988   43.9  1846   43.0  1937   56.1  2013   63.5  1914   54.0  1916   73.7  1876   68.7  1968   70.6  1973   205.1  1968   154.6  1926   182.3  2005   222.3  1990   830.5  1853
   63.2  1879   44.7  1873   44.3  1865   40.8  1890   43.0  1982   42.9  2023   55.9  1943   62.6  1896   53.7  2015   71.5  2011   67.8  1897   70.3  1899   201.1  1973   154.4  1865   182.3  1896   222.2  1905   825.6  1838
   63.0  1967   44.7  1968   43.8  1907   39.8  1860   43.0  2019   42.9  1884   55.3  1986   61.4  1893   53.7  1919   71.2  1918   67.6  1943   69.4  1903   200.7  1871   152.9  1939   180.8  1967   221.4  1873   823.4  1861
   63.0  1996   43.9  1973   43.3  1958   39.7  1941   42.9  1975   42.7  1986   54.7  1902   59.9  1855   53.2  1933   70.9  1955   67.6  2001   68.9  2004   199.5  1949   152.6  1873   180.6  1884   221.1  1977   821.8  2005
   62.3  1976   43.6  2008   43.1  1962   38.9  1990   42.7  1853   42.6  1934   53.9  1896   59.7  1918   53.1  1990   70.9  1977   66.8  1903   68.7  2005   199.4  1940   151.7  1946   180.5  1964   220.8  1959   821.5  1895
   62.3  1844   43.3  1855   42.8  1871   38.7  1928   42.5  2001   41.9  2001   53.8  1963   59.5  2005   52.8  1926   70.6  1856   66.8  1990   68.0  1887   197.0  1971   151.4  1961   180.4  1942   220.7  1912   821.5  1899
   61.9  1954   42.9  1875   42.6  1996   38.7  1863   42.3  1863   41.6  1850   53.8  1964   59.4  1867   52.7  1940   70.3  1901   66.7  1918   67.8  1867   196.9  1981   151.3  1884   180.3  2000   218.2  1914   821.4  1942
   61.6  1923   42.8  1976   42.3  1950   38.6  1956   41.9  1960   41.4  1913   53.7  1856   58.8  1849   52.6  1966   69.3  1953   66.7  1873   67.2  1950   194.8  1918   151.0  1928   180.2  1901   217.8  1997   820.3  1989
   60.2  1839   42.1  1949   41.3  1949   38.0  1839   41.1  1974   41.3  1899   53.6  1981   58.8  1854   52.3  2020   68.7  1915   66.3  1892   64.9  1987   193.9  1890   150.7  1866   180.1  2021   216.3  1893   819.8  1995
   59.7  1981   40.5  1944   39.9  1878   37.4  1875   41.0  1870   41.1  1844   52.4  2014   58.5  1911   52.1  1904   68.1  1864   65.7  1901   64.8  1871   192.4  1859   150.0  1918   179.5  1932   214.4  1975   818.2  1941
   59.3  1847   40.5  1860   39.4  1948   37.1  1915   40.9  1978   39.9  1865   52.3  1949   58.5  1989   51.2  1870   67.9  1845   65.3  1999   63.9  1878   191.8  1876   149.9  1996   178.2  1886   213.7  1889   818.2  1847
   58.9  1871   39.9  1901   38.9  2003   36.9  1943   40.7  1909   39.6  1967   51.3  1916   58.2  1984   50.9  1955   67.2  1887   65.1  1849   63.4  1850   189.6  1843   149.1  2009   175.9  1935   212.6  1855   817.5  1959
   58.0  1916   39.4  1983   38.6  1966   36.7  1887   40.1  1940   39.4  1922   49.2  1899   57.2  1935   50.6  2007   67.1  1997   64.2  1921   63.3  2008   189.3  1878   147.3  1853   175.2  1919   212.5  2016   813.8  1945
   56.7  1859   38.8  1962   38.5  1853   35.9  1864   39.6  1866   39.3  2013   48.4  1997   56.9  2007   50.2  1947   66.7  1920   63.4  1978   61.8  1864   189.3  1914   147.1  1895   172.7  1849   212.2  1979   812.2  1837
   56.5  1917   38.8  2003   38.5  2000   35.5  1955   39.2  1880   38.7  1988   48.1  1951   56.1  1885   49.6  1846   66.0  1869   61.8  1868   60.3  1889   188.5  1856   147.0  1980   172.6  1972   211.7  1858   806.2  1896
   56.0  1966   38.5  1857   38.4  1883   35.2  1933   39.2  1911   38.6  2015   46.7  1900   54.9  1861   49.4  1901   63.8  1919   61.7  1846   59.8  1939   188.4  1927   146.8  1861   172.5  2024   211.3  1850   803.1  1962
   55.7  1897   38.5  1902   37.7  1898   34.5  2013   38.9  2023   38.6  1908   46.5  1948   54.5  1993   47.1  1949   63.7  1970   61.7  1961   59.0  1861   186.6  2005   144.2  1911   172.4  1874   210.6  1856   802.4  1892
   55.3  2000   37.6  1846   37.7  1918   34.4  1892   38.7  1944   38.5  1961   46.2  2016   54.3  2024   46.7  1914   62.8  1964   61.0  1853   58.8  1838   185.3  1997   144.0  1943   167.2  1898   210.4  1934   798.9  1947
   54.3  1850   37.4  1851   37.4  1946   34.0  2025   38.4  1884   38.3  1893   46.2  1994   53.8  1870   46.4  1912   62.6  1936   61.0  1989   58.3  1865   183.2  1895   142.6  1880   165.7  1934   209.8  1890   798.1  1889
   53.9  1893   37.1  1913   36.7  1879   32.5  1914   38.4  1961   38.3  1992   45.8  1876   53.4  1964   45.6  1985   62.3  1850   60.8  1932   58.1  1863   182.7  1942   142.5  1921   163.3  1979   209.6  1962   798.1  1991
   53.7  1908   37.1  1971   36.7  1899   32.2  1921   37.9  1868   38.0  1867   45.4  1874   53.2  1842   43.5  1902   61.9  1914   60.7  1955   54.6  1842   182.3  1989   141.8  1995   161.0  2013   206.9  1948   798.0  1842
   53.0  1901   34.9  1888   36.5  1858   31.2  1881   37.4  1897   37.2  2010   43.7  1971   53.2  1949   43.4  1977   61.8  2015   60.6  1964   53.3  1941   181.4  1985   139.2  1936   160.2  2003   204.1  1942   796.4  1857
   52.1  1892   34.9  1905   35.4  1924   30.4  2020   36.5  1928   36.9  1919   42.6  2006   52.8  1887   43.3  1979   61.6  1905   60.6  1957   52.8  1913   177.6  1954   139.0  1960   159.6  1925   202.5  1988   794.9  1971
   49.8  1914   34.6  2012   34.9  1945   29.9  1929   35.9  1874   36.8  1979   42.0  1934   52.3  2021   43.2  1894   61.4  2017   60.5  1917   52.3  1996   177.5  1839   138.1  1896   158.1  1906   200.7  1897   792.7  1908
   48.7  1992   34.5  1854   34.5  1863   29.3  1958   35.5  1927   36.7  1930   41.5  1996   52.2  1975   42.8  1890   60.4  1963   58.4  1848   51.4  1970   177.2  1886   133.6  1887   158.0  2006   200.5  1933   791.4  2011
   48.3  1848   34.0  1938   34.3  1915   29.0  1896   35.3  2025   36.3  1983   40.2  1995   51.6  1847   42.0  1969   57.0  2003   58.1  1904   51.2  1932   177.2  2017   133.3  1915   155.4  2025   200.4  1989   786.7  1890
   48.1  1876   33.9  1845   33.0  1956   28.5  1906   34.5  1888   36.3  1994   40.0  1887   51.6  1836   41.0  1989   56.7  1995   56.3  1948   51.0  1883   176.0  1944   133.3  1839   154.2  1990   194.4  1969   785.6  1976
   47.7  1864   32.5  1963   32.3  1843   28.0  2022   34.3  1851   36.0  2024   39.6  2018   51.3  1998   40.1  1972   56.5  1956   56.3  1934   50.8  1943   173.3  1917   131.3  1976   153.9  1994   193.2  2003   785.2  1873
   46.9  1989   31.4  1964   31.9  1837   27.1  2010   33.7  1837   35.6  1895   38.1  1989   49.8  1886   39.3  1915   56.3  1866   55.4  2011   50.3  1975   170.2  1838   130.0  1997   152.5  1989   193.2  1971   782.6  1949
   46.4  1973   30.7  1975   31.3  1997   27.0  2015   33.1  1998   35.0  1874   36.1  1905   48.7  1920   38.1  1921   53.9  1973   54.7  1973   49.6  1991   168.0  1889   129.7  1874   151.1  1996   192.9  1902   781.5  2010
   45.7  1929   29.4  1917   31.0  1925   26.8  1995   32.8  2010   33.7  1932   35.9  1870   47.1  1883   36.5  1854   53.5  1890   53.6  1958   48.7  1875   167.8  1953   129.1  1984   149.9  1847   191.5  2011   780.0  1904
   44.9  1902   29.0  1942   30.2  1953   26.2  1861   32.3  1901   33.1  1904   35.2  1982   46.9  1990   36.3  2003   50.6  1921   52.4  2004   46.8  1892   166.8  1874   128.7  1855   149.8  1933   189.6  1867   778.9  1851
   44.3  1949   29.0  1863   29.9  1892   24.8  1865   32.1  1935   33.0  1869   35.2  1983   46.7  1932   35.7  1964   50.5  1908   51.5  1908   46.5  1855   160.4  1907   127.6  1883   149.3  1911   189.6  1937   777.8  1884
   43.9  1909   28.9  1985   29.6  1910   24.4  1997   32.0  1922   32.5  1941   35.2  1990   44.7  1884   35.6  1851   49.7  1884   51.2  1884   46.4  1931   160.0  1844   126.7  1957   146.0  1940   188.4  1919   768.3  1898
   43.7  2019   27.6  1909   28.6  1849   23.9  1873   32.0  1861   32.5  1849   35.1  1878   44.3  1871   35.3  1997   49.0  1842   50.9  1857   45.9  1988   159.6  2006   126.2  2022   145.7  1947   187.9  1973   760.9  1901
   42.6  1935   26.9  1929   28.2  1900   23.0  1870   31.5  1939   32.4  1951   34.8  1952   42.7  1869   34.7  2002   48.7  1840   50.4  1983   44.7  1846   156.3  1862   124.3  2010   145.0  1959   185.8  1945   757.9  1840
   41.8  1898   26.5  1890   28.1  1875   23.0  1982   31.0  1859   32.3  1915   34.5  1847   42.0  1981   34.5  1888   48.5  1985   49.1  1937   44.3  2001   155.8  1864   123.8  1892   144.4  1937   185.4  1901   756.7  1955
   39.5  1911   26.3  1858   27.1  2012   20.4  1976   29.6  1936   31.7  1886   34.1  1897   41.8  1913   34.1  1996   48.2  1861   48.4  1988   42.0  1879   155.7  1929   121.0  1875   143.6  1981   182.6  1955   754.2  1850
   38.9  1907   25.6  1952   25.7  1973   19.7  1852   29.4  1980   31.4  1918   33.4  1979   39.2  1864   33.1  2009   47.3  2007   47.0  1922   42.0  2016   155.5  1976   119.4  1900   140.3  1885   182.4  1941   747.9  1996
   38.2  1950   25.4  1886   25.6  1943   18.7  2017   29.4  1871   30.9  1870   32.3  1906   37.9  1880   32.7  1900   46.7  1950   44.8  1920   41.2  1917   151.7  1847   117.2  1870   139.1  1975   180.5  1972   747.6  1975
   37.5  2022   25.3  1887   25.5  1993   18.6  1844   27.3  1959   29.6  1996   31.9  1913   37.9  1937   32.4  1928   46.1  1888   44.5  2021   39.6  1971   150.8  1854   115.5  1863   138.7  1955   180.2  1854   747.2  1953
   36.7  1889   24.3  1956   25.1  1935   18.5  1840   26.9  1848   25.5  2006   31.1  1976   37.8  1972   31.9  1939   42.5  1904   44.4  1933   39.2  1851   147.2  1932   113.2  1837   137.4  1921   180.1  1956   737.4  2003
   35.6  1905   24.0  1896   24.2  1926   18.1  1855   26.0  1919   23.8  1889   30.8  1921   36.5  2022   31.7  1855   40.7  1897   44.2  1858   38.8  1885   146.4  1909   112.8  1854   136.8  1868   180.0  1915   735.1  1905
   35.1  1888   24.0  1924   24.1  1856   16.9  1980   24.9  1839   22.8  1995   30.5  1863   36.2  2025   30.9  1906   38.1  1879   43.7  1856   37.5  2010   145.6  1992   105.6  1944   127.9  1984   178.2  1920   732.6  1893
   35.1  1896   23.8  1930   23.3  1854   16.4  1954   24.7  1990   20.9  1940   27.5  2022   35.1  1899   28.4  1898   37.7  1962   42.6  1851   34.8  1857   145.0  1880   104.8  1844   125.8  2018   174.5  1908   732.4  1973
   34.7  2006   23.0  1862   23.1  1990   15.6  1854   24.4  1956   20.8  1923   26.4  1984   33.8  1983   27.1  1929   37.5  2016   41.5  1889   34.8  1953   144.7  1905   100.8  1840   125.6  1899   171.3  1985   728.9  1902
   32.7  1881   23.0  1998   21.1  1931   14.2  2011   24.1  1970   20.1  1975   26.4  1955   33.7  1936   26.0  1895   37.0  1946   40.6  1942   33.6  1853   141.3  1896   100.2  1974   124.6  1949   171.1  2007   721.2  1870
   32.4  1953   17.0  2023   20.9  2011   14.2  1842   23.6  1905   20.1  1962   25.6  1864   33.7  1959   25.6  1971   36.1  1975   40.2  1855   31.5  1890   140.1  1841    98.4  2020   120.5  1870   166.5  1884   716.7  1964
   31.8  1861   16.6  1986   20.6  1850   13.4  1974   20.2  1989   19.9  1887   25.6  1885   31.8  1933   24.4  1986   35.5  1972   37.1  1871   29.9  1905   138.0  1888    97.9  1929   118.1  1864   162.1  1851   712.6  1858
   31.2  1858   16.0  1965   19.5  1938   12.6  2007   19.8  1876   19.1  1949   25.4  1898   30.9  1991   20.6  1843   34.9  1965   36.6  1862   28.9  1963   136.2  1855    96.6  1938   115.1  1913   159.5  1879   699.2  1855
   30.1  1987   15.5  1993   17.5  1893   11.9  2021   17.2  1895   18.4  1976   25.3  1977   27.5  1955   19.9  1907   34.8  1931   35.9  1896   27.1  1873   133.1  1963    96.1  1956   114.0  2022   159.2  1922   697.5  1933
   28.4  1963   11.5  1934   16.0  2025   10.6  1984   14.1  1991   18.1  1942   24.4  1999   25.5  1976   19.8  1941   33.0  1922   33.4  1956   24.5  1933   125.8  1845    92.3  1852   112.7  1887   159.1  1964   692.3  1844
   27.3  1964   11.2  1959   15.6  1961   10.0  1957   12.7  1836   15.7  1868   23.6  1935   17.5  1940   15.4  1910   31.2  1951   33.1  1909   23.1  1926   116.7  1934    89.6  2011   105.4  1983   152.8  1921   683.2  1864
   27.2  1838   10.7  1895   15.0  1852    9.2  1893   10.9  1896   15.4  2018   22.8  1869   17.4  2003   15.2  2014   19.8  1969   32.1  1879   20.9  1843   101.4  1891    86.7  1990    98.5  1869   152.7  1904   679.0  1854
   17.0  1880    9.2  1921   12.4  1944    8.9  1912   10.2  2020   10.5  1921   20.5  1868   12.6  1947   10.6  1865   19.6  1947   28.9  1867   19.1  1844    92.3  1858    85.4  2025    75.0  1976   150.8  1947   646.8  1887
   16.6  1855    8.3  1932   10.3  1929    7.2  1938    7.7  1844    4.1  1925   14.7  1911   10.3  1995    8.4  1959   19.2  1978   17.7  1945   19.0  1840    87.6  1964    71.8  1893    73.3  1995   139.0  1978   628.6  1921
   13.9  1997    4.0  1891    9.3  1840    ---  2026    ---  2026    ---  2026    ---  2026    ---  2026    ---  2026    ---  2026    ---  2026    ---  2026     ---  1836     ---  2026     ---  2026     ---  2026     ---  2026
