Areal values from HadUK-Grid 1km gridded climate data from land surface network
Source: Met Office National Climate Information Centre
Monthly, seasonal and annual mean air temperature for England and Wales
Areal series, starting in 1884
Last updated 01-Apr-2026 11:35
    jan  year    feb  year    mar  year    apr  year    may  year    jun  year    jul  year    aug  year    sep  year    oct  year    nov  year    dec  year     win  year     spr  year     sum  year     aut  year     ann  year
    6.9  1916    7.4  2024    8.6  1957   11.4  2011   13.4  2024   16.6  2025   19.1  2006   18.4  1995   16.5  2023   13.0  2001    9.5  1994    9.3  2015    6.45  2016   10.15  2025   17.23  2025   12.26  2006   10.85  2025
    6.6  1921    7.0  1990    8.5  1938   10.9  2007   12.9  2008   16.6  2023   18.6  2018   18.3  1997   16.3  2006   12.7  2005    9.2  2011    7.5  1934    6.21  2024   10.10  2024   16.94  2018   12.08  2011   10.83  2022
    6.6  2007    6.9  1998    8.3  2017   10.2  2025   12.8  1992   16.1  1976   18.5  1983   18.1  2022   15.8  1949   12.6  2006    9.2  2015    7.3  1974    6.16  2007    9.92  2017   16.90  2022   11.92  2023   10.82  2023
    6.2  2008    6.6  2026    8.0  2012   10.1  2020   12.8  2025   15.7  2018   17.9  2013   17.9  1947   15.7  2016   12.6  2022    8.9  2022    6.9  1988    6.11  1989    9.91  2011   16.79  1976   11.87  2022   10.66  2014
    6.2  1990    6.5  1945    7.9  1990   10.0  1943   12.8  2017   15.7  2017   17.9  1995   17.8  1975   15.6  2021   12.6  1995    8.6  1938    6.9  2023    5.95  1975    9.78  2007   16.79  2006   11.70  2014   10.63  2024
    6.2  1975    6.5  2002    7.8  2026    9.8  2014   12.8  2018   15.7  1940   17.8  2022   17.7  1911   15.2  1999   12.5  1921    8.3  2020    6.7  2024    5.94  2020    9.71  2014   16.69  2003   11.55  2021   10.48  2006
    6.1  2020    6.5  2022    7.8  1997    9.6  1893   12.6  2022   15.4  1950   17.8  2025   17.6  2003   15.2  1895   12.4  1969    8.3  2009    6.7  1953    5.90  1990    9.63  2022   16.63  1995   11.17  2005   10.48  2020
    6.1  1983    6.4  2019    7.8  1948    9.5  1987   12.5  1998   15.4  2003   17.6  1921   17.5  1990   15.1  1929   12.2  2011    8.2  2002    6.6  1898    5.76  2014    9.59  1893   16.36  1911   11.13  1949   10.45  2011
    5.8  1898    6.4  1961    7.7  2024    9.5  1945   12.5  1989   15.4  2006   17.5  1976   17.3  1955   14.8  2011   12.2  2013    8.2  2014    6.6  2018    5.74  2022    9.58  2020   16.33  1983   11.13  2009   10.33  2018
    5.8  1989    6.3  1926    7.6  2019    9.5  1949   12.5  1999   15.4  1896   17.5  1989   17.3  1899   14.8  2005   12.1  2014    8.2  1997    6.6  1900    5.72  1998    9.46  1999   16.29  1947   11.05  2001   10.32  2017
    5.7  1884    6.3  1903    7.6  1961    9.5  2009   12.5  1952   15.4  1970   17.4  1911   17.2  2025   14.7  2014   12.1  2017    8.1  2025    6.5  2025    5.67  2026    9.45  1945   16.26  1933   11.04  1959   10.27  2007
    5.7  2005    6.2  1914    7.5  1998    9.4  2018   12.4  1964   15.2  1960   17.4  1934   17.2  2020   14.7  1898   12.1  1968    8.1  1939    6.5  1918    5.65  1935    9.34  2003   16.23  1899   11.03  1995   10.22  1990
    5.7  1932    6.1  2023    7.5  2022    9.4  1944   12.4  1919   15.2  2021   17.4  2021   17.0  2004   14.6  1933   12.0  1959    8.0  1899    6.3  1924    5.59  2019    9.31  1992   16.20  2023   10.98  2025   10.19  1999
    5.5  1944    6.1  2011    7.4  2025    9.3  1961   12.4  1947   15.1  1992   17.3  2014   17.0  1933   14.6  1961   12.0  2023    8.0  1978    6.2  1912    5.44  1995    9.26  2009   16.11  2019   10.96  1999   10.19  2002
    5.5  1974    6.1  2020    7.4  1945    9.3  2003   12.2  2020   15.0  2005   17.3  2019   16.9  2019   14.5  1959   11.7  2021    8.0  1953    6.2  1942    5.42  2008    9.20  1990   16.09  1975   10.93  1978   10.15  2003
    5.5  1993    6.1  1997    7.4  1991    9.2  1946   12.2  2023   14.9  2004   17.2  1994   16.8  1984   14.5  1958   11.6  1908    7.9  2003    6.1  2021    5.37  1943    9.18  1943   16.07  2021   10.78  1898   10.14  2019
    5.4  2014    6.0  1995    7.3  2014    9.2  1914   12.2  1893   14.9  2010   17.1  1901   16.8  1893   14.4  1947   11.5  1990    7.9  1951    6.1  1954    5.28  1925    9.18  1998   16.01  2013   10.77  2020   10.14  2004
    5.3  2002    5.9  2014    7.3  1981    9.2  2024   12.2  1911   14.9  2014   17.1  1933   16.7  1983   14.4  2004   11.5  1954    7.8  2006    6.1  2006    5.26  1899    9.13  1952   15.99  1997   10.74  2015   10.10  2005
    5.3  2012    5.9  2017    7.2  2003    9.1  1894   12.1  1918   14.8  1887   17.0  1999   16.7  1976   14.4  2000   11.4  1949    7.8  2018    6.1  1971    5.21  2017    9.12  2002   15.95  2016   10.71  2024   10.09  1989
    5.3  1999    5.9  1918    7.2  2002    9.1  2004   12.1  1990   14.8  2020   17.0  1900   16.7  1932   14.3  1890   11.4  1989    7.8  1913    6.1  1994    5.12  1999    9.11  1959   15.87  1959   10.70  1913   10.08  1997
    5.3  1938    5.8  2000    7.1  1994    9.0  1999   12.0  1970   14.8  1893   17.0  2003   16.7  1959   14.3  1998   11.4  1978    7.7  1946    6.0  2013    5.11  1923    9.11  2023   15.84  1989   10.70  2004   10.06  1949
    5.3  1890    5.7  2007    7.0  1950    9.0  1993   12.0  2016   14.8  1889   16.8  1923   16.7  2016   14.2  1991   11.3  1945    7.6  1984    6.0  1921    5.11  1949    9.10  1997   15.84  2020   10.69  1945   10.06  2015
    5.2  2016    5.6  1946    7.0  2000    8.9  1952   12.0  1960   14.7  1947   16.8  2010   16.6  2024   14.2  1980   11.2  2024    7.6  1963    6.0  1985    5.07  1916    9.09  2019   15.82  2017   10.66  2017   10.05  2016
    5.1  1976    5.5  1989    7.0  1989    8.8  1959   12.0  1922   14.7  2016   16.7  1887   16.6  2013   14.2  2022   11.2  1977    7.5  1917    6.0  2016    5.05  1957    9.07  1961   15.79  2004   10.62  2013   10.03  1921
    5.1  1930    5.5  1943    6.9  1893    8.8  2015   12.0  1953   14.7  1982   16.7  1955   16.5  1991   14.1  1989   11.2  2009    7.5  1982    5.8  1910    5.02  2002    8.96  2004   15.77  1893   10.60  2016   10.02  1995
    5.0  1969    5.4  1920    6.9  2021    8.8  2002   12.0  1889   14.7  1899   16.7  1905   16.5  2002   14.1  1926   11.1  2025    7.5  2004    5.7  2011    5.00  2005    8.96  1948   15.74  1949   10.59  1989   10.00  2021
    5.0  2018    5.4  1928    6.9  1999    8.8  2022   12.0  1917   14.7  2007   16.7  1949   16.5  2018   14.1  1941   11.1  1996    7.4  1999    5.7  1911    5.00  1974    8.90  2018   15.73  1955   10.59  1938    9.95  1959
    5.0  1923    5.3  1935    6.9  1992    8.8  2019   12.0  2014   14.7  2022   16.7  1899   16.5  1944   14.0  2019   11.0  1971    7.3  1986    5.7  1977    5.00  2025    8.89  1957   15.69  1935   10.58  2002    9.91  1998
    5.0  1957    5.3  1980    6.9  2007    8.7  1955   11.9  2001   14.6  1933   16.7  1991   16.4  1884   14.0  1985   10.9  1898    7.3  1995    5.6  2019    4.99  2012    8.84  1933   15.69  2014   10.58  1997    9.84  2000
    4.9  1988    5.2  1885    6.8  1933    8.7  2017   11.9  2011   14.6  1966   16.7  1941   16.3  2009   14.0  1981   10.8  1979    7.3  1928    5.6  1986    4.97  1920    8.83  2012   15.68  2005   10.56  2018    9.83  2009
    4.9  1949    5.2  2008    6.8  2005    8.6  1926   11.8  1940   14.6  1930   16.6  1935   16.3  2001   14.0  1934   10.7  1886    7.3  1888    5.6  1997    4.97  1921    8.82  1912   15.63  1990   10.54  1968    9.76  1994
    4.9  2023    5.2  1897    6.8  1912    8.6  2010   11.8  1959   14.5  1897   16.6  1975   16.3  2012   14.0  1884   10.7  1913    7.3  2021    5.5  1959    4.90  1988    8.81  2008   15.62  2010   10.50  1947    9.75  1945
    4.9  2004    5.2  1949    6.7  1927    8.6  2005   11.7  1908   14.5  2009   16.5  1959   16.3  1906   14.0  2009   10.7  1984    7.3  1894    5.4  1956    4.88  2000    8.76  2005   15.57  2009   10.50  1994    9.73  2008
    4.9  1948    5.2  1966    6.7  1959    8.5  1937   11.7  2006   14.4  1957   16.5  2001   16.2  1937   13.9  1936   10.6  2007    7.3  1970    5.4  2002    4.87  2004    8.73  1960   15.56  1984   10.48  2007    9.58  1911
    4.9  1925    5.1  1923    6.7  1921    8.5  1942   11.7  2004   14.4  1959   16.4  2016   16.2  1949   13.9  2003   10.6  2015    7.3  1931    5.4  1949    4.85  1937    8.70  2000   15.53  1887   10.47  1970    9.57  1938
    4.8  1998    5.1  1992    6.7  2023    8.5  1997   11.7  2009   14.4  1917   16.3  2017   16.2  2000   13.9  1970   10.6  1985    7.2  2023    5.3  1987    4.83  1913    8.68  1896   15.52  1994   10.47  1984    9.56  2001
    4.8  1906    5.0  1939    6.6  2009    8.4  1995   11.6  2007   14.4  2000   16.3  1904   16.1  2023   13.9  2002   10.5  1965    7.2  2024    5.3  1955    4.80  1898    8.66  1993   15.51  1921   10.38  1908    9.54  1943
    4.8  1994    5.0  1937    6.6  1967    8.4  1948   11.6  2000   14.3  1993   16.3  2005   16.1  1935   13.8  1982   10.5  1906    7.2  2007    5.3  1983    4.80  2023    8.53  1989   15.50  2001   10.34  1921    9.54  1983
    4.7  1937    5.0  1974    6.6  1920    8.4  1896   11.6  2003   14.3  1934   16.3  1971   16.1  1989   13.8  2020   10.5  2016    7.1  1981    5.3  1929    4.75  1950    8.53  1938   15.49  1934   10.33  1982    9.54  1957
    4.7  1928    5.0  1950    6.5  1903    8.4  2023   11.5  1895   14.3  1935   16.3  1926   16.0  2008   13.8  1921   10.5  1986    7.1  1895    5.3  2000    4.65  1903    8.51  2015   15.48  2024   10.32  1958    9.52  1898
    4.6  2022    5.0  2004    6.4  1977    8.4  1960   11.5  1945   14.3  1973   16.2  1925   16.0  1973   13.8  1939   10.4  1957    7.1  2001    5.3  1979    4.63  1948    8.50  1920   15.42  1999   10.30  1951    9.50  1934
    4.6  1920    5.0  2025    6.4  2011    8.3  1933   11.4  2002   14.2  1949   16.2  1947   16.0  1996   13.8  1973   10.4  1958    7.1  1983    5.3  1972    4.59  1976    8.46  1921   15.36  1897   10.30  1906    9.48  1948
    4.5  2000    4.9  1967    6.4  1936    8.3  1912   11.4  1937   14.2  1925   16.2  1990   15.9  1916   13.8  1956   10.4  2018    7.0  1964    5.2  1998    4.56  1912    8.44  1981   15.30  1992   10.29  2000    9.47  2012
    4.5  1943    4.8  1999    6.4  2020    8.3  1904   11.4  2012   14.2  1941   16.1  1969   15.9  1939   13.8  1971   10.4  1910    7.0  1908    5.2  1948    4.56  1967    8.43  1940   15.30  1950   10.28  1969    9.43  1893
    4.4  1899    4.8  1912    6.3  1896    8.2  2006   11.4  1912   14.1  2019   16.1  1997   15.9  1898   13.8  1945   10.4  1999    7.0  1992    5.2  1922    4.52  1932    8.41  1991   15.30  1982   10.27  1953    9.42  1992
    4.4  2024    4.8  2021    6.3  1905    8.2  1909   11.3  1933   14.1  1986   16.1  1952   15.8  2006   13.7  1955   10.3  1961    7.0  1948    5.2  2004    4.51  1914    8.35  1914   15.29  1901   10.25  1961    9.42  1961
    4.3  2015    4.7  1957    6.2  1943    8.2  1992   11.3  1943   14.0  1968   16.0  1967   15.8  1942   13.7  1997   10.3  1947    7.0  1945    5.2  1951    4.49  1972    8.29  2016   15.28  2008   10.22  1990    9.42  1975
    4.3  1902    4.7  1908    6.2  1902    8.2  1957   11.3  1896   14.0  1910   16.0  2008   15.8  1999   13.7  2024   10.3  1963    6.9  1897    5.2  1932    4.48  1922    8.29  1994   15.26  2002   10.21  2003    9.41  1976
    4.3  1995    4.7  1884    6.1  1978    8.1  1980   11.2  1976   14.0  1963   16.0  1984   15.8  1926   13.7  1951   10.3  1967    6.9  1906    5.1  1941    4.46  1993    8.27  1927   15.23  1900   10.18  1929    9.41  1953
    4.2  1981    4.7  2016    6.1  2004    8.1  1939   11.2  1988   14.0  1905   15.9  1945   15.7  1981   13.7  2025   10.3  1943    6.8  2008    5.1  1980    4.45  1973    8.27  1988   15.19  1925   10.17  1946    9.40  1914
    4.2  2003    4.6  1899    6.1  2015    8.0  1964   11.2  1920   13.9  1900   15.9  2023   15.7  2005   13.7  1911   10.3  2004    6.8  1947    5.1  2014    4.45  2003    8.26  2010   15.18  1996   10.16  1971    9.37  1982
    4.2  1935    4.6  1925    6.1  1894    8.0  1982   11.2  1956   13.9  1936   15.9  2024   15.7  1897   13.6  1913   10.3  1916    6.7  1960    5.0  1993    4.44  1911    8.24  1950   15.17  1932   10.14  1954    9.37  2013
    4.2  1896    4.6  1977    6.1  1993    8.0  1996   11.1  1995   13.9  1921   15.9  2009   15.7  1914   13.6  2007   10.2  1920    6.7  1898    4.9  1915    4.41  2015    8.23  1944   15.14  2000   10.13  1963    9.36  1933
    4.1  1927    4.6  1905    6.1  1952    7.9  1947   11.1  1890   13.9  1895   15.9  1982   15.7  2015   13.6  1891   10.2  1970    6.7  1955    4.9  1931    4.32  1961    8.19  1995   15.14  1970   10.08  1983    9.36  1988
    4.1  1971    4.5  1910    6.1  1897    7.9  1940   11.0  1997   13.9  1891   15.9  1957   15.7  2021   13.6  1964   10.2  2020    6.6  1900    4.9  1919    4.29  1946    8.18  2006   15.11  1952   10.06  1941    9.31  1913
    4.1  1924    4.5  1938    6.1  1923    7.9  1901   10.9  1925   13.9  1989   15.8  1992   15.6  1969   13.6  2010   10.2  1988    6.6  1959    4.9  1966    4.27  1930    8.16  1982   15.11  1973   10.03  1991    9.28  1899
    4.1  1973    4.5  1993    6.0  1972    7.9  1985   10.9  1913   13.9  1911   15.8  1996   15.6  1953   13.6  1917   10.2  1942    6.6  1924    4.9  1984    4.26  1992    8.13  1949   15.08  1957   10.02  1899    9.27  1971
    4.0  1996    4.5  1982    6.0  1966    7.8  1972   10.9  2005   13.9  1975   15.8  1897   15.5  1952   13.6  2013   10.1  1925    6.6  2017    4.9  1936    4.25  1994    8.07  1964   15.08  1937   10.01  1886    9.25  1935
    4.0  1926    4.4  1958    6.0  1935    7.8  1963   10.9  1993   13.9  2024   15.8  1896   15.5  1918   13.5  1906   10.1  2010    6.6  1954    4.8  2020    4.22  1939    8.06  1953   15.05  1884   10.01  1998    9.24  1926
    4.0  2006    4.4  1894    5.9  1983    7.8  1921   10.9  1916   13.9  1914   15.7  1951   15.5  1936   13.5  2018   10.1  1998    6.6  2000    4.8  2007    4.22  1926    8.04  1939   15.04  1940   10.01  2019    9.23  1984
    4.0  2026    4.4  1988    5.9  1926    7.7  1920   10.9  2019   13.8  1984   15.7  1893   15.4  1994   13.5  1978   10.1  1976    6.5  1990    4.8  1947    4.21  1960    8.04  1926   15.02  1941   10.00  1948    9.20  1960
    4.0  1962    4.3  1921    5.9  1968    7.7  1895   10.9  1982   13.8  1988   15.7  1928   15.4  2017   13.4  1969   10.1  1930    6.5  1940    4.7  1945    4.19  2001    8.03  2001   15.02  1896    9.96  1979    9.19  1884
    3.9  1913    4.3  1913    5.9  1988    7.7  1975   10.9  1971   13.8  1994   15.6  1944   15.4  1901   13.4  1966   10.0  1972    6.4  1920    4.7  2003    4.17  2021    8.01  1913   15.02  1944    9.94  1977    9.18  1939
    3.9  1968    4.2  1911    5.8  2008    7.7  1916   10.9  1924   13.8  1945   15.6  1943   15.4  1998   13.4  1901   10.0  1909    6.4  1902    4.7  2017    4.16  2018    7.97  1895   15.01  1945    9.93  1939    9.13  1967
    3.9  1967    4.2  1975    5.8  1907    7.7  1898   10.8  1921   13.8  2002   15.6  2015   15.4  1919   13.4  1953   10.0  1934    6.4  2012    4.7  1894    4.14  1980    7.97  1918   15.01  2015    9.93  1934    9.13  1973
    3.9  1950    4.2  1893    5.8  1929    7.7  1988   10.8  1901   13.8  2008   15.6  1985   15.4  1970   13.4  1948   10.0  1927    6.4  1889    4.6  1989    4.14  1938    7.96  1946   15.00  1905    9.92  1933    9.13  1991
    3.9  1939    4.2  1971    5.8  1960    7.7  1928   10.8  1965   13.8  1961   15.5  1946   15.4  1938   13.4  1968   10.0  1903    6.3  1935    4.6  1975    4.04  1971    7.95  1911   15.00  1969    9.90  1996    9.11  1920
    3.9  2017    4.2  1948    5.8  2010    7.7  1900   10.8  1978   13.8  1998   15.5  1912   15.3  1943   13.4  1946   10.0  1941    6.3  1914    4.6  2012    4.04  1906    7.93  1972   15.00  2007    9.84  1928    9.09  1928
    3.8  1934    4.2  2001    5.7  1973    7.7  2008   10.8  1892   13.8  2015   15.5  1885   15.3  1982   13.3  1907   10.0  1962    6.3  1929    4.6  1913    4.03  1944    7.93  1894   15.00  1926    9.82  2008    9.09  1947
    3.8  2019    4.1  1898    5.7  1884    7.7  1930   10.8  1936   13.7  1938   15.5  1884   15.3  1886   13.3  2017   10.0  1937    6.3  1979    4.5  1973    4.03  1981    7.88  1967   14.99  1914    9.79  1924    9.07  1993
    3.8  1900    4.1  1891    5.7  1914    7.6  1994   10.7  1973   13.7  1996   15.5  2020   15.3  1980   13.2  1942   10.0  1914    6.3  1987    4.5  1888    3.97  2006    7.82  1942   14.99  1991    9.76  1955    9.06  1944
    3.7  1903    4.1  1922    5.7  1913    7.6  1990   10.7  1934   13.7  1931   15.5  1979   15.3  2007   13.2  1987   10.0  1983    6.2  1974    4.5  1905    3.96  1984    7.81  1947   14.95  1906    9.76  1914    9.06  1937
    3.6  1960    4.0  1959    5.6  1956    7.5  1984   10.7  1981   13.7  1920   15.4  1937   15.3  1958   13.2  1938    9.9  2000    6.2  1991    4.4  1897    3.91  1927    7.79  1928   14.94  1917    9.74  1930    9.05  1918
    3.6  2011    4.0  1976    5.6  1910    7.5  1935   10.7  1948   13.7  1942   15.4  1932   15.3  1930   13.2  1900    9.9  1938    6.2  1932    4.4  1999    3.89  1983    7.77  1905   14.90  2012    9.74  1960    9.05  1970
    3.6  1915    4.0  2009    5.6  1890    7.5  1927   10.7  1954   13.7  2011   15.4  1917   15.2  1945   13.2  1930    9.9  1997    6.2  1907    4.4  1991    3.89  1928    7.77  1890   14.88  1943    9.73  1920    9.01  1930
    3.5  1904    4.0  1896    5.6  1982    7.5  1965   10.6  1939   13.7  1943   15.4  1929   15.2  2011   13.2  1983    9.9  2019    6.2  1989    4.3  1907    3.88  1896    7.75  1966   14.87  1967    9.70  1916    9.01  1900
    3.5  1951    4.0  2005    5.5  2016    7.5  2000   10.6  2015   13.7  1952   15.4  1914   15.2  1971   13.2  1886    9.9  1924    6.2  1916    4.3  1958    3.86  1966    7.69  1973   14.84  1930    9.69  1895    9.00  1974
    3.5  1972    4.0  1962    5.5  1928    7.5  1991   10.6  1944   13.7  1983   15.4  1950   15.2  1895   13.2  2008    9.8  1966    6.2  1949    4.3  1914    3.85  1915    7.69  1936   14.80  1942    9.68  1900    9.00  1950
    3.4  2013    4.0  1973    5.5  1940    7.5  1968   10.6  1910   13.6  2001   15.4  2002   15.1  1987   13.1  1995    9.8  1960    6.2  1968    4.3  2005    3.84  1954    7.69  1965   14.75  1998    9.66  1907    8.96  1946
    3.4  1936    3.9  1964    5.4  1939    7.4  1974   10.6  1884   13.6  1915   15.4  1964   15.1  1927   13.1  1935    9.8  1928    6.1  1892    4.2  1902    3.81  1958    7.68  1954   14.73  1939    9.66  1890    8.96  1977
    3.4  1970    3.9  1972    5.4  1918    7.4  1998   10.6  1929   13.6  1908   15.4  2004   15.1  2010   13.1  1984    9.8  1933    6.1  2019    4.1  1893    3.79  1885    7.68  1935   14.72  1936    9.66  1981    8.95  1906
    3.4  1992    3.9  2012    5.4  1954    7.4  1913   10.6  1986   13.6  1995   15.4  1987   15.1  1925   13.1  1996    9.7  1994    6.1  1941    4.1  1965    3.78  1905    7.67  1956   14.70  1960    9.65  1964    8.95  1966
    3.3  1922    3.8  1953    5.3  1963    7.4  1976   10.6  1931   13.6  1939   15.3  1986   15.1  1909   13.1  1967    9.7  1982    6.1  1886    4.1  1990    3.77  1901    7.66  1977   14.68  1953    9.61  1987    8.94  1897
    3.3  1918    3.8  2015    5.3  1953    7.4  1899   10.6  1958   13.5  1997   15.3  1886   15.1  1967   13.1  1899    9.7  1948    6.1  1958    4.0  1957    3.74  1894    7.66  2021   14.62  1895    9.60  1943    8.93  1958
    3.3  1984    3.8  1927    5.1  1974    7.4  1934   10.6  1950   13.5  1965   15.3  1908   15.1  1950   13.0  2001    9.7  2002    6.1  2013    4.0  1930    3.70  1908    7.65  1937   14.61  2011    9.60  2010    8.92  1932
    3.3  1956    3.7  2003    5.1  1995    7.3  1967   10.5  1969   13.5  1919   15.3  1977   15.0  1940   13.0  1914    9.7  1991    6.0  1980    3.9  1884    3.67  2013    7.65  1963   14.57  1904    9.56  1986    8.90  1912
    3.3  2025    3.7  1915    4.9  2001    7.3  2001   10.5  1927   13.5  1913   15.2  1894   15.0  1992   12.9  1915    9.7  1897    6.0  2005    3.9  1982    3.67  1910    7.65  1910   14.54  1981    9.55  1980    8.89  1964
    3.3  1911    3.7  1933    4.8  1930    7.3  1915   10.4  2010   13.5  1937   15.2  1958   15.0  1921   12.9  1924    9.5  1946    6.0  1903    3.9  1920    3.66  1918    7.64  1976   14.54  1898    9.54  1956    8.86  1980
    3.2  1912    3.6  2006    4.8  1946    7.3  1981   10.4  1966   13.5  1953   15.2  1956   15.0  1917   12.9  1937    9.5  1975    6.0  1957    3.8  1938    3.65  1890    7.63  1978   14.53  1923    9.53  1976    8.86  1978
    3.2  1961    3.5  1960    4.8  1944    7.2  2016   10.4  1980   13.5  2013   15.2  1906   15.0  1887   12.9  1992    9.5  1893    5.9  1977    3.8  1926    3.62  1933    7.61  1974   14.52  1964    9.52  1957    8.85  1936
    3.2  1905    3.5  1887    4.7  1895    7.2  1931   10.4  1942   13.4  1967   15.1  2012   15.0  1964   12.8  1988    9.5  1953    5.9  1930    3.8  1967    3.57  1978    7.61  1987   14.52  1958    9.52  1935    8.84  1968
    3.1  2001    3.4  1931    4.7  1965    7.2  1979   10.4  1991   13.4  1906   15.1  1927   14.9  1968   12.8  1979    9.5  2008    5.9  1972    3.8  1970    3.56  1919    7.61  1907   14.51  1938    9.51  1903    8.84  1955
    3.1  1986    3.4  1934    4.7  1915    7.1  1971   10.3  1949   13.4  1885   15.1  1973   14.9  1961   12.8  2012    9.4  1907    5.9  1944    3.8  1891    3.54  1997    7.59  1980   14.50  1889    9.49  1967    8.84  1896
    3.1  1910    3.3  1987    4.7  1911    7.1  1923   10.3  1915   13.4  1924   15.1  1981   14.9  1957   12.8  1975    9.4  1951    5.9  1943    3.7  1908    3.54  1952    7.59  1903   14.48  1971    9.48  1911    8.83  1908
    3.1  1958    3.3  1916    4.6  1971    7.1  1950   10.3  1961   13.4  1932   15.0  2007   14.9  1928   12.8  1976    9.4  1950    5.8  1912    3.7  1978    3.46  1931    7.58  1884   14.45  1968    9.48  2012    8.82  1951
    3.0  1907    3.3  1951    4.6  1942    7.1  1885   10.3  1985   13.3  1979   15.0  1998   14.8  2014   12.8  1932    9.4  1904    5.8  1961    3.7  1904    3.42  2009    7.56  1889   14.45  1886    9.45  1985    8.81  1924
    3.0  1953    3.2  1984    4.6  1949    7.1  1886   10.3  1903   13.3  1999   15.0  1948   14.8  1915   12.6  1990    9.3  1987    5.8  1934    3.6  1960    3.42  1924    7.55  1971   14.43  1961    9.45  1966    8.80  1969
    3.0  1965    3.1  1944    4.6  1899    7.1  1938   10.3  1974   13.3  1912   15.0  1918   14.8  1913   12.6  1943    9.3  1923    5.8  1975    3.5  1940    3.35  1962    7.53  1930   14.41  1951    9.45  1942    8.79  1981
    3.0  1991    3.0  1904    4.6  1986    7.1  2013   10.2  1914   13.3  2012   15.0  1953   14.8  1929   12.6  1960    9.3  1890    5.7  1956    3.5  1895    3.26  1945    7.53  1934   14.39  1993    9.44  1917    8.79  1894
    3.0  2021    3.0  1952    4.6  1941    7.1  1962   10.2  1904   13.3  1901   14.9  2011   14.8  1988   12.6  1977    9.3  2012    5.7  1976    3.5  2022    3.26  1959    7.52  1968   14.38  1918    9.43  1936    8.77  1954
    3.0  1931    2.9  2013    4.6  2006    7.0  1907   10.2  1909   13.3  1980   14.9  1972   14.7  1934   12.6  1896    9.2  1940    5.7  1927    3.5  2008    3.24  1889    7.51  1929   14.38  1979    9.41  1973    8.76  1910
    2.9  1909    2.9  1892    4.5  2018    7.0  2012   10.1  1928   13.3  1884   14.8  1942   14.7  1910   12.6  1916    9.2  1900    5.7  1973    3.4  1992    3.21  1953    7.47  1925   14.36  1966    9.40  1897    8.76  1925
    2.9  1914    2.9  1994    4.5  1906    7.0  1954   10.1  1905   13.2  1922   14.8  2000   14.7  1923   12.5  1950    9.2  1929    5.7  1971    3.4  1909    3.19  1955    7.47  1901   14.34  1908    9.39  1988    8.76  1996
    2.9  1901    2.9  1941    4.5  1925    7.0  1911   10.1  1930   13.2  1969   14.8  1993   14.7  1977   12.5  1903    9.2  1911    5.7  1926    3.4  1944    3.16  1904    7.47  1985   14.32  1928    9.36  1940    8.73  1927
    2.9  2009    2.8  1932    4.5  1934    7.0  1969   10.1  1994   13.2  1890   14.8  1931   14.7  1900   12.5  1920    9.2  1901    5.6  1998    3.4  1943    3.15  1987    7.43  1904   14.29  1988    9.35  1975    8.73  1903
    2.8  1978    2.8  1924    4.4  1975    7.0  1902   10.1  2013   13.2  1964   14.8  1895   14.7  1892   12.5  1893    9.1  1956    5.6  2016    3.4  1896    3.15  1897    7.43  1915   14.28  1929    9.31  1937    8.72  1916
    2.8  1964    2.8  1890    4.3  1984    6.9  1925   10.0  1938   13.1  1990   14.8  1898   14.6  1904   12.5  1963    9.1  1935    5.6  1911    3.4  2001    3.14  1968    7.41  1919   14.28  1987    9.30  1891    8.71  1972
    2.7  1894    2.7  1906    4.3  1976    6.9  1892   10.0  1888   13.1  1951   14.7  1939   14.6  1974   12.5  1908    9.1  1891    5.5  1996    3.3  1923    3.08  1909    7.38  1897   14.20  1915    9.29  1902    8.70  1952
    2.7  1888    2.7  1965    4.3  1922    6.9  1953    9.9  1898   13.1  1955   14.7  1936   14.5  1972   12.4  1919    9.1  1902    5.4  1950    3.2  1928    3.00  1964    7.37  1923   14.19  1980    9.28  1927    8.67  2010
    2.7  1889    2.6  2018    4.3  1932    6.9  1905    9.9  1972   13.1  1974   14.7  1924   14.4  1948   12.4  2015    9.0  1936    5.4  1890    3.1  1885    2.98  1970    7.27  1983   14.19  1910    9.28  1884    8.67  1987
    2.7  1946    2.6  1981    4.3  1980    6.8  1958    9.9  1907   13.0  1894   14.7  1930   14.4  1960   12.4  1902    9.0  1899    5.4  1885    3.0  1964    2.97  2011    7.21  1922   14.18  1913    9.18  1926    8.67  1905
    2.6  1954    2.6  1970    4.2  1985    6.8  1910    9.9  1946   13.0  1958   14.7  1916   14.4  1978   12.4  1928    8.9  1955    5.4  1922    3.0  1901    2.93  1965    7.20  1916   14.17  1986    9.13  1932    8.65  1923
    2.5  1919    2.6  2010    4.2  1979    6.8  1966    9.9  1906   13.0  1978   14.6  1970   14.4  1951   12.4  1940    8.9  1894    5.4  1933    2.9  2009    2.87  1969    7.17  1970   14.15  1948    9.13  1894    8.64  1942
    2.5  1982    2.5  1909    4.1  1889    6.6  1977    9.9  1977   13.0  1902   14.6  1903   14.3  1965   12.3  1954    8.8  1918    5.4  1936    2.9  1903    2.86  1991    7.14  1902   14.13  1919    9.12  1950    8.61  1901
    2.5  1952    2.5  1889    4.0  1996    6.6  1890    9.9  1957   13.0  1948   14.6  1961   14.3  1979   12.3  1889    8.8  1944    5.3  1918    2.9  1969    2.84  1977    7.13  1899   14.12  1931    9.08  1972    8.59  1941
    2.4  1966    2.3  1907    4.0  1885    6.6  1897    9.8  1963   12.9  1898   14.5  1960   14.3  1905   12.3  1994    8.8  2003    5.2  1988    2.9  1939    2.84  1996    7.12  1898   14.07  1894    9.08  1962    8.58  1929
    2.3  1977    2.3  1996    3.9  1904    6.6  1919    9.8  2021   12.9  1944   14.5  1889   14.2  1941   12.2  1910    8.8  1915    5.1  1891    2.9  1952    2.82  1934    7.12  1909   14.07  1885    9.06  1992    8.58  1940
    2.3  1885    2.2  1930    3.8  1987    6.6  1906    9.8  1886   12.9  1926   14.5  1974   14.2  1889   12.2  1962    8.8  1973    5.1  1884    2.8  1889    2.82  1902    7.11  1931   14.06  1927    9.03  1931    8.58  1904
    2.3  1955    2.2  1900    3.8  1951    6.6  1924    9.7  1967   12.8  1954   14.4  1940   14.2  1966   12.2  1904    8.8  1884    5.1  1966    2.8  1968    2.79  1892    7.11  1975   14.05  1963    9.02  1901    8.53  1931
    2.1  1908    2.2  1936    3.8  1908    6.6  1973    9.6  1932   12.8  1962   14.4  1938   14.2  1985   12.1  1957    8.7  1952    5.1  2010    2.8  1946    2.76  1936    7.07  1924   14.04  1974    8.96  1889    8.50  1915
    2.0  1933    2.1  1954    3.8  1964    6.5  1889    9.6  1900   12.8  1981   14.4  1963   14.2  1908   12.1  1927    8.6  1931    5.1  1962    2.7  1996    2.73  1956    7.05  1908   13.99  1946    8.94  1888    8.47  1985
    2.0  1997    2.1  1940    3.7  1898    6.4  1884    9.6  1983   12.8  1904   14.4  1968   14.1  1993   12.0  1944    8.5  1980    5.0  1937    2.7  1935    2.72  1986    7.05  1984   13.95  1891    8.91  1944    8.46  1907
    1.9  1980    2.1  1978    3.7  1924    6.3  1918    9.6  1987   12.7  1886   14.3  1966   14.0  1946   12.0  1923    8.4  1932    5.0  1904    2.7  1906    2.69  1907    7.01  1906   13.95  1985    8.91  1893    8.45  1889
    1.8  1887    2.0  1985    3.7  1901    6.3  1951    9.6  1926   12.6  1888   14.3  1891   14.0  1954   12.0  1993    8.3  1964    5.0  1967    2.7  1937    2.64  1900    6.87  1969   13.93  1977    8.86  1965    8.43  1965
    1.7  1947    1.6  1901    3.6  1891    6.3  1932    9.5  1935   12.6  1892   14.3  1988   14.0  1907   11.9  1905    8.3  1889    5.0  1969    2.6  1925    2.54  1951    6.87  1996   13.93  1916    8.85  1904    8.40  1956
    1.7  1892    1.6  1968    3.6  1931    6.2  1983    9.5  1962   12.6  1929   14.2  1909   13.9  1890   11.9  1888    8.0  1922    4.9  1942    2.5  1887    2.51  1985    6.86  1958   13.92  1924    8.75  1909    8.40  1890
    1.6  1893    1.5  1919    3.4  1886    6.2  2021    9.4  1897   12.6  1918   14.2  1913   13.9  1894   11.8  1965    8.0  1939    4.7  1893    2.3  1963    2.48  1893    6.86  1979   13.86  1978    8.62  1910    8.35  1902
    1.5  1886    1.5  1983    3.3  1887    6.1  1956    9.4  1899   12.5  1956   14.1  1962   13.9  1962   11.8  1892    8.0  1993    4.6  1921    2.2  1961    2.36  1982    6.85  1986   13.78  1912    8.59  1918    8.32  1979
    1.5  1959    1.4  1991    3.3  1970    6.1  1970    9.3  1951   12.4  1946   14.1  1978   13.9  1931   11.7  1885    8.0  1912    4.5  1905    2.2  1995    2.34  1887    6.82  1955   13.76  1965    8.37  1922    8.32  1986
    1.2  1929    1.3  1888    3.2  1958    6.1  1929    9.3  1984   12.4  1928   14.1  1915   13.9  1896   11.7  1922    7.9  1981    4.5  1909    2.0  1917    2.23  2010    6.78  1900   13.69  1890    8.33  1974    8.25  1922
    1.2  2010    1.0  1902    3.2  1919    6.1  1989    9.3  1979   12.3  1987   14.1  1902   13.8  1902   11.7  1918    7.8  1926    4.5  1901    1.9  1886    2.20  1941    6.75  1886   13.63  1962    8.27  1925    8.21  1895
    1.1  1917    0.9  1955    3.1  1947    6.1  1941    9.3  1975   12.2  1903   14.0  1980   13.7  1903   11.6  1909    7.7  1888    4.4  1993    1.9  1899    2.18  1888    6.74  1932   13.63  1902    8.22  1915    8.20  1886
    1.1  1897    0.9  1886    3.1  1937    5.9  1903    9.2  1968   12.1  1985   13.9  1890   13.7  1963   11.6  1897    7.4  1992    4.2  1887    1.9  1916    2.00  1942    6.63  1892   13.63  1892    8.20  1912    8.14  1909
    0.9  1891    0.9  1979    3.1  1969    5.9  1978    9.1  1955   12.0  1907   13.8  1910   13.7  1924   11.5  1974    7.3  1917    4.2  1965    1.8  1892    1.86  1886    6.56  2013   13.60  1909    8.16  1892    8.09  1917
    0.8  1942    0.7  1917    3.1  1900    5.9  1936    8.9  1887   12.0  1923   13.7  1920   13.7  1891   11.3  1931    7.3  1919    4.0  1896    1.7  1976    1.51  1929    6.53  1917   13.58  1956    8.13  1923    8.08  1891
    0.6  1987    0.6  1969    3.0  1909    5.8  1887    8.9  1923   11.9  1927   13.6  1954   13.7  1888   11.3  1972    7.2  1974    3.9  1952    1.7  1962    1.45  1979    6.48  1951   13.55  1972    8.13  1993    8.06  1962
    0.5  1985   -0.0  1929    3.0  1916    5.7  1888    8.9  1891   11.9  1971   13.6  1907   13.3  1885   11.2  1894    7.0  1885    3.7  1985    1.7  1927    1.26  1891    6.46  1885   13.53  1920    8.02  1885    8.06  1919
    0.2  1941   -0.1  1942    2.8  1955    5.7  1891    8.6  1996   11.8  1977   13.6  1892   13.2  1920   11.2  1887    6.9  1895    3.5  1925    1.3  1933    1.25  1917    6.41  1941   13.50  1903    7.74  1896    8.04  1885
    0.2  1945   -0.7  1956    2.7  1917    5.6  1908    8.6  1894   11.7  1991   13.5  1919   13.1  1986   11.1  1925    6.8  1887    3.2  1910    0.9  1950    1.21  1940    6.25  1962   13.49  1954    7.74  1952    7.91  1887
   -0.3  1895   -1.1  1963    2.7  1888    5.3  1986    8.6  1941   11.4  1909   13.4  1965   13.1  1956   10.9  1986    6.7  1905    3.0  1923    0.3  1981    0.91  1947    6.14  1888   13.21  1907    7.73  1905    7.91  1963
   -0.3  1979   -1.3  1986    2.6  2013    5.2  1922    8.3  1885   11.2  1972   13.1  1922   13.0  1922   10.8  1912    6.7  1896    2.9  1915   -0.5  2010    0.80  1895    6.06  1891   13.14  1888    7.53  1919    7.78  1888
   -1.3  1940   -2.1  1947    2.2  1892    4.8  1917    8.2  1902   11.2  1916   13.1  1888   12.5  1912   10.6  1952    6.6  1892    2.9  1919   -1.0  1890   -0.56  1963    6.04  1887   13.12  1922    7.40  1887    7.65  1892
   -2.3  1963   -2.3  1895    2.2  1962    ---  2026    ---  2026    ---  2026    ---  2026    ---  2026    ---  2026    ---  2026    ---  2026    ---  2026     ---  1884     ---  2026     ---  2026     ---  2026     ---  2026
