Areal values from HadUK-Grid 1km gridded climate data from land surface network
Source: Met Office National Climate Information Centre
Monthly, seasonal and annual number of days in the month with air frost (minimum temperature below zero) for England and Wales
Areal series, starting in 1931
Last updated 01-Apr-2026 11:35
    jan  year    feb  year    mar  year    apr  year    may  year    jun  year    jul  year    aug  year    sep  year    oct  year    nov  year    dec  year     win  year     spr  year     sum  year     aut  year     ann  year
   28.4  1963   27.1  1947   23.1  1955   12.7  2021    5.6  1941    0.6  1962    0.0  1965    0.0  1932    0.8  1932    7.2  1931   13.2  1965   23.7  2010    74.8  1963    27.3  1955     0.6  1962    16.5  1993    84.9  2010
   27.4  1940   26.7  1963   21.2  1962    9.9  1956    4.3  1979    0.3  1991    0.0  1954    0.0  1977    0.5  1986    5.3  1955   12.9  1985   22.7  1950    61.3  1947    27.1  2013     0.3  1991    14.4  1988    83.3  1955
   26.0  1979   25.6  1942   18.7  1937    9.4  1968    3.4  1996    0.1  1975    0.0  2000    0.0  1931    0.4  1969    5.2  1993   12.3  1988   21.2  1981    60.1  1979    24.8  1962     0.1  1975    14.2  1952    82.9  1963
   24.0  1985   24.6  1986   18.3  2013    8.8  1938    3.0  1935    0.1  1989    0.0  1973    0.0  1937    0.2  1974    4.9  1997   12.2  1996   19.7  1962    57.4  1942    24.8  1970     0.1  1989    13.4  1965    81.5  1979
   23.0  1945   24.1  1956   17.7  1931    8.7  1970    2.3  1945    0.1  1941    0.0  1960    0.0  1964    0.2  1954    4.3  1992   11.6  2005   19.5  1933    55.8  1940    23.9  1958     0.1  1941    13.2  1985    79.5  1947
   22.5  1942   21.0  1979   16.8  1958    8.5  1936    2.2  1944    0.1  1936    0.0  1984    0.0  1934    0.2  1943    4.0  2003   11.4  1952   19.0  1961    49.2  2010    23.6  1941     0.1  1977    12.3  1973    77.7  1942
   22.0  1941   20.5  1968   16.1  1970    8.2  2013    2.0  1982    0.1  1971    0.0  1971    0.0  1976    0.2  1975    3.3  1983   11.2  1993   18.6  1976    48.0  1941    22.2  1969     0.1  1936    12.2  1996    77.0  1941
   21.7  1959   19.7  1955   15.2  1947    7.3  1984    1.9  2021    0.0  1969    0.0  1962    0.0  2012    0.2  1979    2.9  1951   10.7  1971   17.4  2001    47.7  1956    20.4  1932     0.1  1971    12.0  2010    75.0  1940
   20.1  1987   19.4  1983   15.1  1987    7.1  1969    1.8  1932    0.0  1977    0.0  1961    0.0  1962    0.2  1948    2.9  1950   10.0  1937   16.8  1937    47.7  1985    20.1  1956     0.0  1969    11.8  1955    74.4  1962
   19.9  1933   19.3  1991   14.7  1969    6.8  1958    1.8  1967    0.0  1955    0.0  2001    0.0  1983    0.2  1942    2.9  1981    9.9  1969   16.3  1964    45.7  1934    20.0  1931     0.0  1955    11.7  1971    74.3  1985
   18.7  1997   19.3  1969   14.5  1932    6.7  1986    1.7  2010    0.0  1974    0.0  2020    0.0  1971    0.2  1939    2.7  2018    9.8  1973   15.8  1995    45.5  1968    19.9  1937     0.0  1974    11.6  2005    74.2  1969
   18.7  1947   18.9  1996   14.4  1953    6.7  1978    1.7  1938    0.0  1973    0.0  1959    0.0  1961    0.2  1952    2.7  1935    9.8  2010   15.5  1946    45.1  1965    19.8  1951     0.0  1973    10.4  1969    73.8  1956
   18.5  1980   18.0  1981   14.4  1951    6.7  1954    1.7  1984    0.0  1939    0.0  1996    0.0  1938    0.1  1972    2.6  1952    8.9  1962   15.5  1963    44.7  1986    19.0  2021     0.0  1939    10.3  1937    73.6  1952
   18.3  2010   17.3  1936   13.6  1946    6.3  1990    1.6  2020    0.0  1978    0.0  1990    0.0  1942    0.1  1931    2.5  2008    8.7  1947   15.4  1952    44.4  1951    19.0  1979     0.0  1978    10.2  1962    72.7  1996
   17.7  1952   16.2  1952   13.3  1944    6.2  1975    1.6  1995    0.0  2001    0.0  1947    0.0  1987    0.1  1964    2.5  1973    8.2  1972   15.2  2009    43.6  1953    18.9  1953     0.0  2001    10.0  1936    72.0  1933
   16.6  1946   16.1  1978   13.3  1942    6.0  1977    1.5  1942    0.0  1985    0.0  1943    0.0  1993    0.1  1987    2.4  1939    8.0  1936   15.0  1996    43.6  1991    18.4  1995     0.0  1934     9.5  1947    68.2  1968
   16.5  2021   15.7  2010   12.8  1985    5.9  1989    1.4  1981    0.0  2011    0.0  1966    0.0  1959    0.1  2018    2.4  1948    7.9  1942   15.0  2008    43.5  1936    18.3  1996     0.0  1985     9.3  1972    67.8  1965
   15.9  1954   15.5  1933   12.8  1995    5.6  2008    1.4  1948    0.0  1934    0.0  1986    0.0  1994    0.1  2003    2.3  1964    7.9  1967   14.6  1969    43.4  1982    17.2  1947     0.0  1932     9.3  1983    66.9  1970
   15.7  1977   15.4  2018   12.6  1941    5.4  1941    1.3  1971    0.0  1935    0.0  1952    0.0  1956    0.1  1988    2.2  2010    7.7  1943   14.2  1935    43.0  1959    17.0  1946     0.0  2011     9.1  1980    65.9  1981
   15.4  1953   15.3  1940   12.5  1976    5.4  1996    1.3  1946    0.0  2015    0.0  1972    0.0  1965    0.1  1995    2.0  1946    7.5  1975   13.9  1968    43.0  1996    17.0  1968     0.0  1935     8.9  1942    64.0  1931
   15.3  1966   15.2  1970   12.5  1949    5.4  1983    1.3  1949    0.0  1951    0.0  1939    0.0  1969    0.1  1959    2.0  1988    7.1  1980   13.1  1978    42.3  1933    16.9  1976     0.0  2015     8.7  1948    63.9  1958
   15.3  1955   15.0  1934   12.5  1965    5.2  2022    1.3  1997    0.0  1933    0.0  1964    0.0  1999    0.1  1947    2.0  1949    7.1  1977   13.0  1992    42.1  1952    16.8  1975     0.0  1951     8.5  1975    63.9  2013
   15.3  1965   15.0  1941   12.3  2006    5.0  2016    1.3  1957    0.0  1932    0.0  1968    0.0  1935    0.1  1936    2.0  1980    7.1  1989   13.0  1939    41.9  2009    16.6  1944     0.0  1933     8.5  1931    63.4  2001
   14.8  1992   14.9  1932   11.5  1940    4.7  1940    1.1  1977    0.0  1987    0.0  1969    0.0  1960    0.1  1993    2.0  1936    6.9  1979   12.9  2022    41.3  1987    16.4  1965     0.0  1987     8.4  1943    63.3  1987
   14.8  1931   14.8  1985   11.0  1934    4.7  1979    1.1  1974    0.0  1972    0.0  1940    0.0  1980    0.1  1938    2.0  1987    6.5  1955   12.8  1982    40.9  1969    16.3  1987     0.0  1972     8.1  1950    63.3  1986
   14.7  2009   14.5  1960   10.7  1964    4.6  1951    1.0  1975    0.0  1942    0.0  1937    0.0  1966    0.1  1944    1.9  1941    6.4  2024   12.5  1970    40.7  1970    16.3  1984     0.0  1931     8.0  1967    63.0  1936
   14.6  1956   14.2  1987   10.6  2018    4.6  2012    1.0  1956    0.0  1957    0.0  1936    0.0  1972    0.1  2007    1.9  2002    6.3  2016   12.5  1967    40.4  2011    16.2  1940     0.0  1942     7.4  1979    62.7  1937
   14.5  1991   14.0  2001   10.4  1973    4.5  1973    1.0  1980    0.0  2005    0.0  1934    0.0  1953    0.1  2012    1.8  1932    6.3  1998   12.4  1944    40.4  1977    16.1  2006     0.0  1957     7.2  1998    61.1  1973
   14.5  2013   13.9  2013   10.4  2010    4.5  1988    1.0  1955    0.0  1953    0.0  1931    0.0  2018    0.1  2024    1.4  1974    6.2  1976   12.1  1960    40.4  1955    15.9  1985     0.0  2005     7.2  1997    60.7  1976
   14.3  2001   13.9  2003   10.0  1979    4.5  2003    0.9  2005    0.0  1999    0.0  1932    0.0  1963    0.1  2025    1.3  1956    6.1  1948   11.8  2005    39.2  1981    15.9  1942     0.0  1953     7.2  1977    60.1  1978
   14.3  1960   13.5  1954    9.8  1971    4.3  2000    0.9  1962    0.0  1956    0.0  1933    0.0  1998    0.0  1957    1.3  2012    6.1  1961   11.7  1943    39.1  1945    15.7  1973     0.0  1999     7.1  1989    59.6  1964
   14.2  2017   13.5  1994    9.5  1975    4.3  1976    0.9  1965    0.0  1967    0.0  1958    0.0  1982    0.0  1976    1.3  1962    6.0  1983   11.6  2003    38.7  1964    15.7  1986     0.0  1965     7.1  1992    59.3  1950
   13.7  1986   13.4  1965    9.5  1996    4.3  1981    0.8  1968    0.0  2009    0.0  1955    0.0  1979    0.0  1935    1.3  1934    5.8  1966   11.3  1938    38.5  2013    15.4  1934     0.0  1956     7.1  1941    58.9  1991
   13.7  2011   13.2  1944    9.5  1943    4.3  2019    0.8  1951    0.0  1946    0.0  1956    0.0  2010    0.0  1940    1.2  1940    5.6  1934   11.2  2017    38.1  1962    15.3  1949     0.0  1964     7.0  2003    57.7  1946
   13.6  1982   13.0  2012    9.4  2001    4.2  1966    0.8  1973    0.0  1961    0.0  1957    0.0  1968    0.0  1991    1.1  1933    5.6  2017   11.2  2007    38.0  1997    15.2  2010     0.0  1954     6.9  1964    56.1  1932
   13.6  1958   12.9  1953    9.1  1980    4.2  1933    0.8  1959    0.0  2004    0.0  1949    0.0  1944    0.0  1941    1.0  1966    5.6  1956   11.0  1957    36.7  2001    14.7  1971     0.0  1937     6.9  1956    56.0  2003
   13.4  2025   12.3  2009    9.1  1956    4.0  1995    0.7  2012    0.0  1996    0.0  1950    0.0  1967    0.0  2020    1.0  1972    5.6  2025   11.0  1940    36.5  1958    14.6  1938     0.0  1961     6.9  2008    55.4  2021
   13.2  1978   12.0  1931    8.9  1986    4.0  1997    0.7  1961    0.0  2008    0.0  1951    0.0  1974    0.0  1962    1.0  1954    5.6  1959   11.0  1973    36.4  1983    14.0  1936     0.0  1967     6.9  1934    55.2  1944
   13.2  1984   11.9  1984    8.6  2025    4.0  1934    0.7  2019    0.0  1981    0.0  1953    0.0  1936    0.0  2010    0.9  1971    5.4  2013   10.6  2014    35.1  2021    13.7  1935     0.0  2009     6.9  2024    55.0  1980
   13.2  2019   11.8  1959    8.2  1993    4.0  1932    0.7  2013    0.0  1954    0.0  1946    0.0  2003    0.0  1934    0.9  1998    5.3  1995   10.5  1991    33.4  1992    13.5  1954     0.0  1946     6.8  1966    54.2  1951
   12.8  1964   11.8  1958    8.1  2005    4.0  1953    0.6  1931    0.0  1938    0.0  1948    0.0  1958    0.0  2005    0.9  1953    5.3  1978   10.1  2012    33.2  2018    13.1  1964     0.0  2004     6.7  1961    54.0  1995
   12.8  1961   11.7  1973    7.9  1963    4.0  1950    0.6  1943    0.0  1964    0.0  1935    0.0  1946    0.0  1983    0.8  1975    5.3  1933    9.8  1990    32.8  2015    13.1  1980     0.0  2012     6.7  1949    53.3  1954
   12.5  1968   11.5  2008    7.7  1974    4.0  1991    0.6  1987    0.0  2012    0.0  1938    0.0  1939    0.0  1977    0.8  2019    5.3  1944    9.6  1936    32.7  2006    12.8  2001     0.0  1996     6.5  1933    51.9  1984
   12.5  1950   11.3  2004    7.7  2011    4.0  1999    0.5  1993    0.0  1952    0.0  1941    0.0  1941    0.0  1990    0.8  1994    5.3  1991    9.5  1958    32.7  1984    12.4  2016     0.0  2008     6.3  1976    51.8  1960
   12.1  1939   11.2  1948    7.3  1984    3.9  1998    0.5  1991    0.0  1984    0.0  1942    0.0  1940    0.0  1945    0.8  1947    5.2  1950    9.4  1999    32.6  1978    12.2  1978     0.0  1976     6.3  2016    51.4  1982
   12.0  1936   11.0  2015    7.1  1952    3.7  2006    0.5  1953    0.0  2019    0.0  1944    0.0  1943    0.0  2022    0.8  1960    5.1  1941    9.4  1945    32.2  1932    12.0  1974     0.0  1938     6.3  2012    51.3  1953
   12.0  1981   10.8  1951    7.1  2003    3.6  1935    0.5  1936    0.0  1937    0.0  1945    0.0  1945    0.0  1933    0.7  1942    5.1  2007    9.2  1941    32.2  2004    11.8  2018     0.0  1981     6.0  2017    51.0  1935
   11.9  2022   10.7  2005    7.0  1935    3.6  1971    0.4  2016    0.0  1983    0.0  1977    0.0  1933    0.0  1971    0.7  2007    5.1  1958    9.2  1998    32.0  1946    11.7  2003     0.0  1984     6.0  1944    50.2  1945
   11.8  2003   10.7  2016    6.9  2016    3.3  1945    0.4  2011    0.0  1998    0.0  1976    0.0  1954    0.0  1960    0.7  1970    4.9  2012    9.2  1980    32.0  1944    11.7  2008     0.0  1983     5.9  1959    50.1  1983
   11.2  1934   10.5  2006    6.7  1968    3.3  1955    0.4  2018    0.0  1940    0.0  1975    0.0  1955    0.0  1973    0.7  1961    4.9  2001    9.2  1965    31.8  1966    11.5  1977     0.0  1952     5.9  1991    50.0  2005
   11.2  2015   10.5  2021    6.6  1954    3.3  1974    0.4  2015    0.0  1986    0.0  1978    0.0  1957    0.0  1963    0.7  1982    4.7  2021    9.1  1975    31.7  1954    11.4  1982     0.0  2000     5.8  2007    49.3  2009
   11.0  2026   10.4  1962    6.5  1972    3.3  1982    0.4  1934    0.0  2020    0.0  1981    0.0  1949    0.0  1961    0.6  1944    4.7  1949    9.0  1955    31.6  1980    11.3  2005     0.0  1960     5.7  2025    49.0  1934
   10.9  1970   10.4  1964    6.4  1933    3.2  1939    0.4  2001    0.0  2016    0.0  1982    0.0  1950    0.0  1950    0.6  1938    4.7  2019    8.9  1984    31.4  1960    10.9  1945     0.0  2020     5.7  1981    48.3  2008
   10.9  1951    9.9  1976    6.2  2004    3.1  1965    0.3  2014    0.0  1965    0.0  1980    0.0  1951    0.0  1982    0.6  1991    4.6  1964    8.7  1931    30.5  2003    10.8  1943     0.0  2019     5.7  1995    48.3  1971
   10.5  1995    9.8  1957    6.1  1982    3.1  2002    0.3  1969    0.0  2024    0.0  1979    0.0  1952    0.0  1996    0.6  1984    4.4  2008    8.5  2004    30.4  1939    10.6  1933     0.0  1998     5.6  1935    47.0  1992
   10.4  1967    9.0  1971    6.0  1939    3.0  1952    0.3  1994    0.0  1949    0.0  1985    0.0  1947    0.0  1965    0.5  1986    4.3  1982    8.4  1948    30.2  2023    10.5  1988     0.0  1986     5.5  2019    46.9  1975
   10.4  1972    8.7  1975    6.0  2008    3.0  2001    0.3  1958    0.0  2022    0.0  1983    0.0  1948    0.0  1937    0.5  1943    4.3  1968    8.4  2000    29.7  2002    10.3  1989     0.0  1940     5.5  1978    46.4  1961
   10.4  2006    8.6  1982    5.9  2020    3.0  2010    0.3  1950    0.0  1959    0.0  1988    0.0  1985    0.0  2015    0.4  2024    4.3  2004    8.2  1951    29.7  1994    10.2  1952     0.0  1959     5.4  1932    46.3  2006
   10.4  1973    8.1  1949    5.9  1988    3.0  1985    0.3  1939    0.0  1968    0.0  1987    0.0  1970    0.0  1970    0.4  1999    4.1  2023    8.1  2020    29.5  1971    10.2  1990     0.0  1993     5.4  2013    46.0  1943
   10.1  2000    8.0  1992    5.8  2009    2.9  1980    0.2  2025    0.0  1993    0.0  1974    0.0  1975    0.0  2004    0.4  2023    4.0  1957    8.0  1956    28.1  1938    10.0  2025     0.0  2016     5.2  2018    46.0  1967
   10.0  1935    8.0  1988    5.7  2023    2.7  2023    0.2  1960    0.0  1931    0.0  1963    0.0  1973    0.0  2019    0.4  1979    3.8  1954    8.0  1979    28.0  1976     9.9  1993     0.0  2024     5.1  1958    45.9  2012
    9.9  2024    7.9  1967    5.6  2015    2.7  1962    0.2  2017    0.0  2006    0.0  1967    0.0  1981    0.0  1956    0.4  2017    3.8  1990    7.8  1993    27.5  1973     9.9  1966     0.0  1949     5.1  1987    45.9  1993
    9.8  1937    7.7  1938    5.5  1966    2.7  1994    0.2  1976    0.0  2023    0.0  1970    0.0  1978    0.0  1989    0.3  2011    3.7  1940    7.7  1989    27.1  2012     9.8  1963     0.0  2022     5.0  1954    45.9  1966
    9.7  1943    7.7  1999    5.4  1978    2.7  1967    0.2  1954    0.0  2021    0.0  1993    0.0  1992    0.0  1984    0.3  1937    3.6  1960    7.6  1983    26.8  1957     9.6  1983     0.0  1968     5.0  1982    45.5  1939
    9.7  2023    7.7  2023    5.4  1948    2.7  1960    0.2  1992    0.0  1966    0.0  1992    0.0  1991    0.0  1994    0.3  1959    3.5  2006    7.6  1987    26.5  1961     9.5  1939     0.0  1966     5.0  1940    45.5  1959
    9.2  2004    7.5  1935    5.2  1945    2.6  1948    0.2  2008    0.0  1970    0.0  1991    0.0  1990    0.0  1985    0.3  1995    3.2  1945    7.1  1947    25.9  2008     9.3  1948     0.0  2006     4.9  2001    45.2  1948
    9.1  1998    7.4  2007    5.1  1936    2.5  2017    0.2  1963    0.0  1997    0.0  1989    0.0  1989    0.0  1966    0.3  1990    3.0  1987    7.0  2016    25.8  1948     9.2  2000     0.0  2023     4.8  2021    44.8  1997
    8.9  1976    7.3  1950    4.9  2000    2.4  1964    0.2  2003    0.0  1947    0.0  1997    0.0  1986    0.0  1999    0.2  1985    3.0  2003    7.0  1994    25.4  2017     9.1  2020     0.0  2021     4.5  2023    44.1  1949
    8.9  1957    7.2  1966    4.7  1961    2.3  2005    0.2  1989    0.0  1948    0.0  1995    0.0  1988    0.0  1967    0.2  1965    2.9  1935    7.0  1986    25.4  1950     9.1  1981     0.0  1994     4.5  1974    44.0  2016
    8.8  2012    7.0  1939    4.6  2002    2.2  1957    0.1  1998    0.0  1988    0.0  1999    0.0  1984    0.0  2017    0.2  1957    2.8  1932    6.9  1932    25.3  1937     9.1  2022     0.0  1947     4.4  1951    43.9  1977
    8.6  1962    7.0  2019    4.5  2014    2.1  1946    0.1  2004    0.0  1960    0.0  1994    0.0  1997    0.0  1997    0.2  2000    2.8  1992    6.9  1997    25.0  1949     8.7  1950     0.0  1970     4.4  1960    42.5  2018
    8.6  1932    6.5  1989    4.5  1950    2.0  1992    0.1  1966    0.0  2010    0.0  2002    0.0  2001    0.0  2009    0.2  2009    2.8  1981    6.6  1966    25.0  1967     8.5  2023     0.0  1997     4.3  1968    40.4  2004
    8.5  1949    6.4  1974    4.4  1977    1.9  2015    0.1  1985    0.0  1979    0.0  2003    0.0  2002    0.0  2000    0.1  1978    2.8  1974    6.5  1985    24.8  2000     8.4  1991     0.0  1948     4.3  1957    39.9  1988
    8.3  1994    6.1  1977    4.4  2021    1.9  1947    0.1  1972    0.0  1944    0.0  2004    0.0  2004    0.0  1980    0.1  1967    2.8  1970    5.9  2019    24.7  1993     8.3  2011     0.0  1988     4.3  2004    39.7  2017
    8.2  1996    6.0  1946    4.2  1989    1.7  1931    0.1  1937    0.0  1995    0.0  2005    0.0  2005    0.0  2013    0.1  1969    2.7  2020    5.8  2006    23.8  2019     7.9  2015     0.0  2010     4.0  1990    39.6  1938
    8.0  1971    6.0  2025    4.1  1983    1.7  1963    0.1  1988    0.0  1994    0.0  2006    0.0  2006    0.0  1978    0.1  2021    2.5  1963    5.6  1949    23.8  2005     7.8  1997     0.0  1979     3.9  1939    39.3  1957
    8.0  2002    5.9  1937    4.1  1938    1.6  2020    0.1  2006    0.0  2002    0.0  2007    0.0  1996    0.0  2008    0.1  1958    2.4  2015    5.5  1972    23.1  1999     7.7  2002     0.0  1944     3.5  2006    38.4  1972
    7.7  1969    5.8  1972    3.9  1991    1.5  1949    0.1  1990    0.0  1976    0.0  2008    0.0  2000    0.0  1953    0.1  1976    2.4  2018    5.4  2023    22.2  1974     7.7  2012     0.0  1980     3.5  1970    38.2  2019
    7.6  2016    5.7  1993    3.8  2022    1.3  2024    0.1  2007    0.0  2013    0.0  1998    0.0  1995    0.0  1951    0.1  2015    2.3  1997    5.3  1954    21.1  1995     7.6  1998     0.0  1995     3.2  1945    38.0  2025
    7.6  1948    5.4  1943    3.8  1990    1.3  2025    0.1  1947    0.0  1982    0.0  2009    0.0  2009    0.0  1958    0.1  2020    2.3  2014    5.3  2011    21.0  1972     7.3  1972     0.0  2018     2.8  2020    37.8  1998
    7.0  1944    5.3  2000    3.6  1960    1.2  1993    0.1  2002    0.0  1980    0.0  2010    0.0  2008    0.0  1998    0.1  2014    2.0  1999    4.9  2002    21.0  1988     7.1  1967     0.0  1990     2.6  1946    37.2  2022
    6.5  2018    5.1  1980    3.6  1998    1.1  1937    0.1  1983    0.0  2018    0.0  2012    0.0  2007    0.0  2002    0.1  2025    1.7  1938    4.8  1971    20.5  1998     7.1  2004     0.0  1982     2.5  1963    36.9  1989
    6.2  1999    4.6  1998    3.4  1981    1.1  1942    0.0  1940    0.0  1958    0.0  2011    0.0  2011    0.0  2011    0.0  1996    1.5  2000    4.7  1942    20.3  2025     7.0  1999     0.0  1943     2.5  2015    35.7  2023
    5.9  1993    4.4  2002    3.4  2007    1.0  1944    0.0  1952    0.0  1992    0.0  2014    0.0  2014    0.0  1968    0.0  2022    1.5  1951    4.6  2021    19.8  1943     6.6  2019     0.0  1963     2.4  1999    35.5  1994
    5.4  1988    4.3  1997    3.0  1999    0.9  1959    0.0  1978    0.0  2000    0.0  2015    0.0  2015    0.0  1992    0.0  2016    1.3  1986    3.7  2018    19.0  2022     6.6  2009     0.0  2002     2.4  1938    34.6  2000
    5.2  1989    4.3  2017    2.7  2024    0.8  1961    0.0  1933    0.0  1950    0.0  2016    0.0  2016    0.0  1946    0.0  1945    1.3  1939    3.3  1977    18.9  2016     6.5  1960     0.0  2013     2.3  1986    33.1  2015
    4.9  1974    3.7  1945    2.7  1967    0.8  2004    0.0  2000    0.0  1945    0.0  2013    0.0  2013    0.0  1949    0.0  1963    1.2  1984    3.0  2013    18.5  2024     6.2  1961     0.0  1958     2.3  2014    33.1  2007
    4.6  2014    3.5  1995    2.5  1997    0.8  2009    0.0  1986    0.0  1943    0.0  2017    0.0  2017    0.0  1955    0.0  2006    1.1  1931    2.9  2025    18.0  1935     5.6  2014     0.0  1992     2.3  2002    32.8  1999
    4.5  2005    3.3  2020    2.4  2012    0.8  2018    0.0  1970    0.0  1963    0.0  2018    0.0  2019    0.0  1981    0.0  1977    1.0  1953    2.6  1959    17.7  2007     5.2  1957     0.0  1950     1.9  1953    31.6  2011
    4.4  2007    3.1  2024    2.1  2026    0.7  2007    0.0  2009    0.0  1990    0.0  2019    0.0  2020    0.0  2006    0.0  1968    0.9  2011    2.3  1953    16.6  2026     5.1  1994     0.0  1945     1.7  1984    29.6  1974
    4.2  1983    3.1  2011    2.1  1994    0.7  1972    0.0  1999    0.0  2003    0.0  2021    0.0  2021    0.0  2001    0.0  2004    0.7  1994    1.8  1974    14.2  1975     4.2  2007     0.0  2003     1.7  2000    28.7  1990
    4.0  2020    2.7  2026    1.8  1992    0.7  2014    0.0  1964    0.0  2007    0.0  2022    0.0  2022    0.0  2016    0.0  1989    0.7  2022    1.6  1988    13.3  1989     4.0  1992     0.0  2007     1.6  1994    27.4  2020
    3.7  1975    2.5  2022    1.8  1959    0.7  1943    0.0  2022    0.0  2014    0.0  2023    0.0  2023    0.0  2014    0.0  2013    0.6  1946    1.0  2024    13.2  2020     4.0  2017     0.0  2014     1.2  2011    27.2  2002
    3.6  1938    1.8  1990    1.7  1957    0.6  1987    0.0  2023    0.0  2017    0.0  2024    0.0  2024    0.0  2021    0.0  2005    0.4  2009    0.5  2015    12.5  1990     4.0  2024     0.0  2017     0.8  2022    24.9  2024
    3.3  2008    1.7  2014    1.7  2019    0.2  2011    0.0  2024    0.0  2025    0.0  2025    0.0  2025    0.0  2023    0.0  2001    0.4  2002    0.5  1934     9.2  2014     3.4  1959     0.0  2025     0.6  2009    24.7  2014
    2.9  1990    1.6  1961    1.4  2017    ---  2026    ---  2026    ---  2026    ---  2026    ---  2026    ---  2026    ---  2026    ---  2026    ---  2026     ---  1931     ---  2026     ---  2026     ---  2026     ---  2026
