Areal values from HadUK-Grid 1km gridded climate data from land surface network
Source: Met Office National Climate Information Centre
Monthly, seasonal and annual total duration of bright sunshine for Scotland N
Areal series, starting in 1910
Last updated 01-Apr-2026 11:34
    jan  year    feb  year    mar  year    apr  year    may  year    jun  year    jul  year    aug  year    sep  year    oct  year    nov  year    dec  year     win  year     spr  year     sum  year     aut  year     ann  year
   51.2  2001   95.4  1975  154.0  2022  210.2  2025  256.5  2025  234.7  1970  212.0  1955  232.8  1947  139.3  1996  104.8  2016   62.0  1925   39.1  1995   151.5  1963   565.2  2025   577.9  1995   270.1  1959  1319.6  1955
   46.3  1963   93.7  2003  141.7  1929  210.0  1942  225.4  2008  224.9  1920  187.1  1990  210.7  1976  133.9  1959   99.9  1939   57.8  2011   38.2  1920   147.6  1930   484.7  2020   539.8  1955   256.0  2003  1311.0  2025
   42.2  1991   91.0  2018  137.8  1923  200.6  2020  223.5  1994  224.2  2023  185.0  1917  203.6  1995  131.1  1928   99.0  1915   56.2  1989   34.8  1960   146.3  2003   484.5  1942   486.4  2009   248.3  2016  1307.2  2018
   41.4  1941   90.9  1986  131.3  1931  197.1  2021  220.0  1992  224.2  1949  183.4  2013  179.5  1997  126.0  2024   93.6  1959   54.2  1993   33.8  1972   145.2  1947   479.1  2008   486.4  1947   246.1  1928  1255.7  2003
   41.3  2021   86.8  1968  126.0  1953  193.8  1962  219.6  2018  220.6  2009  180.1  1995  178.3  1938  125.1  1933   92.7  2003   54.1  2018   33.0  2007   143.1  1985   477.3  1929   485.4  1917   242.8  1996  1234.4  2009
   41.2  1947   86.4  1930  125.6  2003  188.7  1974  218.5  2000  213.3  1940  172.9  2014  178.0  1968  122.2  1987   91.5  1973   54.0  2003   32.6  1961   139.9  2001   475.2  1948   483.1  1911   241.4  1915  1225.5  1995
   39.5  1929   83.4  1963  124.0  1935  175.4  1954  218.4  1948  212.5  1936  172.7  1989  166.8  2003  121.8  1997   86.9  1971   53.5  1926   31.3  2001   138.7  1959   471.3  2018   480.8  1976   238.1  1998  1216.5  2023
   39.4  2025   81.4  1959  123.9  1956  174.6  2015  216.4  1946  205.0  2018  170.3  1983  159.3  1977  121.8  1960   86.7  1946   51.9  1968   31.0  1953   138.1  2018   458.3  2007   477.0  1997   233.1  1939  1202.9  1911
   39.1  1977   79.6  1979  120.0  2007  172.0  1984  213.6  1951  202.4  1915  170.2  1935  154.3  1944  120.5  1971   85.9  1936   51.1  2016   30.5  1957   137.0  1975   447.4  2009   469.2  2018   232.9  1971  1177.2  1989
   38.2  2009   79.6  1960  120.0  1954  170.4  1981  209.7  2009  200.9  1925  169.8  1926  153.1  1966  118.1  2023   85.7  1965   50.9  1976   29.3  1977   135.4  2021   446.9  1935   467.4  1968   231.4  1997  1171.5  1975
   37.0  2017   79.2  1985  119.4  2017  166.6  2023  209.0  1935  200.1  1934  168.2  1972  152.8  1984  117.8  1934   85.4  1922   49.9  1958   29.2  1946   134.5  1977   444.4  1974   466.1  2023   230.8  2023  1169.4  1959
   37.0  1961   78.6  2025  119.0  1948  164.1  2007  205.0  2017  196.9  1967  165.1  1911  150.7  2004  117.7  2025   85.4  1972   49.0  1965   28.9  1943   133.2  1960   443.6  2001   464.7  1920   229.7  2024  1167.3  1977
   37.0  1952   77.9  2013  118.8  2001  162.7  1929  204.0  1915  194.2  1995  164.6  1982  150.6  1999  117.6  1991   84.1  1975   48.5  1961   28.8  1935   133.0  1986   443.1  1955   462.1  1977   228.7  1958  1163.3  1947
   37.0  1925   76.0  1955  116.8  1911  161.8  2013  203.0  2012  192.6  1957  162.1  2006  150.6  1950  116.3  2004   84.0  2015   47.2  1918   28.8  1927   131.9  1961   435.8  2015   456.8  1921   227.9  1926  1154.5  2016
   36.9  1946   75.1  2021  116.2  2024  160.1  1955  202.5  1937  190.2  1930  160.6  1943  145.9  1939  115.0  1949   83.9  1998   47.0  1960   28.6  1984   130.2  2025   434.5  2016   448.9  1949   227.2  1910  1154.4  1968
   36.1  2024   74.8  1947  113.9  1974  159.1  2018  201.4  1942  188.2  1917  156.3  2018  145.8  1973  114.4  1924   82.1  1913   46.8  1996   27.6  2006   129.8  1955   434.4  1954   446.9  1925   225.2  2019  1154.3  1997
   36.1  1959   72.6  2017  113.0  1941  158.3  2019  200.3  1980  187.9  1969  154.4  1976  143.7  1911  112.4  1958   81.9  2019   46.7  1950   27.6  2009   127.9  1968   431.0  1951   446.5  1975   224.5  2015  1153.3  2008
   35.9  1933   71.1  2016  112.5  2004  157.6  1968  195.5  2016  187.4  1921  154.0  1963  142.0  1945  111.1  2015   81.1  1920   44.7  2010   27.4  1996   127.1  1996   429.9  2012   445.1  1926   224.1  1987  1149.7  1926
   35.8  2019   70.4  1977  110.8  1934  157.0  2011  193.5  1911  186.6  1955  153.1  2021  142.0  1914  109.7  1998   80.0  1950   44.5  1998   26.9  1969   126.5  1964   427.1  1946   444.5  1933   222.9  1924  1147.0  1919
   35.8  1997   69.9  2008  109.7  2015  157.0  1956  192.7  1975  185.8  1951  152.8  1999  141.2  1955  109.4  2003   79.9  1928   44.3  1935   26.7  2010   126.5  2017   427.0  2017   443.3  1936   222.2  2010  1146.4  1929
   35.8  1955   69.5  1994  109.4  2012  155.6  2008  191.1  1982  184.6  1933  149.2  1919  140.7  2016  109.0  1919   79.9  2010   44.1  2019   26.6  1932   126.2  1979   425.2  1953   442.6  1969   222.0  1936  1143.6  2020
   35.3  1985   69.3  1964  108.9  1919  154.7  1921  190.7  2020  183.8  1986  149.2  1971  139.9  2020  108.4  1994   78.5  1985   44.0  2012   26.4  1948   124.7  2008   422.2  2023   441.4  2003   221.6  2000  1142.6  1936
   35.1  1930   68.6  1970  108.8  1910  154.4  2003  190.0  1977  183.6  1975  148.9  1950  137.3  1975  107.3  1910   78.4  1997   43.9  1952   26.4  1911   123.2  2013   422.1  1962   440.5  1989   221.2  2018  1138.3  1921
   34.8  1940   67.8  1950  108.8  1937  154.1  1918  188.8  1955  174.2  1911  148.6  1947  136.4  1933  107.0  1993   78.2  1923   43.5  2009   26.2  1963   122.8  1962   420.0  1994   437.6  1983   220.4  1923  1138.0  2013
   34.7  2012   67.7  1927  108.6  1969  152.6  1957  187.5  1989  173.8  1968  148.3  1921  135.9  1927  106.9  1989   77.9  1910   43.5  1988   26.2  1929   121.9  2010   419.6  1956   436.8  1982   220.0  1972  1136.9  1920
   34.3  1965   66.7  1981  107.0  1972  150.3  1966  186.4  1959  173.3  1939  148.3  2025  135.3  1931  106.6  1915   76.7  1952   43.5  2023   26.0  1955   121.9  1978   417.5  1981   434.8  1970   218.8  1989  1136.5  1950
   33.8  1951   66.5  2001  106.7  2014  149.5  1925  185.2  1990  171.7  1910  147.5  1956  135.2  1919  106.0  1974   76.5  1945   43.2  2000   26.0  2023   121.9  2024   417.4  2000   434.0  1950   218.4  1973  1135.1  1960
   33.5  1939   66.3  1978  105.7  1958  149.0  2006  185.0  2001  170.9  1960  147.4  1997  135.0  1926  105.7  1979   76.3  1995   43.0  2024   25.7  1987   121.9  2011   415.7  2003   430.7  1927   217.9  1911  1133.6  1951
   33.3  2011   64.6  1910  104.7  1965  148.6  1990  183.9  1919  170.5  1959  147.0  2009  132.0  2025  103.9  2006   76.2  1948   43.0  1948   25.6  1938   121.5  1970   414.5  2021   430.5  1934   217.2  1960  1132.8  1948
   33.3  1960   64.3  1949  104.6  2026  148.2  1969  183.5  1988  169.5  2022  145.1  1994  131.7  2022  103.8  1918   75.7  1947   42.6  1959   25.5  1937   118.3  1936   413.4  1921   428.2  1919   216.2  1961  1132.1  1994
   33.2  2006   63.2  2010  103.1  1930  146.2  1912  181.0  1950  168.4  1928  141.6  1934  131.4  1937  103.6  1951   75.4  2000   42.5  1929   25.3  1951   117.2  1950   411.7  1984   423.1  1971   214.7  2012  1131.1  2000
   33.0  1989   63.2  2004  102.9  1927  146.0  2005  179.7  1926  165.5  1974  141.0  1977  131.3  2012  103.4  1939   75.0  1987   42.4  1955   25.3  2002   115.6  1940   408.4  2002   420.9  2021   214.6  1948  1130.5  1963
   32.7  1932   63.2  1957  102.6  2016  145.5  2009  179.6  1984  165.1  1982  140.9  2008  129.8  2014  103.2  1931   75.0  1911   42.4  1923   25.1  1989   115.2  1973   407.9  2013   420.1  1972   214.6  1919  1130.5  1949
   32.6  1988   62.5  1940  102.0  1963  144.7  1952  178.2  2006  164.1  1956  140.4  1958  129.5  1991  103.2  1955   74.6  1926   42.1  1927   25.1  1933   114.8  1921   407.3  1911   419.3  1999   213.5  1993  1128.6  1935
   32.4  2018   61.9  2011  101.8  1973  143.8  1998  176.3  1978  164.0  1927  140.2  1962  128.6  1971  103.0  2000   73.8  1927   42.0  1910   25.1  1994   114.5  1929   406.8  1980   419.0  1956   212.8  1920  1125.7  1976
   32.0  1910   61.8  1983  101.0  1947  143.7  1936  175.9  1996  164.0  1992  139.7  2017  128.0  1946  102.7  2002   73.5  1924   42.0  1921   25.0  1976   113.7  1919   405.5  1937   417.9  2013   212.2  1979  1121.4  1910
   31.6  1996   61.7  1932   99.9  1959  143.2  2002  175.8  1932  162.3  1941  136.7  1918  127.4  1932  102.2  1944   73.0  2018   41.8  1911   24.7  1981   113.1  1997   404.9  2011   414.5  1986   211.0  1975  1120.2  1974
   31.6  1950   61.3  1916   99.1  2013  143.2  1953  175.5  1921  162.3  1989  135.1  1991  127.0  1969  102.1  1961   72.3  1937   41.8  1932   24.4  2008   113.0  1932   403.9  1912   412.5  1940   211.0  1934  1120.2  1969
   31.1  2010   61.3  1969   99.0  1987  141.1  1914  175.5  1958  162.0  1932  135.0  1924  125.4  1965  101.1  1911   72.0  1951   41.4  2022   23.3  2025   112.8  1912   403.4  1923   411.9  1914   209.3  1922  1115.6  2021
   31.1  1919   60.8  2014   98.5  2025  139.8  2001  174.7  2010  161.8  1977  134.9  1948  125.3  1974  100.6  2020   71.5  1964   40.8  1945   22.8  1968   112.0  1954   402.0  1963   411.1  1967   209.2  1946  1115.3  1915
   31.0  1964   60.7  1919   98.5  1949  139.7  1922  174.3  1971  159.4  1918  133.7  1920  122.5  1983  100.2  1912   71.4  2012   40.2  1966   22.8  1930   111.3  1949   401.0  2010   410.8  1974   208.0  1949  1110.9  2006
   30.3  1962   60.6  1982   98.3  1986  138.2  1970  174.2  2007  158.8  2006  131.0  2011  122.4  2000   99.8  1923   71.3  1979   39.7  1944   22.8  1997   111.0  1928   400.4  2019   410.3  1915   207.6  2002  1110.8  1972
   30.3  1972   60.6  1976   98.1  2008  137.7  1948  174.1  1960  156.0  2021  130.9  1927  121.9  2023   99.8  1926   70.3  1981   39.5  1942   22.7  1964   110.7  1982   399.8  1989   407.1  2022   207.2  1994  1109.6  1971
   29.6  1943   60.1  1961   97.6  1976  136.5  1963  173.5  1961  155.9  1963  130.6  1952  121.0  1921   99.7  1936   70.2  1967   39.3  1920   22.4  2022   110.1  2016   399.5  1958   406.5  1938   206.7  1950  1109.0  1956
   29.6  1936   59.9  1936   97.5  1912  136.5  1951  173.0  2002  153.1  1996  130.4  1965  119.9  2002   99.3  2013   70.1  2008   39.3  1949   22.4  1914   108.8  1957   396.0  1930   405.6  2014   206.3  1945  1099.2  1925
   29.5  1956   59.9  1962   97.2  1914  136.4  2016  172.9  1929  152.9  1929  130.0  1966  119.1  1992   99.3  2012   69.6  2002   39.2  1933   22.3  1924   108.6  1991   395.7  1990   402.4  1935   205.3  1933  1098.5  1927
   29.4  1980   59.8  1989   95.6  2023  136.3  2014  171.2  2011  150.3  1914  128.3  2003  119.0  1925   99.2  2019   69.5  1919   39.1  2013   22.3  2004   108.1  2006   393.8  1959   402.3  1960   204.4  1918  1097.2  1982
   28.8  1973   59.8  2024   95.4  1970  136.1  1923  168.0  1910  150.1  1997  128.1  1913  118.8  2009   98.9  1938   69.5  1986   38.3  2014   22.3  2012   108.0  2019   392.9  2006   401.8  2025   204.2  1937  1096.2  2019
   28.5  1957   59.3  1928   94.7  1999  135.0  1965  167.1  2004  149.7  1924  128.0  2000  118.6  2001   97.9  1972   69.2  2023   38.1  1975   22.3  1922   107.3  1989   392.8  1919   399.8  1932   203.9  1951  1095.8  1946
   27.9  1912   58.8  1966   94.5  1975  133.2  2010  166.5  1922  148.8  1988  127.7  1969  118.5  1986   97.7  2010   68.6  1941   37.9  2020   22.2  2000   107.0  1927   389.3  1982   398.0  2006   203.2  2006  1094.3  2015
   27.8  2015   58.6  1942   94.3  1943  132.3  1991  165.2  1930  147.4  1998  127.0  1925  118.3  1994   97.4  1937   68.6  1990   37.6  1941   22.1  2018   106.9  2004   389.2  1988   394.5  1962   203.1  1925  1093.3  2012
   27.6  1948   58.5  1912   94.2  1955  129.0  1939  163.4  1963  147.1  1945  125.6  1975  117.5  2005   96.7  1973   68.6  1938   37.3  1913   22.0  1940   106.9  1994   389.0  1952   392.8  2000   202.7  2025  1092.7  2001
   27.5  1992   57.2  1929   94.1  1993  127.8  1999  163.4  1936  146.6  2007  125.3  1960  117.0  1962   95.8  1954   68.1  1925   37.3  2006   21.9  1918   106.9  1933   387.5  2022   392.1  1951   202.5  1931  1092.1  2010
   27.5  1945   56.4  1996   94.0  1989  127.7  1930  163.1  1943  146.5  1964  125.3  1912  114.7  1972   95.5  1922   68.1  2007   37.2  1974   21.9  1962   106.2  1952   385.4  1915   391.6  1910   201.7  1952  1088.0  1930
   27.5  1926   56.1  2006   93.4  1952  127.7  1980  162.0  1940  146.4  1985  123.5  1933  113.7  2015   95.5  1948   67.8  2005   37.1  1953   21.8  1910   106.0  1941   384.2  1910   391.3  1994   199.2  1941  1086.3  1939
   27.4  1979   55.7  1954   93.4  2020  127.6  1946  161.5  1993  146.3  2003  123.2  1936  113.6  1922   95.1  1969   67.7  1914   37.0  1934   21.8  2014   105.4  1956   384.0  2005   390.5  1945   199.1  1965  1083.7  1933
   27.4  2003   54.5  1953   93.1  2010  127.2  2000  161.1  1995  145.3  1971  122.5  1996  113.3  1916   94.6  1953   67.2  1984   36.9  1978   21.5  1982   104.8  1969   383.6  1926   389.7  1991   199.0  1955  1082.5  1917
   27.2  1937   54.3  1972   92.9  1962  125.5  1961  161.0  1981  144.8  1983  121.9  1949  113.2  1964   94.4  1999   66.8  1953   36.8  1969   21.5  2003   103.2  1972   381.9  1977   389.2  1939   198.5  1953  1081.8  1937
   27.1  1924   53.2  1995   92.6  2018  124.3  1916  160.2  1912  144.3  1979  120.0  1974  113.1  2024   94.4  2014   66.7  1956   36.8  1972   21.2  2019   103.2  1925   379.9  1975   387.8  1963   198.3  1913  1080.9  1958
   26.9  1916   52.7  1917   92.2  2009  123.6  1967  160.0  2023  143.8  1919  120.0  2023  112.1  1981   94.1  2018   66.3  1958   36.6  2005   21.2  1958   102.3  1995   379.6  1931   384.9  1918   197.2  1991  1080.4  1986
   26.6  1931   52.6  2007   92.2  1964  123.5  1913  159.9  2005  143.3  2019  119.8  1964  112.1  1917   93.0  1941   65.6  1961   36.4  1936   21.1  1979   102.1  2015   379.4  1950   384.9  1930   197.1  2013  1079.4  1962
   26.6  1999   52.5  2015   92.1  2019  121.1  1988  158.0  1945  142.5  2000  119.7  1914  111.9  2021   92.7  1963   65.5  1994   36.3  1995   20.9  1965   101.2  1946   378.8  1969   384.8  1984   197.0  2009  1075.5  2022
   26.4  1998   52.5  1973   92.1  2002  121.0  2022  157.6  1957  140.6  1953  119.2  2004  110.6  1953   92.4  1920   65.1  1976   36.3  1970   20.8  1999   101.0  1916   377.9  1922   384.3  1943   196.9  2011  1075.5  1996
   26.3  1978   52.5  1948   91.9  1933  120.8  1950  156.3  1998  140.2  1926  119.0  2005  110.6  2017   92.4  2016   64.6  1931   36.1  1919   20.7  2021   100.6  1980   375.5  2004   383.6  1966   196.9  1938  1074.3  1999
   26.1  1970   52.5  1991   91.4  1939  120.6  1983  156.1  1985  140.1  1978  118.1  1910  110.3  1928   92.1  1914   64.4  1954   35.8  1915   20.3  1959   100.6  2014   374.8  1961   383.5  1990   196.9  1976  1070.5  2007
   25.8  1975   52.2  1935   91.3  1913  120.5  1949  156.0  1953  138.9  1937  117.9  1942  110.1  2013   92.1  1977   64.2  2009   35.8  1930   20.2  1992   100.6  2007   374.8  1941   381.6  2020   196.3  1944  1069.2  2011
   25.5  2000   51.7  1921   91.3  1985  120.3  1926  155.6  1941  138.5  2016  117.6  1973  109.5  2010   91.7  1935   62.5  2014   35.2  1979   19.9  1952   100.6  1942   374.6  2024   380.1  1992   196.0  1947  1068.6  1970
   25.5  2014   51.7  1937   90.3  1982  120.3  1986  155.5  1997  137.6  1935  117.6  1923  109.4  1970   91.0  1917   62.4  1929   35.2  1963   19.7  1970   100.3  2009   374.5  1966   379.5  1964   195.2  2014  1066.6  2014
   25.4  1982   51.7  2000   88.8  1979  119.8  1924  154.8  1966  137.3  1962  117.5  1929  108.9  1940   90.3  1943   62.0  2006   35.2  1947   19.7  1917   100.2  1966   374.2  1999   376.1  1973   194.7  2004  1066.4  1934
   25.3  1954   50.3  2020   87.8  1960  119.4  1971  154.6  1967  137.2  1972  116.7  2010  108.7  1967   89.3  2009   62.0  1917   35.2  2002   19.5  1919    99.5  1931   373.3  1957   373.4  2008   192.8  1995  1064.9  2017
   25.2  1974   50.3  1999   87.5  1920  119.1  1977  152.5  1939  136.6  1954  116.2  2015  107.9  2018   89.1  1957   61.7  1940   35.1  1928   19.2  2015    98.4  2002   372.9  1939   372.4  1957   192.6  1954  1062.1  1953
   25.0  1920   50.1  1980   86.1  1981  119.0  1938  151.9  1949  136.4  2020  115.6  1984  107.7  1936   89.0  1945   61.6  2022   35.0  1924   19.1  1978    98.3  1951   372.7  1968   370.6  1944   192.2  2005  1056.5  1940
   24.9  1921   50.1  1931   85.3  1918  118.4  1989  151.9  1987  135.6  1943  115.6  1968  107.5  1956   88.9  1975   60.7  2024   34.7  1931   19.0  2020    98.2  1939   372.1  1918   369.9  1928   192.2  1985  1055.3  1914
   24.5  1911   50.1  2019   84.5  1988  118.3  1958  151.6  1999  134.6  1950  113.3  2019  107.1  1982   88.9  1986   59.6  1977   34.5  1937   18.9  2005    98.1  2012   372.0  1936   369.5  1996   191.7  2022  1054.3  2002
   24.4  1984   49.9  1956   83.8  1995  117.8  1994  151.4  2015  134.4  1913  112.3  1986  106.9  2019   88.8  1946   59.6  1999   34.3  2017   18.8  1925    98.0  2000   370.9  1949   368.5  1958   191.1  1964  1049.4  1984
   24.1  1942   49.9  1997   83.6  1926  117.5  2012  151.1  1947  134.1  2011  110.4  1932  106.1  1960   88.7  2022   59.4  1992   33.7  1946   18.7  1931    97.3  1988   368.8  1971   367.7  1959   190.5  2020  1047.6  1942
   24.0  1995   49.8  1987   83.2  1921  117.4  1945  150.9  1952  130.0  1961  109.1  1915  106.0  1920   88.5  1964   58.8  1980   33.3  1994   18.7  1967    97.1  1990   367.9  1960   367.7  1913   190.3  1981  1047.1  1990
   23.8  1986   49.8  1945   83.1  1946  117.1  1972  149.9  2019  129.8  2002  107.9  1944  105.8  2008   87.9  1981   58.6  2013   33.3  1985   18.7  1998    96.7  1953   367.0  1927   367.6  2004   190.0  1974  1045.9  1973
   23.6  1917   49.1  1967   83.0  1997  117.1  1928  149.7  1938  128.7  2001  106.5  1951  105.5  1989   87.9  1942   58.1  2001   33.0  1967   18.6  1971    96.5  1983   366.8  1978   367.5  1937   190.0  1969  1045.5  2004
   23.6  1987   48.6  1971   81.6  1978  116.8  1927  148.6  1920  128.5  1931  105.9  2022  105.1  1913   87.8  2005   58.0  1916   32.8  1977   18.4  1993    95.9  1981   365.5  1914   366.5  1965   189.2  1986  1044.1  1981
   23.5  2023   48.6  1990   80.9  1951  115.7  1920  147.2  1927  128.2  1958  105.6  2024  105.1  1985   87.1  1968   58.0  1969   32.5  1954   18.3  1939    95.6  1948   362.1  1992   364.0  2016   185.8  1929  1043.4  1991
   23.5  1914   48.5  1926   78.9  1980  115.6  1917  147.0  2013  127.9  1994  105.5  1967  104.0  1957   86.9  2017   57.0  1963   32.2  1940   18.3  1985    95.5  1999   362.0  1993   363.4  2019   184.9  1963  1042.8  2024
   23.4  1990   48.3  1946   78.7  1994  114.7  1940  146.8  2024  127.6  1948  105.3  2020  103.7  1961   86.8  1988   56.7  1912   32.2  1990   18.1  1934    94.9  1945   357.7  2014   363.3  1924   184.8  1988  1041.4  1954
   23.3  1958   48.0  2023   78.3  1915  113.9  1935  144.9  1973  126.7  2008  105.2  1922  102.9  1998   85.1  1947   56.7  1996   32.1  1981   18.0  1954    94.8  1926   356.8  1998   360.5  1929   184.7  2008  1040.7  1918
   23.1  2013   47.7  2026   78.1  2005  111.6  2024  144.8  1968  125.2  1938  102.9  1938  102.9  1949   85.1  2001   56.2  1934   32.0  2025   17.8  1941    94.7  1937   356.4  1970   355.7  2011   184.5  1914  1040.6  1932
   22.9  1928   47.4  1951   77.7  1950  111.6  1932  143.8  1979  125.1  1991  102.5  1941  102.4  1987   84.9  2008   56.1  1982   31.6  2004   17.8  1928    93.9  1976   356.4  1973   355.3  2005   184.5  1977  1036.8  1945
   22.8  1915   47.4  1914   77.0  1940  111.2  1976  141.8  1974  124.4  2013  101.8  1978  102.1  1923   84.1  1921   55.8  1983   31.3  1992   17.8  1949    93.9  2023   355.3  1943   353.8  1941   183.2  1999  1034.9  1967
   22.4  1968   47.3  2005   76.7  2011  109.7  1973  141.4  1931  123.2  1946  101.4  1945  101.9  1910   83.8  2011   55.7  1978   31.2  1997   17.7  1923    93.5  1958   355.2  1932   347.9  2010   182.9  1942  1030.1  1928
   22.3  1953   47.1  2022   76.6  1967  109.0  1978  141.2  1991  121.7  2010   99.3  1988  101.1  1990   82.6  1980   55.7  1989   31.1  1964   17.6  1944    91.9  1944   354.8  1967   346.8  1931   182.9  1967  1029.7  1941
   22.2  2004   47.0  2012   76.4  2021  108.0  1982  141.0  2021  121.6  2025   97.9  1930  100.5  1959   82.6  1956   55.5  1942   31.1  1982   17.2  1956    91.4  2026   354.1  1987   346.0  2002   182.2  1968  1029.7  1957
   22.1  1927   46.7  2002   75.9  1961  107.5  1959  139.0  1954  120.4  1981   97.2  1937   99.9  1958   81.3  1990   55.5  1930   30.8  1986   17.1  1926    90.2  1911   353.6  1940   345.8  2017   182.2  1927  1029.5  1923
   21.9  1934   44.5  1918   75.1  1971  107.4  1910  138.7  1956  120.1  2012   97.0  1992   99.8  1951   81.1  1952   55.3  2011   30.3  1973   17.0  1950    89.5  1935   353.3  1913   345.2  1946   182.1  1990  1025.4  1938
   21.8  2008   44.5  1920   73.3  1991  106.9  1931  138.5  1913  119.9  1987   96.7  1959   98.8  1915   80.9  1976   54.5  1988   29.9  1939   16.9  1966    89.1  2020   352.9  1965   344.8  2012   181.3  1912  1024.3  1931
   21.3  1913   44.3  1933   73.2  1942  106.4  1993  138.0  1933  119.3  1922   96.3  2002   98.6  2007   80.9  1929   54.4  1944   29.7  2008   16.8  2016    89.0  1920   352.3  1972   341.2  1985   179.9  1921  1023.4  1961
   20.6  1949   44.2  1938   72.8  1977  106.3  1941  137.9  1917  118.8  2005   95.4  2007   96.8  1930   80.4  1985   53.9  1921   29.4  2015   16.8  1942    89.0  1987   351.7  1920   340.6  2007   179.9  1917  1020.0  1952
   20.6  1969   44.1  1992   72.3  1925  106.1  1960  135.7  2003  117.3  1980   94.0  1946   94.6  1935   80.1  1995   53.7  1949   29.4  1938   16.4  2011    88.7  1917   349.6  1925   338.1  1922   179.1  1935  1019.9  1964
   20.5  1966   43.9  1952   71.7  1922  104.5  1996  135.4  1962  116.4  1984   93.3  2012   93.9  1996   79.9  1950   53.5  1962   29.4  1962   16.1  1945    87.8  1915   349.4  1947   336.6  1948   173.7  1956  1015.3  2005
   20.5  1976   43.9  1911   71.7  2000  103.2  1987  134.8  1934  115.9  1999   93.2  1981   92.0  1979   79.7  1967   53.4  1918   29.2  1999   15.7  1936    87.4  2022   347.8  1996   336.2  1988   171.1  1940  1011.1  1985
   20.4  2002   43.9  1925   71.1  1945  103.0  1915  134.6  1928  115.7  1976   91.2  1928   91.0  1954   78.9  1913   53.4  1955   28.7  1991   15.7  1974    87.4  1938   346.8  1991   334.4  2015   169.6  1980  1010.9  1966
   20.4  2026   42.8  1944   70.7  1924  102.6  2017  133.9  1964  112.7  1973   90.7  1970   90.6  2011   78.2  1916   53.0  2025   28.4  1922   15.6  1983    87.2  2005   346.5  1945   332.5  2001   168.4  1992  1007.4  1922
   20.3  2007   42.7  1915   70.3  1968  101.7  1944  133.1  1924  111.6  2024   90.3  1940   90.1  1929   77.9  1970   52.9  1966   28.2  1951   15.6  1986    87.0  1934   346.4  1986   331.8  1998   167.9  2017  1002.5  1992
   20.2  1944   42.5  1941   69.4  1966  100.3  1964  133.1  1976  110.8  1965   89.7  1985   89.6  1952   77.7  1992   52.4  1993   28.2  1980   15.6  1947    86.8  1992   344.9  1934   330.5  1953   167.6  2001  1001.4  1965
   19.9  2016   41.1  1922   68.6  1944  100.0  1919  132.7  1918  109.6  1923   88.5  1980   88.9  1941   77.2  1940   52.0  2020   27.6  1984   15.1  1991    86.0  1971   344.9  1985   330.4  2024   167.2  1978   999.2  1998
   19.6  2022   40.1  1923   67.8  1917   99.3  1934  129.6  1923  108.4  1944   87.9  1954   88.9  1980   77.0  2021   51.0  1991   27.4  1983   14.6  2017    84.6  1965   341.9  1976   329.3  1923   165.6  2007   997.3  1924
   19.3  1935   40.0  1934   67.7  1932   98.8  1997  128.2  1972  108.2  1952   85.2  2001   88.9  1934   76.4  1982   50.1  1932   27.0  1987   14.5  1988    84.4  1967   338.6  1995   328.5  1952   165.1  1943   997.0  1943
   19.2  1981   39.7  1958   67.3  1996   98.6  1933  127.9  1916  105.0  1947   84.8  2016   88.8  1993   75.0  2007   48.9  1970   27.0  1917   14.3  2013    83.8  1914   337.4  1997   325.7  1981   164.6  1932   996.3  1988
   19.0  1994   39.1  1939   66.0  1938   97.9  1943  127.8  1925  104.5  2015   83.9  1979   88.8  1918   74.6  1978   48.8  1943   26.0  1943   13.9  1990    83.0  1924   334.7  1938   320.2  1979   163.5  1982   990.2  1979
   18.7  1922   39.0  1988   65.7  2006   97.5  1985  127.8  1986  103.0  2014   83.0  1931   88.1  1943   73.0  1925   48.4  1960   25.8  1957   13.6  1973    81.0  1923   329.5  1979   317.6  1978   163.1  1970   986.8  1913
   18.7  1923   38.8  1984   64.9  1936   97.2  1947  127.3  1914  100.5  1966   81.5  1998   88.0  1988   72.7  1932   46.9  1957   25.5  1971   12.9  1913    80.2  1943   328.6  1933   315.4  1954   162.8  1930   975.0  1987
   18.4  1967   38.2  1924   63.1  1957   97.0  1911  122.8  1970   97.7  2004   80.7  1916   78.6  1924   71.6  1930   46.8  2004   25.1  1916   12.8  1975    78.9  1984   326.4  1964   302.7  1961   161.7  1957   963.3  1978
   18.1  1993   37.7  2009   62.3  1928   97.0  1979  122.0  1969   97.3  1993   79.3  1953   77.9  1963   68.5  1983   46.8  1974   24.7  1914   12.8  1915    77.1  1918   323.6  1924   297.7  1987   161.4  1916   960.7  1980
   17.7  1938   34.1  1974   61.9  1990   95.9  2004  114.7  2014   95.4  2017   77.3  1993   77.1  2006   67.9  1962   46.7  2017   24.5  2001   12.4  1916    76.5  1998   321.2  1917   294.7  1980   161.1  1984   959.8  1912
   17.6  1971   33.8  1943   61.9  1916   94.3  1937  113.2  1965   95.3  1990   75.9  1957   75.7  1978   66.2  1927   43.9  2021   24.5  1956   12.2  2024    72.9  1974   314.0  1916   287.5  1916   156.7  1966   953.8  1983
   17.6  2005   33.4  1913   60.1  1984   93.7  1995  112.6  2022   93.5  1916   75.4  1987   74.1  1948   66.2  1984   43.2  1968   24.4  1912   11.6  1921    71.4  1922   314.0  1928   280.7  1942   151.7  1983   919.0  1944
   17.5  2020   29.8  1993   56.7  1998   92.7  1975  101.3  1944   92.6  1942   70.0  1939   73.9  1912   64.3  1965   43.2  1935   22.5  2007   10.0  1980    68.2  1993   273.8  1983   278.4  1912   150.8  1962   905.3  1993
   13.2  1983   27.6  1965   52.9  1983   91.5  1992  100.4  1983   79.2  1912   69.0  1961   70.2  1942   63.6  1966   41.0  1933   22.3  2021    9.9  1912    64.6  1913   271.5  1944   263.4  1993   143.1  2021   863.5  1916
   12.9  1918   27.3  1998   50.6  1992    ---  2026    ---  2026    ---  2026    ---  2026    ---  2026    ---  2026    ---  2026    ---  2026    ---  2026     ---  1910     ---  2026     ---  2026     ---  2026     ---  2026
