Areal values from HadUK-Grid 1km gridded climate data from land surface network
Source: Met Office National Climate Information Centre
Monthly, seasonal and annual total precipitation amount for Scotland N
Areal series, starting in 1836
Last updated 01-Apr-2026 11:34
    jan  year    feb  year    mar  year    apr  year    may  year    jun  year    jul  year    aug  year    sep  year    oct  year    nov  year    dec  year     win  year     spr  year     sum  year     aut  year     ann  year
  351.7  1993  327.5  1990  345.7  1990  220.3  1947  214.8  2011  180.1  1872  199.6  1940  236.1  2014  278.4  1950  293.3  1983  309.6  1981  333.1  2024   790.5  2000   525.3  1990   463.9  2019   803.9  1981  2219.7  1990
  308.3  1983  316.9  1989  303.3  1994  205.2  1904  174.1  1986  177.0  1877  189.2  1939  232.3  1992  235.1  1995  279.0  2014  283.8  1917  327.1  2013   782.6  1989   506.0  1994   447.4  1985   718.1  1917  1979.7  1992
  302.2  2015  310.2  1997  303.0  1967  193.8  1927  165.8  2015  158.3  1938  183.8  1946  228.0  1868  235.0  1863  277.5  1935  281.5  1977  325.5  1898   779.4  1995   490.3  1967   444.6  1877   662.1  1980  1971.0  2011
  297.3  2005  307.4  1868  224.0  1979  189.4  1910  161.0  1922  158.2  1856  179.5  1988  225.2  1962  233.0  1981  275.9  2001  262.3  1991  324.3  2015   759.0  2020   460.5  2015   437.8  1946   651.1  1978  1960.7  2015
  295.8  2007  291.0  2020  217.9  1992  176.1  1977  156.7  2007  156.2  1966  174.1  1956  221.9  2019  227.0  2018  275.6  1917  261.9  1986  315.8  1974   735.3  2016   445.9  1986   432.1  1903   646.9  1938  1958.7  1999
  288.1  1928  287.3  1848  212.1  1876  174.8  1950  149.6  1958  151.0  1907  167.2  1918  216.9  1903  223.5  1982  275.0  1938  259.2  1861  311.7  2011   733.0  1868   444.5  1992   420.4  1861   633.0  1982  1939.9  2020
  284.3  2008  286.5  1998  210.1  1882  168.9  1867  149.6  2003  147.9  1838  163.8  2010  216.4  1985  217.3  1980  267.6  2008  258.7  1978  311.2  1966   724.1  2007   429.6  1979   419.4  1918   628.3  2006  1936.6  1938
  273.8  1863  267.3  2002  208.7  1903  168.8  1919  146.7  2022  145.1  1919  162.8  1970  213.0  1861  216.2  1978  265.4  1890  256.0  2006  308.0  1852   723.2  2014   427.8  2011   419.1  1956   618.1  1970  1914.4  1998
  272.6  1989  252.2  1894  208.1  1989  168.0  1994  137.5  1923  141.7  1862  159.0  1871  198.0  1989  214.6  1899  264.5  1970  252.6  1973  299.6  1949   707.7  2015   404.1  1997   415.4  1938   617.6  1984  1889.9  2004
  270.4  1995  247.3  2022  205.4  1861  166.0  1934  136.8  1963  141.0  2017  158.1  1881  194.8  1982  213.2  2004  261.3  1981  250.6  1979  295.5  2006   689.1  1990   401.9  2006   413.4  1890   614.0  1893  1860.4  1863
  268.0  1975  244.8  2000  202.5  2015  160.7  1951  133.7  2013  140.9  1980  157.1  1959  192.3  2024  208.3  1935  261.0  1967  250.5  1982  295.1  1986   682.5  1894   399.1  2009   411.0  1957   613.7  1935  1846.4  1868
  266.1  1932  238.8  1995  201.0  1938  157.6  1943  130.4  1925  139.8  1944  152.8  1938  190.4  1930  205.3  1885  254.7  2020  247.3  1992  291.8  1999   679.2  2005   392.1  1977   408.7  2024   604.6  1991  1843.3  2008
  265.8  1916  234.8  1920  200.0  1966  156.1  1949  124.7  2009  136.2  1848  152.8  2016  188.0  1863  203.7  2011  249.8  2000  247.1  1938  288.4  1983   674.4  2012   391.2  1999   407.6  1838   600.8  1869  1839.3  1903
  265.0  1890  218.5  1903  197.6  1986  155.8  1863  124.2  1920  136.1  1994  152.2  1953  186.2  1941  203.5  1893  246.6  1874  242.4  1947  281.4  1900   660.3  1993   390.6  1910   403.7  1961   600.8  1954  1832.4  2014
  264.0  1921  214.5  2014  197.5  2009  154.3  1915  124.1  2006  135.6  2004  150.2  1936  182.2  1988  202.0  1869  246.5  1954  241.1  1877  274.8  1912   658.4  2002   386.1  2007   403.2  2017   598.0  1977  1826.7  2005
  263.7  1976  209.1  1898  194.6  1968  153.7  1932  124.0  1962  134.5  1990  149.8  1903  181.9  2009  200.7  1990  245.4  1862  237.0  1869  274.1  1954   655.6  2008   381.2  2005   400.2  1988   596.0  1995  1814.9  1967
  260.0  1990  207.3  2008  193.8  2019  153.2  2006  123.9  1906  131.8  1999  148.5  2023  181.2  1889  199.0  1947  242.8  1998  236.1  2009  274.1  1921   655.4  1998   380.8  1934   399.2  1872   595.7  2001  1805.1  2024
  259.7  2020  206.8  1992  191.2  2026  140.7  2013  123.6  1964  131.0  1946  147.5  1957  177.6  1923  196.6  1872  240.3  1929  234.3  1953  270.1  1994   655.0  2024   380.5  1903   398.8  1846   591.3  2011  1802.0  2006
  255.1  1868  203.6  1869  189.7  1988  139.8  1965  123.4  1966  129.0  1927  147.2  1985  174.0  2005  195.7  1892  237.9  1996  232.7  1913  263.7  1980   647.8  1999   377.0  1882   396.8  2009   586.7  1872  1799.4  1898
  254.9  1852  201.1  1850  189.0  2008  139.6  1899  122.2  1884  128.1  1945  146.3  1879  173.0  1957  193.6  1969  237.0  1942  232.3  1999  259.8  2014   633.2  1920   376.4  1925   396.5  1962   582.6  1950  1793.8  2007
  254.2  1962  193.8  1943  189.0  1921  136.8  1975  121.4  1840  126.1  2002  146.1  1856  172.7  1874  192.1  1992  236.4  1934  231.5  1996  258.8  2023   625.5  1975   375.2  1913   392.1  1980   582.6  1992  1787.8  1994
  254.0  2000  191.0  1935  187.8  1997  133.9  2024  120.2  1862  124.9  1972  146.0  1858  169.1  1929  190.2  1839  236.0  1903  230.0  2015  258.6  1863   621.9  1984   373.3  1920   390.8  1923   580.3  1874  1786.7  2000
  248.3  1999  188.7  2024  185.2  1859  133.7  1985  119.8  1944  124.7  2020  144.8  1998  168.2  1894  189.7  1878  235.6  2006  229.9  1940  249.7  1893   610.8  1863   370.4  1966   388.7  1873   579.1  2004  1780.0  1986
  247.9  1923  188.7  1866  184.4  1983  131.8  1912  119.8  1999  123.9  1913  144.1  1934  165.8  1949  188.5  1874  235.2  1916  221.1  1980  248.2  1936   607.2  1983   368.9  1927   388.6  1924   577.4  2020  1774.7  1989
  245.5  1974  187.5  1918  184.0  2021  131.1  1959  118.3  1892  123.8  1973  142.4  1891  163.4  1918  188.0  1948  235.2  1984  220.6  2017  247.8  1866   605.1  1916   367.7  1970   388.3  1998   576.0  2009  1768.5  1877
  244.6  1938  186.1  1911  183.5  1896  130.7  2004  117.2  1916  121.4  1965  142.0  2009  163.0  2011  185.6  1908  232.0  1923  220.2  2005  247.8  1845   603.8  1949   367.0  1904   387.6  2014   570.0  2017  1764.8  1982
  240.1  1949  185.5  1999  182.5  1978  129.8  1992  117.1  2005  121.4  2024  141.6  1894  162.4  1883  185.5  1861  226.3  2021  219.5  1974  247.4  2004   602.8  1981   365.3  1868   386.0  1948   566.9  2008  1756.8  2009
  237.9  1849  185.3  1877  179.5  1913  129.8  1925  116.7  2019  121.3  1890  141.3  2007  162.1  1961  183.1  1864  225.6  1860  213.6  1844  243.2  1854   599.2  1903   363.4  1943   385.6  1907   564.3  1923  1742.9  1923
  236.0  2002  184.8  1849  177.5  1926  127.8  1964  116.4  1931  119.9  1991  140.4  1873  161.4  1964  183.1  1983  223.6  1980  213.4  1914  240.8  1993   598.5  1950   363.3  2019   380.6  1862   563.2  1969  1734.8  1981
  233.9  2004  182.0  2016  177.5  1868  127.4  1870  115.1  1954  118.6  1931  139.7  1890  160.8  1907  182.1  1984  223.5  1930  213.1  2021  238.7  1951   591.4  1967   362.7  1876   380.1  2007   562.9  2005  1732.6  1983
  233.6  1920  180.8  1949  173.3  1890  126.9  2005  113.3  1982  118.6  1896  136.7  1924  160.2  1910  180.3  1924  223.3  1989  208.3  1928  236.8  1929   589.5  1937   362.1  1922   376.4  1894   560.1  1899  1732.4  1949
  233.1  1994  177.1  1962  173.2  1842  126.7  1911  111.4  1956  118.1  1846  136.2  1900  160.2  2007  180.1  1918  221.1  1893  206.9  1866  235.0  1924   588.4  2004   358.1  1874   374.6  2016   560.1  1967  1728.2  1954
  231.6  1944  176.5  1939  173.0  1982  126.2  1990  111.2  1875  117.5  2025  136.1  1861  159.7  1956  179.7  2005  220.5  1843  206.7  1911  234.1  1955   585.0  1853   358.1  1968   373.0  1964   558.4  2018  1717.1  1979
  229.1  2012  175.1  1928  171.4  1874  123.2  1953  111.1  1885  116.9  1948  135.5  1862  159.4  1948  178.6  1946  220.3  1845  206.4  1912  231.0  1982   584.0  1974   356.5  1921   372.8  1879   557.9  2021  1713.1  1948
  229.1  2016  174.0  1889  165.9  1987  122.9  1948  111.0  1997  116.3  1998  135.0  2019  159.2  2004  176.2  2023  217.4  1995  205.6  1970  228.5  1957   579.5  1925   354.8  1912   372.7  2004   552.9  1861  1712.4  1872
  226.5  1884  173.7  1945  164.3  1908  122.2  1900  110.7  1872  114.9  1954  134.1  1931  156.9  1912  175.7  1987  216.9  1961  204.9  1972  223.2  1956   571.8  1922   352.7  1899   371.1  1895   552.8  1999  1701.5  1970
  225.8  1927  172.9  1970  163.7  1995  121.9  1972  108.4  1921  114.7  1882  133.6  1932  156.8  1891  175.4  1942  214.8  1968  204.3  1884  218.2  1942   569.1  1848   352.2  1926   370.6  1881   550.3  1983  1698.6  1950
  221.7  1957  172.2  1931  163.4  2007  120.2  1960  107.5  1973  113.5  2005  133.4  2015  155.3  2017  175.3  1975  213.5  2018  203.6  1883  214.0  1998   565.3  1898   347.5  1898   370.2  1992   548.5  1890  1695.3  2017
  220.8  1986  172.2  1925  163.0  1894  120.2  1843  105.8  1945  112.8  1928  133.2  1961  154.2  1846  173.3  1927  210.5  1836  203.0  2022  213.9  1990   556.7  1976   347.2  1914   368.7  1940   548.4  1996  1689.5  2019
  219.0  1981  171.9  1916  162.2  1905  118.9  1970  105.6  2020  111.4  1962  133.2  1877  153.7  1895  172.6  1985  210.0  1877  202.7  1906  213.2  1914   553.7  1957   346.8  1982   368.1  1959   547.0  1929  1688.9  1988
  215.6  1984  171.8  1905  160.7  1897  118.6  1991  104.9  1934  111.4  1864  132.5  1882  153.6  1850  172.4  1840  209.7  2017  201.9  1930  211.9  2020   551.3  1899   344.8  1896   366.4  1874   546.2  1932  1682.6  2023
  214.9  1843  171.1  1864  159.3  1860  118.0  1933  103.9  1888  110.3  1950  129.6  1993  153.4  1942  170.9  2012  209.7  1943  201.1  1939  211.8  1985   550.9  1962   344.5  1949   364.2  1990   542.8  2000  1679.2  1928
  213.8  2003  170.4  1885  158.8  1902  117.6  1914  103.9  1914  109.9  2008  129.4  1942  152.6  1924  169.5  1979  207.5  1846  200.8  1899  211.0  1873   550.9  1884   343.8  1906   362.9  1868   540.0  1877  1678.9  1995
  211.9  1930  169.3  1908  156.1  1920  117.5  2012  102.9  1910  108.9  1901  129.2  1915  152.4  1890  168.0  1999  206.0  2025  200.6  2008  210.3  1836   546.4  2025   343.3  1938   362.3  1950   538.6  1836  1670.7  1874
  207.5  2024  166.2  1880  155.3  2000  116.8  1847  102.8  1979  108.3  1961  128.7  1980  152.3  1873  166.4  1919  205.0  2011  200.3  1984  210.3  1979   545.4  1994   342.8  1947   362.0  1970   538.0  1979  1664.8  2022
  207.4  1866  162.7  1961  154.9  1999  116.4  1999  101.1  1953  107.8  1959  127.9  1849  151.5  1943  165.8  1954  205.0  1909  197.8  1850  208.8  1885   543.4  1943   342.6  2014   360.8  1942   534.6  1986  1663.0  1943
  205.0  1903  161.9  1973  153.5  2020  115.8  1859  100.6  2014  107.3  1916  127.0  1964  151.0  1841  164.8  1991  203.2  2023  197.7  1971  208.4  2019   537.8  1866   341.7  1963   360.7  1891   534.1  1930  1656.3  1980
  204.2  1874  161.7  1946  153.1  1970  115.2  1896  100.3  1854  107.0  2019  126.5  1846  147.5  1960  164.1  1964  203.1  1873  195.7  1888  205.0  2012   535.8  1867   340.0  2021   360.3  1856   532.1  1947  1647.9  1974
  203.4  1872  157.9  1922  149.9  2002  114.8  1874  100.2  1894  106.4  1947  126.4  1923  147.5  1917  162.8  1932  201.6  1872  193.9  1951  204.8  1857   534.7  1869   339.7  1995   359.6  1965   528.8  1990  1633.4  1935
  201.0  2023  157.6  1914  148.2  1851  112.4  1998   99.8  1898  105.9  1981  125.5  1979  147.2  1904  162.5  1891  201.6  1884  191.9  1998  204.4  1841   533.3  2022   339.5  1863   358.5  1896   525.0  1878  1631.9  1900
  200.6  1906  157.0  1859  145.7  1998  112.3  2022   99.6  1955  105.4  1912  124.1  2002  146.2  1879  162.3  1923  199.6  1971  191.3  2001  203.9  1992   532.8  1958   337.2  2002   356.0  1929   523.8  2022  1630.1  1957
  198.7  1934  156.0  1988  142.0  1836  109.6  2000   99.2  1902  105.2  1952  123.1  1895  144.0  1952  160.8  1955  199.6  2004  190.3  2000  202.2  1973   532.3  1864   336.9  1989   355.4  1943   523.3  1927  1628.4  1893
  198.6  1931  154.0  2004  140.4  1981  108.3  2008   97.7  2021  104.3  1881  123.0  1951  143.9  1990  160.0  1965  197.7  1854  189.4  1893  200.5  2003   530.5  1923   333.4  1932   355.3  1930   521.0  1863  1621.3  1912
  198.5  2018  153.4  1906  139.6  1898  108.0  1898   97.4  1904  104.0  1979  122.9  1855  143.5  1933  159.7  2010  196.0  1932  188.6  1954  197.6  1847   524.3  1849   331.7  1950   355.0  1882   520.0  1998  1619.1  1916
  198.0  1937  152.3  1967  139.0  2014  107.9  1922   97.3  1878  103.0  2015  122.4  1906  143.1  1934  159.5  1896  194.7  1990  188.4  1872  196.7  1877   523.7  1992   329.5  2000   353.2  2015   519.5  1948  1619.0  2012
  194.2  1900  150.8  1867  138.8  1912  107.2  1836   97.2  1976  102.8  1876  121.7  1880  142.5  1892  158.7  1917  194.4  1853  187.7  1966  195.8  1962   517.2  1914   325.2  1905   348.7  1953   516.4  1903  1617.9  1962
  193.7  1988  149.9  1907  138.4  1957  105.8  1855   96.8  1938  102.3  1935  121.4  1974  142.3  1951  158.5  1873  193.9  2022  187.4  1932  194.2  1883   517.0  1915   324.8  1902   348.2  1848   514.9  1943  1617.9  1966
  193.6  1853  149.7  1950  137.2  2005  105.4  1940   96.8  1992  101.0  1844  121.2  1848  141.2  1875  157.0  1977  193.2  1959  185.5  1848  193.0  1988   510.4  1931   322.9  1862   347.0  2005   509.2  1961  1612.2  1973
  191.8  1998  148.0  1863  136.9  1993  105.3  1997   96.6  1886  100.0  1868  119.6  1883  140.2  1838  156.6  1988  193.1  1888  185.2  2007  192.5  1884   506.0  1905   321.3  1908   345.3  2011   506.2  1873  1611.6  1861
  188.7  1873  147.8  1837  136.2  1976  104.2  1996   95.7  1924   99.9  1943  119.5  1838  140.2  1919  155.9  2016  192.9  1867  183.8  1959  191.3  1891   505.0  1852   319.3  1897   345.0  1989   504.3  1918  1609.7  1934
  186.6  1859  146.1  1854  136.0  1878  103.1  1916   95.7  1970   99.8  1860  119.3  1887  137.9  1898  154.3  2009  192.2  1927  183.5  1880  191.1  1967   504.5  1952   317.8  2008   344.8  1934   503.3  1974  1603.7  1890
  185.4  1892  145.7  2015  136.0  1961  102.9  2014   95.3  1972   99.7  1847  119.1  1950  137.1  1935  152.8  1836  189.3  1936  183.0  1969  191.0  1931   501.6  2023   317.2  1919   342.9  2023   502.9  1884  1601.3  2016
  183.4  1965  145.7  2023  135.8  1864  102.8  1979   95.1  1968   99.3  1924  116.8  1843  137.0  2016  152.5  1897  187.9  1896  182.5  2011  189.4  1971   495.5  1988   316.7  2013   342.8  1912   502.7  2023  1598.6  1884
  181.8  1958  144.4  1948  135.4  1895  102.5  2011   95.0  1943   98.9  1929  116.1  1911  136.5  1896  152.4  1900  187.1  1955  181.9  1920  188.9  1862   495.4  1901   315.9  1973   342.6  1883   499.3  2025  1592.2  1944
  181.6  2014  143.4  1937  133.2  2017  102.1  1862   94.5  1913   98.7  1917  115.6  1875  135.3  1905  150.8  1898  186.8  1957  179.9  1847  188.9  1897   492.9  1997   315.2  1988   342.1  1900   498.7  1942  1590.1  1906
  181.3  1910  143.3  1883  131.7  1899  101.3  1895   93.6  1883   96.9  1842  114.8  1987  134.9  1893  149.8  1961  186.8  1868  179.7  1881  188.7  2016   492.9  1846   314.9  1948   341.3  1973   496.6  1892  1588.3  1956
  180.7  1894  143.2  1938  131.5  1907  101.3  2017   93.0  1877   96.6  1863  114.5  1954  134.7  1965  148.7  1866  186.6  1969  179.2  1964  188.5  1913   492.9  1945   314.0  1998   340.1  1979   493.7  1928  1586.9  2013
  177.1  1926  142.6  1852  128.0  1977  101.2  1913   92.9  1873   96.2  1867  114.1  1909  134.3  1877  148.5  2020  185.9  1859  178.0  1910  186.5  1842   492.3  1887   312.8  1983   339.8  1928   492.0  1847  1584.3  1918
  172.5  1875  142.3  2011  127.4  1844  100.7  1973   92.6  1858   96.0  1873  114.0  1893  132.9  1950  148.0  1970  185.6  2009  177.8  1890  186.0  1984   489.6  1956   311.9  1976   338.2  2025   491.7  1883  1582.8  1932
  172.4  1925  140.6  1910  125.7  1914   99.6  1872   90.6  1993   95.8  2001  113.9  2020  131.8  1866  147.6  1879  184.6  1948  175.9  2025  185.2  1964   489.5  2018   311.3  1987   337.5  1875   488.7  2012  1580.5  1961
  172.3  1865  140.4  1893  124.7  1991   99.3  1931   90.4  2012   95.5  1849  113.0  1928  131.1  1963  146.6  1994  183.8  1986  175.3  1836  185.0  2017   488.0  1928   311.3  1859   336.5  1952   487.1  1940  1579.5  1882
  172.2  1915  139.8  1882  124.6  2006   99.3  2002   90.3  1868   94.4  1895  111.7  1886  130.6  1953  146.5  1945  182.5  1944  174.4  1944  184.3  1901   485.6  1859   311.1  1965   331.0  1951   486.6  1944  1578.9  1991
  171.7  1992  139.4  1887  123.0  1906   98.8  1967   90.3  1909   94.3  1976  111.4  1872  130.2  1973  145.4  1934  181.5  1841  174.2  2020  183.0  1948   484.3  1955   310.9  2022   328.8  1919   485.6  1864  1578.1  1866
  171.5  1858  138.9  1876  122.4  1948   98.3  1903   90.2  1891   93.7  1840  110.1  1975  129.4  1970  143.7  1974  181.2  1850  173.7  1882  182.1  1886   484.2  1913   310.8  1985   328.7  1954   482.6  1973  1566.4  1873
  171.0  1914  137.2  1996  122.3  1963   98.3  1876   90.2  1965   93.2  1960  109.8  1857  128.1  1860  142.7  1847  180.4  1933  173.5  1916  180.0  1911   482.6  1935   310.6  2003   328.0  1892   479.8  1885  1565.6  1985
  170.8  1887  136.3  1974  121.7  1915   98.0  2016   89.1  1926   92.7  1852  109.7  1948  127.7  1900  142.0  1963  179.2  1900  173.2  1903  179.3  1850   479.5  1906   310.5  1915   326.1  1935   476.7  1845  1564.0  1997
  170.5  1968  135.4  1844  121.6  1919   97.6  1917   88.4  1967   92.7  1911  109.2  1837  127.5  1901  139.9  1929  178.7  2013  172.6  2013  179.1  1869   479.2  1932   308.6  1993   324.4  1966   476.1  1916  1560.5  1869
  169.8  1840  135.1  2017  121.2  1939   97.5  1868   88.2  1897   91.9  1997  108.8  1865  127.2  1998  139.8  1973  178.7  1926  171.6  1898  178.7  2000   478.6  1930   308.0  1888   324.2  1960   475.8  1850  1557.0  1917
  168.6  2009  135.1  1933  121.0  1846   96.9  1880   88.0  2002   91.5  1908  108.1  1968  125.6  2008  139.7  2017  177.7  1958  171.2  1919  178.0  1940   476.8  1874   307.3  1944   322.3  1849   474.0  1926  1556.7  1854
  168.0  1959  134.5  2005  120.1  2023   96.9  1906   88.0  1977   91.3  1898  107.8  1836  124.8  1906  138.6  1967  177.5  1991  170.0  1923  177.3  1959   475.3  2021   305.4  1860   322.1  2010   468.3  1971  1556.0  1862
  167.4  1933  133.6  2012  119.6  1891   95.5  2010   86.9  1863   91.3  2011  107.8  1884  124.7  1958  138.4  1926  176.3  1978  170.0  1943  177.2  1997   474.0  1946   303.4  1991   321.7  1927   466.7  2013  1551.7  1921
  167.3  1898  132.8  2007  118.9  1879   95.3  1984   86.2  1971   91.0  1968  107.7  1853  123.0  1946  136.7  2006  175.3  1895  168.7  1843  175.8  1922   473.1  1892   303.3  1958   320.9  1941   465.2  1953  1551.5  2002
  165.6  1951  131.6  1915  118.8  1889   95.3  1882   85.5  1860   91.0  1854  107.6  1874  122.6  1980  136.3  1882  175.2  1928  168.5  2012  175.7  1902   470.2  1907   302.7  1945   320.3  2002   463.8  1934  1550.3  1993
  165.4  1948  130.2  1884  117.7  1854   95.0  1888   85.2  1987   90.7  1892  107.0  2017  120.1  1888  136.2  1952  175.1  1883  166.8  1929  174.8  1868   470.0  1877   302.6  2004   319.8  1910   463.7  1900  1549.2  1836
  163.9  1909  129.6  1871  117.4  1945   94.8  1853   85.1  1847   90.6  1930  106.1  1852  119.1  2023  135.4  1905  171.8  1878  166.3  2004  174.4  1960   468.1  1987   300.9  1911   319.7  2008   460.1  1987  1547.2  1883
  163.4  1886  127.2  1856  117.4  1848   94.6  1946   84.9  1949   90.5  1957  105.9  1914  118.0  1922  135.2  1925  170.1  1918  165.6  1975  173.8  1906   464.5  1885   300.8  1890   319.5  1863   459.8  1866  1546.1  1914
  162.8  1952  124.4  1846  116.2  1925   93.4  1923   84.8  1900   90.4  1851  105.9  2025  117.6  1926  135.2  1943  169.8  1892  165.4  1886  172.7  1864   462.7  1872   299.7  1861   318.1  1939   454.1  1888  1541.9  1920
  161.7  1905  123.8  2019  116.1  1871   93.0  1920   84.7  1907   90.3  1858  105.8  1969  117.4  1845  135.2  1856  169.4  1847  165.0  1985  172.5  1904   460.4  1927   299.5  2020   316.2  1841   450.6  1964  1535.6  1927
  161.0  2019  122.5  1958  115.7  1971   92.7  1909   84.6  2016   90.3  1987  105.5  1920  116.8  2015  134.7  1867  168.6  1988  163.9  1837  172.1  1944   460.2  1890   298.0  1916   315.5  1901   450.4  1919  1534.4  1926
  161.0  1978  122.4  1891  115.3  1845   92.4  1901   84.5  1995   89.4  1885  105.3  2022  116.7  2010  133.7  1870  166.8  1885  163.5  1878  171.0  1975   459.0  1939   298.0  1867   314.6  1933   448.9  1905  1532.7  1984
  160.7  1991  122.0  1976  114.3  1952   92.2  2015   84.2  1912   89.2  1853  104.5  1941  116.5  1940  132.3  1859  165.9  1864  163.4  1852  170.5  1867   458.2  1921   297.6  1907   313.8  1858   448.5  1963  1523.0  1896
  160.5  1854  121.7  1941  113.9  1857   91.9  1935   84.0  1929   88.8  1918  104.3  1967  116.4  1844  131.8  1853  164.8  1921  160.5  1967  169.1  1894   457.4  1911   292.4  2024   310.7  1871   446.3  2014  1518.9  1910
  157.8  1946  120.0  1981  112.1  1881   91.6  1905   84.0  1974   87.0  1963  103.9  1943  115.1  2001  130.4  1953  164.4  1952  157.7  1927  168.4  1952   456.6  1908   290.3  1894   310.1  2001   445.0  2010  1508.7  1977
  157.8  2021  119.6  1982  112.0  1839   91.5  1995   83.6  1850   86.8  1880  103.4  1965  114.8  2025  130.2  1857  163.3  1976  157.7  1941  167.4  1915   455.1  1961   289.3  1953   309.6  1911   442.8  1898  1505.7  1894
  157.6  1836  118.9  1904  111.3  1858   90.8  1846   83.3  1879   86.8  1923  103.4  1896  114.5  1986  129.7  1944  163.2  1941  157.0  1926  166.3  1918   454.4  1910   288.1  1964   309.0  1855   440.2  1913  1505.4  1965
  156.3  1869  117.9  1984  110.8  1943   90.5  1969   82.1  1932   86.5  1967  103.4  1910  114.0  1928  129.2  1997  163.0  2005  156.3  1909  165.5  1941   451.9  1882   287.1  2016   307.2  1898   440.0  1862  1505.0  1911
  155.9  1851  117.6  1953  110.4  2011   89.0  1887   81.9  1881   86.2  1874  102.6  1922  113.6  1865  128.5  2001  162.5  1956  155.6  2003  165.1  1925   450.8  1938   286.3  1895   306.9  1945   439.7  1966  1504.0  1905
  155.8  2022  117.4  2009  109.8  1934   88.4  1939   81.5  1952   86.0  1937  101.9  1937  111.8  2012  128.3  2007  161.9  1963  155.3  1905  164.9  1919   450.2  1986   285.7  1951   306.7  1987   437.7  1985  1503.4  1951
  155.1  1857  116.7  1960  109.1  1884   87.8  1958   81.4  1899   85.3  1956   99.4  1841  111.8  1884  126.9  2022  161.8  1869  154.6  1908  164.4  1856   450.2  1933   284.9  2017   304.7  1931   437.4  1896  1499.6  1953
  155.0  1956  115.5  1861  109.1  1888   86.3  1956   80.8  1930   84.9  2016   99.2  2001  111.4  1855  124.8  1938  161.4  2019  154.3  1994  164.0  2007   449.8  1886   282.9  1872   302.6  1963   437.0  1959  1498.5  1930
  154.0  1935  115.4  1842  107.7  1973   86.1  1869   80.3  1841   84.8  1989   99.1  1933  110.5  1979  123.9  1886  159.4  1977  154.2  1863  163.6  1926   446.3  2013   280.0  1954   301.5  1850   436.8  1854  1490.6  1942
  152.7  2011  115.2  1913  106.8  1885   85.6  1926   80.1  1870   84.7  1964   98.4  1888  108.2  1881  122.6  1842  159.0  1982  154.1  1918  162.4  1859   442.7  1944   279.1  2012   300.4  2020   436.7  1853  1490.1  1899
  152.7  1896  114.1  1951  106.8  1935   83.9  1944   80.0  1969   84.6  1850   97.4  1899  108.1  1914  122.1  2019  158.2  1905  152.6  1956  161.8  1923   442.0  1991   277.9  1972   300.0  1974   435.1  2007  1489.1  2021
  152.2  1882  111.8  1912  106.6  1901   83.1  1886   79.7  1996   83.8  1985   96.8  1997  107.8  1871  121.3  1957  156.7  1950  151.1  1949  160.2  1928   441.0  1926   276.9  1854   299.9  1922   434.4  1909  1487.5  1891
  151.8  1877  108.9  1955  105.8  1950   83.0  1889   79.6  2025   83.5  1904   96.7  1854  107.8  1882  120.8  1915  154.9  1901  151.0  1946  159.9  1881   440.9  2017   275.8  1885   298.2  1917   434.1  1906  1486.1  1864
  151.6  1862  108.7  1957  105.7  2004   82.8  1838   78.7  1927   83.1  2006   96.6  1991  107.8  1909  120.1  1911  153.9  1965  149.1  1845  159.8  1882   436.9  1968   274.7  1962   298.0  1847   433.8  1965  1485.5  1859
  150.4  1908  108.6  1971  105.5  2010   82.6  1963   78.0  1911   82.8  1993   95.4  1897  107.7  2013  118.5  2021  153.1  1987  148.5  1894  158.1  1880   435.5  1843   271.2  1923   297.8  1994   432.9  1843  1484.6  1959
  150.2  1982  107.2  2025  105.3  1940   82.1  1924   77.9  1908   82.1  2003   95.1  2024  107.7  1872  117.4  2025  153.0  2010  147.5  1950  157.5  1889   435.4  1865   270.9  1864   297.5  1991   432.2  1891  1479.3  1924
  149.8  1878  107.1  1836  105.1  2025   81.4  1907   75.4  1985   82.1  2000   94.8  1892  107.7  1908  117.4  1887  152.6  1912  146.9  1948  155.9  1965   433.2  2009   270.6  1884   295.6  1893   431.6  1912  1471.0  1978
  149.2  1950  107.0  1944  104.8  1838   81.0  1993   73.8  1942   82.0  1983   94.6  1851  106.5  1847  117.2  1937  152.6  1999  145.1  1874  155.9  1875   432.3  1918   269.6  1900   293.2  1967   431.4  1859  1464.2  1952
  148.9  1899  106.8  1923  104.5  2016   80.3  1841   73.5  1903   80.7  1875   93.7  2012  106.2  2000  116.5  1904  151.0  1906  144.7  1873  155.3  1871   432.2  1876   269.6  1978   293.1  1854   430.7  1988  1463.9  2018
  147.0  1945  106.0  2018  103.6  1944   79.5  1945   72.2  1843   80.2  1879   93.7  1986  105.4  1854  115.9  1966  150.3  2002  144.6  1963  155.1  2001   431.4  1883   269.5  1975   293.0  1993   430.5  1956  1459.7  1885
  146.5  1907  105.8  2026  103.5  1949   79.1  1908   71.9  1874   79.3  1922   93.4  1921  105.1  1897  115.4  1956  149.2  2012  143.4  1995  154.9  2022   430.3  1965   269.3  1836   292.0  1936   429.7  1952  1457.6  1931
  145.6  1904  105.6  2021  102.6  1855   78.7  1890   71.6  1882   78.6  2007   93.4  1902  105.0  1887  115.4  2013  146.1  1855  142.5  1961  154.6  1945   424.4  2019   269.1  1878   290.9  1860   425.1  1840  1456.5  1904
  143.6  2013  105.1  1954  101.7  1985   78.5  1976   71.6  1864   78.3  1971   93.2  1995  104.5  1878  113.5  1940  144.7  1899  140.2  2002  154.1  1910   424.0  1878   267.3  1959   290.6  1937   418.4  1975  1456.3  1850
  142.8  1942  104.7  1993  100.8  1954   78.0  2018   71.6  1865   78.2  1900   93.0  1966  104.4  1842  113.0  1883  143.7  1940  138.7  1931  151.9  1908   421.6  1851   267.3  1961   289.1  1999   415.6  1955  1453.0  2001
  139.8  1891  104.3  1897  100.8  1865   77.1  1955   71.5  1905   78.1  1942   92.3  1992  104.3  1932  112.7  1976  143.2  1992  136.6  1864  151.2  1953   421.3  1858   267.3  1940   289.0  1888   415.0  1846  1453.0  1892
  139.8  1922  104.0  2001  100.7  1862   76.9  2009   69.6  1948   77.9  2012   92.0  1947  104.2  1938  110.2  1928  143.0  1949  136.5  1875  149.5  1895   417.0  1948   263.7  1952   288.3  1876   412.0  1895  1451.3  1946
  139.8  1971  104.0  1872  100.7  1877   76.6  2001   67.9  1989   77.9  2022   91.8  1847  104.2  1994  109.8  1920  142.5  1891  134.8  2024  149.3  2025   414.6  1857   262.4  1843   287.8  1844   411.1  1911  1450.4  1852
  139.5  1954  103.0  1952  100.4  2003   76.3  1962   67.2  1842   77.1  1845   91.5  1876  103.8  1974  109.7  1962  142.4  1858  133.6  1846  147.7  1932   414.5  1900   260.0  1956   287.6  1944   409.3  1994  1448.6  1908
  139.4  1902  102.7  1966  100.4  1928   75.8  1848   66.3  2004   76.7  1836   91.3  1945  103.4  1927  109.3  1921  141.5  1931  133.3  1990  147.2  2008   414.0  1889   258.8  2010   287.5  1904   407.6  1976  1448.5  1964
  139.3  1939  101.6  1924   99.0  2024   75.7  1929   66.2  1852   76.6  1886   91.0  2011  103.4  1862  108.7  1930  140.1  1974  132.2  2010  145.8  1987   413.6  1953   258.0  1846   285.6  1852   404.5  1839  1442.9  1975
  138.5  1839  100.5  1956   98.3  1910   74.8  1988   66.2  1839   75.3  2023   90.8  1916  103.2  1959  108.6  1854  139.0  1876  132.1  1900  145.2  1991   411.8  1880   258.0  1851   284.3  1906   403.6  1957  1435.5  2025
  137.4  1876   99.6  1901   97.7  1932   74.3  1986   65.8  1918   74.8  1974   90.3  1999  102.7  1937  107.6  1989  138.6  2024  131.7  1976  143.3  1938   410.9  1960   257.4  1971   284.1  1982   402.5  1936  1433.7  1848
  137.2  1867   98.7  1926   96.7  1863   73.5  1871   65.3  1861   74.7  1855   89.3  1927  102.6  2018  107.2  1845  137.7  1840  131.3  1987  142.0  1858   410.1  1973   256.6  1957   283.5  2012   402.4  1880  1428.4  1913
  136.2  1979   97.7  2013   96.7  1951   73.5  2023   64.6  2000   74.5  1926   88.8  1905  102.4  1967  107.2  1903  137.3  1870  131.1  1892  141.8  1887   409.5  1980   256.2  1931   283.0  1864   401.7  1989  1422.4  1867
  135.6  1844   96.5  1892   96.6  1866   71.5  1961   63.8  1983   73.9  1977   88.0  1929  101.6  1987  107.1  1914  137.3  1837  130.6  1854  141.7  1865   404.3  1837   254.8  1889   282.4  1837   401.5  1924  1419.8  1919
  135.4  1969   96.2  1987   96.5  1917   70.7  1875   61.6  1947   73.9  1975   87.3  1952  101.5  1859  106.8  1895  136.7  1842  130.6  1849  140.0  1972   402.7  1951   254.8  1870   282.2  1853   397.2  1886  1418.1  1846
  134.3  1917   95.9  1860   96.4  1927   70.5  1897   61.2  1880   73.8  1878   87.3  1845  101.1  1972  105.5  1875  136.0  1966  129.8  1895  140.0  1896   401.1  1942   254.4  1858   281.9  1845   396.2  1860  1417.3  1925
  133.6  1918   95.6  2006   96.2  1911   70.4  1941   61.2  1981   73.2  1837   87.3  1973  101.1  1921  105.2  1890  135.0  1851  129.1  1952  139.6  1930   401.0  1842   253.1  1917   281.3  1851   395.6  1882  1415.5  1845
  131.4  1943   95.1  1857   96.0  1984   69.3  1928   61.2  1867   72.9  2009   86.7  1996  101.0  2006  105.2  1876  134.4  1848  128.7  1904  139.5  2018   397.2  1912   252.2  1909   280.6  1972   395.0  1867  1415.1  1929
  129.1  1889   94.6  1881   94.3  1883   68.4  1968   60.6  1893   72.2  1996   86.7  1935  100.9  1969  104.9  1902  133.6  1993  127.8  1935  139.4  1899   395.8  1954   251.2  1886   278.5  1949   391.6  1837  1411.5  1922
  128.3  1883   93.4  1969   93.2  1922   67.9  1952   60.6  1937   72.0  1933   86.3  1864  100.9  1911  102.7  2000  133.2  1871  127.2  1891  138.2  1855   395.6  1909   251.2  1848   277.4  1886   390.5  1908  1405.9  1971
  127.9  1967   92.9  1942   91.3  1893   66.8  1902   60.2  1991   71.3  1861   85.9  1990   99.9  1837  102.4  2003  132.9  1902  127.0  1915  137.8  1916   391.8  1896   250.1  1877   275.8  1884   389.4  1870  1403.5  1940
  127.5  1953   91.7  1839   87.9  1930   66.0  1837   59.7  1961   70.5  1888   85.9  2014   99.3  1954  102.1  1936  131.8  1863  126.7  1838  137.6  1934   385.4  1924   249.9  1881   275.4  1969   388.9  1949  1400.5  1876
  125.5  2026   90.3  1865   85.6  1841   66.0  2007   59.5  2024   69.8  1970   84.5  1963   99.2  1936  101.1  2024  130.0  1925  124.7  1889  136.9  1907   380.7  2026   248.9  1879   274.3  1975   387.1  1841  1396.8  1987
  124.5  1893   90.2  1977   84.7  1849   65.6  1844   59.1  2001   69.8  1978   84.3  1867   98.9  1849  100.9  1880  129.7  1887  124.6  1907  136.3  1872   380.0  1893   247.9  1875   273.5  1914   386.6  1844  1392.7  1945
  124.5  1888   89.6  1896   83.6  2018   64.6  1983   59.0  1917   68.7  1969   84.2  2008   98.4  1944  100.2  1849  129.1  1865  124.0  1901  135.6  1870   377.3  1844   247.9  1842   273.1  1842   383.5  1914  1384.5  1878
  124.2  1980   86.4  1851   83.0  1959   64.2  1957   58.9  1941   68.0  1984   84.2  1981   97.1  1902   99.7  1841  125.8  1913  123.6  1922  135.2  1946   376.0  1902   247.7  1855   272.9  1887   383.4  1941  1383.6  1969
  123.6  1845   85.2  1870   82.0  1980   64.1  1954   58.0  1848   67.8  1955   83.5  1960   96.3  1851   99.5  1860  123.8  1945  123.3  2023  134.7  1838   372.6  1972   247.1  1883   272.0  2022   383.2  1897  1380.4  1976
  122.0  1924   84.2  1888   81.5  1869   63.5  1864   57.8  2010   66.5  1894   82.7  1840   94.1  1843   98.7  2008  123.7  1875  122.6  1897  132.9  1876   372.3  1850   246.2  1939   270.9  1867   380.8  1868  1378.2  1907
  120.7  1846   84.0  1934   81.1  1965   63.0  1873   57.4  1838   66.0  1953   82.2  2018   94.0  1876   97.0  1884  123.5  1839  120.3  2016  132.5  1909   371.6  1873   246.1  1841   270.9  1905   374.9  2015  1374.3  2003
  119.8  2006   83.4  1853   79.4  1975   61.6  1856   56.6  1940   65.8  1841   80.6  1912   93.0  1971   96.8  1850  121.6  2007  119.9  1965  130.2  2021   369.3  1871   245.1  1935   269.5  1916   374.6  2024  1370.7  1888
  118.7  1880   83.0  1845   77.8  1916   60.9  1892   55.9  1998   65.7  1897   80.5  1859   92.4  1915   95.7  1958  121.5  1924  118.5  1887  128.9  1958   369.0  2011   245.0  1838   269.2  1909   373.9  1842  1349.3  1847
  118.0  1961   82.5  2010   74.7  1880   60.9  1989   55.1  1887   65.7  1951   80.1  2021   90.8  1848   94.9  1889  120.5  1898  118.3  1870  127.7  1839   364.9  1839   242.2  1847   268.9  1926   369.1  2019  1348.8  1886
  117.7  1936   80.8  1900   74.3  1962   60.6  2003   54.3  1866   65.7  2014   79.4  1925   90.4  1867   94.9  1949  119.7  1904  117.9  2018  126.9  1879   364.8  2001   241.5  1981   267.2  1932   368.3  1951  1348.7  1895
  117.4  1977   80.8  1847   73.1  1946   60.5  1982   54.0  1957   65.4  1903   79.2  1869   90.3  1975   93.9  1871  118.0  1880  117.6  1856  125.5  1905   363.8  1959   241.1  1891   267.1  1981   365.7  2003  1348.2  1849
  117.2  1911   79.8  1909   72.6  1872   60.5  1860   53.5  1856   63.7  1870   79.1  1901   89.8  1977   91.5  1838  117.9  1979  116.6  1997  123.5  1861   362.6  1941   239.1  1901   266.4  1836   365.7  1875  1343.3  1875
  117.1  2017   78.5  1978   71.5  1850   60.1  1987   53.4  1990   63.2  1857   78.1  1866   89.1  1886   91.2  1858  116.1  1962  115.5  1868  123.0  1950   361.0  1870   236.3  1996   266.1  1897   365.5  1887  1333.6  1958
  116.9  1960   77.6  1886   71.4  1886   59.9  1866   53.2  1975   62.7  2013   78.0  1898   88.9  2022   90.4  1837  114.7  1881  115.0  1840  119.7  1961   359.4  1840   235.4  2025   266.0  1986   365.0  1904  1332.0  1909
  115.9  1841   77.4  1878   71.2  2012   59.2  1883   53.2  1851   62.4  1902   77.9  2004   87.6  1945   89.0  1877  114.3  1838  115.0  1960  119.5  1920   357.1  1971   234.2  1871   265.2  1908   363.7  1881  1328.8  1915
  114.9  1947   77.0  1899   70.3  2001   59.1  1930   53.2  1959   62.1  2018   77.6  1978   86.8  1852   88.9  1986  112.7  1919  114.6  1842  115.7  1878   353.9  1860   232.8  1880   265.1  1997   363.6  1968  1325.1  1947
  114.5  1901   75.3  1968   70.0  1843   59.1  1921   53.1  1889   61.5  1891   77.5  1870   86.6  1920   88.0  1852  108.5  1852  113.8  1862  115.1  1892   353.1  1982   231.6  2023   263.6  1968   361.2  1848  1324.2  1880
  112.2  1919   75.1  1972   69.3  1873   58.9  1854   52.8  2018   60.6  1883   77.4  1958   85.6  1840   86.2  1951  108.3  1994  113.2  1859  111.2  1917   352.9  1970   231.4  1892   263.6  1866   359.9  1852  1319.3  1841
  108.2  1973   75.1  1980   69.2  1909   58.8  1850   52.6  1928   60.3  1958   76.9  2006   85.3  1864   85.6  1960  108.2  1861  111.4  2014  110.9  1888   351.4  1904   230.6  1924   262.3  1958   357.8  1901  1319.0  1897
  108.0  1972   74.6  1921   68.4  1937   58.4  1936   52.3  1876   59.5  1914   76.8  1926   85.3  1853   85.2  1998  108.1  1897  111.1  1936  108.7  1970   350.5  1888   229.9  1955   262.0  1840   353.4  1879  1316.3  1996
  106.1  2025   72.0  1862   67.9  1867   58.2  2021   51.2  1950   59.0  1869   74.3  1930   84.8  1978   81.8  1913  107.9  1886  110.6  1853  107.8  1969   350.3  1855   227.8  1930   261.0  2006   351.5  1946  1314.6  1939
  105.4  1912   71.8  1936   66.1  1875   58.2  1857   50.7  1988   58.7  1899   73.8  1907   81.9  1836   80.8  1862  107.7  2003  107.7  1885  107.6  1851   347.1  1862   225.2  1873   256.3  1865   345.0  1972  1310.7  1901
  104.1  1871   71.4  1994   66.0  1958   58.0  1885   50.4  2017   57.9  1986   73.4  2003   81.0  1991   80.4  1906  107.2  1964  107.7  1865  107.2  1947   347.0  1854   225.0  1933   254.2  1889   344.0  2002  1310.4  1968
  102.6  1864   71.1  1927   65.6  1887   56.6  1851   50.0  1845   57.6  1934   71.8  1842   80.6  1993   79.4  1865  105.2  1879  105.9  1841  106.2  1843   343.9  1985   223.4  1865   252.9  1902   343.0  1920  1301.7  1936
  101.6  1885   69.4  2003   65.4  1933   56.4  1877   49.6  1895   56.4  1939   71.7  1976   77.5  1858   79.0  1996  104.2  1866  105.5  1988  104.1  1943   337.6  1856   222.3  1928   247.5  1878   340.4  1876  1300.1  1887
  101.2  1955   67.9  1983   65.0  1953   56.0  1881   49.0  1936   56.2  1910   71.1  1971   77.5  1839   78.9  1901  103.0  1844  100.6  1879  103.8  2005   336.5  1875   222.2  1839   247.4  1857   339.9  2016  1296.6  1843
   99.7  1861   67.5  1991   64.4  1904   55.6  1971   48.9  1890   56.2  1884   70.4  1844   77.0  1981   78.5  1868  101.0  1889  100.2  1857  103.5  1935   330.0  2003   218.7  1857   247.0  2018   338.6  1921  1290.2  1889
   98.5  1895   66.9  1959   63.0  1941   53.9  1849   48.6  1960   55.5  1839   69.5  1977   76.8  1996   77.6  1968  100.5  1953   99.8  1924  102.2  1996   328.1  1966   217.9  1844   246.6  1915   334.8  1958  1278.0  1842
   96.7  1870   63.9  1875   62.6  1900   53.6  1840   47.4  1837   54.9  1859   69.2  1878   76.7  2021   76.2  1922  100.1  1985   98.4  1871  101.8  1939   324.9  1919   215.0  1984   246.0  1843   334.8  1931  1275.9  1881
   95.6  1860   62.9  1979   62.3  1956   53.4  1942   47.2  1849   53.7  1866   68.5  1885   76.4  1997   73.9  1846  100.0  1849   96.1  1876  101.6  1848   323.1  1934   214.4  2018   246.0  1880   333.2  1925  1274.7  2010
   95.1  1985   62.8  1985   62.1  1936   52.7  2019   46.6  1857   52.5  1940   66.0  1908   75.7  1925   73.1  1909   98.4  1857   95.5  1957  101.6  1989   319.2  2006   213.9  1850   243.9  1921   332.7  1939  1261.4  1860
   94.1  1913   61.9  1840   60.9  1947   52.4  1893   46.5  1935   49.4  1921   64.8  2013   75.3  1966   72.6  1912   97.8  1910   93.9  1962  101.3  1846   317.3  1978   211.9  1869   242.3  1971   332.5  1910  1259.4  1871
   92.3  2010   61.7  1965   60.7  1972   51.0  1865   46.1  1846   48.6  1887   64.4  1949   74.4  1857   71.0  1971   90.7  1947   90.7  1839  100.3  1837   314.3  1917   210.8  1866   237.7  1920   332.5  1838  1255.5  1902
   90.0  1964   61.5  1874   57.3  1918   50.7  2025   46.1  1896   48.4  1949   63.9  1839   72.6  1939   70.1  1844   90.2  1973   90.0  1896  100.1  1874   308.1  1969   209.7  1887   236.9  2000   330.8  1849  1249.9  1857
   84.7  1850   61.5  1964   53.6  1974   50.5  1858   44.6  1871   47.3  1909   63.3  1850   71.5  1916   69.3  1881   90.1  1972   86.3  1942   99.0  2009   301.4  1897   208.3  1969   236.8  1859   328.8  1857  1246.6  1941
   84.2  1848   61.4  1940   53.2  1955   50.0  1918   44.3  1869   46.7  1905   63.1  1860   70.5  1869   67.4  1916   89.4  2015   85.6  2019   88.8  1840   300.5  1891   207.3  1946   235.8  1996   326.9  1997  1227.3  1963
   82.1  2001   60.9  1879   52.7  1924   46.9  1966   42.1  1978   46.7  1893   62.2  1989   70.2  2002   65.3  1888   88.2  1951   82.0  1934   87.5  1976   298.9  1895   206.1  2001   235.2  2013   325.5  1871  1226.7  1972
   81.2  1842   52.3  1902   52.4  1996   46.6  1879   41.7  1933   45.7  1992   60.9  1982   67.0  1999   63.6  1939   85.6  1882   81.3  1851   86.8  1903   295.2  1977   204.3  1893   233.2  1977   320.5  1889  1225.1  1879
   80.6  1997   49.6  1841   52.2  1892   45.6  1938   40.1  1901   45.6  1920   59.8  1962   65.3  1885   62.5  1941   85.1  1907   80.7  1933   86.5  1849   293.0  1936   203.9  1960   232.2  1978   319.7  1962  1217.5  1955
   76.8  1855   46.6  1873   52.0  2022   45.0  1978   39.6  1946   44.6  1995   59.6  2005   64.5  1968   60.0  1959   84.3  1911   73.9  1983   83.3  1981   292.5  1861   203.5  1840   223.2  1885   316.2  1865  1215.5  1858
   76.8  1987   46.4  1919   50.1  1853   43.9  1839   39.3  1855   43.8  1871   59.5  1983   63.5  1983   56.7  1910   83.2  1937   72.6  1902   79.3  1968   289.9  1881   202.5  1845   215.2  1913   310.4  1902  1211.1  1840
   72.2  1970   45.1  1858   50.0  1942   40.4  2020   38.0  2023   42.8  1925   59.2  1984   61.8  2020   56.0  2014   81.0  1997   71.2  1860   78.6  1978   277.7  1979   192.8  1929   214.3  2003   307.7  1945  1208.1  1960
   72.1  1856   42.2  1917   47.9  1837   39.9  1981   36.6  1939   42.6  1936   57.6  1994   58.8  2003   55.5  2015   77.5  1975   71.1  1968   77.8  1977   274.2  1947   192.3  1941   212.1  1899   301.5  1856  1207.0  1853
   69.5  1966   41.6  1975   47.3  1870   39.2  1884   34.7  1994   41.6  2010   56.8  1904   57.3  1870   54.5  1931   76.3  1922   70.8  1989   77.6  1963   273.8  2010   185.9  1849   208.7  1869   300.4  1915  1206.5  1844
   62.9  1941   39.7  1838   42.4  2013   37.3  1845   34.5  1915   40.9  2021   54.6  1972   56.0  1856   54.1  1855   71.4  1960   68.0  1925   77.3  1860   254.3  1841   177.2  1942   205.0  1983   296.5  1933  1201.0  1838
   62.3  1879   37.7  1890   40.5  1931   36.7  1937   28.3  1951   38.6  1988   52.0  1917   55.9  1899   53.5  2002   70.3  1894   67.7  1955   74.0  2010   252.7  1963   173.1  1918   204.1  1947   288.8  1858  1200.1  1865
   57.2  1897   34.1  1843   40.4  1923   35.7  1878   26.9  1919   37.0  1906   49.4  1944   53.4  1984   52.3  1993   67.9  1939   67.4  1867   63.0  1937   249.8  1845   170.8  1853   198.4  1870   276.1  1922  1181.4  1839
   56.5  1996   32.7  1929   40.2  1847   33.5  1980   25.9  1853   35.1  1843   48.7  1889   52.0  1931   52.1  1907   63.6  2016   65.5  1993   52.0  1995   245.6  1996   169.5  1936   197.9  1925   272.0  1960  1179.0  1933
   49.9  1929   31.2  1895   37.8  1969   31.3  1891   24.8  1844   33.9  1865   48.7  2000   51.7  1913   50.0  1972   63.0  1914   64.4  1921   46.8  2002   242.8  1929   165.7  1937   197.7  2021   261.8  1907  1160.1  1870
   46.2  1837   30.3  1855   36.7  1964   29.0  1861   23.6  1984   30.2  1941   43.5  1919   44.1  1995   43.7  1843   52.5  1915   61.4  1958   43.2  1844   238.9  1879   161.3  1837   196.8  1839   251.4  1993  1147.6  1856
   41.5  1838   29.9  1930   35.0  1960   27.1  1894   23.6  1980   29.3  1932   39.5  1913   37.5  1880   41.4  1848   51.2  1920   55.2  1858   40.4  1933   229.0  1964   147.1  1974   187.7  1976   251.0  1937  1138.9  1851
   41.3  1963   24.1  1947   33.1  1929   12.7  1852   20.5  2008   28.4  1982   34.9  1868   34.8  1955   35.5  1933   50.3  1908   50.6  1937   40.3  1853   220.8  1847   139.1  1980   181.9  1995   249.8  1851  1129.6  1837
   41.1  1940   22.1  1932   28.5  1840    9.6  1974   20.1  1836   25.0  1915   34.9  1863   21.7  1976   33.5  1851   48.6  1856   48.5  1855   38.3  1890   204.3  1940   122.1  1856   180.5  1984   248.8  1855  1111.7  1937
   38.7  1847   17.6  1986   20.4  1852    7.5  1842   10.3  1859   24.3  1889   25.2  1955    5.7  1947   18.4  1894   22.0  1946   37.4  1945   24.8  1927   181.5  1838    99.4  1852   127.8  1955   237.1  1894  1050.8  1855
   37.2  1881   15.6  1963    6.9  1856    ---  2026    ---  2026    ---  2026    ---  2026    ---  2026    ---  2026    ---  2026    ---  2026    ---  2026     ---  1836     ---  2026     ---  2026     ---  2026     ---  2026
