Areal values from HadUK-Grid 1km gridded climate data from land surface network
Source: Met Office National Climate Information Centre
Monthly, seasonal and annual mean air temperature for Scotland N
Areal series, starting in 1884
Last updated 01-Apr-2026 11:34
    jan  year    feb  year    mar  year    apr  year    may  year    jun  year    jul  year    aug  year    sep  year    oct  year    nov  year    dec  year     win  year     spr  year     sum  year     aut  year     ann  year
    5.6  1989    6.1  1998    6.8  2012    8.8  2011   12.1  2024   14.1  2023   15.0  2006   15.0  1947   12.9  2006   10.4  1908    7.4  2011    5.5  1988    4.83  1989    7.92  2025   13.71  2003    9.33  2006    8.31  2025
    5.0  1898    5.1  2019    6.6  1938    8.6  2007   10.5  1889   12.9  1970   14.6  2025   14.9  1997   12.4  2021   10.2  2001    7.2  1994    5.5  1971    4.56  1932    7.62  2024   13.56  2025    9.30  2011    8.14  2022
    4.8  2022    5.0  1891    6.5  1945    8.1  2003   10.3  2018   12.8  1940   14.5  2013   14.6  1995   12.4  1958   10.0  1969    7.1  1899    5.5  2016    4.38  1998    7.44  2003   13.41  1933    9.22  2022    8.11  2014
    4.8  1932    4.8  2023    6.3  1957    8.1  2025   10.3  2008   12.6  2003   14.5  1933   14.4  1899   12.3  2023    9.8  1959    6.8  1997    5.5  1934    4.34  2017    7.36  2014   13.37  2023    9.12  2021    7.96  2003
    4.8  2020    4.7  1934    6.2  1961    7.7  2009   10.2  2017   12.4  2018   14.5  1901   14.2  1955   12.2  2016    9.3  1995    6.7  2022    5.3  1924    4.21  2007    7.32  2011   13.31  2006    8.91  2014    7.86  2023
    4.8  1916    4.6  1993    6.2  1948    7.7  2014   10.1  1940   12.4  1887   14.5  2003   14.1  1975   12.2  1895    9.3  2006    6.4  2020    4.9  1931    4.04  1935    7.20  2007   13.24  1899    8.88  1945    7.86  2006
    4.5  1923    4.4  1896    6.0  2025    7.6  2019   10.0  1992   12.4  1933   14.4  2021   14.0  2025   12.1  1941    9.3  2005    6.4  1902    4.9  2024    3.92  1992    7.14  2017   13.22  1976    8.86  1908    7.83  2007
    4.4  2007    4.4  2012    5.6  1997    7.5  1894   10.0  1919   12.4  2014   14.3  2018   14.0  2004   12.1  2014    9.3  2022    6.3  1953    4.8  2015    3.92  1923    7.13  1945   13.22  2021    8.85  1959    7.82  2024
    4.3  2002    4.3  1918    5.6  2003    7.2  1944    9.9  1960   12.2  1899   14.3  1991   14.0  2003   12.0  1949    9.3  1921    6.2  2021    4.8  2013    3.89  2014    7.06  2009   13.14  1995    8.81  1953    7.80  1997
    4.2  2005    4.3  1943    5.4  1933    7.2  2004    9.8  2023   12.2  1905   14.2  2019   13.5  1976   11.9  1890    9.3  2007    6.2  1931    4.7  1942    3.87  1925    7.04  2022   13.14  1947    8.74  1958    7.76  2004
    4.1  1974    4.2  1945    5.3  1929    7.1  1914    9.8  1896   12.2  1960   14.2  1976   13.5  1983   11.9  1999    9.2  2017    6.2  1955    4.7  1900    3.86  2020    7.03  1893   13.05  2018    8.69  2001    7.73  2011
    3.9  1934    4.1  1939    5.2  2014    7.1  1893    9.7  2022   12.2  1893   14.1  2014   13.5  1984   11.7  1901    9.2  1977    6.1  1894    4.7  1975    3.85  1949    7.00  2004   13.03  1997    8.68  1949    7.72  2005
    3.9  2000    4.1  1961    5.2  1990    7.0  1926    9.7  2001   12.2  2022   13.9  1955   13.5  1991   11.6  1898    9.2  1945    6.1  2014    4.6  1905    3.84  2022    6.99  1960   12.95  2013    8.66  1999    7.72  2002
    3.8  1950    4.1  1903    5.2  2005    6.9  2002    9.7  2025   12.1  1889   13.8  1995   13.4  1959   11.6  2022    8.9  2011    6.1  2003    4.5  1974    3.82  1943    6.93  2002   12.94  2022    8.47  2005    7.71  2017
    3.8  1925    4.0  1992    5.1  1950    6.9  1952    9.6  1947   12.1  2020   13.7  1983   13.4  1911   11.6  1933    8.9  1949    6.1  1920    4.5  1921    3.78  2005    6.90  1952   12.92  1955    8.46  1995    7.70  1945
    3.8  2017    4.0  1921    5.1  2026    6.9  1955    9.6  1893   12.1  2025   13.7  2008   13.4  2002   11.6  1945    8.8  2013    6.0  1924    4.5  1953    3.78  1934    6.89  1948   12.82  2019    8.38  2015    7.69  1953
    3.7  1944    4.0  2008    5.0  2022    6.8  1987    9.6  1952   12.1  2006   13.7  1934   13.4  1944   11.5  2011    8.8  1943    6.0  2002    4.5  1948    3.74  2019    6.88  1959   12.77  2014    8.38  2009    7.69  2020
    3.7  1935    4.0  1914    5.0  2000    6.8  1960    9.5  1959   12.0  1992   13.6  1997   13.4  1969   11.5  2009    8.8  1968    5.9  2018    4.4  2004    3.61  2025    6.86  1933   12.76  1893    8.34  2007    7.63  1933
    3.7  1890    3.9  1932    5.0  1991    6.8  1943    9.4  1901   12.0  2010   13.6  1989   13.3  2023   11.5  1998    8.7  1962    5.9  1948    4.4  1956    3.55  1911    6.80  1961   12.70  2009    8.32  1951    7.60  2019
    3.7  1964    3.9  1920    5.0  1959    6.7  1999    9.4  1918   12.0  1966   13.5  1994   13.3  1897   11.5  1953    8.7  1947    5.9  2015    4.4  2025    3.51  1975    6.77  1957   12.57  2004    8.28  1997    7.55  2009
    3.7  1992    3.9  2007    5.0  1943    6.7  2020    9.4  1895   12.0  2021   13.4  2009   13.3  1933   11.5  2002    8.7  2021    5.9  1945    4.4  2006    3.50  1976    6.74  1938   12.54  1959    8.28  1906    7.55  1949
    3.7  1996    3.8  1949    4.9  1953    6.6  1937    9.3  1911   11.9  1976   13.4  2022   13.3  1893   11.5  1955    8.7  2025    5.9  1906    4.4  1941    3.43  1972    6.71  2019   12.53  1975    8.24  2025    7.55  1959
    3.7  1990    3.7  1926    4.9  2007    6.6  1949    9.3  1964   11.8  2016   13.4  1945   13.3  2021   11.5  1906    8.7  1996    5.9  1938    4.3  1898    3.41  2008    6.68  1999   12.51  2008    8.22  1920    7.49  2016
    3.6  1953    3.7  2025    4.9  2021    6.6  1945    9.3  1890   11.7  1930   13.3  1925   13.2  2022   11.5  2000    8.7  1898    5.8  1908    4.2  1910    3.40  1921    6.62  1943   12.50  1984    8.21  1899    7.47  2021
    3.6  1905    3.7  1967    4.9  2017    6.5  1946    9.2  2016   11.7  1988   13.2  1894   13.2  2013   11.4  1959    8.7  1978    5.8  1913    4.2  1911    3.38  2006    6.62  1990   12.49  1983    8.20  1898    7.45  2018
    3.6  1983    3.7  1887    4.8  2019    6.5  1933    9.2  2004   11.7  2002   13.2  1927   13.2  2019   11.4  2005    8.7  2015    5.8  2006    4.1  1888    3.33  1971    6.61  1997   12.44  1934    8.18  2020    7.44  1999
    3.6  1921    3.7  2017    4.8  1927    6.5  1974    9.2  1937   11.6  2005   13.2  1999   13.2  1996   11.4  1971    8.7  1953    5.7  2004    4.1  1997    3.31  2012    6.61  1992   12.44  1945    8.18  2024    7.40  1934
    3.6  1889    3.6  2024    4.7  1935    6.5  2023    9.2  2014   11.6  1900   13.1  1982   13.2  1939   11.3  1939    8.6  2024    5.7  1951    4.1  1998    3.30  1890    6.51  2020   12.43  1969    8.17  1941    7.40  1938
    3.4  2006    3.5  2014    4.7  2002    6.5  1942    9.2  2002   11.6  2009   13.1  1947   13.1  2009   11.3  1996    8.6  1920    5.6  2007    4.0  1945    3.30  1974    6.47  2012   12.42  2002    8.14  1913    7.39  1990
    3.4  1957    3.5  1971    4.6  1923    6.5  1996    9.2  1978   11.5  1963   13.1  1944   13.1  1917   11.2  1980    8.6  1979    5.6  1999    4.0  1983    3.29  1957    6.44  1896   12.37  2016    8.12  1978    7.39  1971
    3.4  1938    3.5  2011    4.6  2009    6.4  2005    9.2  1990   11.5  1953   13.0  1899   13.1  2020   11.2  1934    8.6  2014    5.6  1983    4.0  1984    3.25  1927    6.40  2005   12.37  1911    8.11  1938    7.35  2000
    3.4  1973    3.5  1953    4.6  1936    6.4  2022    9.2  2020   11.5  2017   13.0  1984   13.1  2008   11.2  1961    8.5  1958    5.6  1916    4.0  1991    3.22  2002    6.39  2023   12.34  1901    8.05  2017    7.33  2008
    3.4  1926    3.5  1990    4.6  2004    6.4  1912    9.1  1981   11.4  1950   13.0  1905   13.0  1884   11.2  2004    8.5  1951    5.6  2001    4.0  2018    3.18  1993    6.38  1991   12.34  2005    8.05  1955    7.29  1921
    3.4  1911    3.4  1927    4.6  2024    6.3  1980    9.1  1970   11.4  1906   13.0  1949   13.0  2012   11.1  1936    8.5  1971    5.6  1995    4.0  1954    3.17  2016    6.34  2000   12.34  1897    8.04  1902    7.27  1943
    3.4  1937    3.4  1908    4.6  1910    6.3  2018    9.1  1971   11.4  1986   13.0  1926   13.0  1935   11.1  2003    8.5  1999    5.5  1889    3.9  2019    3.16  1914    6.33  1940   12.34  2020    8.04  2004    7.27  1998
    3.4  1971    3.4  2022    4.5  1973    6.3  1961    9.1  1998   11.4  1936   12.9  1990   12.9  1936   11.1  2025    8.4  2009    5.4  1897    3.9  1932    3.14  2026    6.32  1964   12.33  1936    8.03  1971    7.24  2015
    3.3  2014    3.4  1982    4.5  1977    6.3  1957    9.0  1999   11.3  2004   12.9  1897   12.9  1945   11.1  1981    8.4  1972    5.4  1956    3.9  2005    3.14  1898    6.30  2008   12.33  1950    8.01  2023    7.23  1898
    3.3  1949    3.3  1923    4.4  2016    6.3  1898    9.0  2000   11.3  2007   12.8  1893   12.9  1990   11.0  1929    8.4  1975    5.4  2024    3.9  1922    3.13  1909    6.28  2018   12.32  1991    7.99  2002    7.22  1948
    3.2  1924    3.3  2000    4.4  1912    6.3  2017    9.0  1988   11.3  1959   12.8  1959   12.8  2000   11.0  2017    8.4  1985    5.4  1939    3.8  1893    3.13  1905    6.27  1912   12.24  1905    7.95  1994    7.19  2013
    3.1  1998    3.3  1997    4.4  1893    6.3  1993    8.9  1953   11.3  1969   12.8  1941   12.8  2016   11.0  1956    8.4  1965    5.4  1958    3.8  1977    3.12  1999    6.26  1974   12.22  1982    7.95  2016    7.17  1988
    3.1  1906    3.3  1928    4.4  1956    6.3  1997    8.9  2009   11.2  1968   12.8  1950   12.8  1970   11.0  1966    8.3  1913    5.3  1892    3.8  1972    3.11  1944    6.24  1946   12.21  1887    7.94  2013    7.15  1989
    3.1  1975    3.3  1974    4.4  1999    6.3  1948    8.9  2011   11.2  1982   12.8  1921   12.8  2006   11.0  1946    8.2  1990    5.3  1978    3.7  1926    3.10  1946    6.18  2016   12.21  1944    7.94  1956    7.15  1976
    3.1  1904    3.2  2026    4.3  1894    6.3  1984    8.8  1980   11.2  1896   12.7  1923   12.8  1950   11.0  2008    8.2  1961    5.3  1917    3.7  1929    3.08  2023    6.16  1971   12.19  1949    7.92  1890    7.14  1957
    3.1  2004    3.1  1989    4.3  1983    6.2  1921    8.7  1956   11.2  1891   12.7  1935   12.7  1932   10.9  2019    8.1  1989    5.3  1959    3.6  1994    3.08  1953    6.16  1939   12.18  1935    7.90  1933    7.14  1991
    3.1  2023    3.1  1984    4.3  2011    6.2  1959    8.7  1939   11.2  1947   12.7  2005   12.7  1926   10.9  1967    8.1  1963    5.3  1984    3.6  1908    3.07  1973    6.12  1993   12.16  1925    7.90  2000    7.13  1908
    3.0  1884    3.1  1913    4.3  1993    6.2  1896    8.7  1954   11.2  1934   12.7  2023   12.7  1937   10.9  1884    8.1  2016    5.2  2009    3.6  1936    3.07  1896    6.11  1944   12.15  1926    7.87  2018    7.13  1975
    3.0  2008    3.1  1964    4.3  1963    6.2  1964    8.7  1936   11.1  1920   12.7  1917   12.7  2024   10.8  1951    8.1  2000    5.1  1949    3.5  1980    3.06  1922    6.11  1929   12.15  1930    7.83  1968    7.12  1939
    3.0  2012    3.0  1911    4.3  1960    6.2  2024    8.7  2003   11.1  1925   12.7  1900   12.7  1906   10.8  1907    8.0  1910    5.1  1986    3.5  1918    2.99  1964    6.10  1981   12.15  2010    7.81  1947    7.11  1893
    2.9  1967    3.0  1959    4.3  1998    6.1  2010    8.7  1908   11.1  2013   12.7  1975   12.7  1938   10.8  1968    8.0  1986    5.1  1928    3.5  1889    2.98  1967    6.07  1926   12.14  1990    7.80  2003    7.10  1911
    2.9  1928    3.0  1938    4.2  1920    6.1  1938    8.6  1933   11.0  1945   12.7  1936   12.7  1949   10.7  2020    8.0  1957    5.1  1964    3.4  2020    2.97  2024    6.03  1953   12.14  1900    7.76  1943    7.08  1995
    2.9  2013    3.0  2015    4.2  1952    6.1  1982    8.6  1989   11.0  2019   12.7  1911   12.7  1914   10.7  2013    8.0  1914    5.1  1946    3.4  1951    2.96  1889    6.02  1998   12.14  1917    7.73  1931    7.07  1932
    2.9  1976    3.0  1909    4.2  1966    6.1  1930    8.5  1929   11.0  1965   12.6  1969   12.6  2001   10.7  2010    7.9  1886    5.0  1957    3.4  1930    2.96  1913    6.01  1950   12.12  1932    7.72  1916    7.05  1992
    2.9  1969    2.9  1976    4.2  1907    6.0  2015    8.5  1974   11.0  1941   12.6  1932   12.6  2005   10.7  1938    7.9  1982    4.9  2025    3.3  2007    2.96  1937    6.00  1895   12.12  2017    7.69  1939    7.03  1913
    2.8  1999    2.9  1962    4.2  1905    6.0  1976    8.5  1976   11.0  1939   12.6  1904   12.6  2015   10.7  1947    7.8  1976    4.9  1896    3.3  1913    2.95  2000    6.00  1972   12.10  1970    7.69  1948    7.03  1926
    2.8  1993    2.9  1884    4.1  2015    5.8  1885    8.4  1931   11.0  1932   12.5  1977   12.6  1942   10.7  1891    7.8  2010    4.8  1886    3.3  1947    2.94  1901    5.98  1949   12.03  1940    7.67  1921    7.02  1983
    2.8  1896    2.9  1980    4.1  1992    5.8  1895    8.4  1991   11.0  1911   12.5  1914   12.6  1973   10.6  1902    7.8  2023    4.8  1922    3.3  1987    2.93  1912    5.98  1982   12.02  1914    7.67  1946    7.00  1914
    2.8  1909    2.9  1975    4.1  1939    5.7  1928    8.4  1946   11.0  1995   12.5  2010   12.5  1927   10.6  1903    7.8  1899    4.7  1941    3.2  2021    2.91  2004    5.97  1889   12.00  1999    7.65  1924    6.99  1920
    2.8  2009    2.9  2002    4.0  1972    5.7  1991    8.4  1925   10.9  1980   12.5  1887   12.5  1999   10.6  1900    7.8  1897    4.7  1888    3.2  1894    2.88  1990    5.97  1918   12.00  1996    7.61  1961    6.99  1982
    2.7  2016    2.9  1948    4.0  1926    5.7  1954    8.3  1945   10.9  1984   12.5  2016   12.5  2017   10.6  1970    7.8  1938    4.7  1981    3.2  1943    2.88  1908    5.95  1890   11.98  1960    7.60  1936    6.98  1974
    2.7  1962    2.8  2003    3.9  1967    5.7  1963    8.3  1972   10.9  1979   12.4  2017   12.5  1981   10.6  2015    7.7  1960    4.7  1932    3.2  1912    2.86  1906    5.94  1921   11.96  1989    7.57  1996    6.97  1984
    2.7  1901    2.8  1946    3.8  1978    5.7  1904    8.3  1950   10.9  1910   12.4  2004   12.5  1895   10.6  1988    7.7  1937    4.7  1987    3.2  1957    2.82  1903    5.91  1894   11.95  1939    7.57  1983    6.96  1899
    2.7  1900    2.8  1924    3.8  1989    5.7  1939    8.3  2006   10.9  1949   12.4  1948   12.4  1934   10.5  1930    7.7  1933    4.6  2005    3.2  1904    2.82  1924    5.91  1976   11.95  1953    7.55  1914    6.96  2001
    2.7  1927    2.8  2020    3.8  1971    5.7  1972    8.2  1910   10.9  1895   12.3  1987   12.4  1915   10.5  1997    7.7  1941    4.6  1991    3.1  2002    2.81  2015    5.87  1956   11.91  1994    7.55  1989    6.95  1936
    2.6  1907    2.8  1935    3.8  1921    5.7  1940    8.2  1982   10.9  1908   12.3  1958   12.4  1910   10.5  1915    7.7  1970    4.6  1988    3.1  1970    2.81  2003    5.87  1936   11.91  1973    7.52  1988    6.94  1946
    2.6  1930    2.8  2006    3.8  1974    5.7  1992    8.2  1917   10.8  1914   12.3  1973   12.4  1930   10.5  2024    7.7  1904    4.6  1975    3.1  2014    2.81  1920    5.86  1901   11.87  1906    7.51  1975    6.94  1960
    2.6  1913    2.7  2009    3.8  1946    5.6  1968    8.2  1948   10.8  1993   12.3  2001   12.4  1918   10.5  1995    7.6  2018    4.5  2008    3.0  1959    2.79  1950    5.85  1954   11.86  2007    7.51  1907    6.94  1905
    2.6  1887    2.7  1988    3.8  1981    5.6  1901    8.1  1943   10.8  1973   12.3  1971   12.4  1958   10.4  1969    7.6  1954    4.5  1982    3.0  2000    2.69  1981    5.84  1911   11.84  1937    7.48  1963    6.94  1944
    2.6  1943    2.7  2004    3.7  1918    5.6  1971    8.1  1928   10.8  1935   12.3  1930   12.4  2018   10.4  1991    7.6  1984    4.5  1943    3.0  2023    2.69  1899    5.84  1988   11.84  1884    7.46  1991    6.92  2012
    2.6  1888    2.6  1890    3.7  2020    5.5  1909    8.1  1986   10.8  1898   12.3  1985   12.4  1980   10.4  1978    7.6  1940    4.5  1929    3.0  2003    2.68  1988    5.83  1928   11.83  2024    7.46  1934    6.92  1967
    2.5  1908    2.6  1922    3.7  1884    5.5  1900    8.1  2007   10.8  1943   12.3  2011   12.4  1953   10.4  1904    7.6  1925    4.5  1967    3.0  1938    2.68  1954    5.83  1980   11.82  1992    7.46  2008    6.90  1889
    2.5  2003    2.6  2005    3.7  1902    5.5  1884    8.1  1905   10.8  1913   12.3  2007   12.3  1898   10.4  1917    7.6  1997    4.5  1900    3.0  1967    2.64  1939    5.83  2010   11.81  1988    7.46  1897    6.89  1994
    2.4  1946    2.5  1899    3.6  1928    5.5  1902    8.1  2012   10.8  1967   12.2  1929   12.3  1916   10.3  1914    7.6  1890    4.4  1907    2.9  1990    2.62  1916    5.81  1914   11.81  1958    7.45  1979    6.89  1961
    2.4  2015    2.5  1965    3.6  1982    5.5  1916    8.1  1920   10.8  1904   12.2  1937   12.2  1982   10.3  1973    7.5  1906    4.4  1933    2.8  1933    2.62  1891    5.80  1920   11.78  1941    7.43  1937    6.88  1901
    2.4  1972    2.5  1905    3.6  2010    5.4  1990    8.0  1965   10.8  1996   12.2  1952   12.1  1901   10.3  1913    7.5  1983    4.4  1989    2.8  1939    2.60  1995    5.80  1935   11.77  1894    7.42  1969    6.87  1964
    2.4  1981    2.5  1912    3.6  1968    5.4  1988    8.0  1912   10.7  1897   12.2  1931   12.1  1998   10.3  1916    7.4  1956    4.4  1935    2.8  1985    2.60  1926    5.79  1963   11.71  2000    7.42  1976    6.86  1935
    2.4  1954    2.4  1999    3.6  1986    5.4  1947    8.0  1995   10.7  1957   12.2  2024   12.1  1900   10.3  1908    7.4  1988    4.4  1937    2.8  2017    2.58  1894    5.79  1978   11.71  2001    7.42  1970    6.81  1924
    2.4  2024    2.4  1897    3.5  1903    5.4  2008    8.0  1949   10.7  1975   12.2  1946   12.1  1925   10.3  1926    7.4  1930    4.4  1940    2.8  1902    2.57  1938    5.70  1942   11.69  1904    7.42  1984    6.81  1894
    2.4  2011    2.3  1944    3.5  1944    5.4  1907    8.0  1922   10.7  1926   12.2  1908   12.0  1977   10.2  2001    7.4  1924    4.4  1914    2.8  1928    2.56  1933    5.69  2015   11.67  1980    7.41  1982    6.79  1980
    2.3  1914    2.3  1995    3.5  1964    5.4  1981    7.9  1997   10.7  2008   12.2  1972   12.0  1967   10.2  1910    7.4  2020    4.4  1942    2.8  1986    2.55  2009    5.69  2001   11.65  1889    7.40  1964    6.78  1947
    2.2  2019    2.3  1972    3.5  1932    5.3  1965    7.9  1913   10.7  1958   12.1  1916   12.0  1968   10.2  1948    7.4  1928    4.4  1936    2.8  1907    2.53  1930    5.68  1907   11.65  1967    7.40  1901    6.78  1931
    2.2  2025    2.3  1925    3.5  1890    5.3  1995    7.8  1961   10.6  1894   12.1  2002   11.9  2007   10.2  1921    7.3  1907    4.3  1960    2.7  1949    2.45  1948    5.58  1984   11.57  1913    7.39  1960    6.78  1996
    2.2  1994    2.2  2021    3.4  1949    5.3  1915    7.8  1985   10.6  1990   12.1  1967   11.9  2010   10.2  1976    7.3  1991    4.3  1890    2.7  1885    2.43  1931    5.57  1910   11.55  1915    7.38  1962    6.77  1937
    2.1  1997    2.1  1981    3.4  1896    5.3  1931    7.8  1921   10.6  1948   12.1  1992   11.9  1974   10.2  1937    7.3  1936    4.3  1963    2.7  2011    2.38  1961    5.55  1937   11.55  1910    7.38  1998    6.77  1896
    2.1  1920    2.1  1910    3.3  1976    5.3  1967    7.8  1977   10.6  1955   12.1  1943   11.9  1952   10.1  1911    7.3  1916    4.3  1903    2.6  1891    2.33  2013    5.55  1989   11.54  1968    7.37  1990    6.77  1890
    2.1  1988    2.1  2013    3.3  1922    5.3  1985    7.8  1903   10.6  1921   12.1  2000   11.9  1957   10.1  1987    7.3  1915    4.3  1898    2.6  1962    2.32  1984    5.53  1884   11.54  2012    7.36  1967    6.76  1884
    2.1  1968    2.1  1952    3.2  1940    5.2  2006    7.8  1942   10.6  1917   12.1  1951   11.9  1913   10.1  2007    7.2  2004    4.3  1990    2.6  1920    2.29  1997    5.51  2021   11.53  1938    7.35  1977    6.75  1930
    2.1  1912    2.0  1898    3.2  2008    5.2  1958    7.8  1993   10.6  1962   12.1  1884   11.9  1994   10.1  1960    7.2  1931    4.3  1976    2.6  1944    2.23  1928    5.47  1977   11.53  1966    7.34  1957    6.73  1950
    2.0  1931    2.0  1894    3.1  1897    5.2  1911    7.8  1984   10.6  1915   12.0  1996   11.9  1971   10.1  1964    7.2  1950    4.2  2013    2.6  1940    2.20  1980    5.46  1973   11.52  1895    7.33  1986    6.73  1973
    2.0  1922    2.0  1893    3.1  1994    5.2  1975    7.8  1909   10.6  1978   12.0  1912   11.9  1988   10.1  2018    7.1  1927    4.2  2012    2.6  1978    2.19  1918    5.45  1925   11.52  1957    7.33  1929    6.72  1904
    1.9  1902    1.9  1933    3.1  1996    5.2  2001    7.8  1973   10.6  1997   12.0  1960   11.8  1978   10.0  1989    7.1  1902    4.2  1971    2.6  1979    2.18  1983    5.44  1965   11.49  1908    7.32  1904    6.71  1955
    1.8  2026    1.9  1973    3.1  1954    5.1  1890    7.8  2013   10.5  2024   12.0  1913   11.8  1989   10.0  1905    7.1  1934    4.2  1954    2.5  1973    2.13  1942    5.42  1905   11.49  1898    7.31  1928    6.70  1972
    1.8  1995    1.9  1957    3.1  1988    5.1  1920    7.8  1966   10.5  1937   12.0  1953   11.8  2014   10.0  1963    7.1  1994    4.2  1974    2.5  1919    2.08  2018    5.40  1967   11.46  1927    7.30  1903    6.69  1940
    1.8  1970    1.9  2016    3.0  1911    5.1  1913    7.7  2010   10.4  1974   11.9  1924   11.8  1928   10.0  1942    7.1  1888    4.2  2000    2.5  1958    2.07  1907    5.33  1987   11.46  1921    7.29  1886    6.69  1928
    1.8  1919    1.9  1931    3.0  1914    5.1  1994    7.7  1930   10.4  1989   11.9  1885   11.7  1961   10.0  1920    7.0  1964    4.2  1998    2.4  2001    2.00  2021    5.32  1904   11.44  1981    7.16  1888    6.65  1958
    1.8  2018    1.8  1915    3.0  1925    5.0  1935    7.7  1944   10.4  1902   11.9  1956   11.7  1960    9.9  1935    7.0  1891    4.1  1992    2.4  1923    1.94  1962    5.32  1913   11.42  1918    7.14  1889    6.64  1916
    1.8  1894    1.8  1987    3.0  1913    5.0  1925    7.7  1969   10.4  1884   11.9  1942   11.7  1987    9.9  1943    7.0  1946    4.1  1927    2.4  1966    1.94  1991    5.32  1898   11.40  1948    7.12  1942    6.64  1956
    1.8  1933    1.8  1937    2.9  1965    5.0  2000    7.7  2019   10.3  1961   11.9  1957   11.7  1940    9.9  1979    7.0  1942    4.1  1980    2.4  1955    1.92  1904    5.32  1927   11.40  2015    7.12  1891    6.63  1942
    1.8  1991    1.8  1985    2.9  1899    4.8  1962    7.7  1935   10.3  1912   11.9  1988   11.7  1887    9.9  1965    7.0  1884    4.1  1934    2.4  1969    1.91  1985    5.31  1996   11.40  1891    7.11  1972    6.63  1925
    1.8  1960    1.7  1950    2.9  1915    4.8  2016    7.7  1932   10.3  1901   11.8  1918   11.7  1904    9.9  2012    7.0  1903    4.1  1918    2.3  1946    1.90  1958    5.28  1930   11.39  1942    7.11  1980    6.63  1906
    1.7  1947    1.7  1940    2.9  1887    4.8  1919    7.7  1904   10.3  1954   11.8  1981   11.7  1924    9.8  1982    7.0  1948    4.0  1901    2.3  1897    1.87  2001    5.28  1919   11.39  2011    7.09  1894    6.61  1929
    1.7  1915    1.6  1907    2.8  2023    4.8  1924    7.6  1957   10.3  1994   11.8  1986   11.7  1909    9.8  1992    7.0  1918    4.0  1970    2.2  1968    1.83  1887    5.25  1966   11.37  1963    7.07  2019    6.61  1918
    1.7  1891    1.6  2001    2.8  1889    4.8  1979    7.6  1887   10.2  1999   11.8  2020   11.6  2011    9.8  1899    7.0  1944    4.0  1947    2.2  1896    1.82  1965    5.22  1994   11.33  1977    7.06  1930    6.60  1900
    1.7  1903    1.6  1916    2.8  1942    4.8  1969    7.6  1892   10.2  2011   11.8  1896   11.5  1905    9.8  1985    7.0  1893    4.0  2023    2.2  1916    1.82  1960    5.21  1955   11.31  1943    7.05  1940    6.60  1978
    1.5  1961    1.6  1917    2.8  1895    4.7  1923    7.6  1934   10.2  1946   11.8  2015   11.5  1941    9.8  1931    7.0  2019    4.0  1968    2.2  2008    1.80  1919    5.19  1985   11.26  1896    7.04  1884    6.59  1977
    1.5  1951    1.5  2018    2.8  1984    4.7  1918    7.6  1900   10.2  1938   11.8  1891   11.5  1931    9.7  1888    6.9  1966    3.9  1912    2.2  1992    1.79  1987    5.18  2006   11.26  1946    7.02  1900    6.59  1954
    1.4  1966    1.5  1885    2.7  1934    4.7  1998    7.6  2005   10.2  1983   11.7  1980   11.5  1889    9.7  1896    6.9  1909    3.9  1962    2.2  1963    1.78  1952    5.17  1968   11.25  1998    6.98  2010    6.58  1910
    1.4  1982    1.4  1966    2.7  1898    4.6  1950    7.6  1916   10.2  2000   11.7  1939   11.5  1929    9.7  1889    6.9  2008    3.9  2017    2.2  1952    1.77  1945    5.15  1903   11.24  1979    6.98  1987    6.57  1993
    1.2  1958    1.4  1994    2.6  1904    4.6  1889    7.5  1907   10.1  1944   11.7  1979   11.5  1919    9.6  1983    6.8  1967    3.9  1904    2.0  1982    1.75  1996    5.15  1995   11.23  1952    6.96  1954    6.55  1969
    1.2  1948    1.4  1977    2.6  1975    4.5  1934    7.5  1938   10.1  2001   11.7  1938   11.4  1951    9.6  1932    6.7  1923    3.8  1895    2.0  1895    1.73  1968    5.14  1931   11.22  1974    6.95  1966    6.54  1970
    1.2  1942    1.3  1936    2.5  1901    4.5  1906    7.5  1994   10.1  1890   11.7  1964   11.4  1886    9.6  1950    6.6  2002    3.8  1979    2.0  2012    1.67  1915    5.08  1932   11.22  1931    6.91  1935    6.53  1897
    1.2  1980    1.3  1901    2.5  1985    4.5  1929    7.4  1884   10.1  1919   11.7  1998   11.4  1954    9.6  1924    6.6  1955    3.8  1972    1.9  1906    1.63  1978    5.07  1947   11.19  1929    6.86  1922    6.51  1968
    1.2  1899    1.3  1996    2.5  1908    4.5  1927    7.4  1914   10.0  1964   11.7  2012   11.4  1908    9.6  1919    6.6  1919    3.7  1926    1.9  1884    1.61  1994    5.06  1983   11.19  1916    6.85  1965    6.50  1912
    1.2  1986    1.2  1904    2.4  1980    4.5  2012    7.4  1963   10.0  1903   11.6  1915   11.4  1894    9.6  1990    6.6  1922    3.7  1891    1.8  1964    1.59  1959    5.05  1986   11.17  1978    6.83  1973    6.50  1941
    1.2  1965    1.2  1958    2.3  1941    4.5  1886    7.3  2021   10.0  1951   11.6  1963   11.4  1965    9.6  1994    6.5  1901    3.6  1973    1.7  1917    1.58  1897    5.01  1915   11.17  1951    6.82  1927    6.46  1927
    1.1  1956    1.2  1951    2.3  1885    4.4  1956    7.3  1962   10.0  1981   11.6  1940   11.4  1985    9.5  1975    6.5  1973    3.6  1905    1.7  1999    1.54  1892    5.00  1908   11.15  1971    6.82  1932    6.46  1907
    1.1  1977    1.2  1930    2.2  2001    4.4  1892    7.3  1987    9.9  1918   11.5  1906   11.4  1946    9.5  1993    6.5  1998    3.5  1993    1.7  1960    1.49  1969    4.99  1923   11.14  1961    6.81  1895    6.46  1951
    1.0  1893    1.1  1929    2.2  2018    4.4  1978    7.3  1951    9.9  1931   11.5  1966   11.4  1992    9.5  1962    6.5  1952    3.5  2016    1.6  1899    1.46  1917    4.97  1934   11.14  1924    6.76  1981    6.41  1981
    1.0  1978    1.1  1892    2.2  1955    4.3  2013    7.2  1926    9.9  2012   11.4  1889   11.2  1948    9.5  1944    6.5  1929    3.5  1961    1.6  1989    1.43  1956    4.93  1902   11.13  1986    6.73  1917    6.39  1966
    1.0  1910    1.0  1954    2.2  1906    4.3  1936    7.2  1983    9.9  1998   11.4  1968   11.2  1972    9.5  1909    6.4  1912    3.5  1921    1.5  2022    1.43  1929    4.90  1900   11.10  1985    6.65  1910    6.37  1903
    1.0  1939    1.0  1991    2.1  1995    4.2  1989    7.1  1924    9.8  2015   11.4  1898   11.2  1923    9.4  1928    6.4  1939    3.4  1885    1.5  1996    1.40  1885    4.89  1970   11.05  1920    6.65  1985    6.36  1923
    0.9  1936    0.9  1889    2.1  1930    4.2  2021    7.1  1888    9.8  1929   11.3  1919   11.2  1891    9.4  1984    6.4  1935    3.4  1909    1.5  1914    1.38  1970    4.86  1887   11.03  1923    6.65  1950    6.34  1887
    0.9  2001    0.8  1941    2.0  2006    4.2  1899    7.0  1967    9.8  1886   11.3  1909   11.2  1892    9.4  1977    6.3  2003    3.4  1977    1.4  1901    1.38  2011    4.83  1975   11.02  1987    6.61  1909    6.34  1987
    0.9  1892    0.8  1956    2.0  1924    4.2  1953    7.0  1898    9.7  1924   11.3  1961   11.1  1966    9.4  1893    6.3  1889    3.3  2019    1.4  1903    1.38  1940    4.80  1909   10.98  1919    6.59  1915    6.32  1902
    0.8  1885    0.7  1983    2.0  1886    4.1  1888    7.0  1941    9.7  1885   11.3  1886   11.1  1979    9.3  1922    6.3  1911    3.3  1911    1.4  1915    1.34  1966    4.80  1922   10.94  1954    6.58  2012    6.32  1962
    0.8  1918    0.7  1942    1.9  1987    4.1  1941    6.9  2015    9.7  1909   11.3  1974   11.1  1890    9.2  1927    6.2  1987    3.3  1925    1.4  1890    1.28  1902    4.74  1916   10.91  1965    6.56  1911    6.31  1891
    0.7  1987    0.7  1906    1.9  1951    4.1  1903    6.8  1915    9.7  1956   11.3  1910   11.1  1943    9.2  1886    6.2  1932    3.2  1884    1.3  1937    1.27  1910    4.71  1969   10.91  1993    6.52  1925    6.29  1952
    0.6  1917    0.6  1960    1.8  1917    4.1  1932    6.8  1958    9.6  1942   11.2  1907   11.0  1921    9.2  1894    6.1  1980    3.2  1930    1.3  1993    1.26  1982    4.68  1885   10.90  1909    6.46  1944    6.23  1963
    0.4  1955    0.4  1902    1.7  1969    4.1  1973    6.8  1975    9.6  1888   11.2  1895   11.0  1963    9.2  1940    6.0  1900    3.2  1887    1.2  1965    1.23  1888    4.62  1897   10.84  1964    6.43  1992    6.23  1965
    0.4  2021    0.2  1886    1.7  1970    4.1  1977    6.7  1886    9.6  1922   11.2  1928   10.9  1993    9.1  1897    6.0  1894    3.1  1950    0.9  1935    1.21  1900    4.61  1924   10.84  1886    6.39  1974    6.22  1915
    0.3  1929    0.2  1888    1.7  1931    4.1  1897    6.6  1897    9.6  1985   11.1  1962   10.9  1920    9.1  1972    5.9  1974    3.0  1966    0.9  1887    1.12  1893    4.55  1899   10.81  1962    6.39  1905    6.18  1922
    0.3  1897    0.2  2010    1.6  1900    4.0  1887    6.6  1927    9.5  1892   11.1  1920   10.8  1903    9.1  1885    5.8  1993    2.9  1944    0.8  1909    1.11  1986    4.48  1941   10.80  1972    6.36  1912    6.18  1986
    0.3  2010    0.0  1968    1.5  1979    4.0  1905    6.6  1955    9.5  1952   11.1  1978   10.8  1964    9.1  1923    5.7  2012    2.7  1996    0.8  1925    1.08  1955    4.47  2013   10.74  1912    6.29  1993    6.18  2010
    0.1  1886   -0.1  1919    1.4  2013    3.9  1910    6.5  1899    9.4  1977   11.1  1954   10.8  1896    9.1  1974    5.5  1905    2.4  2010    0.5  1927    1.07  1936    4.36  1886   10.61  1885    6.22  1893    6.14  1909
   -0.1  1985   -0.1  1978    1.2  1916    3.8  1908    6.4  1891    9.2  1971   11.0  1993   10.7  1888    9.0  1957    5.5  1887    2.3  1893    0.4  2009    1.05  1886    4.33  1958   10.60  1903    6.20  1926    6.14  1985
   -0.1  1952   -0.1  1979    1.2  1909    3.8  1970    6.4  1996    9.1  1907   10.9  1903   10.7  1962    9.0  1954    5.4  1992    2.2  1965    0.4  1892    0.90  1941    4.33  1906   10.58  1956    6.20  1896    6.13  1917
   -0.2  1984   -0.2  1970    1.0  1919    3.8  1966    6.3  1968    9.1  1991   10.9  1892   10.5  1902    9.0  1887    4.7  1926    2.2  1952    0.3  1961    0.87  1951    4.30  1892   10.58  1928    6.18  1918    5.96  1895
   -0.3  1940   -0.7  1963    1.0  1958    3.8  1891    6.3  1906    9.1  1916   10.7  1970   10.5  1922    8.8  1986    4.6  1917    2.0  1915    0.2  1995    0.87  1977    4.26  1962   10.53  1890    6.01  1892    5.93  1888
   -0.6  1959   -0.8  1969    0.9  1937    3.6  1983    6.2  1979    9.1  1923   10.5  1902   10.2  1907    8.8  1912    4.6  1981    2.0  1923    0.2  1976    0.68  1947    4.24  1917   10.52  1892    5.93  1923    5.89  1919
   -0.8  1941   -0.9  1900    0.9  1892    3.4  1986    6.0  1885    8.9  1972   10.4  1890   10.2  1986    8.7  1925    4.6  1892    1.7  1969   -0.0  1950    0.48  1979    4.22  1951   10.47  1902    5.87  1887    5.85  1979
   -1.0  1979   -0.9  1986    0.7  1891    3.4  1951    5.9  1894    8.9  1987   10.3  1965   10.2  1885    8.3  1892    4.5  1895    1.7  1985   -0.6  1886    0.31  1963    4.15  1979   10.22  1888    5.75  1919    5.63  1886
   -1.1  1963   -1.4  1955    0.7  1888    3.1  1922    5.6  1902    8.7  1928   10.3  1922   10.1  1956    8.0  1952    4.1  1896    1.7  1910   -0.8  1981    0.29  2010    3.96  1888   10.21  1907    5.59  1952    5.63  1885
   -1.2  1945   -2.3  1947    0.7  1962    2.8  1917    5.6  1923    8.5  1927   10.3  1888    9.8  1912    7.5  1918    4.0  1885    1.1  1919   -1.5  2010   -0.20  1895    3.62  1891   10.15  1922    5.49  1885    5.41  1892
   -1.6  1895   -2.4  1895    0.2  1947    ---  2026    ---  2026    ---  2026    ---  2026    ---  2026    ---  2026    ---  2026    ---  2026    ---  2026     ---  1884     ---  2026     ---  2026     ---  2026     ---  2026
