Areal values from HadUK-Grid 1km gridded climate data from land surface network
Source: Met Office National Climate Information Centre
Monthly, seasonal and annual number of days in the month with air frost (minimum temperature below zero) for Scotland N
Areal series, starting in 1931
Last updated 01-Apr-2026 11:34
    jan  year    feb  year    mar  year    apr  year    may  year    jun  year    jul  year    aug  year    sep  year    oct  year    nov  year    dec  year     win  year     spr  year     sum  year     aut  year     ann  year
   26.8  1945   25.8  1947   22.6  1937   16.9  2021    9.0  1979    1.7  1964    0.1  1965    0.7  1932    1.7  1993    8.2  1992   19.8  1969   24.0  1981    63.2  2010    39.0  1979     2.0  1964    22.6  1985   114.0  1979
   25.7  1979   24.3  1963   22.2  1979   15.5  1986    7.5  1968    1.6  1936    0.1  1943    0.6  1944    1.7  1974    8.0  1981   19.6  1985   24.0  2010    62.2  1963    38.5  1951     1.7  1936    20.9  1969   110.8  2010
   24.6  1984   24.3  1968   21.7  1931   15.0  1983    7.5  1955    1.4  1991    0.1  1973    0.4  1973    1.7  1975    7.8  1973   16.9  1996   22.9  1950    61.4  1951    37.4  2013     1.4  1991    20.1  1993   106.4  1969
   24.1  1963   24.0  1986   21.2  1969   15.0  1951    7.2  1995    1.3  1975    0.1  1935    0.3  1999    1.7  1991    7.4  2003   15.9  1965   22.2  1976    58.7  1936    37.2  1941     1.3  1975    19.9  2010   102.3  1968
   24.0  1952   23.4  1955   21.0  1970   14.7  1970    7.2  1996    1.3  1998    0.1  1936    0.3  1938    1.7  1954    7.1  2012   15.6  2010   21.6  1995    58.4  1979    36.1  1970     1.3  1998    19.7  1973   101.8  1981
   24.0  1959   23.2  1969   20.8  1962   14.5  1966    7.0  1982    1.0  1957    0.1  1954    0.3  1977    1.6  1952    7.0  2002   13.7  2019   21.4  2009    58.0  1977    35.4  1962     1.1  2012    18.9  2019   100.4  1985
   23.2  2021   22.1  1970   20.4  1941   13.5  2013    6.3  1948    0.9  2012    0.1  1962    0.3  1962    1.6  1986    6.8  1939   13.5  1952   21.0  1961    57.8  1947    34.3  1969     1.1  1977    18.8  1952    99.4  1941
   22.9  1985   21.6  1983   20.3  2013   13.5  1956    6.3  1994    0.9  1985    0.1  1966    0.2  1964    1.6  1942    6.7  1987   13.3  1944   21.0  1935    56.3  1986    33.9  1995     1.1  1957    18.7  1992    98.7  1951
   22.3  1941   21.2  1979   19.9  1947   13.3  1936    6.1  1942    0.8  1942    0.1  2004    0.2  1937    1.6  1957    6.6  1946   12.8  1966   19.6  1965    55.1  1941    33.4  1958     0.9  1985    17.5  1965    98.6  1970
   21.5  1940   21.0  2010   19.8  1987   13.1  1932    5.9  1935    0.8  1941    0.1  1957    0.2  1966    1.6  1972    6.4  1993   12.7  1961   19.6  1993    54.7  1994    31.9  1968     0.9  1932    17.5  2012    98.0  1986
   21.3  1948   20.9  1942   19.6  1958   13.0  1953    5.8  2019    0.8  1977    0.1  2000    0.2  2012    1.4  1935    5.9  1955   12.3  1977   19.5  1996    54.3  1966    30.9  1975     0.9  1956    17.3  1996    97.8  1965
   20.9  1978   19.6  1960   19.2  1995   12.6  1962    5.6  1941    0.8  1956    0.0  1958    0.2  1931    1.3  2020    5.6  1948   12.1  1979   19.4  1937    53.7  1970    30.4  1932     0.8  1942    16.1  1966    97.6  1963
   20.8  2010   19.4  1996   18.6  1951   12.2  1981    5.1  2012    0.7  1978    0.0  1955    0.2  2016    1.3  1960    5.4  1980   12.0  1993   18.4  2022    53.5  1969    30.3  1931     0.8  1941    16.0  1944    97.2  1955
   20.6  1936   19.1  1991   18.1  1965   11.9  1973    5.0  1938    0.7  2015    0.0  1960    0.2  1948    1.1  1989    5.2  2019   12.0  2023   18.2  1968    53.4  1968    29.7  1955     0.8  1978    16.0  1980    95.8  1995
   20.4  1939   19.0  1951   17.7  1934   11.5  2012    5.0  1951    0.7  1989    0.0  1952    0.2  1951    1.1  1984    5.0  1949   12.0  2016   18.2  1999    53.2  1959    29.2  1942     0.8  1951    16.0  1998    95.1  1966
   20.2  2001   19.0  1978   17.7  1975   11.5  1989    4.9  2021    0.7  1949    0.0  1956    0.1  2014    1.1  1932    4.7  2008   11.8  1973   18.1  1960    52.9  1952    29.1  2021     0.8  1949    15.8  1981    93.7  1947
   20.1  1965   19.0  1956   17.7  1955   11.2  1941    4.9  1943    0.7  1961    0.0  1986    0.1  1986    1.0  1931    4.6  1935   11.8  1971   18.0  1964    52.6  1955    28.9  1934     0.8  1961    15.5  1971    93.4  1958
   19.9  1986   18.9  2016   17.5  2001   11.2  1998    4.9  1958    0.7  2009    0.0  1970    0.1  1982    1.0  1936    4.5  1997   11.7  1950   17.8  1989    52.5  1960    28.7  1965     0.8  1999    15.3  1950    92.4  1962
   19.7  1956   18.9  2018   17.2  2006   11.2  1977    4.8  1977    0.7  1955    0.0  1964    0.1  1943    1.0  2007    4.5  1998   11.5  1972   17.6  1982    52.2  1991    28.6  2001     0.7  2015    14.8  2016    91.3  1996
   19.6  1961   18.8  1950   16.8  1980   10.9  1969    4.7  1967    0.7  2001    0.0  1978    0.1  1954    0.9  2010    4.4  1936   11.4  1968   17.2  2012    51.7  2018    28.4  1937     0.7  1934    14.6  1934    90.6  1942
   19.5  1951   18.7  1941   16.2  1985   10.7  1978    4.6  1946    0.6  1934    0.0  1939    0.1  1965    0.9  1979    4.3  1931   11.2  1998   17.2  2001    51.7  1956    28.4  2006     0.7  1989    14.5  1972    90.3  1952
   19.3  1955   18.3  1958   16.1  2018   10.7  2016    4.5  2010    0.6  1951    0.0  1949    0.1  1967    0.9  1997    4.2  1967   10.9  1963   16.4  1992    50.9  1983    28.3  1981     0.7  1955    14.3  1936    90.3  1936
   19.2  1987   18.0  1977   16.0  1954   10.7  1968    4.3  1997    0.6  1952    0.0  2020    0.1  1934    0.9  1940    4.1  1941   10.8  1962   16.3  1946    50.8  2011    28.3  1994     0.7  1973    14.1  2023    89.9  1987
   19.1  1942   17.7  2004   15.9  1949   10.6  1950    4.2  1945    0.6  1969    0.0  1963    0.1  2004    0.8  1948    4.0  1964   10.7  1934   16.2  1949    50.8  1978    28.0  1966     0.7  1962    14.0  2008    89.2  2001
   18.8  1991   17.7  2013   15.3  1940    9.8  2000    4.2  2015    0.5  1986    0.0  1961    0.1  1969    0.8  1944    3.8  2018   10.7  1947   16.1  2011    50.4  1996    27.8  1986     0.7  2009    13.9  1948    88.9  1973
   18.8  1966   17.3  1994   15.3  1942    9.7  1967    4.1  2020    0.4  1999    0.0  1948    0.1  1935    0.8  1939    3.7  1994   10.6  1980   16.1  1952    50.4  1940    27.8  1987     0.7  2001    13.8  1979    88.7  1937
   18.7  1960   17.2  1936   15.3  2023    9.5  2008    4.0  1957    0.4  2000    0.0  1950    0.1  1946    0.7  2012    3.7  1952   10.5  2005   16.0  1973    50.1  1962    27.7  1983     0.7  1952    13.6  1961    88.7  2013
   17.9  1958   16.7  1937   15.0  1988    9.3  1975    4.0  1932    0.4  2011    0.0  2012    0.1  1968    0.7  1969    3.6  1932   10.4  1992   16.0  1966    49.8  1987    27.4  1947     0.6  1944    13.6  2025    86.6  1950
   17.8  1994   16.7  1952   14.9  2008    9.0  1939    3.9  1975    0.4  1981    0.0  1938    0.1  1953    0.7  1943    3.5  1934   10.2  2025   15.6  1958    49.8  1997    26.7  1967     0.6  1969    13.5  1946    86.1  1978
   17.8  1977   16.6  1987   14.8  1984    9.0  1958    3.8  2005    0.4  1937    0.0  1972    0.1  1960    0.6  1971    3.4  1988    9.9  2013   15.6  1963    49.7  1965    26.2  1954     0.6  1986    13.4  1977    85.2  1977
   17.8  1995   16.6  2003   13.8  1994    8.8  1935    3.6  2013    0.4  1939    0.0  1975    0.0  1936    0.6  1977    3.4  2010    9.7  2012   15.5  2008    49.4  1945    26.1  1973     0.6  1937    13.3  1962    84.4  2021
   17.7  1981   16.0  1954   13.8  1968    8.4  1963    3.5  1984    0.4  1946    0.0  1974    0.0  2010    0.6  1964    3.3  1966    9.6  1982   15.3  1969    49.3  1982    26.1  1985     0.6  1954    13.3  2003    83.3  1940
   17.7  1980   15.9  1966   13.6  1996    8.4  1974    3.3  1993    0.4  1954    0.0  2011    0.0  1987    0.6  1947    3.2  1950    9.4  2000   15.3  2017    49.2  2001    25.7  1984     0.5  2000    13.2  1949    83.2  1976
   17.6  2025   15.9  2001   13.5  1976    8.4  2001    3.2  1961    0.4  1997    0.0  1947    0.0  1933    0.6  1995    3.1  1971    9.4  2024   15.1  1944    48.8  1958    25.7  1935     0.5  1946    13.1  1987    83.2  1960
   17.6  2018   15.7  1931   13.5  1974    8.3  1934    3.2  1944    0.4  2008    0.0  1995    0.0  1975    0.5  1937    3.0  1951    9.2  1991   14.7  2003    48.4  2013    25.6  2008     0.4  1981    12.7  1963    82.9  1994
   17.5  1997   15.5  1972   13.3  1932    8.2  1954    3.2  1980    0.4  1962    0.0  1937    0.0  2022    0.5  1990    2.9  1985    9.2  2008   14.5  2014    48.3  1985    25.4  1996     0.4  2011    12.5  1939    82.4  1983
   17.4  2019   15.5  1981   13.1  1944    8.1  1994    3.1  1981    0.3  2017    0.0  1992    0.0  1974    0.5  1983    2.8  2025    9.2  1943   14.3  1990    48.1  1942    25.4  1978     0.4  1938    12.4  1947    82.4  2008
   16.6  2003   15.4  1940   13.1  1981    8.1  2006    3.1  2006    0.3  2021    0.0  1977    0.0  1981    0.5  2025    2.8  1983    9.1  1960   14.3  1979    47.7  2021    25.3  1956     0.4  1939    12.3  1941    82.2  1980
   16.4  1988   15.4  1985   12.9  2010    8.1  1990    3.0  1973    0.3  1987    0.0  1980    0.0  2020    0.5  1976    2.8  2016    9.0  1936   14.2  1959    47.7  1984    25.1  1989     0.4  1935    12.2  1968    81.5  1935
   16.3  1933   15.3  1999   12.7  2020    8.0  1965    3.0  1949    0.3  1971    0.0  1968    0.0  1952    0.5  1950    2.7  1970    8.9  1937   14.2  2007    47.6  1961    25.0  2010     0.4  1997    12.2  1942    80.6  1975
   16.3  1970   15.2  1957   12.6  1964    7.9  1942    2.9  1950    0.3  2005    0.0  1993    0.0  1993    0.4  1963    2.6  1937    8.8  1942   14.2  2023    46.1  2004    24.5  1936     0.4  1987    12.1  2002    80.3  2012
   16.1  1975   15.2  1962   12.6  1972    7.9  1979    2.8  1934    0.3  1935    0.0  1934    0.0  1956    0.4  1959    2.6  1956    8.6  2017   14.2  1940    45.8  1981    24.4  2018     0.4  1931    12.1  1937    80.2  2018
   16.0  1931   15.1  1944   12.3  1967    7.8  1988    2.8  1963    0.3  1980    0.0  1979    0.0  1992    0.4  1956    2.4  1974    8.6  1970   14.0  1986    45.7  1948    24.3  1949     0.4  2008    12.0  1935    80.0  1961
   16.0  2015   15.1  1973   12.3  1978    7.7  2015    2.8  1987    0.3  1983    0.0  2010    0.0  1940    0.3  2013    2.4  1962    8.4  1954   13.8  1962    45.4  1995    24.0  1982     0.4  2021    12.0  1932    79.9  2016
   15.9  1976   14.7  1995   12.2  1971    7.6  2010    2.8  2001    0.3  2020    0.0  2019    0.0  1955    0.3  2024    2.3  1986    8.2  1978   13.8  2021    44.8  2003    24.0  1977     0.3  2017    12.0  1954    79.5  1956
   15.9  2024   14.6  1933   12.2  1946    7.5  1984    2.7  1992    0.2  1945    0.0  1999    0.0  1961    0.3  1934    2.3  1975    8.1  1976   13.6  1967    44.2  1950    24.0  1988     0.3  1948    11.8  1991    78.9  1993
   15.7  1947   14.6  2006   11.9  2022    7.4  1995    2.7  1959    0.2  1995    0.0  2017    0.0  1998    0.3  2003    2.3  1933    8.1  1941   13.6  1933    43.8  1980    23.9  1974     0.3  2020    11.7  1967    78.6  1984
   15.5  1968   14.1  2020   11.9  1939    7.3  1961    2.7  2025    0.2  1973    0.0  1931    0.0  2024    0.3  1998    2.2  2004    8.1  1949   13.5  1939    43.6  1938    23.9  1980     0.3  1971    11.7  2024    78.6  1939
   15.3  2008   13.9  2005   11.8  2016    7.3  1985    2.6  1985    0.2  1953    0.0  2023    0.0  1963    0.3  1982    2.0  2024    7.8  1957   13.2  2000    43.1  2015    23.8  2020     0.3  1966    11.7  1986    78.5  1982
   15.2  2011   13.8  1976   11.8  1989    7.1  1971    2.5  2007    0.2  1972    0.0  1971    0.0  1957    0.2  1938    1.9  2023    7.7  1986   13.1  1955    43.0  2016    23.7  1953     0.3  1980    11.6  1975    78.5  1954
   15.2  2016   13.7  1959   11.6  1986    7.1  1948    2.5  1965    0.2  1988    0.0  1996    0.0  1949    0.2  2002    1.9  1944    7.7  1940   13.0  1938    42.7  2009    23.6  1998     0.3  2005    11.5  1982    78.0  1946
   15.1  2009   13.5  2002   11.6  1982    7.0  2022    2.5  1937    0.2  2007    0.0  1982    0.0  1978    0.2  1981    1.9  1954    7.6  1989   12.9  1994    42.6  1939    23.5  2016     0.3  1983    11.5  2013    77.6  1931
   15.0  1946   13.3  1975   11.2  1993    7.0  2018    2.4  1931    0.2  1933    0.0  1932    0.0  1994    0.2  1962    1.8  1942    7.5  1975   12.8  1987    42.1  1988    23.0  2015     0.3  1965    11.4  2005    77.4  1948
   15.0  1972   13.1  2021   11.2  1973    7.0  2020    2.4  1978    0.2  2024    0.0  1988    0.0  1971    0.2  1933    1.7  2009    7.5  1948   12.7  1972    41.5  2024    22.7  2023     0.3  1953    11.4  1964    77.2  1944
   14.9  2026   13.0  2022   11.1  1960    6.7  1997    2.3  1966    0.2  1932    0.0  1976    0.0  1972    0.2  1949    1.7  2015    7.5  1981   12.7  1970    41.1  2008    22.6  1939     0.2  1995    11.3  1970    76.6  1991
   14.9  1993   12.9  1988   11.1  1966    6.7  2023    2.2  1969    0.2  1947    0.0  1983    0.0  1958    0.2  2008    1.7  1940    7.5  1933   12.6  1957    40.5  1933    21.9  1940     0.2  1945    11.0  1955    76.1  1949
   14.6  1943   12.8  1997   11.0  2015    6.6  1938    2.1  1974    0.2  1931    0.0  2021    0.0  1980    0.2  1992    1.6  1982    7.5  1967   12.6  1980    40.2  1937    21.6  1948     0.2  1972    11.0  1974    75.9  1972
   14.4  1982   12.6  2000   11.0  1983    6.4  1947    2.0  1954    0.2  1958    0.0  2001    0.0  1950    0.2  1973    1.6  1990    7.4  1932   12.4  1985    40.1  1990    21.5  2012     0.2  1933    10.6  1988    75.0  2019
   14.0  1962   12.6  2015   11.0  1935    6.4  1999    2.0  1962    0.2  1974    0.0  1967    0.0  2021    0.2  1987    1.6  1965    7.1  1988   12.2  1947    39.8  2002    21.2  1976     0.2  1958    10.6  1957    74.1  1992
   13.8  1954   12.6  1989   10.9  1956    6.3  1992    1.9  2002    0.1  1950    0.0  1944    0.0  1945    0.2  2023    1.5  1976    7.1  1990   12.2  1951    39.7  2000    21.0  1963     0.2  1943    10.6  1960    73.5  2003
   13.7  2012   12.3  2017   10.8  2017    6.2  1940    1.8  1989    0.1  1984    0.0  1945    0.0  1941    0.2  1994    1.5  1972    6.9  1946   12.0  1936    39.5  2023    21.0  1971     0.2  1988    10.2  1940    72.6  1967
   13.6  2004   12.2  1948   10.6  1998    6.2  1931    1.8  2014    0.1  1948    0.0  1959    0.0  1984    0.1  2005    1.3  1963    6.9  2009   11.7  1983    39.4  1999    21.0  1946     0.2  2016    10.2  2000    72.5  1959
   13.6  2023   12.2  1953   10.5  1952    6.2  2024    1.8  1983    0.1  1996    0.0  1953    0.0  1988    0.1  1968    1.3  1957    6.8  1974   11.7  2002    39.1  1973    20.8  2000     0.2  1974    10.1  1976    72.4  2009
   13.5  2013   12.2  1964   10.5  2011    6.2  1976    1.8  1936    0.1  1938    0.0  1981    0.0  1983    0.1  1945    1.2  1984    6.8  1958   11.5  1978    39.0  2012    20.1  1950     0.2  2024    10.0  1933    72.2  2023
   13.3  1998   12.2  1935   10.2  2024    5.9  1957    1.8  1998    0.1  2013    0.0  1997    0.0  2007    0.1  1988    1.2  2013    6.8  1964   11.5  1998    38.6  1975    19.1  1944     0.2  2007     9.9  1943    71.6  1964
   12.9  1949   12.2  2025   10.1  1953    5.8  2002    1.7  1939    0.1  2023    0.0  2016    0.0  1979    0.1  1970    1.2  1958    6.7  2001   11.5  2019    38.3  1954    19.1  2022     0.2  1947     9.6  2017    70.7  1989
   12.9  2017   12.1  2009   10.0  1999    5.8  2005    1.7  1960    0.1  1968    0.0  2007    0.0  1976    0.1  1951    1.2  1947    6.5  1995   11.4  2020    38.1  1964    18.9  2005     0.2  1950     9.5  1989    70.5  1998
   12.6  1999   12.0  1938    9.8  2007    5.5  1949    1.6  1971    0.1  1940    0.0  2025    0.0  1985    0.1  2004    1.1  1938    6.2  1987   11.1  1943    37.8  1953    18.8  1992     0.2  1968     9.4  1983    70.0  1932
   12.4  1967   11.8  1980    9.7  1992    5.4  1982    1.6  2000    0.1  2025    0.0  2015    0.0  1939    0.1  1941    1.0  1953    6.1  1983   10.9  1977    37.7  2025    18.5  2019     0.2  2004     9.2  2018    69.8  1999
   12.3  2006   11.8  1946    9.7  1963    5.2  2025    1.6  2011    0.1  1965    0.0  2002    0.0  1947    0.1  1985    1.0  2017    6.0  1935   10.9  1991    37.4  2006    18.2  1993     0.1  1984     9.2  1990    68.6  2015
   12.3  1957   11.6  1965    9.6  2009    5.2  1991    1.5  1976    0.1  1944    0.0  2024    0.0  1995    0.1  1996    0.9  2021    5.7  1951   10.5  2005    37.4  1944    17.9  1972     0.1  1982     8.8  1951    68.1  2006
   12.2  1938   11.6  2008    9.5  1936    5.1  1987    1.5  2017    0.1  2006    0.0  1969    0.0  1970    0.1  2021    0.9  1959    5.6  2015   10.4  2004    37.3  1993    17.8  1964     0.1  2014     8.7  2009    67.8  1988
   12.0  1969   11.5  2011    9.4  2000    5.1  1964    1.5  2009    0.1  1970    0.0  1990    0.0  1942    0.1  2018    0.9  1961    5.6  2004   10.1  2018    37.0  1976    17.2  1999     0.1  1996     8.6  1978    67.2  1933
   11.7  1983   11.4  2024    9.3  2002    4.8  2019    1.4  1933    0.1  2022    0.0  1940    0.0  2005    0.1  1958    0.9  1991    5.6  1938   10.0  1984    36.4  1967    17.0  2002     0.1  1940     8.0  1958    67.2  2017
   11.7  1971   11.4  1984    9.3  2005    4.7  1996    1.4  2003    0.0  1979    0.0  1941    0.0  1989    0.0  1965    0.8  2005    5.5  2003    9.9  1954    36.4  1946    16.8  2017     0.1  1967     8.0  1956    67.1  2025
   11.5  1937   11.2  1990    9.2  2026    4.6  1959    1.3  1991    0.0  1959    0.0  1998    0.0  2003    0.0  1967    0.8  1979    5.3  2018    9.8  1997    36.4  1972    16.4  2024     0.1  2023     7.9  2004    66.3  2000
   11.3  1973   10.9  1982    9.2  2004    4.6  1955    1.3  2018    0.0  1982    0.0  2009    0.0  2013    0.0  1980    0.8  2000    5.3  1999    9.6  1932    36.2  2019    16.2  1960     0.1  2013     7.6  1995    64.4  1971
   11.2  1992   10.2  2026    8.4  2003    4.6  1945    1.2  1990    0.0  1994    0.0  1987    0.0  2011    0.0  1999    0.7  1989    5.1  1955    9.6  1945    35.5  1974    15.7  1997     0.1  1960     7.6  1997    64.2  2005
   11.2  1944   10.1  1971    8.2  1948    4.6  1972    1.2  1988    0.0  1943    0.0  1946    0.0  2018    0.0  1946    0.7  2011    5.0  1956    9.1  1974    34.5  1971    15.4  1990     0.1  1970     7.5  1931    63.7  1997
   11.0  1990   10.1  1974    8.0  1991    4.5  2017    1.1  2008    0.0  1967    0.0  2014    0.0  2008    0.0  2022    0.7  2014    5.0  2007    9.0  2025    34.2  1957    15.1  2007     0.1  2025     7.3  2015    63.6  1974
   10.4  2014   10.0  1961    8.0  1977    4.3  1933    1.1  1947    0.0  1976    0.0  1942    0.0  2019    0.0  2000    0.7  2007    5.0  1939    9.0  2015    34.1  2026    15.1  1961     0.1  2022     6.9  1938    63.6  2024
   10.3  1964    9.4  2014    7.9  2019    4.2  1946    1.0  1956    0.0  1993    0.0  1933    0.0  1997    0.0  2017    0.7  1945    4.9  1945    8.5  2013    34.0  2022    15.0  1959     0.1  2006     6.8  1984    63.5  1957
   10.3  1935    9.4  1932    7.6  1959    3.9  1980    1.0  2004    0.0  1963    0.0  2006    0.0  2001    0.0  1978    0.7  1968    4.8  2014    8.5  1953    33.5  2020    14.7  1938     0.1  1963     6.7  2001    63.4  2020
    9.5  1953    9.3  2007    7.3  2021    3.7  1993    1.0  2016    0.0  2004    0.0  1985    0.0  1996    0.0  1953    0.6  1995    4.8  2002    8.3  1942    33.5  2005    14.6  2025     0.1  1993     6.7  2007    63.3  2002
    9.5  1996    9.3  2012    6.7  2025    3.5  1943    0.8  2023    0.0  1990    0.0  2005    0.0  2015    0.0  2001    0.5  2020    4.5  1984    8.3  2006    32.5  2017    14.6  1943     0.1  1979     6.5  1994    62.1  2004
    9.4  1974    9.1  1939    6.7  1933    3.4  2009    0.8  1972    0.0  1992    0.0  1989    0.0  1959    0.0  2009    0.5  1977    4.2  2006    8.1  1941    31.0  1992    14.6  1991     0.1  2010     5.8  2020    61.9  2022
    9.2  2005    8.9  1992    6.7  1950    3.4  1937    0.7  1999    0.0  1960    0.0  2013    0.0  1991    0.0  2019    0.4  1999    4.2  1959    8.0  1948    30.0  1943    14.5  2009     0.1  1992     5.8  1999    61.6  1945
    9.2  1950    8.7  2019    6.2  1943    3.4  1960    0.7  1953    0.0  2002    0.0  1984    0.0  1990    0.0  1955    0.4  1969    4.0  2020    7.9  2024    29.6  1949    14.1  1952     0.0  1994     5.7  1945    61.2  1990
    9.1  2007    8.7  1949    6.1  2014    3.1  1952    0.6  1986    0.0  2018    0.0  1951    0.0  2006    0.0  2015    0.4  1978    3.8  2021    7.6  1931    28.3  2014    13.1  2011     0.0  1959     5.6  2014    60.2  2011
    9.0  2002    8.0  1967    6.1  1990    2.8  1944    0.5  1952    0.0  2010    0.0  1991    0.0  2002    0.0  1961    0.4  2022    3.7  2022    7.3  2016    27.9  1998    12.5  1933     0.0  1976     5.5  1959    59.3  1938
    8.9  2000    7.5  2023    4.9  2012    2.8  2007    0.4  1940    0.0  2016    0.0  1994    0.0  2000    0.0  2016    0.4  1996    3.1  2011    7.3  1975    26.7  2007    12.4  2004     0.0  1990     4.8  2021    57.5  1953
    8.0  2020    7.4  1945    4.6  1997    2.5  2003    0.4  1970    0.0  2019    0.0  2008    0.0  2009    0.0  1966    0.3  2006    2.6  1994    6.7  1956    24.8  1932    12.3  2003     0.0  2019     4.4  2006    57.5  1943
    7.8  1932    7.0  1943    4.5  1961    2.5  2014    0.2  2022    0.0  2014    0.0  2003    0.0  2017    0.0  2011    0.2  1960    2.3  1953    5.9  1971    24.6  1935    11.8  1957     0.0  2002     4.1  2022    57.2  1934
    7.2  2022    6.0  1993    3.0  1938    2.2  2004    0.1  1964    0.0  1966    0.0  2018    0.0  2023    0.0  2006    0.1  1943    2.2  1931    3.7  1988    24.4  1934    11.8  1945     0.0  2018     3.8  2011    54.6  2007
    5.4  1934    5.4  1934    2.9  1945    1.1  2011    0.0  2024    0.0  2003    0.0  2022    0.0  2025    0.0  2014    0.0  2001    2.2  1997    2.1  1934    21.3  1989    10.4  2014     0.0  2003     3.3  1953    50.4  2014
    4.9  1989    4.8  1998    1.9  1957    ---  2026    ---  2026    ---  2026    ---  2026    ---  2026    ---  2026    ---  2026    ---  2026    ---  2026     ---  1931     ---  2026     ---  2026     ---  2026     ---  2026
