Areal values from HadUK-Grid 1km gridded climate data from land surface network
Source: Met Office National Climate Information Centre
Monthly, seasonal and annual mean of daily maximum air temperature for Scotland N
Areal series, starting in 1884
Last updated 01-Apr-2026 11:34
    jan  year    feb  year    mar  year    apr  year    may  year    jun  year    jul  year    aug  year    sep  year    oct  year    nov  year    dec  year     win  year     spr  year     sum  year     aut  year     ann  year
    8.2  1989    8.5  1998   10.2  2012   13.0  2025   16.1  2024   18.9  2023   19.4  2006   20.1  1947   16.5  2006   13.3  1908   10.5  2011    8.5  2016    7.46  1989   12.38  2025   17.55  2003   12.37  1959   11.83  2025
    7.8  1932    8.4  1891   10.1  1948   12.9  2011   15.0  2018   17.7  1970   18.8  1901   19.1  1995   16.0  1958   13.3  1959    9.6  1899    8.0  1988    7.27  2017   11.46  2003   17.46  1976   12.35  2006   11.57  2003
    7.5  1916    8.4  2019    9.7  2003   12.7  2007   15.0  2008   17.6  1940   18.6  2013   19.0  1997   15.9  1906   13.1  1969    9.6  1994    7.9  1971    7.17  1932   11.23  2024   17.42  1995   12.22  2011   11.35  2022
    7.3  1898    7.8  2023    9.5  1929   12.3  2003   15.0  2017   17.2  1887   18.6  1955   18.9  1899   15.9  1895   12.6  2001    9.5  2022    7.7  2015    6.87  1998   11.15  1893   17.39  1899   12.06  2022   11.26  2014
    7.2  2020    7.6  2008    9.5  2022   12.0  1894   14.7  1901   16.9  2018   18.5  2018   18.4  1976   15.8  2023   12.5  1995    9.1  2020    7.5  1934    6.76  2007   11.03  1948   17.33  1947   11.99  1945   11.24  2023
    7.1  2022    7.2  2012    9.5  2025   11.8  1893   14.7  1992   16.8  1933   18.4  2025   18.2  1955   15.8  1898   12.4  2007    9.0  2003    7.5  1924    6.64  1992   10.99  2007   17.30  2023   11.92  1958   11.16  2006
    7.0  2002    7.1  1896    9.4  1938   11.8  2019   14.7  2025   16.7  1899   18.3  2014   18.0  2003   15.8  1959   12.4  1945    9.0  1948    7.4  1942    6.62  2019   10.91  2011   17.28  2025   11.92  2014   11.07  1997
    6.8  1923    7.0  1934    9.4  1945   11.5  2009   14.7  1889   16.7  1905   18.2  2003   18.0  1975   15.5  2021   12.3  2005    8.9  1997    7.4  2024    6.53  1949   10.91  2022   17.22  1955   11.86  2021   11.05  2024
    6.8  2005    7.0  1961    9.2  1957   11.3  1974   14.6  1919   16.5  1893   18.1  1976   17.8  1984   15.5  1901   12.3  2006    8.8  1902    7.3  2004    6.52  2008   10.89  2017   17.19  1933   11.77  1898   11.03  1959
    6.8  2007    6.9  1943    9.1  1961   11.1  2014   14.6  1896   16.5  1889   18.1  2021   17.6  2025   15.5  1890   12.2  1921    8.8  2018    7.3  1931    6.44  2020   10.86  2009   17.13  2006   11.69  1949   10.98  2007
    6.7  1974    6.9  1914    8.7  2026   11.1  2020   14.5  1940   16.4  2003   18.0  1933   17.4  2004   15.5  2014   12.2  1977    8.8  1953    7.3  2013    6.43  2005   10.77  2014   17.02  1997   11.68  1908   10.97  2011
    6.6  2017    6.8  1939    8.7  1933   10.9  1942   14.5  1960   16.3  1960   17.9  1995   17.2  1983   15.4  1949   12.2  2015    8.8  2014    7.2  1900    6.43  1943   10.67  1959   17.01  2021   11.68  1906   10.95  2004
    6.5  1890    6.8  1945    8.6  1953   10.9  1955   14.2  1895   16.3  2006   17.8  1983   17.2  1944   15.4  1933   12.1  1898    8.7  1920    7.2  1953    6.39  1935   10.65  1960   16.99  2018   11.60  1953   10.93  2020
    6.4  1992    6.7  1949    8.5  1997   10.8  1914   14.2  2001   16.2  2021   17.8  1991   17.0  1897   15.4  1941   12.0  2022    8.7  1894    7.2  1921    6.35  2025   10.61  1945   16.71  2013   11.57  2015   10.92  1945
    6.4  1934    6.7  1993    8.4  1959   10.7  2002   14.1  1947   16.1  1936   17.6  1997   16.9  1991   15.4  2016   12.0  2017    8.7  1931    7.1  1974    6.32  1975   10.57  2002   16.63  2022   11.55  2005   10.86  2017
    6.4  1957    6.7  1992    8.4  1894   10.7  1952   13.9  1959   16.1  2022   17.6  1989   16.9  1911   15.2  1999   11.9  1972    8.7  1945    7.1  2025    6.31  2022   10.56  2004   16.61  1893   11.54  1999   10.86  2005
    6.4  1964    6.7  2025    8.3  2017   10.6  1944   13.8  1978   16.1  1992   17.6  2019   16.9  2022   15.1  2002   11.8  1947    8.7  1955    7.0  2006    6.25  2014   10.54  2020   16.48  2009   11.45  1995   10.85  2019
    6.3  1990    6.7  1903    8.3  2014   10.6  1987   13.8  1937   15.9  2009   17.5  1994   16.9  1893   15.0  1971   11.8  1971    8.5  2021    7.0  1898    6.18  1934   10.45  1952   16.47  2014   11.39  2024   10.84  1953
    6.3  2000    6.7  1918    8.2  1991   10.5  2023   13.7  2000   15.9  1930   17.5  1934   16.8  2012   15.0  1998   11.8  1920    8.5  1913    7.0  1975    6.15  2006   10.45  1957   16.44  1975   11.30  2001   10.84  2002
    6.3  1921    6.6  1959    8.2  2007   10.5  1984   13.7  1980   15.9  1969   17.3  1897   16.8  1938   15.0  2003   11.7  2011    8.5  1908    7.0  1998    6.12  1890   10.34  2019   16.42  1887   11.30  2025   10.84  2009
    6.3  1944    6.6  1920    8.1  1923   10.4  1921   13.7  2023   15.9  2014   17.3  2008   16.8  2002   14.9  1996   11.7  2016    8.5  2024    6.9  1905    6.08  1925   10.32  2012   16.40  1897   11.30  2003   10.82  1949
    6.3  1889    6.6  2017    8.1  1893   10.3  1926   13.6  1911   15.8  2010   17.2  1982   16.8  1939   14.9  1945   11.7  1949    8.5  1958    6.9  1983    6.08  1976   10.30  1961   16.34  1983   11.29  1951   10.80  1933
    6.3  1905    6.6  1887    8.1  1950   10.3  2004   13.6  2020   15.8  2025   17.2  2009   16.8  1884   14.9  1934   11.6  2024    8.4  2015    6.8  1956    6.05  2012   10.27  1933   16.31  1984   11.28  1971   10.78  2018
    6.2  1983    6.5  1921    8.1  1935   10.3  1957   13.6  1990   15.8  1986   17.0  1947   16.8  1959   14.8  1955   11.6  1943    8.4  1938    6.8  1941    6.03  1957   10.22  1896   16.28  2019   11.27  1997   10.76  2016
    6.2  2006    6.5  2007    8.1  2005   10.2  2022   13.5  1893   15.7  1976   17.0  1999   16.8  2023   14.8  1939   11.6  1985    8.3  2001    6.8  1948    6.03  1923   10.22  1990   16.26  1901   11.23  1920   10.73  2021
    6.1  1935    6.4  2024    8.0  2000   10.2  1946   13.5  1890   15.7  1900   17.0  1894   16.7  2020   14.7  1907   11.5  1996    8.3  2004    6.8  1991    6.01  2002   10.21  1974   16.25  1969   11.23  1899   10.67  2008
    6.1  1949    6.4  1932    8.0  1990   10.1  2015   13.5  1952   15.7  2020   17.0  1926   16.7  2021   14.7  1953   11.5  1897    8.3  1995    6.7  1972    6.01  1921   10.14  1938   16.17  1911   11.20  1902   10.64  1971
    6.1  1975    6.4  1926    8.0  1973   10.1  1999   13.4  2016   15.6  1988   16.9  2022   16.7  1933   14.7  2022   11.5  2014    8.3  2006    6.7  1984    5.97  1911   10.13  2023   16.15  1936   11.20  1941   10.59  1898
    6.1  1950    6.3  2003    8.0  2004   10.1  1960   13.4  2004   15.6  1968   16.8  1925   16.7  1969   14.6  1903   11.5  2013    8.2  1999    6.7  2018    5.96  1974   10.10  2008   16.12  1959   11.19  2007   10.57  1999
    6.0  1925    6.3  2011    7.9  1927   10.1  1949   13.4  1981   15.6  1906   16.8  1990   16.5  1937   14.6  2005   11.5  2021    8.2  1951    6.7  1888    5.94  2016   10.09  1992   16.11  1934   11.17  2016   10.55  2000
    6.0  1938    6.3  1997    7.9  1943   10.0  1980   13.4  1918   15.4  1939   16.8  1984   16.5  2013   14.6  2025   11.5  1965    8.2  1889    6.5  1932    5.87  1972   10.08  2000   16.06  1950   11.16  1913   10.54  1938
    5.8  1953    6.3  1953    7.9  2024   10.0  2018   13.4  1988   15.4  1959   16.8  1945   16.5  1999   14.6  2000   11.5  2025    8.2  1978    6.5  2019    5.81  2004   10.08  1946   16.05  1905   11.13  2009   10.52  1934
    5.8  1973    6.3  1982    7.8  2009   10.0  2005   13.3  2009   15.4  1963   16.7  1917   16.5  2016   14.6  1936   11.5  1951    8.2  2002    6.5  1911    5.80  2024   10.07  1929   16.04  1945   11.10  2020   10.52  1921
    5.8  1998    6.2  1928    7.8  2021   10.0  1943   13.3  2002   15.4  1895   16.7  1911   16.5  1935   14.6  2004   11.5  1968    8.2  1897    6.5  1997    5.79  2023   10.05  1894   16.01  2008   11.06  2023   10.50  1893
    5.8  1937    6.1  1927    7.7  2002    9.9  1912   13.3  1971   15.4  1891   16.7  1935   16.5  1945   14.6  1900   11.4  1975    8.2  1924    6.5  1954    5.79  1973   10.04  1999   15.99  1949   11.04  1938   10.49  1990
    5.8  2008    6.1  1971    7.7  1910    9.9  1937   13.1  1946   15.4  1934   16.7  1905   16.5  2000   14.5  1884   11.4  1979    8.1  1906    6.5  1945    5.79  1971   10.03  1997   15.97  2004   10.97  1955   10.48  2015
    5.8  1896    6.1  1899    7.7  2016    9.9  1945   13.0  1948   15.4  1966   16.7  1949   16.5  1996   14.5  2011   11.3  2009    8.1  1986    6.4  2005    5.75  1914   10.01  2018   15.96  1982   10.96  1901   10.45  1948
    5.7  1996    6.1  2000    7.7  1963    9.9  2010   13.0  2022   15.4  2016   16.6  1927   16.5  1950   14.5  1961   11.3  1978    8.1  1983    6.4  1977    5.74  1909   10.00  1940   15.94  1900   10.94  2004   10.45  1899
    5.7  1971    6.0  1967    7.6  1956    9.9  1961   12.9  1982   15.3  1920   16.6  1904   16.5  2019   14.4  2019   11.3  1958    8.0  1959    6.4  1893    5.72  1946    9.99  1943   15.90  1917   10.93  2013   10.42  1995
    5.7  2023    6.0  1989    7.5  2019    9.9  1948   12.9  2014   15.3  1949   16.5  1887   16.3  1917   14.4  1981   11.3  1953    8.0  2007    6.4  1910    5.71  1905    9.98  1981   15.89  1935   10.93  1890   10.42  1989
    5.7  1911    6.0  2022    7.5  1993    9.9  1954   12.9  1953   15.3  1953   16.5  1899   16.3  2009   14.3  2009   11.3  1913    8.0  1949    6.4  1994    5.70  1999    9.97  1901   15.88  2020   10.92  2002   10.42  1901
    5.6  1926    6.0  1990    7.4  1972    9.8  1901   12.9  1964   15.3  2005   16.4  1950   16.3  1906   14.3  1904   11.3  1962    8.0  1939    6.3  1889    5.70  1944    9.95  1895   15.85  1906   10.89  1994   10.41  2013
    5.6  1993    5.9  2014    7.4  1977    9.8  1898   12.8  1936   15.2  1950   16.4  1893   16.3  1973   14.3  1980   11.3  1963    8.0  1892    6.3  2007    5.69  1896    9.88  2005   15.85  1991   10.86  1978   10.38  1943
    5.5  2004    5.9  2004    7.4  1960    9.8  1996   12.8  1998   15.2  1982   16.4  1977   16.3  1936   14.2  1938   11.2  1999    7.9  1964    6.3  1908    5.69  1927    9.85  1953   15.83  1970   10.84  1897   10.38  1975
    5.5  2014    5.9  1962    7.4  1936    9.8  1997   12.8  1999   15.2  1995   16.4  1921   16.2  2008   14.2  2020   11.1  1899    7.9  1917    6.2  1894    5.69  1993    9.84  1971   15.81  2016   10.84  2018   10.37  1976
    5.5  1976    5.9  1938    7.4  1907    9.7  1981   12.7  1929   15.1  1941   16.3  1944   16.2  1932   14.2  1991   11.1  1886    7.8  1946    6.1  1936    5.68  1898    9.83  1890   15.80  1926   10.83  1933   10.36  1998
    5.5  2009    5.9  1911    7.4  2015    9.7  1933   12.7  1989   15.1  1932   16.3  2023   16.2  1926   14.2  1967   11.0  1990    7.8  1916    6.0  1922    5.66  1899    9.78  2016   15.79  1940   10.83  1947   10.33  1957
    5.5  2012    5.8  1964    7.3  1999    9.7  1895   12.7  2012   15.1  1975   16.2  1941   16.1  1898   14.2  2013   11.0  1906    7.8  2025    6.0  1980    5.63  1964    9.74  1991   15.78  2005   10.81  1907   10.33  1939
    5.5  1906    5.8  1908    7.3  2011    9.7  2024   12.6  1954   15.1  2002   16.2  1975   16.1  1914   14.2  1956   10.9  2000    7.8  1956    6.0  1987    5.63  2003    9.71  1954   15.77  2002   10.80  2000   10.32  1991
    5.5  1981    5.8  2006    7.2  1998    9.7  1993   12.6  1939   15.1  1957   16.2  2011   16.1  1970   14.2  1951   10.9  1989    7.7  2009    6.0  1912    5.60  1889    9.69  1942   15.76  1999   10.78  1939   10.29  1911
    5.4  1924    5.8  1974    7.2  1952    9.7  1959   12.6  1970   15.0  1915   16.2  1972   16.1  2001   14.1  2008   10.9  1914    7.7  2005    6.0  1926    5.58  2026    9.67  1980   15.74  1989   10.77  1968   10.28  1894
    5.4  1928    5.8  1975    7.2  1912    9.6  1968   12.6  2011   15.0  2007   16.1  2017   16.0  1981   14.1  1929   10.8  1902    7.6  1984    6.0  2003    5.58  2000    9.66  1921   15.72  1925   10.76  1936   10.26  1960
    5.4  1904    5.7  1976    7.2  1974    9.6  1938   12.5  1956   15.0  1967   16.1  1959   16.0  1927   14.1  1997   10.8  1957    7.6  1928    5.9  1918    5.55  1990    9.65  1935   15.70  1944   10.71  1946   10.25  1982
    5.4  1962    5.7  2002    7.1  1920    9.5  1896   12.5  2006   15.0  1904   16.1  2005   16.0  2015   14.1  2015   10.8  1961    7.6  1886    5.9  2014    5.52  1953    9.63  1939   15.68  1932   10.70  1996   10.24  1984
    5.3  1969    5.7  1909    7.1  1939    9.5  1964   12.5  1908   15.0  1925   16.1  1969   16.0  1900   14.1  1947   10.8  1997    7.5  1957    5.8  1957    5.52  1922    9.62  1993   15.67  1960   10.69  2017   10.23  1988
    5.3  2003    5.7  1913    7.1  1926    9.4  1982   12.5  1945   14.9  2013   16.1  1900   16.0  1968   14.1  2024   10.8  2010    7.5  1941    5.8  2021    5.51  1901    9.61  2010   15.66  1904   10.68  1948   10.22  1936
    5.3  2024    5.6  1948    7.1  1905    9.4  1902   12.4  2003   14.9  1910   16.1  1971   16.0  1990   14.0  1968   10.8  1910    7.5  1898    5.7  1913    5.51  2015    9.61  1982   15.64  1939   10.67  1964   10.21  1992
    5.3  1909    5.6  2026    7.0  1946    9.4  1909   12.4  1950   14.9  1911   16.1  1884   16.0  1977   13.9  1902   10.7  1941    7.4  1896    5.7  1951    5.44  1981    9.59  2001   15.61  1884   10.66  1956   10.20  1946
    5.2  2016    5.6  1980    7.0  2010    9.4  1971   12.4  1942   14.8  1897   16.1  1936   15.9  1949   13.9  1946   10.7  1984    7.3  1907    5.7  1959    5.41  1913    9.58  1912   15.59  1914   10.62  1921   10.20  1908
    5.2  1946    5.6  2015    7.0  1989    9.3  1976   12.4  1933   14.8  1945   16.0  1943   15.9  2005   13.9  2010   10.7  2018    7.3  1922    5.7  2023    5.40  1937    9.56  1918   15.59  2010   10.59  1934   10.19  1974
    5.1  1908    5.5  1984    6.9  1966    9.3  2017   12.3  1984   14.8  1947   16.0  1885   15.9  2024   13.9  1891   10.7  1982    7.3  1981    5.7  1929    5.39  1891    9.54  1972   15.59  1990   10.58  1931   10.18  2012
    5.1  1887    5.5  2020    6.9  2020    9.3  1963   12.3  1935   14.7  1955   16.0  1914   15.8  1895   13.9  2017   10.6  1937    7.3  1967    5.7  1930    5.39  1950    9.54  1964   15.59  1973   10.58  1943   10.16  1889
    5.1  1888    5.5  1935    6.9  1983    9.2  1965   12.2  1917   14.7  1894   15.9  2004   15.8  1953   13.8  1960   10.6  1936    7.3  1932    5.7  2020    5.38  1912    9.53  1950   15.57  1930   10.55  1886   10.15  1914
    5.1  2015    5.4  1890    6.9  1971    9.2  1900   12.2  1977   14.7  2019   15.9  1952   15.8  2017   13.7  1969   10.6  1904    7.2  1988    5.7  1943    5.38  1967    9.52  1956   15.56  1996   10.52  1961   10.14  2001
    5.1  1967    5.4  2013    6.9  1890    9.2  1939   12.2  1974   14.7  1898   15.8  1973   15.7  2006   13.7  1915   10.6  1986    7.2  1991    5.6  1990    5.36  1906    9.50  1949   15.53  2017   10.52  1989   10.14  1983
    5.1  1930    5.4  1946    6.8  1992    9.2  1885   12.2  1976   14.7  1914   15.8  1958   15.7  1916   13.7  1913   10.6  1976    7.2  2008    5.6  1904    5.36  1995    9.48  1926   15.48  1994   10.51  1914   10.13  1905
    5.1  1999    5.4  1897    6.8  1981    9.1  1930   12.2  1905   14.7  1943   15.8  1923   15.6  2018   13.6  1970   10.6  1915    7.2  1960    5.6  1970    5.35  1920    9.46  1988   15.46  1937   10.49  1904   10.13  1955
    5.0  1907    5.3  1912    6.8  1921    9.1  1972   12.2  1943   14.7  1979   15.7  1948   15.6  1901   13.6  1914   10.6  1938    7.2  1975    5.6  2017    5.31  1903    9.43  1984   15.44  1889   10.48  1975   10.12  1935
    5.0  1943    5.3  1884    6.8  1967    9.1  1892   12.1  2007   14.6  1896   15.7  2010   15.6  1958   13.6  1926   10.5  1954    7.2  1900    5.5  2011    5.29  1908    9.41  1963   15.42  1898   10.48  1991   10.11  1947
    5.0  2025    5.2  1905    6.7  1918    9.1  1890   12.1  1972   14.6  2017   15.7  1929   15.5  1887   13.6  1964   10.5  1970    7.2  1982    5.5  1985    5.29  1939    9.40  1978   15.41  1953   10.47  1969   10.11  1932
    5.0  1901    5.2  1922    6.7  1978    9.1  1991   12.1  1994   14.6  1973   15.7  1937   15.5  1974   13.6  1910   10.5  1964    7.2  1901    5.5  1938    5.26  2009    9.39  1936   15.41  1968   10.45  1998   10.11  1926
    5.0  2013    5.2  2009    6.7  1986    9.0  1940   12.0  1931   14.6  1908   15.7  1932   15.5  1982   13.6  1917   10.4  1891    7.1  1989    5.5  1947    5.25  1954    9.38  1998   15.40  1894   10.45  1979   10.08  1920
    5.0  1927    5.1  1923    6.6  1902    9.0  2008   12.0  1909   14.6  1917   15.7  1906   15.5  1967   13.6  1989   10.4  2023    7.1  2013    5.4  2000    5.24  1938    9.35  1911   15.36  1895   10.45  1924   10.06  1913
    5.0  2019    5.1  1985    6.6  1954    9.0  1990   12.0  1910   14.6  2004   15.7  1996   15.5  1934   13.5  1966   10.4  1907    7.1  1936    5.4  1891    5.23  1933    9.35  2021   15.36  1992   10.44  1916   10.06  1994
    5.0  2011    5.1  1995    6.6  1896    9.0  1928   12.0  1949   14.6  1921   15.6  2024   15.4  1913   13.5  1888   10.4  1928    7.1  1942    5.4  1902    5.22  1894    9.33  1944   15.35  2000   10.44  1894   10.05  1906
    4.9  1884    5.1  1944    6.5  1884    9.0  1906   12.0  1966   14.6  1989   15.6  1960   15.4  1930   13.5  1995   10.4  1940    7.1  1954    5.4  1967    5.18  1988    9.28  2015   15.34  1941   10.41  2008   10.05  1964
    4.8  1900    5.0  1972    6.5  1968    8.9  1988   11.9  1887   14.6  1903   15.6  2000   15.4  1910   13.5  1930   10.4  1988    7.1  1940    5.3  2001    5.17  1961    9.27  1914   15.32  1958   10.40  1900   10.03  1890
    4.8  1997    5.0  1999    6.5  1949    8.9  1904   11.9  2010   14.5  1902   15.6  1896   15.4  1942   13.5  1973   10.4  1946    7.0  1998    5.3  1973    5.11  1924    9.26  1889   15.31  1967   10.40  1972   10.02  1896
    4.7  1954    5.0  2005    6.5  1982    8.9  2021   11.9  1961   14.5  1958   15.5  2016   15.4  1904   13.5  1905   10.4  1983    7.0  1935    5.3  2002    5.07  1926    9.24  1976   15.24  1977   10.37  1889   10.01  1967
    4.7  1994    5.0  2021    6.4  1944    8.9  1962   11.9  1995   14.5  1996   15.5  1967   15.4  1980   13.4  1988   10.3  1890    7.0  1937    5.3  1949    5.06  1916    9.12  1937   15.22  1988   10.37  1967   10.01  1944
    4.7  1914    5.0  1924    6.4  1940    8.8  1884   11.9  1957   14.5  2008   15.5  1942   15.3  1971   13.4  1937   10.3  1924    7.0  1914    5.3  1885    5.03  1997    9.11  1907   15.16  2024   10.37  1960   10.00  1961
    4.7  1920    4.9  1988    6.4  1903    8.8  1967   11.9  1991   14.4  1935   15.4  1987   15.3  1925   13.4  1916   10.3  1933    7.0  1890    5.2  1920    5.00  2013    9.11  1989   15.14  2007   10.36  1937    9.98  1972
    4.7  1968    4.9  1910    6.4  1965    8.8  1916   11.9  1997   14.4  1980   15.4  2001   15.3  1915   13.3  1911   10.2  1901    7.0  1888    5.2  1962    4.99  1984    9.02  1965   15.11  1938   10.35  1988    9.98  1904
    4.6  1902    4.8  1965    6.4  1932    8.7  2006   11.8  1922   14.4  1965   15.4  1924   15.3  1994   13.3  1987   10.2  1950    7.0  1918    5.2  1933    4.97  1983    8.99  1884   15.10  1966   10.32  1903    9.97  1973
    4.6  1960    4.8  1893    6.2  1964    8.7  1958   11.8  1985   14.4  1997   15.4  1898   15.2  1998   13.3  1948   10.1  1916    7.0  1976    5.2  1986    4.97  1948    8.97  1977   15.09  1915   10.31  1963    9.97  1897
    4.6  1995    4.8  2016    6.2  2008    8.7  1907   11.8  1921   14.4  1974   15.4  2002   15.2  2014   13.3  1979   10.1  1927    7.0  2012    5.1  1966    4.90  1930    8.96  1973   15.09  2011   10.31  1891    9.97  1900
    4.6  1913    4.8  1987    6.2  2023    8.7  1915   11.8  1892   14.3  1984   15.4  1956   15.2  1918   13.2  1943   10.1  1960    7.0  2023    5.1  1897    4.85  1958    8.95  1928   15.08  2012   10.30  1982    9.94  1958
    4.6  1972    4.8  1957    6.2  1899    8.7  2001   11.8  2019   14.3  1901   15.4  1889   15.2  2010   13.2  1921   10.1  1931    7.0  1971    5.1  1939    4.83  1931    8.95  1910   15.06  2001   10.29  1928    9.92  1937
    4.6  1988    4.8  1981    6.2  1976    8.7  1992   11.8  1928   14.3  1913   15.4  1985   15.1  1886   13.2  1908   10.1  1994    6.9  2000    5.1  2008    4.81  1918    8.94  1920   15.03  1913   10.29  1986    9.92  1940
    4.5  1991    4.7  1894    6.1  1928    8.6  1985   11.7  1903   14.3  1962   15.4  1930   15.1  1931   13.2  1920   10.1  1925    6.9  1992    5.1  1944    4.78  1962    8.93  1955   15.03  1921   10.26  1977    9.89  1996
    4.5  1894    4.7  1973    6.1  1922    8.6  1947   11.7  2013   14.2  2011   15.4  1992   15.1  1960   13.2  1935   10.1  2019    6.9  1933    5.0  1958    4.78  2018    8.87  1905   15.02  1943   10.24  1983    9.88  1980
    4.4  1933    4.7  1952    6.1  1988    8.6  1913   11.7  1993   14.2  1951   15.3  1951   15.1  1940   13.1  1889   10.1  1956    6.9  1934    5.0  1940    4.77  1928    8.86  1987   14.98  1927   10.23  1984    9.87  1884
    4.4  1958    4.7  1950    6.0  1887    8.6  1969   11.7  1920   14.2  1926   15.3  1913   15.1  2007   13.1  2007   10.0  1934    6.9  1943    5.0  1946    4.75  1960    8.81  1904   14.96  1910   10.22  1895    9.87  1950
    4.3  2018    4.6  1933    5.9  1934    8.6  1886   11.6  1930   14.2  1978   15.3  1908   15.1  1988   13.1  2018   10.0  2020    6.8  1987    5.0  1907    4.74  1985    8.81  1967   14.96  1957   10.21  1970    9.83  1942
    4.3  1931    4.6  1898    5.9  1994    8.5  1935   11.6  1912   14.1  1937   15.3  2007   15.0  1957   13.0  1982   10.0  1991    6.8  1895    5.0  1955    4.72  1907    8.79  1919   14.95  1980   10.17  1976    9.81  1977
    4.3  1961    4.5  1885    5.9  1895    8.5  1918   11.6  1904   14.1  1993   15.3  1912   15.0  1952   13.0  1944   10.0  1966    6.8  1903    4.9  1928    4.67  1991    8.77  1898   14.93  1908   10.12  1957    9.80  1969
    4.3  1970    4.5  1925    5.9  1914    8.5  1911   11.6  1884   14.1  1954   15.3  1886   15.0  1989   13.0  1886   10.0  1973    6.8  1929    4.9  1968    4.65  1942    8.77  1994   14.89  1963   10.10  1888    9.79  1968
    4.3  1912    4.4  1907    5.9  1911    8.5  1925   11.6  2005   14.0  1948   15.3  1946   15.0  1946   13.0  1942   10.0  2004    6.8  1968    4.9  1979    4.59  1980    8.75  1966   14.86  1891   10.09  1990    9.79  1956
    4.2  1891    4.4  1915    5.9  1904    8.4  1995   11.6  1973   14.0  1888   15.3  1963   15.0  1928   13.0  1978    9.9  1909    6.8  1963    4.9  1923    4.59  1959    8.72  2006   14.83  2015   10.09  2019    9.75  1931
    4.2  1947    4.4  2018    5.9  1913    8.4  1956   11.6  1925   13.9  1884   15.3  1918   15.0  1961   13.0  1994    9.9  2003    6.7  1980    4.9  1982    4.57  1887    8.71  1947   14.80  1896   10.04  1962    9.74  1930
    4.1  1919    4.4  1931    5.8  2001    8.4  2000   11.6  1951   13.9  2024   15.2  1916   14.9  1909   13.0  1993    9.9  2008    6.7  1979    4.9  1896    4.55  2021    8.68  1968   14.79  1981   10.02  1884    9.74  1954
    4.1  1922    4.3  2001    5.8  1915    8.4  1975   11.5  1900   13.9  1990   15.2  2020   14.9  1987   13.0  1931    9.8  1948    6.7  1974    4.8  1992    4.52  2001    8.67  1927   14.79  1974    9.96  2010    9.74  1918
    4.1  2026    4.3  1940    5.8  1898    8.3  1931   11.5  1965   13.9  2000   15.2  1931   14.9  1966   12.9  2001    9.8  1930    6.6  1972    4.8  1919    4.43  1945    8.66  1915   14.77  1986    9.96  1929    9.72  1887
    4.1  1915    4.3  1958    5.8  1942    8.3  1994   11.5  1934   13.9  1983   15.1  2015   14.9  1965   12.9  1992    9.8  1884    6.6  1891    4.8  1969    4.42  1978    8.65  1985   14.76  1942    9.93  1954    9.68  1924
    4.1  1982    4.2  1901    5.7  1889    8.2  1924   11.5  1915   13.9  1964   15.1  1953   14.9  1908   12.9  1899    9.8  1944    6.6  1990    4.7  1963    4.41  1965    8.65  1913   14.75  1918    9.93  1942    9.68  1891
    4.0  1903    4.2  1937    5.7  1897    8.2  2016   11.5  1913   13.9  1961   15.0  1966   14.8  2011   12.9  1919    9.8  1889    6.6  1947    4.7  1906    4.39  1968    8.64  1930   14.75  1971    9.93  1973    9.67  1929
    3.9  1899    4.2  1996    5.6  1975    8.1  1998   11.4  1938   13.9  1946   15.0  1980   14.8  1905   12.9  1924    9.8  1893    6.5  1904    4.6  1964    4.39  1952    8.62  1887   14.73  1951    9.92  1940    9.66  1941
    3.9  1956    4.1  1936    5.6  1941    8.0  1897   11.4  1986   13.7  1918   15.0  1986   14.7  1941   12.9  1976    9.8  1894    6.5  1970    4.6  2012    4.35  1987    8.58  1996   14.73  1946    9.90  1922    9.66  1981
    3.8  1966    4.1  1917    5.6  1996    8.0  1920   11.4  2021   13.7  1999   15.0  1988   14.7  1992   12.9  1928    9.8  1888    6.4  2016    4.6  1952    4.31  1996    8.56  1903   14.69  1886    9.87  1980    9.64  1928
    3.8  1910    4.1  1966    5.5  1925    8.0  1950   11.4  1916   13.7  2001   14.9  1915   14.6  1951   12.9  1963    9.7  1942    6.4  1927    4.5  1978    4.30  1892    8.51  1925   14.63  1948    9.86  1987    9.64  1970
    3.8  1948    4.0  1892    5.5  1985    8.0  2012   11.3  1969   13.7  1998   14.9  1919   14.6  1978   12.9  1894    9.7  1918    6.4  1962    4.4  1916    4.30  1919    8.49  1892   14.62  1920    9.84  1935    9.63  1910
    3.8  1951    3.9  1977    5.5  1984    8.0  1953   11.2  1963   13.6  1885   14.9  1938   14.6  1972   12.8  1909    9.7  1967    6.4  1921    4.4  1960    4.29  2011    8.49  1900   14.60  1979    9.76  1930    9.62  1978
    3.8  1965    3.8  1991    5.4  1901    8.0  1923   11.2  1907   13.6  1956   14.9  1981   14.5  1889   12.8  1975    9.7  1922    6.3  1993    4.4  1999    4.28  1897    8.46  1995   14.60  1952    9.74  1966    9.61  1907
    3.8  2001    3.8  1994    5.4  1885    8.0  2013   11.1  1932   13.6  1886   14.9  1891   14.5  1985   12.8  1896    9.6  1939    6.3  1973    4.4  1989    4.28  1904    8.45  1902   14.56  1903    9.72  1965    9.59  1902
    3.8  1893    3.8  1960    5.4  1906    8.0  1936   11.1  1914   13.6  1994   14.9  1964   14.5  1894   12.8  1897    9.5  1903    6.3  1961    4.3  1899    4.17  1956    8.43  1931   14.53  1998    9.70  1981    9.58  1993
    3.7  1939    3.8  1930    5.4  1908    7.9  1899   11.1  1888   13.5  1944   14.9  2012   14.4  1890   12.7  1965    9.5  1955    6.2  1909    4.3  1895    4.14  1915    8.42  1909   14.52  1931    9.68  1909    9.57  1903
    3.7  1978    3.8  1916    5.3  1980    7.9  1929   11.1  1926   13.5  1938   14.9  1907   14.4  1929   12.7  2012    9.5  2002    6.2  1926    4.3  1917    4.14  1969    8.39  1908   14.52  1885    9.65  1985    9.56  1951
    3.7  1986    3.7  1951    5.1  1930    7.9  1887   11.0  1987   13.5  1890   14.8  1979   14.4  1943   12.7  1922    9.5  1900    6.2  2017    4.3  1884    4.12  1994    8.38  1923   14.48  1929    9.61  1915    9.52  1895
    3.6  1918    3.7  1983    5.1  1955    7.9  1919   11.0  1941   13.5  1912   14.8  1895   14.4  1924   12.7  1990    9.5  1987    6.2  1905    4.2  1996    4.08  1910    8.38  1986   14.47  1972    9.60  1917    9.51  1966
    3.6  1977    3.7  1954    5.1  1995    7.8  1891   11.0  1944   13.5  2012   14.8  1903   14.4  1954   12.7  1893    9.4  1952    6.1  1885    4.0  2022    4.03  1982    8.33  1934   14.44  1985    9.55  1927    9.51  1925
    3.5  1892    3.7  1889    5.0  1987    7.8  1979   10.9  1958   13.4  1985   14.7  1957   14.3  1903   12.7  1985    9.4  1911    6.1  1912    4.0  1914    4.01  1885    8.33  1932   14.40  1978    9.54  2012    9.50  2010
    3.5  1942    3.6  1904    5.0  1969    7.7  1978   10.9  1967   13.4  1892   14.7  1940   14.3  1892   12.7  1972    9.4  1998    6.0  1977    3.9  1937    4.01  1970    8.32  1899   14.38  1916    9.50  1911    9.50  1916
    3.4  1980    3.6  1956    5.0  1924    7.6  1989   10.9  1899   13.4  1981   14.7  1939   14.3  1979   12.5  1932    9.3  1935    6.0  1930    3.8  1915    3.99  1902    8.29  1922   14.34  1964    9.49  1932    9.47  1927
    3.3  1936    3.6  1941    5.0  2018    7.6  1888   10.8  1962   13.3  1942   14.7  1962   14.3  1919   12.5  1977    9.3  1912    5.8  1887    3.8  1901    3.94  1900    8.28  1969   14.31  1961    9.48  1944    9.46  1912
    3.3  1885    3.5  1942    4.9  1931    7.6  1927   10.8  1955   13.3  1977   14.7  1968   14.3  1888   12.4  1962    9.2  1923    5.8  1884    3.8  1890    3.92  1940    8.22  1975   14.31  1924    9.45  1910    9.44  1987
    3.1  1987    3.5  1906    4.9  2006    7.6  1934   10.8  1886   13.3  1919   14.6  1998   14.3  1923   12.4  1950    9.2  1919    5.8  2019    3.8  1903    3.91  1888    8.21  1983   14.30  1987    9.39  1950    9.43  1963
    3.1  2010    3.4  1902    4.8  1886    7.5  1903   10.7  1897   13.3  1929   14.6  1910   14.3  1891   12.3  1983    9.0  1929    5.8  1911    3.8  1993    3.89  1893    8.16  1897   14.30  1965    9.39  1992    9.43  1962
    3.1  1955    3.4  1929    4.8  1900    7.4  1932   10.7  1898   13.3  2015   14.5  1909   14.2  1964   12.3  1940    9.0  2012    5.7  1925    3.7  1965    3.87  1966    8.15  1970   14.29  1962    9.34  1905    9.40  1915
    3.0  1929    3.2  2010    4.6  1951    7.3  1889   10.7  1975   13.2  1931   14.5  1974   14.2  1896   12.3  1984    8.7  1932    5.6  1966    3.6  1909    3.79  1955    8.07  1886   14.21  1954    9.25  1993    9.39  1952
    3.0  2021    3.1  1886    4.6  1892    7.3  1941   10.7  1891   13.2  1922   14.5  1920   14.1  1921   12.3  1885    8.7  1980    5.6  1950    3.6  2009    3.78  1986    8.01  2013   14.20  1909    9.18  1918    9.31  1965
    2.7  1952    3.1  1888    4.6  1970    7.3  1905   10.6  1924   13.1  1924   14.4  1978   14.1  1993   12.3  1974    8.5  1993    5.6  1944    3.5  1887    3.78  1929    8.01  1885   14.19  1919    9.13  1974    9.30  1986
    2.7  1897    3.1  1968    4.5  1917    7.3  1966   10.6  1983   13.1  1909   14.3  1892   14.1  1948   12.2  1954    8.5  1974    5.6  1996    3.4  1935    3.65  1917    7.99  1906   14.14  1923    9.13  1893    9.30  1909
    2.7  1984    3.0  1978    4.4  2013    7.3  1973   10.5  1927   12.9  1952   14.2  1954   14.1  1920   12.2  1986    8.4  1905    5.1  2010    3.4  1925    3.62  1936    7.97  1941   14.11  1956    9.12  1896    9.29  1985
    2.5  1917    2.8  1970    4.2  1979    7.3  1908   10.4  1996   12.7  1971   14.1  1961   14.0  1963   12.2  1923    8.4  1992    4.9  1893    3.2  1892    3.56  1886    7.93  1924   14.07  1902    9.11  1912    9.24  1922
    2.4  1985    2.7  1919    4.1  1891    7.3  1970   10.4  2015   12.7  1991   14.0  1890   14.0  1962   12.1  1927    8.2  1887    4.9  1965    3.2  1961    3.42  1941    7.87  1916   14.04  1888    9.08  1926    9.21  1917
    2.4  1940    2.7  1979    3.9  1958    7.2  1977   10.0  1968   12.6  1972   14.0  1928   13.9  1885   12.1  1887    8.0  1895    4.7  1952    3.0  1995    3.29  1977    7.85  1958   14.04  1892    9.06  1925    9.20  1923
    2.3  1886    2.6  1963    3.9  1909    7.1  1983   10.0  1979   12.5  1987   13.9  1993   13.9  1902   12.0  1957    7.5  1981    4.7  1985    2.8  1927    3.29  1951    7.81  1962   14.02  1993    8.96  1892    9.15  1888
    2.3  1959    2.5  1900    3.9  1919    7.1  1910    9.9  1894   12.5  1907   13.9  1888   13.8  1922   11.9  1912    7.5  1926    4.5  1969    2.5  1976    3.28  1947    7.65  1951   14.00  1890    8.70  1887    8.99  1886
    2.0  1979    1.9  1986    3.7  1962    7.0  1986    9.6  1906   12.3  1928   13.8  1902   13.6  1986   11.8  1892    7.4  1917    4.5  1915    2.4  1950    3.28  2010    7.62  1917   13.88  1912    8.56  1923    8.92  1979
    1.7  1945    1.9  1969    3.7  1937    6.9  1922    9.5  1885   12.3  1923   13.7  1970   13.4  1907   11.4  1925    7.2  1896    4.3  1923    2.2  1886    3.16  1963    7.53  1891   13.80  1928    8.52  1919    8.89  1919
    1.7  1941    1.6  1955    3.7  1888    6.7  1951    9.4  1902   12.2  1916   13.7  1922   13.3  1956   11.1  1952    7.2  1892    3.9  1910    2.0  1981    3.06  1979    7.44  1888   13.62  1907    8.46  1952    8.85  1885
    1.6  1963    1.5  1895    3.5  1916    6.1  1917    9.0  1923   12.2  1927   13.6  1965   12.9  1912   10.8  1918    6.9  1885    3.5  1919    1.8  2010    3.02  1895    7.31  1979   13.55  1922    8.44  1885    8.77  1892
    1.3  1895    0.4  1947    3.4  1947    ---  2026    ---  2026    ---  2026    ---  2026    ---  2026    ---  2026    ---  2026    ---  2026    ---  2026     ---  1884     ---  2026     ---  2026     ---  2026     ---  2026
