Areal values from HadUK-Grid 1km gridded climate data from land surface network
Source: Met Office National Climate Information Centre
Monthly, seasonal and annual mean of daily minimum air temperature for Scotland N
Areal series, starting in 1884
Last updated 01-Apr-2026 11:34
    jan  year    feb  year    mar  year    apr  year    may  year    jun  year    jul  year    aug  year    sep  year    oct  year    nov  year    dec  year     win  year     spr  year     sum  year     aut  year     ann  year
    3.1  1989    3.8  1998    3.8  1938    4.8  2011    8.2  2024    9.4  2023   11.0  1933   10.8  1997    9.4  2006    7.9  2001    4.8  1994    3.6  1934    2.24  1989    4.10  2024   10.03  2025    6.53  2022    5.04  2014
    2.7  1898    2.6  1993    3.6  1945    4.6  2007    6.6  2022    9.2  2014   11.0  2019   10.5  2004    9.4  2021    7.6  1908    4.6  1997    3.3  1924    1.99  1998    4.08  2014   10.02  2003    6.46  2011    5.00  2022
    2.4  2022    2.2  1934    3.5  1957    4.2  2014    6.4  1889    9.1  2003   10.9  2025   10.4  2025    9.1  2016    7.1  1969    4.5  2011    3.2  1988    1.92  1923    3.83  2011    9.76  1933    6.42  2021    4.89  2025
    2.3  1923    2.0  1896    3.4  2012    4.0  2003    6.3  2023    8.7  2025   10.9  2006   10.3  1975    8.9  2014    6.8  2022    4.4  1899    3.2  1971    1.91  1932    3.70  1945    9.68  2006    6.37  2006    4.74  2007
    2.2  2020    1.9  2023    3.3  1961    4.0  2004    6.0  1952    8.7  1966   10.9  2003   10.2  1955    8.9  1941    6.5  2017    4.1  2022    2.7  2016    1.76  1935    3.58  2004    9.55  2021    6.17  2001    4.70  2005
    2.2  1916    1.9  1918    2.8  1997    3.9  2009    6.0  1964    8.5  2020   10.8  1991   10.2  1959    8.8  2009    6.5  2005    3.8  1953    2.6  1931    1.75  1925    3.55  1933    9.53  2019    6.11  1953    4.69  2002
    1.9  2007    1.8  2019    2.6  2025    3.8  1944    5.8  2018    8.5  2002   10.7  2021   10.2  1995    8.8  1958    6.5  1959    3.8  2020    2.5  2024    1.65  2007    3.54  2025    9.52  2023    6.07  1908    4.68  2024
    1.8  1932    1.7  1903    2.5  1990    3.7  1926    5.8  1940    8.4  2017   10.4  2013   10.1  1991    8.8  2023    6.4  2006    3.8  2021    2.4  1975    1.52  2017    3.53  2003    9.33  2022    5.97  2014    4.67  2004
    1.7  1996    1.7  2012    2.4  2005    3.6  1943    5.8  2017    8.4  2016   10.4  2018   10.1  2002    8.7  1999    6.4  1977    3.8  1924    2.3  2013    1.50  2014    3.50  2007    9.30  2013    5.90  1945    4.66  2006
    1.7  2002    1.7  1945    2.3  1948    3.5  2019    5.8  1970    8.3  2010   10.3  1976   10.1  1947    8.6  2011    6.4  1921    3.8  1931    2.3  1905    1.38  1934    3.47  2017    9.28  2004    5.90  1999    4.64  2017
    1.6  1925    1.6  1943    2.3  2014    3.5  1960    5.8  1893    8.3  2004   10.3  1901   10.1  1969    8.6  2022    6.3  1962    3.7  1955    2.2  1948    1.27  2022    3.47  1999    9.28  2018    5.75  1949    4.64  1953
    1.6  2005    1.6  1891    2.2  2019    3.5  1933    5.8  2008    8.3  1970   10.2  2008   10.1  2003    8.6  1895    6.3  1995    3.7  1902    2.1  1953    1.26  1943    3.46  1952    9.20  2014    5.70  2009    4.63  1997
    1.6  1950    1.5  1923    2.1  2021    3.4  1914    5.7  2014    8.3  2022   10.1  2022   10.0  1899    8.6  1949    6.3  2007    3.7  2002    2.1  2015    1.26  2020    3.42  1938    9.20  2002    5.65  1958    4.60  2011
    1.5  1974    1.5  1939    2.1  1933    3.4  1999    5.7  1918    8.3  1933   10.0  2014   10.0  2019    8.5  1966    6.2  2011    3.7  1906    2.1  1956    1.23  1992    3.41  1960    9.19  1899    5.56  1995    4.57  1945
    1.5  1953    1.4  1921    2.1  1950    3.3  1937    5.7  1919    8.3  1976   10.0  1925    9.9  2008    8.4  1890    6.2  1949    3.5  1894    2.0  1974    1.20  1949    3.40  1961    9.18  1997    5.55  2005    4.57  2023
    1.5  1934    1.4  1967    2.1  1943    3.2  2002    5.6  1992    8.2  1960   10.0  1945    9.9  2009    8.4  1953    6.2  2013    3.4  1938    2.0  1921    1.17  2005    3.40  2009    9.13  1959    5.54  2007    4.56  1933
    1.4  1935    1.4  1992    2.1  2000    3.2  1945    5.6  1960    8.2  2018    9.9  1934    9.9  1897    8.4  2005    6.2  1968    3.4  1920    2.0  1942    1.08  1911    3.39  2002    9.12  2008    5.47  1978    4.50  2020
    1.4  2000    1.3  1926    1.8  1936    3.2  1996    5.5  1998    8.2  2006    9.9  1944    9.9  1917    8.3  2000    6.1  1953    3.4  1916    2.0  1900    1.02  1972    3.35  2022    9.10  1976    5.46  2017    4.49  2019
    1.2  1890    1.3  1932    1.8  1991    3.2  2017    5.5  1999    8.2  1992    9.8  1927    9.9  1996    8.3  1945    6.1  2021    3.4  2014    2.0  1910    0.99  2019    3.34  1997    9.08  1893    5.45  1959    4.44  2003
    1.2  1926    1.2  2007    1.7  1983    3.2  2025    5.5  2016    8.2  1940    9.8  2009    9.9  1983    8.2  1980    6.1  1943    3.3  1945    2.0  1941    0.98  1976    3.32  1943    9.08  2016    5.38  1997    4.43  1999
    1.2  1944    1.2  1961    1.7  1959    3.1  1952    5.4  2004    8.2  2005    9.8  1899    9.9  2023    8.2  1955    6.1  1978    3.3  2015    1.9  1922    0.97  2025    3.23  1992    9.07  2009    5.38  1951    4.39  1990
    1.1  1964    1.1  1914    1.6  1912    3.1  1949    5.4  1925    8.0  2021    9.7  1995    9.9  1933    8.2  1998    6.1  1945    3.3  2006    1.8  1888    0.89  1971    3.22  1959    9.06  2005    5.34  2020    4.38  2009
    1.1  1924    1.1  2014    1.6  1927    3.1  1987    5.4  2002    8.0  1988    9.7  1989    9.9  1911    8.2  2017    6.0  2025    3.2  2007    1.8  2006    0.86  1927    3.19  1964    9.04  1947    5.29  2015    4.36  1934
    1.1  1911    1.0  1908    1.6  2026    3.1  1894    5.4  1947    8.0  2007    9.7  1923    9.9  2013    8.1  1929    6.0  1979    3.2  1908    1.8  1911    0.80  1921    3.18  2019    8.99  1995    5.28  1956    4.35  1938
    1.1  1983    1.0  1990    1.6  2002    3.1  1946    5.4  2001    7.9  1953    9.7  1997    9.9  1893    8.0  1946    5.9  1996    3.2  2004    1.8  1945    0.72  1924    3.15  1957    8.92  1991    5.25  1920    4.33  1949
    1.1  1971    0.9  1924    1.5  2007    3.1  1898    5.3  1890    7.9  1896    9.7  1983    9.9  2006    8.0  2002    5.9  1999    3.2  1983    1.8  1997    0.71  1975    3.14  1991    8.89  1934    5.25  1938    4.32  2016
    1.1  1889    0.9  1920    1.5  1977    3.0  1896    5.3  2011    7.8  1893    9.6  1959    9.8  1990    7.9  1939    5.8  2024    3.2  1913    1.7  2025    0.71  1974    3.12  1990    8.88  1945    5.22  2025    4.30  2021
    1.1  1937    0.9  1971    1.5  1999    3.0  1930    5.2  1956    7.8  1889    9.6  1994    9.8  2021    7.9  1978    5.7  1958    3.1  1951    1.6  2004    0.71  2012    3.02  2005    8.86  1925    5.22  1941    4.29  1998
    1.0  2017    0.8  1949    1.5  2003    2.9  1993    5.2  1959    7.8  1905    9.6  1894    9.8  1884    7.9  2008    5.7  1947    3.1  1999    1.6  1898    0.70  1993    2.99  1912    8.84  2017    5.21  2004    4.25  1943
    1.0  2014    0.8  1887    1.5  2009    2.9  2005    5.2  1896    7.8  1993    9.6  2016    9.7  1918    7.9  1961    5.6  2014    3.1  1956    1.5  2018    0.69  1953    2.97  1944    8.84  1990    5.20  1899    4.24  2018
    1.0  1905    0.8  2011    1.4  2017    2.9  1955    5.2  1911    7.8  1950    9.5  1900    9.7  1942    7.9  1933    5.6  1920    3.1  2018    1.5  1954    0.69  1890    2.95  1893    8.83  1984    5.20  1955    4.23  1971
    1.0  1973    0.8  2025    1.4  1966    2.9  1964    5.2  1991    7.8  1963    9.5  1941    9.7  1936    7.9  1901    5.6  1990    3.0  2003    1.4  1926    0.69  1922    2.83  1928    8.82  2010    5.17  1913    4.23  2000
    1.0  1992    0.8  1974    1.4  2024    2.9  1982    5.2  1953    7.8  1965    9.5  1893    9.6  1944    7.9  1956    5.6  2009    3.0  1889    1.4  1929    0.67  2026    2.82  1896    8.82  2020    5.13  2002    4.19  1959
    1.0  1990    0.7  1927    1.4  1992    2.8  1997    5.1  1981    7.8  1899    9.5  1932    9.6  1939    7.8  2004    5.6  1961    2.9  2001    1.4  2019    0.65  1914    2.82  2023    8.81  1944    5.09  1933    4.18  1988
    1.0  1938    0.7  2017    1.4  1998    2.8  1961    5.1  2003    7.7  1947    9.5  2005    9.6  1915    7.8  2019    5.5  1989    2.9  1984    1.4  2005    0.65  2006    2.77  2012    8.80  1930    5.08  2013    4.13  1921
    1.0  1921    0.7  2024    1.4  2011    2.8  1959    5.1  1971    7.7  1984    9.4  1905    9.6  2022    7.8  1971    5.5  1951    2.9  1948    1.4  1984    0.63  1946    2.77  1948    8.79  1983    5.07  2000    4.12  1908
    0.9  1967    0.7  1953    1.3  2004    2.7  1912    5.1  1933    7.7  1887    9.4  2010    9.6  1970    7.8  1981    5.5  1975    2.9  1897    1.3  1932    0.63  1967    2.76  1926    8.75  1975    5.07  1994    4.09  2015
    0.8  2013    0.7  1984    1.3  1910    2.7  2018    5.1  1939    7.7  1930    9.4  1999    9.5  1934    7.8  1936    5.5  1986    2.9  1939    1.3  1983    0.61  1999    2.76  1998    8.74  1969    5.05  2024    4.09  2008
    0.8  1884    0.7  2026    1.3  1935    2.7  1980    5.0  2020    7.6  1980    9.4  1987    9.5  1935    7.7  1988    5.5  1960    2.8  1995    1.3  1998    0.59  1957    2.74  1939    8.74  1955    5.04  1890    4.08  1932
    0.7  1906    0.6  2000    1.2  1920    2.7  2022    5.0  1954    7.6  1900    9.4  1984    9.5  2005    7.7  1898    5.4  1898    2.7  1928    1.3  1991    0.59  1944    2.73  1889    8.72  1932    5.02  1943    4.06  1924
    0.7  1999    0.6  2022    1.2  2016    2.7  1938    5.0  1986    7.6  2019    9.4  1936    9.5  1949    7.6  1996    5.4  2000    2.7  1917    1.3  2020    0.59  1937    2.73  1993    8.71  2007    5.02  1931    4.06  1991
    0.7  2006    0.6  1982    1.2  1953    2.7  1992    5.0  1908    7.5  1959    9.4  2001    9.5  1930    7.6  1891    5.3  1933    2.7  2009    1.2  1977    0.58  1905    2.71  2000    8.71  1926    5.01  1924    4.06  1926
    0.6  2004    0.5  2008    1.2  1905    2.7  1976    5.0  1931    7.5  1925    9.3  1931    9.5  1910    7.6  1930    5.3  1913    2.6  1959    1.2  1893    0.57  1896    2.70  2018    8.69  1950    5.00  2023    4.05  1913
    0.6  1913    0.4  1913    1.2  1952    2.6  2023    5.0  1974    7.5  1982    9.3  1985    9.4  1980    7.6  1884    5.3  1971    2.6  1896    1.1  1947    0.56  1898    2.70  1940    8.66  1911    4.99  2018    4.05  2013
    0.6  1904    0.4  1988    1.2  1960    2.6  2024    4.9  1976    7.5  2013    9.3  1975    9.4  2024    7.6  1970    5.3  1910    2.6  1987    1.1  1918    0.53  1889    2.70  2016    8.64  1953    4.99  1968    4.03  1948
    0.6  1928    0.4  1964    1.2  1923    2.6  1928    4.9  1990    7.5  1990    9.3  1946    9.4  2020    7.6  1967    5.3  1965    2.5  1892    1.1  1936    0.51  1913    2.68  1920    8.64  1982    4.96  1983    4.01  1976
    0.6  1998    0.4  2015    1.2  1928    2.5  1948    4.9  1937    7.5  1913    9.3  1955    9.4  1932    7.6  2001    5.3  2015    2.5  1957    1.1  1930    0.50  1908    2.67  1976    8.63  1936    4.93  1906    4.01  1957
    0.5  1949    0.4  1997    1.1  1993    2.5  1991    4.8  2025    7.5  1926    9.3  1949    9.4  1895    7.6  1934    5.3  1925    2.5  1958    1.1  1951    0.49  2002    2.60  2020    8.61  2024    4.93  1916    4.00  1939
    0.5  1957    0.4  1928    1.1  1884    2.5  1904    4.8  1965    7.5  2024    9.3  2007    9.4  1926    7.6  2010    5.3  1985    2.4  1946    1.1  2002    0.47  1909    2.59  2008    8.59  1996    4.90  1971    3.99  1983
    0.5  2012    0.3  1884    1.1  1929    2.4  2010    4.8  2009    7.4  1935    9.3  1947    9.4  2001    7.5  1968    5.2  1914    2.4  1886    1.0  1980    0.46  1912    2.56  1971    8.59  1935    4.88  1962    3.98  1989
    0.4  1969    0.3  1965    1.0  1956    2.4  1957    4.8  1988    7.4  2009    9.3  1930    9.3  1984    7.5  1902    5.2  2023    2.4  2024    1.0  1913    0.45  2016    2.55  1972    8.59  1914    4.86  1902    3.98  1992
    0.4  1909    0.3  1946    1.0  1967    2.4  1893    4.8  1928    7.4  1912    9.2  1982    9.3  2017    7.5  1995    5.2  1982    2.4  1949    1.0  1928    0.43  2000    2.53  1946    8.55  2001    4.84  1947    3.95  1975
    0.4  1927    0.3  1989    1.0  1939    2.3  1972    4.8  1895    7.4  1979    9.2  1926    9.3  1945    7.5  2025    5.2  1976    2.4  1964    0.9  1972    0.43  1903    2.52  1925    8.54  1988    4.83  1921    3.95  1898
    0.4  1900    0.2  1938    1.0  1973    2.3  1995    4.8  1989    7.3  1906    9.2  1969    9.3  2012    7.5  2013    5.1  1957    2.4  1978    0.9  1943    0.41  1973    2.51  1949    8.54  1901    4.80  1898    3.93  1944
    0.3  2023    0.2  1976    1.0  1926    2.3  1940    4.8  1936    7.3  1908    9.2  1914    9.3  1914    7.5  1951    5.1  1930    2.4  1922    0.9  1994    0.40  1964    2.50  1950    8.54  1980    4.80  2016    3.92  1911
    0.3  1976    0.2  2005    1.0  2015    2.2  1947    4.7  1972    7.3  1945    9.2  2023    9.3  2016    7.5  1976    5.1  1938    2.3  1888    0.9  1908    0.40  2023    2.45  1918    8.53  1905    4.78  1929    3.92  1920
    0.3  1907    0.2  1980    1.0  1963    2.2  1931    4.7  1978    7.3  1911    9.2  1950    9.2  1958    7.4  1908    5.1  1972    2.3  1986    0.8  1889    0.39  1906    2.44  1982    8.52  1970    4.76  1961    3.92  1914
    0.3  1930    0.2  2009    0.9  1907    2.2  1963    4.6  1920    7.3  1996    9.1  1990    9.2  2000    7.4  2020    5.1  1963    2.2  1943    0.8  1904    0.36  1901    2.42  1936    8.52  1917    4.76  1948    3.91  1967
    0.2  1901    0.2  1925    0.9  1978    2.2  1916    4.6  1944    7.3  1914    9.1  1921    9.2  2018    7.3  2003    5.0  1886    2.2  1929    0.7  1939    0.33  2008    2.40  1914    8.52  1900    4.75  1976    3.91  2001
    0.2  1887    0.1  1935    0.8  1902    2.1  1939    4.6  1912    7.3  1932    9.1  1916    9.1  2015    7.3  1947    5.0  1970    2.1  1981    0.7  2021    0.26  1954    2.36  1974    8.49  1994    4.75  1988    3.91  1931
    0.2  1972    0.1  2002    0.8  1982    2.1  1920    4.6  1910    7.2  1948    9.1  1957    9.1  1927    7.3  2015    5.0  1890    2.1  2025    0.7  1970    0.25  1990    2.33  1907    8.47  1884    4.75  1946    3.88  1884
    0.2  2016    0.1  1911    0.7  1981    2.1  1907    4.6  1913    7.2  1973    9.1  1908    9.1  1998    7.3  1921    4.9  2010    2.1  1932    0.7  1978    0.25  1926    2.33  1911    8.46  1949    4.71  1970    3.87  1925
    0.2  1896    0.1  2020    0.7  1964    2.1  1942    4.5  1929    7.2  1920    9.0  1948    9.1  1906    7.2  1959    4.9  1940    2.0  1991    0.7  2000    0.23  1916    2.31  1988    8.43  1992    4.71  1990    3.86  1961
    0.2  2008    0.1  1922    0.7  1918    2.1  1885    4.5  2000    7.2  2008    9.0  2002    9.1  1982    7.2  1969    4.9  1937    2.0  1933    0.6  1967    0.23  1950    2.29  1981    8.40  1897    4.71  1963    3.85  1928
    0.1  1943    0.1  1948    0.7  2022    2.1  1984    4.4  1932    7.2  1884    9.0  1953    9.1  1978    7.2  1963    4.9  1956    2.0  1975    0.6  1987    0.23  1988    2.29  1953    8.40  1960    4.69  1984    3.85  1974
    0.1  1954    0.0  1909    0.7  1903    2.1  2020    4.3  2007    7.2  1934    9.0  2004    9.1  1950    7.2  1938    4.9  1954    2.0  1990    0.6  1907    0.19  2024    2.27  1963    8.39  1939    4.68  1939    3.85  1930
    0.1  1993   -0.1  1975    0.7  1968    2.0  1988    4.3  1997    7.2  1994    8.9  1992    9.0  1925    7.2  1973    4.9  2020    2.0  2008    0.6  1933    0.19  2015    2.26  1956    8.38  1958    4.66  1989    3.82  1893
    0.1  2009   -0.1  1890    0.7  1996    2.0  1900    4.3  1901    7.1  1978    8.9  2024    9.0  1981    7.2  1915    4.8  2018    2.0  1988    0.5  1957    0.18  1920    2.25  1978    8.37  1940    4.66  1914    3.82  1995
    0.1  1962   -0.2  1962    0.7  2020    2.0  2015    4.3  1995    7.1  1968    8.9  1973    9.0  1937    7.2  1948    4.8  1904    2.0  1941    0.5  1986    0.13  1930    2.23  1921    8.36  1999    4.62  1975    3.82  1994
    0.1  1975   -0.2  1905    0.7  1971    2.0  1975    4.3  1917    7.1  1943    8.9  1937    9.0  1953    7.2  1917    4.8  1991    2.0  1927    0.5  1938    0.10  1931    2.22  1884    8.35  1973    4.61  1982    3.82  1905
    0.1  1888   -0.2  2006    0.7  1989    2.0  1921    4.3  1945    7.1  1986    8.8  1981    9.0  1924    7.1  2018    4.8  1941    2.0  1982    0.5  1959    0.07  2003    2.22  1929    8.35  1989    4.61  1957    3.81  1982
   -0.1  1922   -0.3  1999    0.7  1893    2.0  1990    4.3  1943    7.0  1891    8.8  1988    9.0  1916    7.1  1965    4.7  1983    1.9  1900    0.5  1902    0.07  2004    2.22  2015    8.31  1937    4.59  2008    3.81  1946
   -0.1  1908   -0.3  1912    0.7  1921    1.9  1985    4.3  1922    7.0  1938    8.8  1998    8.9  1901    7.1  1916    4.7  2016    1.8  1989    0.4  1885    0.07  1938    2.20  1910    8.29  1941    4.57  1937    3.80  2012
   -0.1  1914   -0.4  1995    0.6  1897    1.9  1971    4.3  1969    7.0  1958    8.8  1935    8.9  1973    7.1  2007    4.7  1931    1.8  1963    0.4  1912    0.04  1939    2.20  2010    8.27  1894    4.53  1979    3.79  1916
   -0.2  1912   -0.4  1972    0.6  1946    1.9  1911    4.2  1905    7.0  1910    8.8  1967    8.9  1952    7.1  2012    4.6  1899    1.8  1974    0.4  2014    0.03  1933    2.17  1890    8.26  1948    4.52  1991    3.79  1980
   -0.2  1946   -0.4  1894    0.6  1925    1.9  1895    4.2  1950    7.0  1937    8.8  1958    8.9  2007    7.1  1997    4.6  2004    1.8  1935    0.4  1990   -0.00  1894    2.14  1895    8.23  1981    4.52  1960    3.79  1964
   -0.2  2011   -0.5  1944    0.6  1972    1.9  1915    4.2  2006    7.0  1904    8.8  1929    8.8  1957    7.0  1926    4.6  1924    1.8  1903    0.4  2017   -0.02  1981    2.13  1996    8.22  1887    4.52  1977    3.78  1889
   -0.2  1931   -0.5  1981    0.5  1944    1.9  1979    4.2  1903    7.0  1997    8.8  1951    8.8  1989    7.0  1942    4.6  1984    1.8  1937    0.4  2023   -0.05  1948    2.12  1989    8.20  1913    4.52  1996    3.77  1984
   -0.2  2015   -0.5  1897    0.5  1932    1.8  1884    4.2  1973    7.0  1961    8.8  1977    8.8  1889    7.0  1913    4.6  1884    1.8  1940    0.4  2007   -0.09  2009    2.11  1954    8.19  2000    4.51  1936    3.76  1936
   -0.3  2003   -0.5  1915    0.5  1986    1.8  1967    4.1  1949    7.0  1962    8.8  1891    8.7  1988    7.0  1914    4.6  1988    1.7  1890    0.3  1940   -0.10  1891    2.08  1980    8.19  1918    4.50  1930    3.75  1996
   -0.3  2019   -0.5  1959    0.4  1976    1.8  1994    4.1  1980    7.0  1999    8.8  1917    8.7  1976    7.0  1983    4.5  1888    1.7  1967    0.3  1894   -0.13  1995    2.08  1967    8.18  2012    4.46  1884    3.71  1937
   -0.3  1988   -0.5  1952    0.4  1922    1.8  2006    4.1  1993    7.0  1995    8.8  1912    8.7  1898    7.0  1906    4.5  1997    1.7  2005    0.3  1979   -0.17  1980    2.07  1913    8.16  1910    4.45  1969    3.71  1960
   -0.3  1994   -0.5  1933    0.4  1974    1.8  2008    4.1  1985    7.0  1941    8.8  1986    8.7  2010    7.0  1937    4.4  1942    1.7  1942    0.3  1944   -0.19  1928    2.07  1905    8.15  1957    4.44  1934    3.70  1896
   -0.3  2026   -0.5  2021    0.4  1994    1.7  1889    4.1  2013    7.0  1890    8.8  1939    8.7  1928    7.0  1985    4.4  1928    1.7  1914    0.2  1949   -0.20  1899    2.06  1937    8.13  1908    4.43  1967    3.69  1935
   -0.4  2025   -0.5  1937    0.3  2010    1.7  1968    4.1  1983    6.9  1898    8.7  1911    8.7  1967    7.0  1987    4.4  1934    1.7  1936    0.2  1985   -0.26  2013    2.06  1977    8.13  1967    4.43  1986    3.68  1890
   -0.5  1919   -0.6  1898    0.3  1949    1.7  1958    4.0  1930    6.9  1919    8.7  2017    8.7  1987    6.9  1911    4.4  1893    1.7  1962    0.2  1919   -0.32  1942    2.05  1973    8.12  1998    4.42  1980    3.65  1993
   -0.5  1968   -0.6  2004    0.2  2008    1.7  1974    4.0  1961    6.9  1954    8.7  1887    8.6  1994    6.9  2024    4.3  1907    1.6  2017    0.1  1923   -0.34  1984    2.02  1983    8.12  1942    4.41  1998    3.64  1978
   -0.5  1920   -0.6  1893    0.2  1896    1.7  1919    4.0  1962    6.9  1969    8.7  1952    8.6  1961    6.9  1950    4.3  1950    1.6  2012    0.1  2003   -0.38  1918    2.01  1935    8.11  1891    4.39  1886    3.64  1950
   -0.5  2024   -0.6  2003    0.2  1894    1.7  1909    4.0  1904    6.9  2001    8.7  1913    8.6  1999    6.8  1907    4.3  1916    1.6  1960    0.1  1891   -0.39  1961    2.01  1930    8.10  1966    4.38  1928    3.60  1923
   -0.6  1970   -0.7  1931    0.1  1988    1.7  2001    4.0  1921    6.9  1944    8.7  1979    8.6  1938    6.8  1900    4.3  1918    1.6  1976    0.1  1920   -0.45  1997    2.00  1927    8.09  1915    4.38  1942    3.59  1899
   -0.6  1947   -0.7  1910    0.1  1984    1.7  1901    4.0  1900    6.8  1967    8.7  2000    8.6  1894    6.8  1910    4.3  1923    1.6  1971    0.0  1962   -0.48  2021    1.98  1995    8.09  1916    4.36  2003    3.58  1929
   -0.6  1997   -0.8  1916    0.0  1914    1.6  1913    4.0  1916    6.8  1931    8.6  1904    8.6  1929    6.8  1935    4.3  1927    1.6  1907    0.0  2011   -0.49  2018    1.96  1898    8.09  1961    4.26  1966    3.58  1973
   -0.6  1915   -0.9  1973    0.0  1913    1.6  1954    3.9  1946    6.8  1936    8.6  1961    8.6  1954    6.8  1992    4.3  1944    1.5  1980    0.0  1916   -0.53  1907    1.95  1904    8.08  1924    4.26  1940    3.57  1904
   -0.6  2018   -1.0  1957    0.0  1889    1.6  2000    3.9  1907    6.8  1981    8.6  1971    8.5  1919    6.7  1932    4.3  1903    1.5  1970   -0.0  1969   -0.54  1904    1.93  1965    8.07  1978    4.25  1907    3.56  1956
   -0.7  1981   -1.0  1994   -0.0  1940    1.6  1934    3.9  1934    6.7  1917    8.6  1928    8.5  1971    6.7  1991    4.2  1948    1.5  2013   -0.1  1884   -0.58  1983    1.91  1987    8.06  1938    4.25  1888    3.55  1918
   -0.8  1903   -1.0  1899   -0.0  1915    1.5  1925    3.9  2010    6.7  1946    8.6  2012    8.5  2011    6.7  1920    4.2  1994    1.5  1947   -0.1  1958   -0.63  1919    1.91  2001    8.05  1931    4.24  1904    3.54  1912
   -0.8  1933   -1.0  2016   -0.1  1890    1.5  1935    3.8  1987    6.7  1897    8.6  1924    8.5  1948    6.7  1904    4.2  1906    1.5  1912   -0.1  1955   -0.71  1915    1.89  1901    8.05  1927    4.24  2019    3.54  1940
   -0.8  1951   -1.0  2001   -0.1  1911    1.5  1965    3.8  2005    6.7  1939    8.5  1964    8.5  1900    6.7  1924    4.1  1915    1.5  2000   -0.1  1952   -0.72  2001    1.88  1932    8.04  2015    4.23  1964    3.54  1927
   -0.9  1991   -1.1  1940   -0.2  1942    1.5  1923    3.8  1924    6.7  1921    8.5  1940    8.4  1891    6.7  1943    4.1  1919    1.5  1954   -0.2  1973   -0.72  1965    1.88  1894    8.01  1979    4.21  1903    3.53  1954
   -0.9  1894   -1.1  1885   -0.2  1899    1.4  2016    3.8  2012    6.7  1983    8.5  1960    8.4  1974    6.7  1982    4.1  1936    1.5  1992   -0.3  1896   -0.73  1987    1.87  1931    8.01  1889    4.21  1932    3.53  1947
   -0.9  1902   -1.1  1904   -0.2  1895    1.4  1927    3.8  2019    6.7  2000    8.5  1956    8.4  1960    6.7  1931    4.0  1929    1.4  1934   -0.3  1946   -0.74  1991    1.86  1903    7.98  1906    4.17  1927    3.52  1910
   -0.9  1891   -1.2  1987   -0.3  1954    1.4  1924    3.8  1914    6.7  1974    8.5  1918    8.4  1913    6.6  1905    4.0  2019    1.3  1998   -0.3  1966   -0.78  1917    1.86  1984    7.98  1929    4.17  1987    3.51  1942
   -0.9  1995   -1.2  2013   -0.3  1901    1.3  1998    3.8  1938    6.7  1924    8.5  1996    8.4  1985    6.6  1962    4.0  1897    1.3  1898   -0.3  1963   -0.78  1952    1.84  1985    7.97  1923    4.13  1889    3.51  1970
   -1.0  1980   -1.2  1966   -0.3  1887    1.3  1902    3.8  1887    6.6  1894    8.5  2020    8.4  1909    6.6  1979    4.0  1967    1.2  1968   -0.4  1895   -0.79  1996    1.83  1986    7.97  1952    4.11  1891    3.50  1972
   -1.0  1966   -1.2  1977   -0.4  1898    1.2  1890    3.7  1892    6.6  1955    8.5  1938    8.4  2014    6.6  1899    4.0  1909    1.2  1904   -0.4  2001   -0.81  1945    1.83  1919    7.97  1963    4.10  1897    3.47  1901
   -1.1  1942   -1.2  1917   -0.4  2023    1.2  1950    3.7  1966    6.6  2012    8.5  1980    8.4  1940    6.6  1989    4.0  1966    1.2  1884   -0.4  1992   -0.81  1994    1.83  2021    7.95  1946    4.09  2010    3.45  1977
   -1.1  1960   -1.2  1907   -0.4  2018    1.1  1978    3.7  1909    6.5  1949    8.5  2011    8.3  1941    6.6  1964    3.9  2008    1.2  1926   -0.5  1968   -0.83  1885    1.82  1966    7.95  1993    4.07  1954    3.44  1958
   -1.1  1961   -1.2  1929   -0.5  1975    1.1  2012    3.7  1884    6.5  1975    8.5  1897    8.3  1905    6.6  1903    3.8  1891    1.2  1918   -0.5  1897   -0.84  1887    1.78  1942    7.94  1904    4.04  1935    3.41  1894
   -1.2  1917   -1.3  1950   -0.5  1908    1.0  1929    3.7  1963    6.5  1989    8.4  2015    8.3  1951    6.6  1984    3.8  1946    1.2  1905   -0.5  2008   -0.89  1929    1.76  1994    7.94  1921    4.03  1965    3.41  1951
   -1.3  1899   -1.3  2018   -0.5  1934    1.0  1977    3.7  1982    6.5  2015    8.4  1884    8.3  1892    6.5  1896    3.8  1998    1.1  1885   -0.5  2012   -0.89  1962    1.73  2006    7.94  1895    4.02  1925    3.40  1941
   -1.3  1986   -1.3  1951   -0.5  1985    1.0  1969    3.7  2015    6.5  2011    8.4  1942    8.3  1887    6.5  1990    3.8  2002    1.1  1895   -0.7  1982   -0.90  1968    1.72  1968    7.93  1985    3.99  1901    3.38  1969
   -1.3  1885   -1.3  1901   -0.5  1965    1.0  1981    3.7  2021    6.5  1957    8.3  1915    8.2  1923    6.4  1960    3.8  1932    1.1  1901   -0.7  1999   -0.91  1985    1.67  1923    7.92  1896    3.95  1950    3.37  1907
   -1.3  1977   -1.4  1936   -0.5  1885    1.0  1888    3.6  1926    6.5  1929    8.3  1943    8.2  1977    6.3  1889    3.7  1955    1.0  1972   -0.7  1906   -0.98  1958    1.67  1970    7.91  1987    3.92  1972    3.36  1966
   -1.4  1982   -1.5  1930   -0.6  1980    0.9  1973    3.6  1977    6.4  1895    8.3  1896    8.2  1904    6.3  1975    3.7  1964    1.0  1973   -0.7  1915   -1.01  1960    1.67  1934    7.85  2011    3.90  1922    3.36  1955
   -1.4  1948   -1.5  1889   -0.6  1904    0.9  1941    3.6  1957    6.4  1909    8.2  1972    8.2  1886    6.3  1977    3.6  1952    1.0  2023   -0.8  1917   -1.02  1897    1.67  1908    7.83  1954    3.90  1917    3.35  1900
   -1.4  1936   -1.5  1985   -0.7  1995    0.9  1989    3.5  1948    6.4  1901    8.2  1974    8.1  1992    6.3  1927    3.6  1935    1.0  1979   -0.8  1901   -1.09  1940    1.65  1916    7.81  1968    3.90  1981    3.34  1987
   -1.4  1893   -1.6  1996   -0.7  1955    0.9  1918    3.4  1942    6.3  1964    8.2  1909    8.1  1963    6.2  1919    3.5  1980    0.9  1891   -0.8  1890   -1.12  1978    1.55  1955    7.79  1974    3.85  1910    3.32  1968
   -1.5  1965   -1.7  1954   -0.8  1886    0.8  1899    3.4  1967    6.3  1998    8.2  1993    8.1  1965    6.2  1994    3.5  1974    0.9  2019   -0.9  1964   -1.12  1969    1.53  1975    7.73  1943    3.83  1900    3.29  1962
   -1.6  1956   -1.7  1892   -0.8  2006    0.7  1962    3.4  1984    6.3  1915    8.2  1968    8.1  1968    6.1  1957    3.5  1912    0.9  1887   -0.9  1899   -1.15  1966    1.49  1947    7.71  1919    3.81  1973    3.27  1952
   -1.6  1987   -1.8  1958   -0.9  1951    0.7  1905    3.3  1888    6.3  1902    8.1  1886    8.0  1890    6.1  1993    3.4  1922    0.8  1925   -0.9  2022   -1.16  1892    1.48  1902    7.70  1951    3.76  1894    3.27  1906
   -1.6  1978   -1.9  1991   -1.0  1941    0.7  1932    3.3  1951    6.3  1952    8.0  1966    8.0  1908    6.1  1909    3.4  1902    0.8  1921   -1.0  1914   -1.22  1970    1.46  1900    7.68  1909    3.72  1974    3.24  1981
   -1.7  1939   -1.9  1941   -1.0  1930    0.7  1903    3.2  1935    6.3  1918    8.0  1963    8.0  1931    6.0  1940    3.3  1993    0.8  1911   -1.1  1937   -1.25  1956    1.39  1915    7.68  1912    3.70  1985    3.21  1965
   -1.7  1958   -2.1  1942   -1.0  1917    0.6  1910    3.2  1898    6.2  1885    8.0  1954    8.0  1979    6.0  1887    3.3  1939    0.8  1977   -1.1  1996   -1.35  2011    1.39  1922    7.68  1971    3.69  2012    3.21  1922
   -1.8  2001   -2.1  1906   -1.1  1906    0.6  1936    3.2  1906    6.2  1922    8.0  1895    7.9  1921    6.0  1928    3.2  1973    0.8  1961   -1.1  1960   -1.36  1959    1.37  1885    7.68  1898    3.65  1895    3.20  1903
   -1.9  1892   -2.1  1956   -1.1  1924    0.5  2013    3.1  1941    6.2  1942    8.0  1910    7.9  1972    6.0  1923    3.1  1911    0.8  1930   -1.1  1993   -1.37  1888    1.35  1924    7.66  1965    3.61  1911    3.17  1897
   -2.0  1910   -2.3  1983   -1.1  1916    0.5  1956    3.1  1975    6.1  1916    7.9  1978    7.8  1993    6.0  1944    3.1  1889    0.7  1993   -1.2  1903   -1.40  1886    1.28  1887    7.62  1986    3.61  1915    3.15  1887
   -2.0  1918   -2.5  1886   -1.2  1987    0.4  1970    3.1  1886    6.0  1923    7.8  1885    7.8  1943    6.0  1893    3.0  1987    0.7  1950   -1.2  1989   -1.42  1936    1.25  1909    7.59  1920    3.58  1909    3.14  1915
   -2.2  2021   -2.5  1960   -1.3  1970    0.4  1908    3.1  1994    6.0  1985    7.8  1920    7.8  1920    5.9  1925    3.0  1901    0.6  2016   -1.3  1965   -1.47  1982    1.22  1969    7.55  1977    3.55  1992    3.13  1986
   -2.2  1955   -2.5  1888   -1.3  1979    0.4  1953    3.0  1927    5.9  1956    7.7  1970    7.8  1946    5.9  1922    2.9  1887    0.6  1909   -1.5  1935   -1.49  1900    1.21  1897    7.51  1928    3.52  1944    3.10  1891
   -2.2  1886   -2.8  1919   -1.3  2001    0.4  1886    2.9  1958    5.9  1886    7.7  1919    7.6  1896    5.9  1888    2.8  2003    0.4  1966   -1.5  1927   -1.49  1902    1.08  1979    7.48  1964    3.50  1905    3.09  1963
   -2.3  1897   -2.8  2010   -1.5  2013    0.4  1887    2.8  1968    5.9  1907    7.7  1962    7.6  1962    5.9  1974    2.8  1900    0.3  1944   -1.7  1887   -1.51  1893    1.03  1941    7.42  1962    3.47  1912    3.09  1917
   -2.4  2010   -2.9  1979   -1.6  1931    0.3  1897    2.7  1979    5.9  1971    7.6  1907    7.6  1966    5.9  1954    2.7  1905   -0.1  1996   -1.7  1925   -1.51  1951    1.02  2013    7.39  1886    3.43  1893    3.09  1902
   -2.4  1929   -2.9  1902   -1.6  1900    0.3  1966    2.7  1897    5.9  1951    7.5  1892    7.5  1964    5.7  1886    2.5  1992   -0.1  1893   -1.9  1909   -1.51  1977    0.94  1899    7.34  1890    3.40  1896    3.06  1985
   -2.6  1985   -3.0  1968   -1.6  1969    0.2  1983    2.6  1891    5.8  1892    7.5  1906    7.5  1903    5.7  1972    2.4  2012   -0.2  1923   -2.0  1976   -1.55  1910    0.92  1917    7.24  1972    3.39  1993    3.02  1909
   -2.9  1952   -3.1  1978   -1.6  1909    0.2  1906    2.6  1955    5.7  1903    7.4  1889    7.4  1888    5.5  1894    2.2  1894   -0.2  1952   -2.4  1950   -1.57  1986    0.91  1886    7.20  1892    3.37  1923    3.01  2010
   -2.9  1940   -3.3  1970   -1.9  1919    0.1  1951    2.6  1885    5.7  1991    7.4  1898    7.4  1902    5.5  1885    2.1  1892   -0.3  2010   -2.4  1892   -1.57  1941    0.87  1958    7.19  1956    3.35  1926    2.93  1919
   -3.0  1984   -3.6  1969   -1.9  1958   -0.0  1986    2.5  1996    5.6  1977    7.3  1902    7.3  1922    5.5  1986    1.9  1917   -0.4  1965   -2.4  2009   -1.60  1955    0.83  1951    7.00  1902    3.26  1887    2.88  1979
   -3.1  1941   -3.8  1986   -2.0  1937   -0.2  1892    2.4  1923    5.6  1987    7.2  1903    7.1  1907    5.5  1912    1.9  1926   -0.5  1915   -2.6  1961   -1.85  1947    0.78  1962    6.90  1907    3.23  1918    2.81  1888
   -3.4  1959   -4.0  1963   -2.2  1888   -0.2  1891    2.4  1894    5.5  1972    7.1  1965    7.0  1956    5.4  1897    1.8  1981   -0.6  1910   -2.6  1995   -2.06  1979    0.76  1906    6.87  1922    3.19  1892    2.57  1885
   -3.9  1963   -4.2  1900   -2.4  1962   -0.4  2021    2.3  1915    5.2  1928    7.1  1922    7.0  1986    5.0  1952    1.4  1885   -1.0  1969   -3.4  1981   -2.51  2010    0.69  1888    6.82  1885    3.03  1919    2.57  1895
   -4.1  1979   -4.3  1955   -2.7  1891   -0.6  1917    2.3  1902    5.2  1888    7.1  1890    6.9  1912    4.9  1892    1.3  1895   -1.2  1985   -3.4  1886   -2.55  1963    0.25  1892    6.81  1903    2.80  1952    2.51  1886
   -4.1  1945   -5.0  1947   -2.8  1892   -0.6  1922    2.3  1899    5.1  1927    6.8  1888    6.4  1885    4.2  1918    1.2  1896   -1.3  1919   -4.4  2010   -3.36  1895   -0.07  1891    6.46  1888    2.65  1885    2.17  1892
   -4.4  1895   -6.3  1895   -3.0  1947    ---  2026    ---  2026    ---  2026    ---  2026    ---  2026    ---  2026    ---  2026    ---  2026    ---  2026     ---  1884     ---  2026     ---  2026     ---  2026     ---  2026
