Areal values from HadUK-Grid 1km gridded climate data from land surface network
Source: Met Office National Climate Information Centre
Monthly, seasonal and annual number of days in the month with precipitation amount >= 1mm for Scotland N
Areal series, starting in 1891
Last updated 01-Apr-2026 11:34
    jan  year    feb  year    mar  year    apr  year    may  year    jun  year    jul  year    aug  year    sep  year    oct  year    nov  year    dec  year     win  year     spr  year     sum  year     aut  year     ann  year
   28.1  1928   25.8  1990   28.0  1994   26.2  1927   23.9  2011   26.0  1907   24.2  1940   26.7  1907   27.0  1899   28.4  1923   25.9  1939   28.8  1974    74.3  1894    63.2  1979    68.5  1907    75.4  1923   252.2  1923
   27.6  1983   25.2  1931   26.9  1967   24.1  1904   23.7  1902   21.9  1919   23.9  1953   25.8  1923   26.9  1950   28.2  1917   25.5  1947   28.5  1898    73.8  1995    62.8  1920    66.6  1946    75.2  1917   244.3  1903
   27.1  1923   24.9  2022   26.8  1921   24.0  1977   23.1  1906   21.8  1927   23.4  1988   25.7  1903   24.9  1918   27.1  1903   25.3  2017   27.5  1966    72.6  2000    61.6  1906    63.9  1923    74.1  1954   242.3  1900
   26.8  1993   24.8  2000   26.0  1903   23.9  1899   21.9  1925   21.5  1946   23.2  1900   25.2  1891   24.3  1932   27.0  1929   25.0  1899   27.5  1929    72.4  1916    61.6  1902    62.8  1924    70.3  1929   242.0  1898
   26.7  1900   24.7  2020   25.9  1897   22.8  1949   21.7  1986   21.5  1912   23.0  1920   24.9  1985   23.7  1982   26.7  1932   24.8  1986   27.4  1900    70.4  1920    61.3  1925    62.0  1985    69.7  1899   239.1  1905
   26.6  2007   24.5  2002   25.5  1992   22.4  1950   21.3  2003   21.0  1938   22.7  2016   24.8  1904   23.6  1923   26.7  1983   24.8  2000   27.2  2011    70.3  1931    60.7  1898    61.5  1895    69.5  1893   235.4  1906
   26.2  2015   24.4  1894   25.1  1905   22.2  1934   21.2  1923   20.8  1922   22.5  1924   24.2  1941   23.5  1974   26.6  1967   24.7  1992   26.7  1980    70.2  1999    60.4  1970    60.7  1922    69.4  1974   234.8  1907
   26.1  1921   24.4  1997   24.7  1896   22.1  1947   21.2  1894   20.7  2002   22.3  1915   24.2  1930   23.5  1954   26.5  1935   24.5  1938   26.6  1901    70.1  2014    60.2  1934    59.4  1903    69.2  1981   233.9  1916
   26.0  1975   24.2  1989   24.3  2008   21.8  1932   21.2  1924   20.7  2004   22.0  1946   24.0  1892   23.5  2018   26.5  1938   24.5  1954   26.2  1893    70.1  2020    60.0  1967    59.2  1928    69.1  2017   233.6  1938
   25.8  1995   23.9  1898   24.3  1989   21.7  1910   21.0  2015   19.9  1945   21.7  1895   23.8  1929   23.5  1893   26.3  1934   24.4  1991   25.7  1949    70.0  1989    59.6  1905    59.1  1929    68.4  1984   233.5  1893
   25.8  1892   23.8  1988   24.1  1983   21.6  1970   20.4  1963   19.9  1896   21.7  1909   23.4  1895   23.3  1891   26.2  1892   24.4  1917   25.7  1986    68.8  1898    59.1  1927    59.0  1950    68.3  1938   232.1  1922
   25.4  2004   23.7  1903   24.1  1966   21.4  1915   20.4  1945   19.7  1994   21.6  2010   23.2  1992   23.2  1978   26.2  1942   24.3  1940   25.6  1954    68.7  1937    59.1  1903    58.6  1896    67.7  1982   231.8  1954
   25.4  1938   23.6  1999   23.8  1990   21.4  1985   20.3  1920   19.4  1928   21.2  1939   23.2  1962   23.1  1980   26.1  1954   24.3  1970   25.6  1915    68.0  2005    59.0  2006    58.0  1918    67.2  1905   230.4  1950
   25.3  1949   23.3  1925   23.7  1902   21.3  1900   20.3  1916   19.2  1991   21.2  1932   23.1  1946   23.0  2011   26.0  1893   24.0  1951   25.6  2013    67.8  2015    58.7  1986    57.7  2017    67.1  1903   229.8  1967
   25.3  1994   23.2  1908   23.6  1988   21.3  1943   20.3  1979   19.2  1972   21.2  1903   22.8  1924   22.8  1984   26.0  1981   24.0  1979   25.5  1993    67.6  1892    58.4  1921    56.6  1952    67.0  1935   229.8  2017
   25.2  1944   23.0  1995   23.5  1979   21.2  1919   20.2  2022   19.0  2017   21.1  1891   22.8  1918   22.7  1927   25.8  2008   24.0  2021   25.4  2015    67.2  2016    58.4  1916    56.5  1891    66.7  1932   229.7  1926
   25.1  1990   22.8  1998   23.4  1913   21.1  2012   20.2  1921   18.9  1929   21.1  1936   22.7  1951   22.6  1917   25.3  1930   23.9  1971   25.3  1999    66.8  1922    57.9  1992    56.5  1894    66.6  1950   229.4  1928
   25.1  1916   22.7  1905   23.2  1914   21.1  1917   20.1  1926   18.6  1952   21.1  1974   22.6  1982   22.6  1948   25.2  1921   23.8  1944   25.3  1919    66.5  1945    57.5  1904    56.4  1938    66.5  1978   228.7  1943
   25.0  1962   22.1  2024   23.1  1978   21.1  1951   19.6  1892   18.5  2008   20.9  1950   22.5  1960   22.3  1985   25.1  1900   23.7  1906   25.2  1951    66.1  2024    56.7  1897    55.9  1930    66.4  2000   228.7  1934
   24.9  2005   22.1  2014   23.0  1970   20.7  1975   19.5  1955   18.5  1980   20.8  1928   22.4  1988   22.2  1935   25.1  2000   23.7  1972   25.0  1994    65.9  1943    56.7  1899    55.6  1961    66.3  1980   228.7  1925
   24.8  1927   22.1  1943   23.0  1995   20.5  1959   19.4  1934   18.4  1947   20.8  2015   22.4  2024   22.2  1946   24.9  1984   23.6  1981   25.0  1923    65.6  2012    56.6  1922    55.3  2019    66.1  1970   228.1  2004
   24.8  1920   21.9  1918   22.8  1895   20.5  2006   19.0  2005   18.2  1966   20.7  1931   22.0  2017   22.2  1925   24.8  1961   23.6  1943   24.9  2014    65.6  1952    56.5  1995    55.1  2015    65.1  1919   227.5  1904
   24.7  1981   21.7  1945   22.7  1912   20.3  1920   19.0  1898   18.1  1965   20.7  1902   21.9  1989   21.8  2012   24.8  1905   23.6  1928   24.8  1912    65.3  1974    56.3  1926    54.8  1953    64.8  1986   227.2  1998
   24.7  2023   21.7  1916   22.7  1968   20.2  1896   19.0  2007   18.0  2025   20.7  1985   21.9  1934   21.8  1947   24.7  1996   23.5  1903   24.7  1921    65.3  1967    56.3  1913    54.6  1980    64.8  1930   226.4  1896
   24.5  2008   21.6  1937   22.7  2019   20.0  2004   19.0  2006   17.9  2024   20.6  1923   21.8  2014   21.5  1942   24.5  2017   23.5  1923   24.6  1911    65.1  1925    56.3  2015    54.6  1900    64.6  1892   225.7  1892
   24.3  1931   21.5  1946   22.5  1938   19.9  1922   18.9  1958   17.8  1935   20.6  1942   21.8  1894   21.4  1975   24.4  1909   23.4  1919   24.6  1918    65.0  2007    55.9  1932    54.5  2024    64.2  1900   225.1  2015
   23.7  1976   21.1  1906   22.5  2009   19.8  1964   18.8  1904   17.7  1901   20.5  2023   21.8  2009   21.2  1897   24.0  2020   23.4  1912   24.4  2017    64.9  1908    55.1  1994    54.4  1960    64.0  1944   225.1  1979
   23.7  1958   21.0  1933   22.2  1925   19.7  1898   18.7  1922   17.6  1926   20.5  2009   21.8  1893   21.1  1892   23.4  1906   23.3  2001   24.3  2024    64.5  1900    54.6  1909    54.4  1927    63.6  1943   224.2  1927
   23.7  1894   20.9  1910   22.2  1920   19.7  1931   18.2  1908   17.6  1931   20.5  1938   21.8  1961   20.8  1896   23.4  2001   23.3  1905   24.2  2020    64.4  1981    54.6  1949    54.1  1956    63.6  1942   223.8  1949
   23.6  1898   20.9  1939   21.9  1898   19.7  1992   18.1  1913   17.6  1923   20.4  1970   21.7  1943   20.8  1919   23.3  1955   23.2  1982   24.2  1936    64.4  1923    54.4  1908    53.9  1943    63.3  1927   223.2  1952
   23.6  2020   20.5  1893   21.8  1906   19.7  1994   17.9  2009   17.5  1924   20.0  1894   21.6  1950   20.8  1908   23.3  1974   23.1  2006   24.1  1967    64.2  1958    54.3  1943    53.8  1951    63.2  1992   223.1  2020
   23.5  1906   20.4  1992   21.4  1986   19.4  1979   17.9  1976   17.4  1916   20.0  1922   21.5  1905   20.8  1987   23.2  1989   23.1  1978   24.0  1910    64.1  1907    54.1  1907    53.8  1940    63.1  2004   223.0  1918
   23.5  1974   20.4  1935   21.3  1939   19.3  1916   17.9  1931   17.3  1943   20.0  2007   21.4  1958   20.8  1983   23.0  1895   23.1  1969   23.9  1906    63.6  2022    53.8  1963    53.8  1912    63.0  1926   223.0  1990
   23.3  1999   20.4  1915   21.3  1940   19.1  2016   17.8  2002   17.3  1944   19.8  1905   21.4  1910   20.7  1957   22.9  2022   23.1  1910   23.8  1952    63.6  1906    53.7  1917    53.6  1902    62.7  1934   222.9  1899
   23.1  1984   20.4  1920   21.1  1899   18.9  1933   17.8  1995   17.2  2019   19.8  1998   21.2  1956   20.7  1929   22.9  1995   23.1  2015   23.8  1942    63.5  1918    53.3  1910    53.5  2009    62.6  1947   222.8  1931
   22.9  1937   20.3  1914   21.0  1908   18.9  2024   17.8  1966   17.1  1961   19.6  1993   20.8  2019   20.5  1934   22.9  2021   23.0  1973   23.8  1973    63.5  1903    52.9  2009    53.4  1998    62.4  2008   222.7  1902
   22.8  1957   20.2  1922   21.0  2015   18.9  1965   17.7  1897   17.0  1981   19.5  2020   20.8  1898   20.4  1940   22.8  1998   22.9  1913   23.6  1955    63.4  1949    52.8  1896    53.1  1954    62.3  2021   222.5  1917
   22.8  1956   20.0  1958   20.8  1998   18.9  1905   17.7  1956   16.9  1948   19.4  1954   20.7  1917   20.3  2004   22.8  1980   22.9  1914   23.6  2004    63.3  1910    52.8  1977    53.1  1892    62.2  1918   222.4  1921
   22.7  1910   20.0  2016   20.7  1997   18.8  1990   17.6  1909   16.9  1999   19.4  1916   20.5  1901   20.2  1955   22.7  1896   22.9  1904   23.6  1983    63.3  1905    52.7  1914    52.8  2016    62.0  2001   222.3  1924
   22.7  1968   19.9  1970   20.5  1982   18.1  1909   17.5  1973   16.8  2015   19.4  1896   20.4  1952   20.2  1926   22.6  1926   22.7  1996   23.5  1988    63.2  1998    52.7  1945    52.4  1893    61.8  1967   222.3  1970
   22.6  1930   19.7  1904   20.3  1981   18.0  1998   17.3  1943   16.8  1990   19.3  1918   20.4  1906   20.2  1924   22.3  1933   22.7  2009   23.5  1985    63.1  2002    52.3  1900    52.2  1904    61.7  1948   222.2  1992
   22.6  1932   19.6  1951   20.3  2026   18.0  1972   17.1  1907   16.7  1956   19.1  1899   20.2  1912   20.2  1970   22.2  1957   22.7  1953   23.2  1998    62.9  2023    52.0  2005    52.0  1988    61.3  2018   221.9  1944
   22.5  1918   19.6  2009   20.1  1926   17.8  1907   16.9  1967   16.7  1900   19.1  1951   20.0  1949   19.8  1965   22.1  1931   22.7  1977   23.1  1979    62.9  1957    51.3  1990    51.6  1974    61.2  1983   221.1  2009
   22.5  2000   19.5  1973   20.0  1987   17.7  1903   16.9  1938   16.6  1950   18.9  1979   19.9  1897   19.8  1992   22.1  1948   22.6  1930   23.1  1944    62.8  1902    51.3  1983    51.5  1942    61.2  2012   220.6  2011
   22.5  2014   19.4  2005   19.8  1999   17.6  1901   16.8  1910   16.6  1913   18.9  1911   19.9  1922   19.8  1900   22.1  1901   22.5  1974   23.0  1965    62.4  1915    51.2  2011    51.2  1901    61.0  1940   220.0  1930
   22.4  1988   19.3  1941   19.6  1917   17.6  1953   16.8  1964   16.4  1895   18.8  2002   19.8  1933   19.8  1952   22.0  1918   22.5  1929   22.9  1982    62.2  1926    50.9  1985    51.2  1948    61.0  1891   218.8  1891
   22.3  1989   19.2  1892   19.6  1961   17.4  2013   16.7  2014   16.4  2020   18.8  1893   19.6  1953   19.7  1943   22.0  1912   22.3  2007   22.9  1964    62.2  1899    50.8  1966    50.9  2008    60.8  1961   218.4  1999
   22.2  1902   19.0  1960   19.6  2006   17.3  2008   16.7  1932   16.4  1985   18.6  1987   19.4  1915   19.7  1964   22.0  2011   22.2  1959   22.8  1945    62.2  1984    50.6  1940    50.8  1916    60.8  2020   218.3  1988
   22.1  1926   19.0  1907   19.4  1891   17.2  1911   16.7  2019   16.3  1998   18.1  1980   19.4  1896   19.7  1979   21.9  2014   22.1  1922   22.8  1924    62.2  1901    50.6  1998    50.8  2004    60.5  1925   218.3  1894
   22.0  1952   18.8  1954   19.2  2023   17.1  1925   16.4  1969   16.2  1954   18.0  1967   19.2  1940   19.7  1981   21.9  1986   22.1  2012   22.8  1916    62.1  1956    50.4  1938    50.6  2007    60.5  2006   218.2  2008
   21.9  1934   18.5  1996   19.2  1907   17.1  1895   16.4  2013   16.1  1892   17.7  1952   19.0  2007   19.4  1920   21.8  2006   22.0  2013   22.7  1896    61.9  1924    50.4  1950    50.6  1993    60.1  1928   218.1  1951
   21.8  1909   18.4  1952   19.1  2020   16.9  2017   16.3  1891   15.9  1937   17.5  1934   19.0  2005   19.4  2017   21.8  2018   22.0  2004   22.7  1891    61.8  1994    49.8  1895    50.6  2023    59.9  2011   217.7  1974
   21.8  1922   18.4  1949   19.1  2017   16.9  1973   16.2  1962   15.9  1918   17.3  1941   18.9  1928   19.4  2019   21.7  1970   21.7  1998   22.6  2022    61.8  2018    49.6  1915    50.2  2002    59.7  2022   217.6  2000
   21.8  2016   18.3  2007   19.0  1909   16.7  1924   16.1  1965   15.5  1917   17.3  1960   18.9  2011   19.1  1905   21.5  1944   21.7  1949   22.6  1975    61.8  1990    49.5  1930    50.2  1965    59.5  1979   217.4  1986
   21.7  1945   18.2  1961   18.7  1916   16.7  1906   15.9  1949   15.5  1987   17.3  1992   18.8  1921   19.0  1995   21.2  1966   21.3  2025   22.5  1956    61.7  1975    49.4  1989    50.1  1905    59.4  1896   217.3  1920
   21.7  1986   18.1  1901   18.7  1951   16.4  1996   15.9  2021   15.3  1959   17.3  1933   18.6  1963   19.0  1911   21.1  1916   21.3  1911   22.4  2023    61.7  1946    49.4  1999    49.9  1979    59.3  1957   217.2  1895
   21.6  1939   18.1  1974   18.7  1934   16.2  1967   15.9  1944   15.3  1957   17.3  1966   18.6  1964   18.9  1988   21.0  1941   21.3  2008   22.4  1894    61.5  1983    49.3  1912    49.9  1964    59.0  1952   217.1  1919
   21.6  2022   18.0  1962   18.5  1919   16.1  1930   15.8  1970   15.3  1930   17.3  2019   18.5  1990   18.9  1962   21.0  1925   21.2  1927   22.3  1925    61.5  1927    49.1  2002    49.9  1909    59.0  1969   217.0  1908
   21.5  1893   17.9  1950   18.4  1915   16.0  1926   15.7  1905   15.3  1971   17.3  1959   18.5  1926   18.9  1963   20.9  1949   21.2  1894   22.2  2012    61.4  1968    49.0  1968    49.8  1931    59.0  2009   216.8  1912
   21.5  2024   17.9  1911   18.3  1977   16.0  1929   15.7  1900   15.2  1908   17.1  1906   18.4  1902   18.8  1961   20.9  2004   21.1  1916   22.0  1908    61.4  1988    48.9  1944    49.8  1915    58.6  1966   215.2  1994
   21.5  1936   17.8  1926   18.2  1944   16.0  2005   15.5  1927   15.1  2001   17.0  1948   18.4  2023   18.7  1944   20.9  1919   21.0  1950   22.0  1959    61.3  1939    48.8  1924    49.8  1934    58.5  1963   215.2  1929
   21.5  1951   17.8  2011   18.1  1971   15.9  2010   15.4  1996   15.0  2011   16.9  1986   18.4  1927   18.5  1898   20.8  1968   20.7  1984   21.8  2019    61.0  1993    48.6  2004    49.6  1941    58.0  1977   214.9  1932
   21.5  1919   17.8  1928   18.1  2007   15.8  1946   15.4  1914   15.0  1898   16.7  1981   18.3  1909   18.5  1990   20.8  1982   20.7  1946   21.7  1922    60.9  2004    48.5  1947    49.4  1935    58.0  1906   214.9  1909
   21.4  1908   17.7  1953   18.1  1963   15.8  1995   15.4  1903   14.9  1976   16.7  1961   18.2  2013   18.3  2023   20.8  2009   20.5  1980   21.7  1928    60.9  1950    48.3  2014    49.3  1992    57.7  1995   214.8  1910
   21.2  1891   17.6  1957   18.0  1901   15.7  1948   15.4  1930   14.9  1964   16.7  2017   18.1  1980   18.3  2016   20.6  1958   20.5  1963   21.7  1931    60.4  1951    47.9  1973    48.9  1926    57.6  1904   214.6  2007
   21.2  1907   17.5  1967   18.0  1957   15.7  1986   14.9  1971   14.7  1911   16.5  1914   17.9  1919   18.3  1937   20.4  1907   20.4  1966   21.6  1926    60.3  1960    47.9  1931    48.8  1898    57.4  2013   214.4  1948
   21.1  1915   17.4  2012   18.0  1930   15.5  1945   14.9  1912   14.7  1993   16.4  1945   17.8  2018   18.0  1986   20.3  1943   20.4  2020   21.4  1897    60.0  1955    47.5  2007    48.8  1957    57.2  1955   213.9  2014
   21.0  2012   17.1  1900   17.9  1950   15.5  1958   14.7  1893   14.6  1973   16.4  1964   17.8  2008   17.9  2005   20.2  2013   20.2  1926   21.3  1941    59.9  1953    47.5  1919    48.8  2014    57.0  1998   213.7  1935
   20.9  2018   17.1  1955   17.9  1922   15.5  2000   14.5  1953   14.6  1894   16.4  1930   17.6  1942   17.8  1921   20.2  1978   20.2  1952   21.0  1914    59.8  1962    47.2  1976    48.7  1966    57.0  1991   213.4  2024
   20.9  2003   16.8  1924   17.8  2002   15.5  1961   14.5  1940   14.6  2003   16.4  1925   17.5  1954   17.7  1902   20.1  2023   20.0  1893   20.9  1895    59.5  1893    47.1  1958    48.6  1987    56.7  1909   212.5  1957
   20.8  1899   16.7  2001   17.8  2000   15.4  1963   14.4  1952   14.5  1960   16.3  1929   17.5  1965   17.6  2007   20.0  1928   19.8  1994   20.9  1930    59.5  1935    47.0  1982    48.5  1897    56.6  2025   212.4  2019
   20.7  1895   16.7  2015   17.6  1985   15.3  1969   14.4  1948   14.5  2016   16.3  1969   17.5  2015   17.4  1999   19.6  2025   19.8  2022   20.8  1971    59.1  1911    46.8  2019    48.5  2001    56.6  1898   212.4  1897
   20.6  1905   16.7  1948   17.4  1927   15.2  1999   14.3  1999   14.5  1962   16.2  1956   17.5  1974   17.4  1994   19.6  2002   19.8  1907   20.8  1990    59.1  1976    46.6  1951    48.5  1962    56.5  2023   211.5  1961
   20.6  1942   16.6  2019   17.4  1932   15.2  1908   14.3  1929   14.5  1979   16.2  1921   17.4  1957   17.3  1938   19.5  1976   19.6  2005   20.7  1984    58.7  1912    46.4  1997    48.4  1959    56.3  1996   211.4  1901
   20.6  1948   16.5  2017   17.3  1991   15.1  1936   14.2  1974   14.5  1968   16.1  1957   17.4  1998   17.2  1973   19.5  1936   19.5  1901   20.7  1940    58.7  2008    46.2  1965    48.4  1936    56.1  1999   211.4  2022
   20.6  1969   16.5  2008   17.0  2021   15.1  1935   14.2  1954   14.5  1897   16.0  2001   17.4  2001   17.0  1966   19.5  1969   19.4  1975   20.6  1899    58.5  1914    46.1  2008    48.3  1917    56.0  1949   211.1  2012
   20.5  1978   16.5  2018   17.0  2014   15.0  1923   14.1  1987   14.4  1902   15.9  1975   17.3  1948   17.0  2022   19.4  1927   19.4  1898   20.5  1913    57.1  1919    46.0  2010    48.1  1911    56.0  1911   210.9  1914
   20.5  1904   16.4  2004   17.0  2005   15.0  1956   14.0  1968   14.1  1899   15.8  1907   17.0  2000   17.0  1977   19.3  1999   19.4  1999   20.5  1957    56.6  2021    45.9  2017    47.9  1920    55.8  1973   210.6  2023
   20.4  1979   16.4  1912   16.9  2010   14.9  2001   13.8  2020   14.0  1904   15.4  2012   17.0  2012   16.8  1930   19.2  1956   19.4  1941   20.3  1962    56.5  1936    45.9  2000    47.8  1990    55.7  1987   210.3  1915
   20.4  1903   16.3  1944   16.8  1945   14.8  1940   13.6  1982   13.9  2005   15.1  1937   16.9  1935   16.6  1945   19.2  1963   19.4  1908   20.3  1997    56.4  1930    45.6  1892    47.4  1991    55.7  1895   210.2  1985
   20.4  1967   16.0  1897   16.6  1993   14.8  2018   13.6  1918   13.7  1914   14.9  1943   16.8  1936   16.6  1928   19.1  1891   19.3  1967   20.3  1907    56.4  1944    45.6  1894    47.3  1906    55.6  1921   209.8  1966
   20.2  1959   15.7  2026   16.3  2024   14.8  1892   13.6  1993   13.6  1967   14.7  1935   16.5  1979   16.6  2000   19.0  1952   19.3  1931   20.1  1960    56.4  2009    45.4  2016    47.2  2020    55.2  1916   209.3  1980
   20.2  1965   15.7  1936   16.3  1893   14.8  1944   13.5  1942   13.6  1963   14.6  2008   16.5  1986   16.5  2010   18.9  1987   19.3  1960   20.1  1904    56.0  1909    45.4  1955    46.9  1939    55.0  1953   208.8  1981
   20.2  1924   15.7  1956   16.3  1976   14.8  1913   13.5  1981   13.5  2000   14.5  1965   16.3  1993   16.5  1953   18.8  1904   19.3  1900   20.0  2006    55.9  1954    45.2  1939    46.8  1933    55.0  1897   208.8  1956
   20.1  2002   15.6  2023   16.2  2011   14.7  1960   13.3  1997   13.4  2012   14.5  1991   16.3  1914   16.5  1969   18.8  1950   19.1  1909   19.9  1958    55.8  1942    45.2  1923    46.7  1919    54.9  1971   208.8  1946
   20.1  1998   15.5  1923   16.2  1937   14.5  2014   13.3  2010   13.3  1942   14.3  1995   16.2  2004   16.4  1903   18.7  1992   18.8  2003   19.7  1948    55.6  1965    44.9  2021    46.7  1945    54.7  1912   208.6  1911
   20.0  1943   15.5  1984   16.1  1928   14.5  1939   13.1  1917   13.0  1974   14.3  1958   16.2  2010   16.4  2020   18.7  1898   18.6  1891   19.7  1909    54.7  1904    44.9  1911    46.5  1914    54.2  1901   207.8  1942
   19.7  2019   15.2  1993   16.0  1952   14.4  1991   13.0  1983   13.0  1983   14.3  1968   16.0  1978   16.4  2003   18.6  1902   18.5  1920   19.6  1934    54.5  1948    44.8  1975    46.5  1963    53.9  1931   207.8  2005
   19.6  2011   15.1  1927   16.0  2004   14.4  1928   12.9  1989   12.9  1939   14.2  1963   15.9  1959   16.0  1991   18.4  2019   18.3  1897   19.5  2016    54.2  1938    44.8  1961    46.3  1910    53.7  2007   207.5  1940
   19.5  1935   14.9  1987   15.9  1911   14.4  1993   12.9  1947   12.9  1978   14.2  1927   15.8  1925   15.9  1904   18.3  1977   18.3  1935   19.3  1902    53.9  1933    44.7  1988    46.2  2010    53.7  1994   207.2  1962
   19.4  2021   14.9  1977   15.8  1949   14.2  2015   12.7  1992   12.8  2014   14.2  2014   15.8  2006   15.9  1922   18.3  1990   18.2  1985   19.3  1950    53.7  1896    44.7  2024    46.1  1981    53.5  2005   206.1  1982
   19.3  1960   14.7  1969   15.8  2016   14.2  1902   12.7  2004   12.8  1997   14.1  2003   15.7  1944   15.8  1967   17.9  1913   18.2  2023   19.3  1935    53.6  2019    44.6  1901    46.0  1921    53.0  1913   205.8  1983
   19.1  2009   14.6  1968   15.8  1975   14.2  1957   12.6  1972   12.7  2022   14.1  1897   15.6  2016   15.8  1895   17.9  1971   18.0  2010   19.2  2000    53.6  1961    44.6  1993    46.0  1967    52.9  1985   205.8  2016
   19.0  1971   14.4  1934   15.8  1943   14.2  1983   12.6  2000   12.5  1989   14.1  2024   15.5  1973   15.6  2025   17.8  2024   17.8  2002   19.1  1992    53.5  1897    44.5  1891    45.9  1958    52.8  1964   205.2  1973
   18.9  1925   14.3  1938   15.5  1935   14.1  1914   12.3  1941   12.5  1903   14.1  1997   15.2  1908   15.6  2006   17.8  2010   17.7  2016   19.1  1917    53.4  1913    44.5  1933    45.9  2012    52.7  1914   205.0  1953
   18.8  1896   14.2  1971   15.2  1900   13.5  2002   12.2  1991   12.5  1977   14.0  1908   14.9  1938   15.5  1914   17.7  1899   17.6  1956   19.0  2003    53.3  1928    44.5  1948    45.1  1994    52.3  1939   204.9  1939
   18.8  1954   14.0  1896   15.2  1980   13.3  1955   12.1  1928   12.1  1969   13.9  2004   14.9  1932   15.5  2021   17.3  2012   17.6  1936   19.0  1905    53.0  1980    44.4  1971    45.1  1989    52.3  2010   204.8  2006
   18.4  1953   14.0  1902   15.1  1954   13.1  1897   11.9  1985   12.1  1951   13.7  1999   14.8  1900   15.5  2009   17.2  1960   17.6  1915   18.9  1970    52.7  1921    44.0  1991    45.0  2025    52.2  2019   204.7  1995
   18.1  1977   14.0  1980   15.0  1894   13.0  1976   11.8  1998   11.9  1893   13.7  2022   14.5  1969   15.4  2008   17.1  1894   17.5  1964   18.8  1938    52.5  1932    43.8  1959    44.8  2011    52.2  1975   204.4  1945
   17.8  1914   13.9  1942   15.0  1962   12.9  1941   11.8  1911   11.8  1949   13.5  1910   14.5  1987   15.3  2001   16.8  1988   17.4  1962   18.4  1953    52.4  1987    43.7  1962    44.4  1908    52.1  1990   202.1  1958
   17.8  1912   13.8  1982   14.8  1910   12.9  1982   11.7  1899   11.6  1984   13.5  1996   14.5  1911   15.2  2013   16.6  2003   17.4  1892   18.4  2001    52.2  1970    43.5  1957    44.4  1944    52.0  1902   202.0  1965
   17.4  2013   13.7  2010   14.6  2025   12.8  1952   11.6  2012   11.6  2007   13.4  1904   14.4  1967   15.0  1956   16.6  1993   17.3  1925   18.0  1939    52.1  1941    43.5  2012    44.4  1972    51.9  1956   200.5  1993
   17.4  1946   13.6  1966   14.5  1904   12.8  2022   11.6  1933   11.6  2023   13.1  1892   14.3  2025   14.8  1960   16.6  1991   17.2  1961   17.8  1946    52.1  2017    43.4  1964    44.1  1932    51.9  2003   200.4  2002
   17.3  1911   13.5  1978   14.4  2018   12.5  1962   11.4  1936   11.4  1996   13.0  1898   14.2  1920   14.4  1997   16.5  1994   17.0  1948   17.7  2007    52.0  1971    43.3  1952    44.0  1937    51.9  1988   200.2  1936
   17.3  1950   13.3  1913   14.3  1948   12.4  2009   11.3  1957   11.4  1910   12.9  1901   14.2  1996   14.4  1915   16.3  1940   16.8  1895   17.7  2008    51.9  1973    43.3  1893    43.8  1949    51.8  1907   200.0  1989
   17.3  1955   13.0  1981   14.1  1946   12.4  1997   11.1  1937   11.3  2009   12.9  1978   14.1  1994   14.1  1976   16.1  2005   16.6  1976   17.5  1969    51.8  2011    43.2  1987    42.9  1969    51.8  1962   199.2  1978
   17.2  2010   13.0  2021   14.0  1933   12.3  1893   10.6  2016   11.2  1955   12.8  1926   14.0  1916   14.0  1989   15.8  1979   16.4  1957   17.4  1932    51.7  1895    43.1  1972    42.6  1973    51.6  1908   196.7  2001
   16.7  1901   12.9  1899   13.9  1984   12.3  2023   10.5  2001   11.2  1953   12.7  2025   13.8  1991   13.8  2024   15.8  1953   16.2  1965   17.4  1892    51.6  1959    42.9  2013    42.4  1925    51.4  1941   196.0  1969
   16.5  1982   12.9  2006   13.6  1947   12.2  1968   10.4  1977   11.2  2013   12.7  1947   13.7  1972   13.8  1951   15.7  1911   16.1  1988   17.3  2018    51.5  2013    42.7  2003    42.2  1970    51.4  1951   195.9  2013
   16.2  1972   12.9  1891   13.5  1973   12.2  1989   10.1  1950   11.0  1921   12.5  2018   13.5  2022   13.4  1949   15.6  1924   16.1  1987   17.3  1947    51.2  2025    42.7  2022    42.2  1899    51.4  1960   195.1  1960
   16.1  2017   12.8  1976   13.5  2001   12.2  1984   10.0  2025   11.0  2006   12.5  1973   13.4  1970   13.3  1936   15.6  1973   16.0  2018   17.1  2021    50.1  1986    42.6  2020    41.9  2005    51.1  1922   193.7  2018
   15.9  1980   12.4  1965   13.4  1936   12.1  1954   10.0  2018   10.8  1975   12.4  1990   13.1  1966   13.3  1909   15.5  1964   15.9  1997   17.1  2009    50.0  1969    42.6  1928    41.8  1978    50.9  1924   193.2  1977
   15.7  1973   12.2  2025   13.3  1959   12.0  2021    9.9  1895   10.7  1920   12.2  2006   13.0  1937   13.2  1971   15.5  1959   15.9  1934   17.0  1976    50.0  1977    41.9  1956    41.5  1986    50.4  1936   192.6  1959
   15.5  1933   12.1  1909   12.7  1958   11.7  1912    9.9  1959   10.6  1936   12.1  1912   12.9  1971   13.0  1916   15.5  1962   15.9  1995   16.8  1961    49.5  1978    41.6  1981    40.8  2013    50.3  1976   192.1  1913
   15.4  1917   12.1  1972   12.6  1955   11.4  1988    9.9  2017   10.5  1934   12.1  1976   12.8  1939   12.6  1901   15.5  1897   15.9  1942   16.8  1972    49.2  1997    41.4  1954    40.6  1999    49.9  1965   192.1  1971
   15.2  1961   11.9  2013   12.5  1972   11.3  1971    9.8  1961   10.3  1940   12.1  1917   12.4  1981   12.6  1958   15.4  1947   15.9  1896   16.5  2025    49.2  1972    41.3  1978    40.2  2003    48.2  1989   191.6  1964
   15.2  1913   11.6  1921   12.3  1941   11.3  1921    9.8  1915   10.2  1891   11.9  1949   12.3  1997   12.5  1931   15.3  1997   15.7  1932   16.1  2005    49.0  1917    41.2  1969    40.0  1968    48.0  1937   191.3  1975
   15.2  1991   11.4  1991   11.9  2003   11.1  2011    9.7  1988   10.2  1925   11.5  1972   12.1  1975   12.5  1998   15.0  1937   15.7  1902   15.6  1978    48.1  1992    40.8  1953    39.9  2022    47.7  1946   191.3  1941
   15.0  2026   11.4  1959   11.3  1965   11.0  1938    9.4  2024   10.2  1958   11.4  1944   11.8  2021   12.2  1913   14.7  1945   15.4  1990   15.5  1977    48.1  2001    40.7  2023    39.2  1996    47.4  2014   190.4  1984
   14.8  1897   11.1  1919   11.2  1942   10.4  2007    9.4  1939    9.9  1909   11.4  2013   11.5  1931   12.1  1939   14.3  1939   15.4  2014   15.4  1991    47.9  2010    40.6  1996    39.2  1997    47.4  1910   190.4  1991
   14.7  1970   11.0  1994   11.1  1892   10.1  1980    9.3  2023    9.9  1906   11.3  1994   11.5  2003   12.0  1968   14.3  1914   15.3  1918   15.2  1987    47.3  1991    39.9  1936    38.9  2006    46.7  1959   189.9  2010
   14.7  2025   10.9  1983   10.9  1924   10.0  1937    9.0  1901    9.7  1933   10.9  2011   11.3  2020   11.6  1907   13.9  2007   15.1  1924   15.1  1920    47.3  1966    39.2  2018    38.9  2000    46.4  1920   189.4  1987
   14.5  1947   10.9  1917   10.8  2012    9.9  1942    8.8  1990    9.3  1995   10.8  1962   11.3  1968   11.0  1941   13.9  1965   15.0  2011   14.9  1943    47.2  2026    38.9  2001    38.8  1971    46.4  2002   188.3  1937
   13.5  1985   10.2  1940   10.6  1918    9.7  2020    8.8  1978    8.8  1992   10.8  1977   10.7  2002   10.8  1906   13.6  1910   14.9  1933   14.7  1968    46.9  1934    38.2  1935    38.8  1975    46.3  2016   186.3  1997
   13.3  2006    9.5  1964   10.3  1931    9.6  1918    8.5  1960    8.8  1905   10.7  1971   10.7  1977   10.8  1993   13.6  1951   14.8  1937   14.6  1903    44.9  1979    37.8  1946    38.6  2018    46.3  2024   186.1  1963
   13.1  1964    9.4  1929   10.0  1974    9.5  2003    8.4  1975    8.4  1970   10.6  1989   10.3  1945   10.7  1910   13.1  1922   14.7  2024   14.5  1996    44.4  1982    37.5  1941    38.2  1982    45.9  1894   185.7  2021
   13.0  1929    9.4  2003    9.7  2022    9.5  1978    7.9  1946    8.4  2010    9.9  1982   10.0  1999   10.1  2014   12.6  2015   14.5  2019   14.5  1937    44.2  1929    37.3  1937    33.9  1977    45.6  1997   184.9  1955
   12.3  1992    8.9  1979    9.5  1969    9.3  1894    7.8  1896    8.4  2021    9.8  1984    9.4  1983    9.9  2015   12.4  1985   13.8  1983   14.4  2010    42.4  2006    35.9  1929    33.9  1913    45.6  2015   184.5  1968
   12.2  1941    8.6  1895    9.2  1956    9.1  1987    7.8  1919    8.2  2018    9.1  2005    9.4  1913    9.3  1912   11.8  1915   13.7  1955   14.1  1981    41.6  1985    34.5  1942    33.0  1947    45.4  1958   184.1  2003
   12.2  2001    8.1  1932    9.1  2013    9.0  1966    7.6  1935    8.1  1915    8.7  2021    8.9  1899    9.0  1959   11.4  1908   12.6  1921   13.0  1963    40.3  2003    33.8  1918    32.4  1995    44.5  1933   182.9  1933
   11.8  1996    7.5  1985    8.9  1923    8.8  1891    7.4  1994    8.1  1986    8.6  1983    8.7  1995    9.0  2002   11.3  1975   12.2  1958   10.8  1989    39.6  1996    32.8  1984    31.7  1976    43.8  1915   182.7  1976
   11.7  1987    7.0  1975    8.8  1996    7.9  1981    6.8  1951    8.1  1941    8.3  2000    8.6  1984    9.0  1972   10.8  1972   11.0  1989   10.6  1933    39.3  1940    31.9  2025    31.1  1983    43.5  1968   182.2  1947
   11.2  1940    6.3  1930    8.7  1953    7.5  2019    6.8  1984    8.0  1932    7.9  1913    8.2  1955    8.9  1996   10.4  2016   10.6  1968   10.0  2002    38.6  1947    31.7  1980    30.0  1984    43.4  1972   180.9  1996
   10.7  1966    6.2  1947    7.7  1960    7.3  2025    6.5  1980    6.2  1988    6.9  1919    4.6  1976    7.6  1894    8.5  1920   10.4  1993    9.3  1995    35.7  1964    30.9  1960    28.9  2021    38.8  1945   176.9  2025
   10.4  1997    4.9  1986    6.8  1964    2.3  1974    4.5  2008    5.7  1982    4.9  1955    2.0  1947    7.3  1933    4.9  1946    7.5  1945    7.5  1927    34.6  1963    26.5  1974    24.3  1955    37.8  1993   176.0  1972
   10.1  1963    4.2  1963    5.5  1929    ---  2026    ---  2026    ---  2026    ---  2026    ---  2026    ---  2026    ---  2026    ---  2026    ---  2026     ---  1891     ---  2026     ---  2026     ---  2026     ---  2026
