Areal values from HadUK-Grid 1km gridded climate data from land surface network
Source: Met Office National Climate Information Centre
Monthly, seasonal and annual mean air temperature for Scotland W
Areal series, starting in 1884
Last updated 01-Apr-2026 11:34
    jan  year    feb  year    mar  year    apr  year    may  year    jun  year    jul  year    aug  year    sep  year    oct  year    nov  year    dec  year     win  year     spr  year     sum  year     aut  year     ann  year
    6.1  1989    6.7  1998    7.4  2012    9.6  2011   12.8  2024   15.2  2023   15.9  2006   16.1  1947   13.6  2006   11.2  2001    8.3  1994    6.5  1988    5.66  1989    8.80  2025   14.47  1995   10.31  2006    9.17  2025
    5.9  1898    5.7  2023    7.1  1938    9.3  2007   11.7  2008   14.1  1940   15.8  2013   15.9  1995   13.4  2021   11.2  1969    8.2  2011    6.3  2015    5.03  1998    8.66  2024   14.44  2023   10.19  2011    9.12  2022
    5.8  1916    5.6  2019    7.0  1957    8.8  2025   11.2  2017   13.9  1970   15.8  2021   15.6  1997   13.4  2023   11.0  1908    7.9  1899    6.2  1924    5.03  2007    8.25  2014   14.43  2025   10.19  2022    9.10  2023
    5.3  2007    5.3  2024    6.8  1945    8.6  2014   11.2  1919   13.9  2018   15.4  1983   15.4  1975   13.2  1949   10.8  1959    7.7  2022    6.2  2016    4.97  2017    8.23  2017   14.37  2003   10.04  2021    9.02  2014
    5.3  1932    5.2  1903    6.7  1961    8.5  2003   11.2  2018   13.6  1992   15.3  1901   15.1  1955   13.2  1958   10.7  1995    7.2  2020    6.2  1971    4.80  2014    8.12  2007   14.36  2021    9.88  2014    8.83  2007
    5.2  2020    5.2  1918    6.6  1948    8.2  2009   11.1  1959   13.6  1960   15.3  2018   15.1  2004   13.2  2016   10.6  2006    7.2  1997    6.2  1934    4.77  2022    8.07  2022   14.25  2006    9.77  2001    8.81  2024
    5.2  2022    5.1  1945    6.5  2025    8.0  2019   11.1  2025   13.5  2010   15.2  1976   15.1  2025   13.0  1941   10.6  1921    7.2  1953    6.1  1898    4.76  1932    8.04  2011   14.23  1976    9.73  1959    8.80  2006
    5.1  1923    5.1  1961    6.3  1990    8.0  1893   11.1  1992   13.4  1933   15.1  1934   14.8  1899   13.0  1999   10.4  2022    7.1  1938    6.0  1900    4.71  2020    7.99  2003   14.17  2018    9.59  1949    8.69  2004
    4.9  1990    5.1  1943    6.2  1997    8.0  2020   11.1  2023   13.4  2020   15.1  1991   14.8  2003   13.0  1895   10.4  2005    7.1  2015    5.8  1974    4.69  1975    7.96  1959   14.17  1933    9.58  1978    8.65  2003
    4.9  1921    5.0  1993    6.1  2017    7.9  1944   10.9  1896   13.3  1887   15.1  2025   14.7  1983   12.9  2014   10.3  1978    7.1  2003    5.8  2013    4.63  1925    7.96  1893   14.06  2019    9.58  1945    8.64  1997
    4.9  1944    4.8  2022    6.0  2005    7.8  1943   10.8  2022   13.3  2014   15.1  2019   14.6  1911   12.6  1890   10.2  1977    7.0  2014    5.7  2024    4.58  1935    7.84  1945   14.03  1947    9.53  1995    8.64  1949
    4.9  2002    4.8  1914    6.0  2000    7.8  2004   10.8  1960   13.3  2016   15.1  1955   14.6  2019   12.6  2005   10.2  1968    6.8  1894    5.6  1921    4.58  2019    7.79  2009   14.00  2022    9.52  1908    8.63  2020
    4.9  2005    4.7  2008    5.9  2022    7.8  1894   10.8  2001   13.2  2003   15.1  2003   14.6  1984   12.5  1933   10.1  2017    6.8  1897    5.5  1905    4.53  1943    7.78  1960   13.98  2013    9.44  1999    8.62  2005
    4.8  1983    4.7  1990    5.9  2003    7.8  1914   10.8  1889   13.2  1899   15.0  1989   14.6  2022   12.5  1898   10.1  2013    6.8  1978    5.5  1953    4.53  1949    7.76  1961   13.95  1899    9.41  1958    8.60  2011
    4.7  1974    4.7  2017    5.9  1998    7.7  1960   10.8  1911   13.1  1893   15.0  1933   14.5  1976   12.5  2022   10.1  2011    6.7  1920    5.4  1931    4.49  2005    7.76  2004   13.91  1955    9.37  1953    8.59  2017
    4.6  1975    4.6  2012    5.8  1950    7.7  1952   10.7  1893   13.1  2025   15.0  1995   14.5  2002   12.5  1998   10.0  2021    6.7  2004    5.3  1942    4.45  2016    7.76  1952   13.91  1997    9.35  2005    8.58  2019
    4.5  1925    4.6  1934    5.8  2014    7.7  1955   10.6  1952   13.1  2006   14.9  2014   14.4  1959   12.5  1945    9.9  2007    6.7  2002    5.3  1956    4.44  1923    7.75  1999   13.90  1983    9.32  2023    8.51  2002
    4.4  1884    4.6  1896    5.8  2024    7.6  1926   10.6  1964   13.1  2009   14.6  2022   14.3  2023   12.4  2000    9.8  1949    6.7  2007    5.3  2025    4.40  2024    7.73  2023   13.86  1975    9.31  2009    8.50  1959
    4.4  1976    4.6  1949    5.8  2019    7.6  1987   10.6  1940   13.0  2021   14.5  1921   14.3  1991   12.3  2011    9.7  1945    6.7  2018    5.2  2006    4.39  2008    7.71  1997   13.73  2009    9.30  2007    8.49  2021
    4.4  2008    4.6  1891    5.7  2021    7.5  1999   10.5  2016   13.0  1988   14.5  1926   14.2  2021   12.3  2004    9.7  2014    6.7  2021    5.1  1954    4.37  2025    7.68  1990   13.68  2014    9.20  1938    8.46  2016
    4.3  1949    4.6  2002    5.7  2026    7.5  1946   10.5  1953   13.0  1976   14.4  2008   14.2  1893   12.3  1959    9.7  2024    6.7  2006    5.0  1983    4.36  1976    7.66  1948   13.66  2004    9.17  1951    8.43  1999
    4.3  1934    4.6  1939    5.7  1959    7.5  1997   10.5  1999   13.0  2005   14.4  1925   14.2  2020   12.2  1955    9.6  1996    6.7  2001    5.0  2018    4.30  2026    7.65  1992   13.65  1984    9.13  2025    8.41  1953
    4.3  1906    4.6  2007    5.7  1991    7.5  2022   10.4  1998   13.0  1905   14.3  1999   14.1  1969   12.2  1961    9.6  2009    6.7  1948    4.9  2004    4.30  1898    7.64  2012   13.63  1911    9.12  2015    8.41  1945
    4.3  1890    4.5  1926    5.6  2002    7.5  1949   10.4  1990   12.9  2007   14.3  2009   14.1  2012   12.2  1971    9.5  1989    6.7  1951    4.9  1975    4.26  2012    7.64  2020   13.61  1893    9.06  2020    8.38  2018
    4.2  2014    4.5  1920    5.6  1933    7.4  1961   10.4  2004   12.9  1950   14.3  1905   14.1  1916   12.2  2009    9.5  1971    6.6  1955    4.9  2019    4.14  2002    7.63  2002   13.57  1949    9.05  2004    8.37  1921
    4.2  1905    4.5  2026    5.6  2007    7.4  1945   10.4  2014   12.9  1889   14.3  1997   14.1  1944   12.2  2002    9.5  2025    6.5  1945    4.8  1910    4.10  1972    7.62  1957   13.55  2016    9.00  1997    8.36  1998
    4.2  1996    4.5  1997    5.6  1943    7.4  2024   10.4  1918   12.9  1953   14.2  1984   14.1  1939   12.1  1936    9.4  1947    6.5  1906    4.7  1998    4.08  1974    7.62  2019   13.49  2005    8.98  2024    8.36  2009
    4.1  2000    4.4  1992    5.4  1935    7.3  2002   10.3  1947   12.8  1896   14.2  1982   14.1  1933   12.1  1929    9.4  1990    6.5  1917    4.7  2023    4.06  1999    7.55  1933   13.49  1925    8.98  1906    8.36  1990
    4.1  2004    4.4  2014    5.4  1992    7.3  1993   10.3  1978   12.8  2022   14.2  1927   14.0  1996   12.1  1980    9.4  1979    6.4  1939    4.7  1941    4.06  1992    7.52  2008   13.48  1934    8.97  1994    8.29  2000
    4.1  2023    4.4  2000    5.3  2009    7.3  1912   10.3  1901   12.7  2017   14.2  1911   14.0  2008   12.1  1901    9.3  1898    6.4  1995    4.7  1997    4.05  1957    7.48  1896   13.46  1959    8.97  1920    8.28  2008
    4.0  1993    4.4  1928    5.3  1966    7.3  2023   10.3  1970   12.7  1925   14.1  1977   14.0  2013   12.1  2010    9.3  2023    6.4  1913    4.7  1918    4.02  2023    7.48  1943   13.46  2020    8.95  1971    8.22  1995
    4.0  2012    4.3  2011    5.3  1923    7.3  1933   10.2  1895   12.7  1949   14.1  1975   13.9  1990   12.0  1996    9.2  1958    6.4  1931    4.7  1932    3.98  1921    7.40  1938   13.42  2008    8.95  1941    8.21  1898
    4.0  2017    4.3  2025    5.3  1927    7.3  1980   10.1  2020   12.7  1900   14.1  1949   13.9  1949   12.0  1953    9.2  1962    6.3  1908    4.7  1893    3.98  1906    7.39  1998   13.42  2010    8.94  1898    8.19  1971
    4.0  1926    4.3  1989    5.2  1936    7.3  2017   10.1  1908   12.7  1963   14.1  1923   13.9  1917   12.0  2019    9.2  1920    6.3  1924    4.7  1911    3.97  1993    7.36  2000   13.30  1982    8.87  1968    8.19  1933
    4.0  2016    4.2  1946    5.2  1893    7.2  1937   10.1  2000   12.6  1966   14.1  1945   13.9  2016   11.9  1956    9.2  1943    6.3  1902    4.7  1994    3.95  1911    7.36  2005   13.28  1926    8.85  2017    8.18  1934
    4.0  1937    4.2  1908    5.2  1999    7.2  1896   10.0  1937   12.6  1906   14.0  1994   13.9  1945   11.9  1939    9.2  1985    6.2  2025    4.6  1972    3.92  1899    7.23  1991   13.25  1945    8.85  1921    8.18  1938
    3.9  1938    4.1  1971    5.1  1929    7.2  2010    9.9  1980   12.6  2004   14.0  1944   13.8  2009   11.9  1981    9.2  1999    6.2  1986    4.6  1948    3.91  1990    7.21  1912   13.23  1989    8.84  1913    8.15  1989
    3.9  1928    4.1  1974    5.1  1912    7.2  2005    9.9  1989   12.6  1934   14.0  2005   13.8  2000   11.9  1906    9.2  2015    6.1  2009    4.6  1977    3.89  2004    7.15  2016   13.20  1960    8.81  2013    8.14  1943
    3.9  1957    4.1  1967    5.1  2004    7.2  1942    9.9  2002   12.5  1932   13.9  1900   13.8  1937   11.9  2003    9.1  1951    6.1  1983    4.6  1922    3.85  1905    7.13  1981   13.20  1991    8.81  1947    8.12  1948
    3.8  1950    4.0  1982    5.1  1981    7.1  1982    9.9  1890   12.5  1995   13.9  1887   13.8  1906   11.8  1966    9.1  2016    6.1  1999    4.6  1984    3.82  1934    7.11  1993   13.19  1935    8.76  1899    8.10  1957
    3.8  1998    4.0  1921    5.1  2016    7.1  2018    9.9  1981   12.5  1982   13.9  1917   13.8  1970   11.8  1938    9.1  1954    6.1  1981    4.4  1980    3.81  1944    7.11  1946   13.19  1932    8.74  2003    8.09  1975
    3.8  1964    4.0  2020    5.0  1956    7.1  1948    9.8  2009   12.4  1936   13.8  1990   13.7  2006   11.8  1934    9.0  1972    6.1  1959    4.4  1991    3.80  1971    7.09  2018   13.18  1969    8.73  1948    8.08  1893
    3.8  1896    3.9  1905    5.0  1977    7.1  1957    9.8  2011   12.4  2019   13.8  1899   13.7  1897   11.7  1946    9.0  1963    6.1  1946    4.4  1985    3.79  1922    7.02  1964   13.17  2002    8.72  2002    8.07  2015
    3.7  1935    3.9  1897    5.0  1907    7.0  1964    9.8  1988   12.4  1891   13.8  2010   13.7  1935   11.7  1951    9.0  1965    6.0  1984    4.4  1888    3.77  2006    7.02  1944   13.17  1905    8.70  2018    8.06  1988
    3.7  1999    3.8  1935    5.0  1894    7.0  1959    9.7  1939   12.3  1895   13.8  2023   13.7  1936   11.7  1947    8.9  1953    6.0  1928    4.4  1912    3.75  1973    7.00  1939   13.16  1917    8.70  1955    8.06  1983
    3.7  1904    3.8  1995    5.0  1952    7.0  1898    9.7  1933   12.3  1968   13.8  1941   13.7  1884   11.7  1917    8.9  1886    6.0  1916    4.4  1959    3.74  1937    6.93  1949   13.16  1944    8.70  2016    8.06  2013
    3.7  1911    3.8  1953    5.0  1983    7.0  1974    9.7  2012   12.3  1910   13.7  1947   13.6  1918   11.7  1978    8.9  1961    5.9  2024    4.3  2021    3.72  2000    6.92  1940   13.16  1887    8.68  2000    8.02  2012
    3.6  2006    3.8  1938    4.9  1905    7.0  1984    9.7  1936   12.3  1941   13.7  1935   13.6  1926   11.7  1884    8.9  1960    5.9  1889    4.3  1951    3.71  1995    6.92  1950   13.16  1970    8.64  1969    8.02  1976
    3.6  1971    3.8  1976    4.9  1910    6.8  1976    9.7  1954   12.3  1930   13.7  1959   13.6  1914   11.7  1969    8.8  1975    5.8  1964    4.3  1894    3.71  1903    6.89  1926   13.14  2017    8.59  1961    7.95  2001
    3.6  1973    3.7  1980    4.9  1926    6.8  1995    9.6  1956   12.3  1993   13.7  1971   13.6  2024   11.6  1991    8.8  1910    5.8  1958    4.2  1987    3.71  1927    6.88  1935   13.14  2007    8.57  1890    7.94  1984
    3.6  1969    3.7  1999    4.9  1993    6.7  1921    9.6  2006   12.3  1959   13.6  2001   13.5  1927   11.6  2025    8.8  1913    5.8  1888    4.2  1936    3.70  1901    6.86  1953   13.13  1950    8.57  1970    7.94  1911
    3.6  1927    3.7  2004    4.9  1973    6.7  1930    9.6  1950   12.3  1939   13.6  1897   13.5  1932   11.6  2013    8.8  1986    5.7  1949    4.2  1949    3.70  1988    6.85  1982   13.11  1914    8.55  1946    7.91  1960
    3.6  1981    3.6  1959    4.8  2011    6.7  1972    9.6  2003   12.3  1920   13.6  1958   13.5  2005   11.6  1926    8.7  1941    5.6  1957    4.2  1945    3.70  1914    6.84  2010   13.10  1940    8.55  1989    7.90  1939
    3.5  1953    3.6  2006    4.8  1960    6.7  1996    9.6  1991   12.2  1957   13.6  1894   13.5  1999   11.6  1921    8.7  1957    5.6  1982    4.2  2011    3.67  1967    6.82  1988   13.09  1936    8.55  1956    7.89  1926
    3.5  1889    3.6  1962    4.8  2020    6.6  1904    9.6  2007   12.2  1914   13.6  1987   13.5  1981   11.6  2017    8.7  1970    5.6  1956    4.1  2007    3.64  1896    6.79  1911   13.09  1990    8.53  1996    7.89  1914
    3.5  1967    3.6  1927    4.8  1967    6.6  1928    9.6  1946   12.2  1986   13.6  1952   13.4  1942   11.6  1970    8.7  1984    5.5  1886    4.1  1929    3.63  1950    6.79  1895   13.09  1939    8.51  1984    7.89  1982
    3.5  1924    3.6  2005    4.8  2023    6.6  2015    9.5  1905   12.2  1947   13.5  1957   13.4  2001   11.5  1891    8.7  1938    5.5  1987    4.0  2005    3.62  1920    6.77  1956   13.07  1901    8.50  1998    7.88  1991
    3.4  2013    3.6  1948    4.8  1953    6.6  1938    9.5  1928   12.2  1908   13.5  1932   13.4  1938   11.5  1968    8.6  2010    5.4  2008    4.0  1986    3.62  1916    6.76  1921   13.05  1999    8.47  1933    7.87  1908
    3.4  1992    3.6  1975    4.8  1921    6.5  1988    9.5  1971   12.2  2002   13.5  2016   13.4  2018   11.5  2008    8.6  1925    5.4  1963    4.0  1957    3.60  1946    6.75  1974   13.03  1953    8.44  1943    7.85  1992
    3.3  1907    3.6  1913    4.7  1902    6.5  1975    9.4  1917   12.1  1984   13.5  1914   13.3  1973   11.5  1973    8.6  1982    5.4  1922    3.9  1947    3.51  1913    6.72  1972   13.02  1897    8.43  1983    7.84  1905
    3.3  1930    3.5  1988    4.7  1939    6.5  1939    9.4  1997   12.1  1935   13.5  2017   13.3  1925   11.5  1907    8.6  1927    5.4  1970    3.9  2014    3.50  1981    6.72  1978   13.01  2000    8.42  1982    7.79  1994
    3.3  1968    3.5  1923    4.7  1920    6.5  1909    9.3  1910   12.1  1915   13.5  1893   13.3  1958   11.4  1967    8.6  1914    5.4  1943    3.9  1926    3.43  1890    6.71  1890   12.99  1992    8.42  1897    7.79  1944
    3.3  1988    3.5  1887    4.7  2015    6.5  1900    9.3  1945   12.1  1975   13.5  1969   13.3  1953   11.4  1964    8.6  2020    5.3  1914    3.9  2003    3.43  2015    6.71  1980   12.99  1957    8.40  1963    7.79  1961
    3.3  1900    3.5  1932    4.6  1978    6.5  2008    9.2  1965   12.1  1921   13.4  2000   13.2  2007   11.4  1995    8.6  1976    5.3  1892    3.9  2002    3.38  1894    6.71  1918   12.97  1906    8.39  1914    7.76  1932
    3.3  1909    3.5  1884    4.6  1989    6.5  1895    9.2  1931   12.0  1911   13.4  1950   13.2  2015   11.4  2001    8.5  1906    5.3  2023    3.8  2020    3.38  1889    6.69  1971   12.96  1900    8.39  1916    7.74  1920
    3.3  1943    3.4  2009    4.6  1972    6.4  1992    9.2  1912   12.0  2013   13.4  1948   13.2  2017   11.4  1976    8.5  1897    5.3  1940    3.7  2000    3.36  2003    6.69  1928   12.94  1921    8.38  1924    7.73  1935
    3.3  2019    3.4  1964    4.5  1994    6.4  1981    9.2  1976   11.9  1965   13.4  1912   13.2  1895   11.4  2020    8.5  2018    5.2  1947    3.7  1913    3.36  1908    6.69  1936   12.91  1996    8.36  1979    7.72  1906
    3.2  2024    3.4  2021    4.4  1890    6.4  1963    9.2  1948   11.9  1979   13.4  1973   13.2  1915   11.3  1930    8.5  1988    5.2  1992    3.7  1891    3.35  1948    6.68  1954   12.87  1973    8.36  1939    7.71  1899
    3.2  2026    3.3  1911    4.4  1963    6.4  1985    9.2  1929   11.9  1943   13.3  2011   13.2  1957   11.3  1997    8.5  1890    5.2  1929    3.7  1970    3.30  1912    6.63  1914   12.85  2024    8.34  1960    7.71  1946
    3.2  1962    3.2  2015    4.4  2008    6.4  1991    9.2  1974   11.9  1969   13.3  1943   13.2  1982   11.3  2024    8.5  1933    5.2  2012    3.7  1902    3.29  1964    6.61  1894   12.85  1930    8.33  1991    7.70  1964
    3.2  1888    3.2  1894    4.3  1968    6.4  1971    9.2  1995   11.9  1973   13.3  2024   13.1  1898   11.3  1915    8.5  1904    5.2  1960    3.7  1967    3.29  1909    6.60  2001   12.83  1884    8.32  1902    7.70  1913
    3.1  1994    3.2  1922    4.3  1944    6.4  1954    9.2  1961   11.8  1997   13.3  1884   13.1  1998   11.3  2007    8.4  1997    5.2  2000    3.7  1955    3.28  1926    6.54  1905   12.83  2012    8.31  1977    7.69  1974
    3.1  2003    3.2  1898    4.3  1896    6.3  1916    9.2  1982   11.8  2008   13.3  1951   13.1  1960   11.3  1913    8.4  2000    5.2  1980    3.7  1897    3.27  1939    6.54  1989   12.82  1941    8.29  1976    7.67  1967
    3.1  2015    3.1  1899    4.3  1903    6.3  1915    9.2  1985   11.8  1945   13.3  1908   13.1  1977   11.3  1985    8.4  1930    5.2  1900    3.6  1930    3.27  1953    6.54  1889   12.80  1937    8.28  1964    7.66  1936
    3.1  1901    3.1  1912    4.3  1884    6.3  2006    9.2  1993   11.8  1967   13.2  2007   13.1  1989   11.3  1948    8.4  1942    5.2  1903    3.6  1943    3.21  1954    6.54  1984   12.79  1958    8.27  1929    7.63  1896
    3.1  2025    3.1  1924    4.3  2010    6.3  1990    9.1  1920   11.7  2000   13.2  2004   13.1  1930   11.2  1914    8.4  1983    5.1  1998    3.6  1889    3.17  1961    6.53  1976   12.77  2001    8.26  1936    7.62  1978
    3.0  1920    3.1  2003    4.3  1982    6.3  1968    9.1  1984   11.7  1904   13.2  1904   13.1  1910   11.2  1900    8.3  1948    5.1  1991    3.6  1979    3.16  1984    6.53  1901   12.75  1988    8.25  1990    7.61  1955
    3.0  2009    3.1  1984    4.3  1946    6.2  1901    9.1  1949   11.7  1898   13.2  1972   13.1  1968   11.2  1908    8.3  1991    5.1  1954    3.5  1908    3.16  1933    6.51  1920   12.73  1977    8.23  1934    7.61  1973
    3.0  2018    3.1  1909    4.2  1949    6.2  1940    9.1  1925   11.7  1926   13.2  1956   13.1  1950   11.1  2015    8.2  1936    5.1  2005    3.5  1966    3.13  1924    6.50  1929   12.68  1910    8.22  1886    7.59  1977
    3.0  1972    3.1  1972    4.2  1971    6.2  1935    9.1  2019   11.7  1917   13.2  1891   13.0  1952   11.1  1916    8.2  1994    5.1  1971    3.5  2017    3.13  1928    6.49  2015   12.65  1968    8.21  2008    7.59  1980
    2.9  1902    3.0  1885    4.1  1988    6.2  1967    9.1  1922   11.7  1897   13.2  1916   13.0  1971   11.1  1982    8.2  1924    5.1  1941    3.5  1904    3.12  1983    6.48  2021   12.64  1908    8.18  1988    7.58  1884
    2.7  1914    3.0  1925    4.1  1918    6.2  1965    9.1  1943   11.7  1913   13.2  1930   13.0  1967   11.0  1988    8.2  1956    5.0  1989    3.5  1990    3.12  2013    6.42  1927   12.61  1891    8.18  1986    7.56  1918
    2.7  1995    3.0  1933    4.1  1974    6.1  1884    9.0  2010   11.6  2024   13.1  1936   13.0  1980   11.0  1989    8.2  2004    5.0  1975    3.4  1973    3.05  1997    6.40  2006   12.60  1915    8.14  1928    7.56  1928
    2.6  1913    3.0  2016    4.0  1922    6.0  1913    9.0  1935   11.6  1912   13.1  1929   13.0  2010   11.0  1902    8.1  1928    5.0  1895    3.4  1944    3.05  2009    6.38  1910   12.60  1994    8.12  1957    7.56  1958
    2.6  1960    3.0  1893    4.0  1932    6.0  1962    8.9  1930   11.6  1996   13.1  1937   12.9  1928   11.0  1937    8.1  1967    5.0  1932    3.4  1919    3.00  1938    6.38  1977   12.58  1943    8.11  1967    7.54  1970
    2.6  1954    3.0  1937    4.0  1954    6.0  1958    8.9  1892   11.6  1978   13.1  1946   12.8  1901   11.0  1935    8.1  1937    5.0  1898    3.4  1907    3.00  1918    6.37  1942   12.57  1918    8.10  1980    7.54  1916
    2.5  1908    2.9  1910    4.0  1928    6.0  1902    8.9  1909   11.6  1989   13.1  1996   12.8  1978   11.0  1910    8.1  1916    5.0  1988    3.3  1938    2.95  1960    6.34  1963   12.56  1916    8.10  1975    7.53  1924
    2.5  1948    2.9  1973    4.0  1925    6.0  1947    8.9  1972   11.5  1951   13.0  1992   12.8  1988   11.0  1960    8.1  1934    4.9  1935    3.2  2012    2.92  2018    6.34  1907   12.56  1895    8.07  1962    7.53  1996
    2.5  1922    2.9  1944    4.0  1899    5.9  1906    8.9  1903   11.5  1990   13.0  1931   12.8  2014   10.9  1896    8.0  1940    4.9  1979    3.2  1940    2.90  1980    6.33  1973   12.54  1952    8.06  2010    7.52  1901
    2.5  1946    2.8  1957    4.0  1897    5.9  2000    8.9  2005   11.5  1983   13.0  1985   12.7  1909   10.9  1920    8.0  1903    4.9  1976    3.1  1885    2.87  1931    6.32  1995   12.52  1896    8.04  1954    7.52  1947
    2.4  2011    2.8  1950    3.9  1940    5.9  1885    8.9  2013   11.5  1884   13.0  1918   12.7  2011   10.9  1942    8.0  1899    4.9  1968    3.1  1958    2.84  1930    6.32  1994   12.52  1889    8.04  1901    7.51  1889
    2.4  1970    2.7  1966    3.8  1913    5.9  1907    8.8  1944   11.5  1902   13.0  1960   12.7  1934   10.9  1987    7.9  1998    4.9  1990    3.1  1920    2.82  2001    6.32  1937   12.48  1898    8.01  2019    7.51  1894
    2.4  1899    2.7  2001    3.8  1911    5.9  1931    8.8  1966   11.5  1980   12.9  2012   12.7  1994   10.9  2018    7.9  1923    4.8  2017    3.0  1982    2.80  1958    6.30  1987   12.47  1948    8.00  1903    7.49  1900
    2.4  1887    2.6  2013    3.8  1986    5.8  2001    8.8  1969   11.5  1974   12.9  1953   12.7  1940   10.9  2012    7.9  1950    4.8  1927    3.0  1992    2.78  2021    6.30  1930   12.47  1967    7.99  1904    7.49  1993
    2.4  1997    2.6  1952    3.7  1914    5.8  1911    8.8  1921   11.5  1955   12.9  1939   12.7  1913   10.8  1903    7.9  1893    4.8  1934    3.0  1928    2.74  1919    6.27  1967   12.45  1998    7.99  1907    7.48  1925
    2.4  1903    2.6  1931    3.7  1915    5.8  1998    8.8  1913   11.4  1958   12.9  2002   12.6  1987   10.8  1984    7.9  1909    4.8  1967    3.0  2001    2.74  1907    6.26  1965   12.45  1927    7.99  1930    7.48  1930
    2.4  1951    2.6  1915    3.7  1895    5.8  2016    8.8  1942   11.4  1937   12.8  1998   12.6  1974   10.8  1963    7.8  1946    4.8  1974    2.8  1906    2.66  1904    6.26  1985   12.44  2011    7.97  1931    7.47  1937
    2.4  1919    2.5  1977    3.6  1906    5.8  1994    8.8  1973   11.4  1948   12.8  1964   12.6  1948   10.8  1983    7.8  1907    4.8  1901    2.8  1923    2.62  1891    6.26  1884   12.43  1951    7.93  1917    7.46  1950
    2.3  1931    2.4  1987    3.6  1984    5.8  1890    8.7  1887   11.4  1954   12.8  1885   12.5  1931   10.8  1904    7.8  2019    4.7  1904    2.8  1939    2.59  1945    6.24  1966   12.42  1981    7.91  1942    7.45  1968
    2.3  1915    2.4  1965    3.5  1976    5.7  2012    8.7  1957   11.4  1998   12.8  1913   12.5  1919   10.8  1943    7.8  2008    4.7  1961    2.7  1978    2.57  1962    6.23  1898   12.41  1966    7.89  1937    7.45  1897
    2.3  1961    2.4  1981    3.5  1889    5.7  1919    8.7  1986   11.4  1961   12.8  2020   12.5  1943   10.7  1979    7.7  1931    4.7  1907    2.7  2008    2.56  1968    6.22  1925   12.41  1942    7.89  1927    7.45  1972
    2.3  1891    2.3  1958    3.4  1964    5.7  1920    8.7  1977   11.4  1903   12.8  1924   12.5  1964   10.7  1911    7.7  1902    4.7  1912    2.7  1999    2.56  1892    6.20  1913   12.40  1971    7.86  1981    7.44  1956
    2.3  1894    2.3  1916    3.4  1898    5.6  1956    8.7  1934   11.4  2012   12.7  1886   12.5  1951   10.7  1893    7.7  1918    4.7  2013    2.7  1963    2.53  1952    6.20  1919   12.39  1904    7.84  1987    7.42  1954
    2.1  1912    2.3  1890    3.4  1965    5.6  1918    8.7  1932   11.3  1944   12.7  1907   12.5  1908   10.6  1924    7.7  1884    4.6  1890    2.7  1896    2.50  1994    6.15  1915   12.39  1913    7.82  1935    7.40  1927
    2.1  1956    2.2  2018    3.4  1975    5.6  1934    8.7  1916   11.3  1964   12.7  1896   12.4  1961   10.6  1889    7.6  1973    4.6  1937    2.7  1915    2.50  1915    6.07  1968   12.37  2015    7.81  1973    7.40  1951
    2.1  1958    2.2  1892    3.4  1934    5.6  1969    8.6  1994   11.2  1999   12.7  1910   12.3  1941   10.6  1977    7.6  1915    4.5  1962    2.7  1965    2.46  1978    6.03  1983   12.36  1963    7.80  1894    7.40  1890
    2.1  2001    2.2  1985    3.4  1996    5.6  1927    8.6  1987   11.2  2001   12.6  1967   12.3  1929   10.6  1992    7.6  1888    4.5  1896    2.7  1969    2.44  1966    5.98  1903   12.35  1938    7.80  1966    7.39  1931
    2.0  1991    2.1  1889    3.3  2006    5.6  1925    8.5  1900   11.2  1894   12.6  1979   12.3  1900   10.5  1965    7.6  1966    4.4  1942    2.6  1914    2.43  1885    5.96  1955   12.31  1980    7.79  1900    7.38  1969
    2.0  1939    2.0  1907    3.3  1930    5.5  1923    8.5  1938   11.2  2015   12.6  1981   12.3  1992   10.5  1905    7.6  1964    4.4  1933    2.6  1993    2.42  1897    5.95  1970   12.28  1894    7.79  1972    7.37  1910
    2.0  1966    1.9  1904    3.2  1985    5.5  1979    8.5  1888   11.2  2011   12.6  2015   12.3  1887   10.5  1950    7.6  1935    4.4  1936    2.6  1895    2.38  1987    5.95  1975   12.25  1978    7.78  1940    7.34  1912
    1.9  1893    1.9  1906    3.2  1942    5.5  1899    8.5  1962   11.1  1938   12.6  1942   12.3  1905   10.5  1993    7.5  1944    4.4  1972    2.6  1964    2.35  1996    5.91  1923   12.22  1979    7.78  1888    7.33  1904
    1.9  1918    1.9  1996    3.1  2001    5.5  2013    8.5  1915   11.1  1962   12.6  1966   12.3  1891   10.4  1932    7.5  1929    4.4  1918    2.6  1962    2.34  1991    5.91  1931   12.21  1987    7.76  1889    7.33  1981
    1.9  1965    1.8  1960    3.1  1887    5.4  1892    8.4  1884   11.1  1918   12.6  1898   12.2  1954   10.4  1975    7.5  1891    4.3  1973    2.6  1933    2.32  1985    5.88  1934   12.20  1923    7.75  1884    7.32  1966
    1.9  1986    1.8  1951    3.0  1941    5.4  1977    8.4  1927   11.1  1942   12.6  1968   12.2  1886   10.4  1994    7.4  2003    4.3  1905    2.6  1968    2.30  1959    5.88  1908   12.20  1964    7.73  1895    7.29  1942
    1.8  1947    1.8  1901    3.0  1901    5.4  2021    8.4  1914   11.1  1890   12.5  1986   12.2  1921   10.4  1962    7.3  1955    4.3  1911    2.5  1884    2.29  1965    5.88  1932   12.15  1929    7.69  1891    7.28  1940
    1.8  1885    1.7  1940    3.0  1995    5.3  1973    8.4  1924   11.1  1924   12.5  1889   12.2  1904   10.4  1899    7.3  2002    4.3  1921    2.5  1952    2.28  1955    5.85  1904   12.13  1931    7.66  1985    7.28  1903
    1.8  1910    1.7  1936    3.0  2018    5.3  1950    8.3  2021   11.1  1981   12.5  1940   12.2  1923   10.4  1990    7.3  1901    4.3  2019    2.5  2022    2.21  1956    5.81  1900   12.10  1993    7.64  2012    7.26  1941
    1.8  1933    1.7  1994    2.9  1980    5.3  1889    8.3  1983   11.1  1919   12.5  1915   12.2  1892   10.3  1919    7.2  1919    4.2  1926    2.4  1946    2.16  1942    5.79  1906   12.08  1974    7.56  1922    7.23  1987
    1.7  1892    1.6  1941    2.9  1908    5.2  1886    8.3  1898   11.0  1901   12.5  1906   12.1  1972   10.3  1886    7.2  1952    4.2  1930    2.4  1996    2.16  1969    5.79  1909   12.06  1946    7.51  1965    7.21  1923
    1.7  1982    1.4  1917    2.9  1885    5.2  1953    8.2  1963   11.0  1994   12.5  1988   12.1  1965   10.3  1928    7.2  1987    4.1  1977    2.4  1916    2.15  1887    5.78  1996   12.00  1924    7.43  1932    7.21  1929
    1.7  1936    1.4  1991    2.8  1987    5.2  1924    8.2  1904   11.0  1888   12.5  1938   12.1  1889   10.2  1927    7.2  1922    4.1  1891    2.4  1903    2.14  1910    5.78  1902   11.98  1986    7.42  1893    7.18  1952
    1.7  1978    1.4  1954    2.8  1970    5.2  1978    8.2  1926   11.0  1952   12.5  1980   12.1  1924   10.2  1909    7.1  1911    4.0  1885    2.3  1960    2.08  1888    5.73  1947   11.98  1919    7.38  1950    7.17  1907
    1.5  1955    1.3  1983    2.7  1904    5.2  1905    8.2  1951   11.0  1977   12.5  1963   12.1  1946   10.1  1922    7.1  1980    4.0  1944    2.2  1989    2.05  1970    5.71  1922   11.96  1961    7.35  1911    7.15  1891
    1.4  1980    1.2  1888    2.6  1931    5.1  1929    8.2  2015   11.0  1946   12.4  1903   12.1  1979   10.1  1940    7.0  1900    3.9  1966    2.1  1901    2.01  1986    5.65  1916   11.94  1912    7.20  1944    7.15  2010
    1.4  1984    1.0  1919    2.6  1924    5.1  1936    8.2  1941   10.9  1929   12.3  1978   12.0  1896   10.0  1944    6.9  1932    3.9  1996    2.1  1917    2.00  1893    5.64  1899   11.93  1920    7.19  1926    7.08  1962
    1.4  1977    1.0  2010    2.5  1979    5.0  1989    8.1  1958   10.9  1956   12.3  1919   12.0  1966   10.0  1923    6.9  2012    3.9  1884    1.9  1887    1.91  1902    5.57  1986   11.90  1909    7.15  1910    7.07  1915
    1.3  2021    0.9  1970    2.4  1900    4.9  1932    8.1  1907   10.9  1885   12.2  1909   12.0  1890   10.0  1957    6.8  1889    3.8  2016    1.8  1909    1.80  1900    5.54  1887   11.86  1886    7.14  1992    7.03  1985
    1.2  1917    0.9  1930    2.4  1951    4.9  1910    7.9  1975   10.8  1931   12.2  1962   12.0  1894    9.9  1954    6.8  1912    3.8  1950    1.7  1899    1.78  2011    5.53  1897   11.83  1985    7.13  1925    7.01  1902
    1.2  1942    0.9  1978    2.3  1955    4.9  1888    7.9  1955   10.8  1922   12.1  1895   12.0  1963    9.9  1888    6.8  1894    3.7  1893    1.4  1925    1.68  1917    5.43  1958   11.80  1965    7.04  1909    7.00  1965
    0.9  1897    0.8  1956    2.2  1958    4.8  1887    7.9  1906   10.7  1909   12.1  1974   11.9  1985    9.9  1897    6.7  1939    3.6  1993    1.4  1935    1.65  1982    5.43  1969   11.80  1903    7.02  1905    6.98  1922
    0.7  1929    0.7  1886    2.1  1891    4.8  1983    7.8  1897   10.6  1886   12.1  1993   11.9  1962    9.9  1972    6.4  1974    3.4  2010    1.4  1937    1.60  1936    5.40  1924   11.78  1954    6.99  1918    6.95  1917
    0.7  1987    0.6  1968    2.0  1886    4.8  1970    7.8  1967   10.6  1892   12.1  1928   11.9  1993    9.9  1887    6.3  1905    3.4  1887    1.2  1890    1.53  1886    5.37  2013   11.73  1962    6.96  1974    6.95  1887
    0.7  1886    0.5  1902    2.0  1909    4.8  1897    7.7  1891   10.6  1985   12.1  1961   11.8  1920    9.9  1931    6.3  1993    3.1  1909    1.2  1927    1.53  1977    5.33  1962   11.67  1972    6.96  1912    6.93  1986
    0.7  2010    0.5  1929    2.0  1917    4.8  1941    7.6  1968   10.5  1971   11.9  1892   11.6  1888    9.8  1894    6.0  1887    3.0  1925    1.2  1892    1.49  1951    5.33  1941   11.66  1885    6.91  1915    6.89  1963
    0.7  1952    0.4  1979    2.0  1916    4.7  1903    7.5  1899   10.3  1987   11.8  1920   11.6  1903    9.7  1974    5.8  1926    3.0  1969    1.2  2009    1.45  1929    5.30  1892   11.64  1928    6.85  1923    6.88  1909
    0.3  1959    0.4  1942    1.9  1969    4.6  1908    7.3  1996   10.3  1916   11.8  1970   11.3  1922    9.6  1925    5.7  1992    3.0  1965    1.0  1961    1.33  1941    5.17  1885   11.64  1956    6.82  1896    6.75  1888
    0.2  1985    0.3  1900    1.8  2013    4.6  1951    7.2  1886   10.3  1923   11.7  1890   11.3  1885    9.6  1885    5.6  1917    2.9  1952    1.0  1995    1.10  1940    5.06  1951   11.63  1890    6.80  1993    6.75  1895
   -0.5  1945    0.1  1969    1.8  1937    4.6  1966    7.1  1979   10.1  1991   11.7  1954   11.3  1907    9.5  1986    5.6  1981    2.6  1923    0.8  1976    0.95  2010    5.06  1917   11.56  1892    6.68  1892    6.75  1919
   -0.5  1979   -0.0  1955    1.6  1919    4.5  1891    7.0  1894   10.0  1907   11.5  1902   11.3  1902    9.5  1892    5.3  1892    2.5  1985    0.7  1886    0.89  1979    5.01  1979   11.42  1902    6.43  1887    6.72  1979
   -0.8  1963   -0.5  1986    1.6  1892    4.2  1986    6.9  1923    9.9  1928   11.4  1888   11.2  1986    9.3  1912    5.3  1895    1.8  1915    0.3  1950    0.88  1947    4.93  1888   11.34  1907    6.43  1952    6.46  1885
   -0.8  1941   -1.0  1963    1.5  1962    4.0  1922    6.8  1885    9.6  1972   11.3  1965   10.8  1912    9.1  1952    5.2  1885    1.6  1910   -0.6  1981    0.34  1895    4.81  1886   11.34  1888    6.40  1919    6.42  1886
   -1.1  1940   -1.9  1947    1.4  1888    3.7  1917    6.6  1902    9.5  1927   11.3  1922   10.8  1956    8.9  1918    5.0  1896    1.6  1919   -1.2  2010    0.29  1963    4.76  1891   11.15  1922    6.29  1885    6.32  1892
   -1.2  1895   -2.3  1895    0.9  1947    ---  2026    ---  2026    ---  2026    ---  2026    ---  2026    ---  2026    ---  2026    ---  2026    ---  2026     ---  1884     ---  2026     ---  2026     ---  2026     ---  2026
