Areal values from HadUK-Grid 1km gridded climate data from land surface network
Source: Met Office National Climate Information Centre
Monthly, seasonal and annual mean of daily maximum air temperature for Scotland W
Areal series, starting in 1884
Last updated 01-Apr-2026 11:34
    jan  year    feb  year    mar  year    apr  year    may  year    jun  year    jul  year    aug  year    sep  year    oct  year    nov  year    dec  year     win  year     spr  year     sum  year     aut  year     ann  year
    8.3  1989    8.9  1998   11.1  2012   14.0  2011   16.8  2024   20.5  2023   20.8  2006   21.6  1947   17.2  2023   14.2  1959   10.9  2011    9.1  2015    8.05  1989   13.55  2025   19.21  1995   13.33  2006   12.67  2025
    8.3  1916    8.8  2019   10.4  1948   13.7  2007   16.7  2025   19.7  1940   20.6  1955   21.0  1995   17.0  1933   14.2  1908   10.4  1994    8.9  2016    7.63  2007   12.22  2024   18.81  1976   13.27  1959   12.57  2023
    8.2  1932    8.3  2023   10.3  2022   13.6  2025   16.4  2008   19.0  2018   20.4  2021   20.0  1976   16.9  1949   13.9  1969   10.2  2022    8.8  1988    7.56  2017   12.20  1893   18.73  1955   13.15  2022   12.55  2022
    8.0  2007    8.0  2008   10.3  2025   13.1  2003   16.3  1959   18.7  1970   20.4  2013   19.8  1955   16.9  2006   13.7  2006    9.9  1899    8.4  1971    7.55  1932   12.16  2017   18.66  2021   13.10  2014   12.32  2014
    7.7  1898    7.8  2024   10.2  1929   12.9  1893   16.1  1919   18.4  1887   19.9  1989   19.7  1997   16.9  1959   13.6  1921    9.8  2003    8.4  1921    7.50  1998   12.16  2007   18.59  2006   13.01  2021   12.30  2003
    7.7  2005    7.7  1945   10.2  2003   12.7  2020   16.1  2017   18.3  1933   19.9  1983   19.6  1975   16.9  1958   13.6  2001    9.8  2020    8.3  1898    7.34  2019   12.11  2003   18.56  2023   12.92  2011   12.25  2006
    7.6  2002    7.7  1891    9.9  1945   12.4  1974   16.0  2018   18.3  1960   19.8  1934   19.4  1899   16.9  2014   13.5  1995    9.7  2014    8.3  1924    7.32  2008   12.11  2022   18.43  2018   12.82  1945   12.24  2007
    7.6  2020    7.7  1943    9.8  1938   12.3  2019   16.0  1896   18.1  2010   19.7  2018   19.3  2003   16.8  2021   13.1  2007    9.6  2015    8.3  2013    7.29  2005   11.96  1948   18.42  2003   12.66  1995   12.08  1949
    7.5  1921    7.6  1903    9.8  1957   12.2  2014   15.9  2001   18.1  1992   19.7  1901   19.2  1984   16.7  1895   13.1  1945    9.5  2021    8.2  1974    7.26  1975   11.94  2020   18.32  1947   12.63  2001   12.07  1959
    7.5  2022    7.6  1961    9.6  2017   12.2  2009   15.8  1901   17.9  1893   19.5  2014   19.2  1983   16.5  1906   12.9  2022    9.5  2001    8.1  1953    7.26  2022   11.90  1959   18.31  1933   12.62  1908   12.06  2024
    7.5  1923    7.6  1914    9.5  2026   12.2  1914   15.7  1911   17.8  2009   19.4  1976   19.0  1911   16.5  1941   12.9  2005    9.5  1997    8.1  2024    7.15  2020   11.88  2011   18.23  2025   12.61  1949   12.05  1997
    7.5  1944    7.5  2022    9.4  1961   11.9  1955   15.7  1992   17.7  1949   19.2  1995   18.9  2025   16.3  2022   12.9  2017    9.5  1953    8.1  1942    7.13  1949   11.81  2012   18.20  1975   12.56  2015   12.03  2020
    7.3  1990    7.4  2002    9.3  1933   11.9  1942   15.6  1960   17.7  1899   19.0  2025   18.9  2022   16.2  1999   12.9  1977    9.4  2007    8.0  1934    7.11  2016   11.74  2023   18.17  1983   12.50  2023   11.99  2021
    7.3  1974    7.3  1949    9.2  1997   11.8  2022   15.5  2023   17.7  1905   18.9  1921   18.7  2004   16.2  2016   12.8  2015    9.4  1938    7.9  2004    7.09  2014   11.71  2014   18.14  2013   12.45  1999   11.98  2004
    7.2  1975    7.3  1997    9.2  2005   11.8  1912   15.4  1980   17.7  1957   18.9  1984   18.4  1916   16.1  1945   12.8  2014    9.4  2006    7.8  1900    7.08  1943   11.64  1945   18.13  1911   12.45  1958   11.95  2005
    7.2  1983    7.3  1934    9.1  1950   11.7  1894   15.3  1895   17.7  1932   18.9  1933   18.3  1959   16.1  2002   12.7  2013    9.4  1978    7.7  2025    7.07  2002   11.62  1960   18.06  1899   12.40  2007   11.92  2011
    7.0  1949    7.3  1918    9.1  2002   11.7  1952   15.3  2016   17.7  1889   18.9  1926   18.2  2002   16.0  1971   12.7  1978    9.3  1951    7.7  1998    7.03  2024   11.60  2009   18.05  2022   12.31  2005   11.92  2019
    7.0  1934    7.3  2007    9.1  1893   11.6  1946   15.3  1940   17.6  1988   18.8  1991   18.2  1939   16.0  1996   12.7  1972    9.3  1948    7.7  1983    6.98  1935   11.54  2004   18.05  1997   12.31  1906   11.88  2016
    6.9  2008    7.2  1928    9.1  2007   11.5  1960   15.2  1978   17.5  2006   18.8  2003   18.2  2021   16.0  1991   12.7  2021    9.3  2018    7.6  1975    6.90  1925   11.53  1957   18.05  1984   12.28  1941   11.87  1921
    6.9  2000    7.2  1920    9.0  1923   11.5  1980   15.2  1990   17.5  2016   18.7  2019   18.2  1944   16.0  1898   12.7  1920    9.3  1955    7.6  2006    6.85  2025   11.50  1952   17.86  1934   12.21  2024   11.87  1945
    6.9  1957    7.1  1993    8.9  1991   11.5  1984   15.1  2000   17.5  1934   18.7  1917   18.1  1945   15.9  1890   12.7  1971    9.2  1908    7.6  1956    6.84  2004   11.45  2008   17.83  1949   12.20  1971   11.83  2017
    6.8  1890    7.1  2011    8.9  1990   11.5  2023   15.0  2020   17.5  1915   18.7  1982   18.0  2019   15.9  1998   12.6  1968    9.2  1945    7.5  1905    6.80  1976   11.45  1946   17.79  2014   12.19  2009   11.78  1995
    6.8  1993    7.1  2017    8.9  2000   11.4  1944   14.9  1946   17.5  1925   18.6  1977   18.0  2020   15.9  1939   12.6  2009    9.2  2004    7.5  1954    6.79  1957   11.45  1997   17.73  2019   12.18  1951   11.77  1953
    6.8  1928    7.1  1939    8.9  1894   11.4  2010   14.9  1952   17.5  1953   18.4  1911   17.9  2023   15.8  2005   12.6  1949    9.2  1920    7.5  1931    6.75  2012   11.43  1990   17.70  1893   12.18  2003   11.77  2018
    6.7  1925    7.1  1990    8.8  2021   11.4  1945   14.9  1889   17.4  2014   18.4  1997   17.9  2012   15.7  1936   12.5  2011    9.2  1939    7.5  2018    6.73  1992   11.42  2019   17.66  1925   12.16  2020   11.73  1999
    6.7  1976    7.0  1992    8.8  2014   11.4  1926   14.8  1953   17.4  1939   18.4  2022   17.9  1893   15.7  2003   12.5  2024    9.2  1995    7.4  1941    6.71  2023   11.39  1896   17.65  2009   12.15  1978   11.73  2002
    6.7  2017    7.0  2004    8.8  1943   11.3  2015   14.8  2004   17.4  2020   18.4  1999   17.9  1914   15.7  1955   12.5  2016    9.1  1894    7.3  1994    6.69  1999   11.38  2002   17.61  1887   12.14  1953   11.72  1933
    6.7  2023    7.0  2012    8.8  1953   11.3  1957   14.7  1893   17.4  1995   18.4  1925   17.9  1969   15.6  1907   12.5  1947    9.1  2025    7.3  2019    6.68  1974   11.31  1933   17.52  1926   12.12  1913   11.70  2009
    6.6  2004    7.0  2000    8.8  1998   11.3  1987   14.6  1918   17.4  1906   18.3  1905   17.8  1937   15.5  2010   12.4  1996    9.1  1999    7.3  1972    6.65  1923   11.30  1999   17.46  1989   12.10  1997   11.67  2008
    6.6  1938    7.0  1926    8.8  1959   11.2  1999   14.6  1948   17.4  1910   18.2  1949   17.8  2000   15.5  2000   12.3  1989    9.0  1913    7.3  1997    6.60  1921   11.23  2000   17.45  1914   12.10  1920   11.66  2000
    6.5  1998    6.9  1989    8.7  2009   11.2  2002   14.6  1998   17.3  2021   18.1  2009   17.8  1996   15.5  2019   12.2  1927    9.0  2002    7.2  1912    6.55  1898   11.17  2016   17.43  1940   12.07  2025   11.62  1975
    6.5  1937    6.9  1896    8.7  2024   11.2  2004   14.5  1989   17.2  1936   18.0  2008   17.7  1933   15.5  1961   12.2  1985    9.0  1986    7.2  2023    6.51  2026   11.17  1961   17.42  1959   12.04  1938   11.58  1990
    6.4  1905    6.9  1932    8.6  2004   11.2  1997   14.5  1947   17.2  1950   18.0  1994   17.7  1938   15.5  1929   12.2  1951    9.0  1897    7.1  1980    6.51  1944   11.15  1929   17.40  2005   12.00  1947   11.57  1971
    6.4  2012    6.9  1946    8.5  1973   11.2  2024   14.5  2012   17.2  1930   18.0  1935   17.7  1991   15.4  1934   12.1  1965    8.9  1928    7.1  1991    6.51  2006   11.14  1943   17.40  1917   11.99  1933   11.57  1934
    6.4  1935    6.8  1938    8.5  1935   11.1  1921   14.4  1937   17.2  1895   18.0  1975   17.6  1935   15.4  1915   12.1  1943    8.9  1983    7.1  1948    6.48  1995   11.13  1938   17.35  1939   11.98  1921   11.57  1957
    6.4  1906    6.8  2025    8.5  2019   11.1  1982   14.4  1988   17.1  2003   18.0  2011   17.6  1970   15.4  2004   12.1  1999    8.9  1917    7.1  1984    6.47  2000   11.07  2005   17.35  2010   11.94  2016   11.56  1911
    6.3  1926    6.7  1953    8.5  1956   11.0  1943   14.4  1936   17.0  1968   18.0  1971   17.6  2016   15.3  1913   12.1  1941    8.9  1924    7.1  1932    6.45  1899   11.06  1992   17.33  2016   11.94  1955   11.56  1998
    6.3  2014    6.6  1908    8.5  2016   10.9  1981   14.4  1964   17.0  1975   17.9  1927   17.6  2013   15.3  2011   12.1  1898    8.9  1931    7.1  2007    6.44  1990   11.05  1981   17.31  1932   11.89  1898   11.56  1989
    6.3  1981    6.6  2014    8.5  1907   10.9  2005   14.4  1928   17.0  1976   17.9  2005   17.5  1949   15.3  1926   12.0  1979    8.8  2024    7.0  1918    6.42  1993   11.05  1912   17.30  1960   11.89  2004   11.56  2015
    6.2  1884    6.6  1921    8.5  1927   10.9  1938   14.3  1935   17.0  1921   17.9  1887   17.5  1926   15.3  1938   12.0  2023    8.8  1946    7.0  1951    6.40  1934   11.03  2010   17.29  1921   11.88  1939   11.52  1893
    6.2  1964    6.6  1971    8.4  2011   10.9  1909   14.3  1999   16.9  1914   17.9  1945   17.5  1999   15.3  1947   12.0  1962    8.8  1981    7.0  1911    6.39  1911   11.03  1953   17.28  2004   11.87  1994   11.48  1938
    6.2  2006    6.5  1905    8.3  1999   10.8  1948   14.3  1908   16.9  1941   17.9  1897   17.5  2006   15.3  1995   12.0  2010    8.7  1964    6.9  2003    6.34  1937   10.99  1935   17.28  1905   11.87  2002   11.46  1939
    6.1  1896    6.5  2006    8.3  1966   10.7  2017   14.3  1984   16.9  1911   17.9  1990   17.5  1968   15.2  2024   12.0  1954    8.7  2009    6.9  1936    6.33  1972   10.97  1974   17.24  1945   11.83  2013   11.45  1948
    6.1  2016    6.5  1959    8.2  2023   10.7  1949   14.3  1950   16.9  1896   17.8  2000   17.5  2005   15.2  1981   12.0  1913    8.7  1906    6.9  1910    6.31  1922   10.97  1998   17.22  1935   11.80  1914   11.44  1914
    6.1  2024    6.5  2020    8.2  1981   10.7  1933   14.2  1939   16.8  1986   17.8  1943   17.4  1906   15.2  2015   12.0  2025    8.7  1959    6.9  1985    6.28  1914   10.91  1980   17.21  1982   11.76  1996   11.41  1960
    6.1  1992    6.5  1927    8.2  1910   10.7  1961   14.2  1890   16.8  1891   17.7  1941   17.4  1884   15.2  1956   11.9  1914    8.6  1958    6.9  1987    6.27  1906   10.90  1982   17.21  1957   11.75  2017   11.41  1943
    6.1  1971    6.5  1935    8.1  1936   10.7  1993   14.1  2022   16.8  2007   17.6  1958   17.4  1981   15.2  2009   11.9  1990    8.6  1902    6.9  1893    6.26  1971   10.83  1939   17.20  2020   11.71  2018   11.41  1984
    6.1  1999    6.5  2026    8.1  2020   10.7  1906   14.1  2014   16.8  1908   17.6  1912   17.3  1932   15.2  1953   11.9  1958    8.3  1889    6.8  2011    6.25  1927   10.83  1956   17.20  1906   11.67  1890   11.39  2013
    6.0  1911    6.5  1974    8.0  2015   10.7  1896   14.0  1970   16.8  2005   17.6  1944   17.3  1917   15.1  1914   11.9  1963    8.3  1956    6.8  1945    6.25  1946   10.81  1991   17.18  1977   11.66  1969   11.38  2001
    6.0  1889    6.5  1982    8.0  2010   10.6  1954   14.0  1929   16.8  2022   17.5  1914   17.3  1927   15.1  2025   11.9  1910    8.3  1984    6.8  1959    6.22  1905   10.78  1940   17.17  1969   11.65  1968   11.37  2012
    6.0  1950    6.4  1995    8.0  1992   10.6  1959   14.0  2006   16.8  1900   17.5  1972   17.3  1936   15.1  1884   11.8  1997    8.3  1941    6.8  1977    6.21  2015   10.78  2018   17.11  1936   11.64  1998   11.34  1898
    6.0  1953    6.4  1967    8.0  1944   10.6  1937   14.0  1981   16.8  1963   17.5  1894   17.3  1897   15.1  1901   11.8  1953    8.3  2023    6.8  1894    6.21  1973   10.77  1950   17.10  2000   11.60  1899   11.34  1955
    5.9  1962    6.4  1962    7.9  1989   10.5  1995   13.9  2009   16.7  2025   17.5  1959   17.3  1977   15.1  1921   11.7  1984    8.3  1949    6.8  2005    6.20  1988   10.75  1911   17.09  1999   11.60  1991   11.33  1983
    5.9  1927    6.3  1999    7.9  1952   10.5  1971   13.9  1997   16.7  1920   17.5  1952   17.3  2001   15.1  2020   11.7  2018    8.3  1914    6.8  2021    6.18  1950   10.74  1918   17.06  1901   11.59  2000   11.33  1926
    5.9  1969    6.3  1948    7.9  1912   10.5  2021   13.8  1954   16.6  1969   17.5  1947   17.2  1913   15.1  1951   11.7  1975    8.3  1922    6.8  1922    6.18  1920   10.74  1949   17.06  1970   11.58  1948   11.32  1908
    5.8  1930    6.3  1975    7.9  1977   10.5  1901   13.8  1905   16.5  1982   17.4  1923   17.1  1925   15.1  1969   11.7  1936    8.2  1947    6.7  2014    6.16  1981   10.74  1901   17.04  1944   11.57  1956   11.31  1976
    5.8  2019    6.3  2003    7.9  1993   10.5  1976   13.8  1982   16.4  2019   17.4  1884   17.1  1990   15.0  1900   11.7  1897    8.2  2005    6.7  1949    6.08  1967   10.73  1944   17.03  2008   11.55  1936   11.28  1932
    5.8  2003    6.2  1911    7.9  1939   10.4  2018   13.8  1933   16.4  2013   17.4  1948   17.0  2008   15.0  1997   11.7  1906    8.2  1916    6.7  1888    6.07  1916   10.72  1942   17.00  1915   11.52  1989   11.28  1982
    5.8  1968    6.2  2005    7.9  1926   10.4  1930   13.8  1971   16.4  1959   17.3  2023   17.0  1973   15.0  1964   11.7  1961    8.2  1982    6.7  1957    6.07  1913   10.72  2001   17.00  1950   11.52  1961   11.22  1988
    5.8  1924    6.2  1913    7.9  1905   10.4  1972   13.8  1915   16.3  1951   17.3  1893   17.0  1960   14.9  1973   11.6  1957    8.2  1963    6.6  1929    6.00  1890   10.71  1936   16.99  1968   11.50  1964   11.20  1991
    5.8  2015    6.1  2015    7.9  1949   10.4  1928   13.8  2002   16.2  1967   17.3  1908   17.0  2015   14.9  2013   11.6  1933    8.1  1940    6.5  1986    5.99  2003   10.70  1984   16.97  1910   11.49  1972   11.19  1944
    5.7  1967    6.1  1887    7.8  1972   10.4  1964   13.8  1909   16.2  2004   17.3  2001   17.0  2009   14.9  1968   11.6  1925    8.1  2008    6.4  1947    5.90  1953   10.68  2021   16.93  1908   11.49  1928   11.19  1935
    5.7  1988    6.0  1980    7.8  1946   10.4  2008   13.8  1910   16.2  1973   17.3  1957   17.0  1915   14.9  1967   11.6  1986    8.1  1954    6.4  1955    5.89  1939   10.63  1895   16.90  1953   11.48  1943   11.17  1936
    5.7  1996    6.0  2009    7.8  1982   10.3  1939   13.7  1942   16.1  1989   17.3  1987   16.9  1953   14.8  1891   11.6  1970    8.1  1992    6.3  1926    5.88  1908   10.63  1971   16.89  1991   11.45  1946   11.15  1906
    5.7  1994    6.0  2016    7.7  1963   10.3  1900   13.7  1956   16.1  1917   17.3  1913   16.9  2010   14.8  1917   11.6  2020    8.0  1957    6.3  2017    5.86  1901   10.61  1993   16.88  1996   11.44  1960   11.14  1946
    5.7  2025    6.0  1899    7.7  1922   10.3  1968   13.7  2007   16.1  1926   17.2  1929   16.8  1918   14.8  1980   11.6  1960    8.0  1998    6.3  1973    5.85  1912   10.60  1921   16.85  2007   11.41  1963   11.13  1905
    5.7  1973    6.0  1988    7.7  1960   10.3  1962   13.7  2010   16.1  1966   17.2  1973   16.8  1931   14.8  1966   11.5  1982    8.0  1943    6.3  2001    5.85  1926   10.60  1988   16.85  1884   11.40  1907   11.12  1913
    5.7  1995    6.0  1976    7.6  1902   10.3  1898   13.7  1991   16.1  2017   17.2  2017   16.7  1898   14.8  1960   11.5  1890    8.0  1960    6.2  2020    5.85  1889   10.58  1926   16.84  1897   11.40  1986   11.08  1992
    5.7  1920    6.0  1897    7.6  1890   10.3  1895   13.7  1917   16.0  1979   17.2  1918   16.7  1908   14.8  2001   11.5  1886    8.0  1970    6.2  1990    5.84  1909   10.56  1954   16.84  1941   11.39  1970   11.07  1974
    5.6  2009    6.0  1912    7.6  1921   10.2  1915   13.6  1949   16.0  1993   17.2  1950   16.7  2024   14.8  1930   11.5  1938    8.0  1886    6.2  1897    5.83  1903   10.54  1890   16.81  1973   11.39  1924   11.00  1973
    5.6  1909    6.0  1944    7.6  2008   10.2  2006   13.6  1945   16.0  1904   17.1  2024   16.7  1957   14.7  1910   11.4  2000    8.0  1975    6.2  1970    5.83  1961   10.49  1894   16.79  1990   11.37  1897   10.98  1994
    5.6  1904    5.9  1964    7.6  1968   10.2  1956   13.6  1977   16.0  1974   17.1  1919   16.7  2007   14.7  1911   11.4  1937    7.9  1929    6.2  2000    5.82  1948   10.48  1928   16.76  1937   11.37  1934   10.98  1899
    5.6  1907    5.9  1933    7.5  1971   10.2  1892   13.6  1943   16.0  1935   17.1  2007   16.7  1928   14.7  2008   11.3  1899    7.9  1971    6.2  1908    5.82  1933   10.46  1914   16.72  1992   11.33  1984   10.96  1977
    5.5  1943    5.8  1957    7.5  1967   10.2  1988   13.5  1912   16.0  2008   17.0  1969   16.6  1950   14.7  2017   11.3  1924    7.9  1888    6.2  1967    5.82  1896   10.43  1978   16.71  1913   11.32  1983   10.96  1918
    5.5  1960    5.8  1910    7.5  1896   10.2  1965   13.5  2019   16.0  1943   17.0  1910   16.6  1958   14.6  2007   11.3  1988    7.9  2012    6.2  1913    5.81  1960   10.39  1915   16.67  1930   11.32  1982   10.96  1920
    5.4  2013    5.8  2013    7.5  1983   10.2  1918   13.5  1931   15.9  1997   17.0  1900   16.6  2017   14.6  1904   11.3  1976    7.9  1988    6.2  1889    5.81  1983   10.39  1989   16.66  1916   11.31  2010   10.95  1928
    5.4  2026    5.8  1950    7.5  1920   10.2  1990   13.5  1957   15.9  1984   17.0  2010   16.6  1967   14.6  1916   11.3  1994    7.8  2000    6.2  1891    5.80  2009   10.35  2015   16.63  2017   11.30  1929   10.94  1961
    5.4  2018    5.8  2001    7.4  1932   10.1  1935   13.4  1930   15.9  1996   17.0  1899   16.6  1909   14.6  1970   11.2  1983    7.8  1932    6.1  1966    5.80  1938   10.26  1964   16.63  2002   11.30  1979   10.94  1958
    5.3  1888    5.8  1952    7.4  1918   10.0  1902   13.4  1961   15.8  1903   17.0  1916   16.6  2018   14.6  1946   11.2  1904    7.8  1942    6.1  1943    5.77  1964   10.26  1972   16.60  1958   11.27  1916   10.91  1947
    5.3  1908    5.8  2021    7.4  1978   10.0  1996   13.3  1985   15.8  1965   17.0  1937   16.6  1942   14.5  1989   11.2  1928    7.8  1979    6.0  1979    5.75  1954   10.22  2006   16.57  1918   11.25  1902   10.91  1901
    5.2  1914    5.7  1987    7.3  1994    9.9  1913   13.3  2011   15.8  1947   16.9  2004   16.5  1887   14.5  1937   11.2  1948    7.8  1991    5.9  1938    5.73  2013   10.16  1905   16.52  2001   11.25  2008   10.88  1910
    5.2  1900    5.7  1885    7.3  1974    9.9  1916   13.3  1974   15.8  1898   16.9  1932   16.5  1910   14.5  1976   11.2  1942    7.8  2013    5.9  1930    5.71  1928   10.14  1910   16.52  1943   11.24  1931   10.88  1937
    5.2  2011    5.7  1909    7.3  1899    9.9  1975   13.3  1995   15.7  1884   16.9  2016   16.5  1982   14.4  1908   11.2  1956    7.8  1907    5.9  2012    5.69  1958   10.14  1927   16.50  1889   11.21  1937   10.85  1964
    5.1  1901    5.7  1965    7.3  1940    9.8  1958   13.2  1892   15.7  1955   16.9  1907   16.5  1940   14.4  1920   11.1  1930    7.8  1892    5.9  2002    5.68  1894   10.12  1973   16.47  1898   11.21  1977   10.85  1894
    5.1  1946    5.7  1922    7.2  1954    9.8  1890   13.2  1887   15.7  1918   16.9  1898   16.4  1971   14.4  1935   11.1  2003    7.8  1937    5.9  1940    5.67  1984   10.10  1955   16.46  2012   11.19  1967   10.84  1968
    5.1  1958    5.6  1973    7.2  1988    9.8  1967   13.2  1993   15.7  1945   16.9  1996   16.4  1998   14.3  1928   11.1  1931    7.8  1967    5.9  1982    5.62  1997   10.07  1977   16.45  1900   11.18  1927   10.84  1972
    5.1  1902    5.6  1923    7.1  1915    9.8  2012   13.2  1994   15.7  1977   16.9  1885   16.4  1952   14.3  1903   11.1  2004    7.7  1980    5.9  1944    5.61  2018   10.06  1919   16.44  2011   11.17  1975   10.83  1956
    5.0  1961    5.6  1898    7.0  1914    9.8  1904   13.1  1922   15.7  1978   16.8  1904   16.4  1901   14.3  1902   11.1  1915    7.7  1934    5.8  1958    5.54  1924   10.05  1937   16.41  2024   11.16  1954   10.83  1896
    5.0  1931    5.6  1884    7.0  1903    9.8  1963   13.1  1966   15.6  1902   16.8  1936   16.4  2014   14.3  1978   11.1  1909    7.7  1989    5.8  2008    5.53  1930   10.04  1930   16.35  1895   11.15  1976   10.82  1942
    5.0  1972    5.6  1894    7.0  1884    9.8  1940   13.1  1921   15.6  2000   16.8  1906   16.4  1930   14.3  1943   11.0  1973    7.7  1976    5.7  1919    5.51  1918   10.02  1987   16.34  1971   11.15  1894   10.81  1980
    5.0  1899    5.6  1924    7.0  1911    9.8  1991   13.1  2003   15.6  1913   16.8  1951   16.4  1994   14.3  1972   11.0  1940    7.7  1898    5.7  1902    5.50  2001   10.00  1907   16.33  1988   11.14  1990   10.81  1967
    4.9  1954    5.5  1937    6.9  1925    9.8  1969   13.1  2005   15.5  1942   16.7  1956   16.4  1987   14.3  1909   11.0  1991    7.7  1935    5.7  1904    5.42  1952    9.98  1965   16.32  1927   11.13  2019   10.80  1925
    4.9  1997    5.5  1972    6.9  1913    9.8  1907   13.1  1975   15.5  1958   16.7  1886   16.3  1934   14.3  1942   11.0  1893    7.7  2017    5.7  1920    5.40  1931    9.96  1994   16.31  1951   11.10  1942   10.80  1970
    4.8  1948    5.5  1925    6.9  1975    9.8  1985   13.0  1903   15.5  1962   16.7  1889   16.3  1919   14.3  1993   11.0  1998    7.7  1987    5.7  1907    5.35  1962    9.96  1909   16.28  1891   11.09  1973   10.79  2010
    4.8  1970    5.4  1893    6.9  1986    9.7  2000   13.0  1920   15.4  1937   16.6  1960   16.3  1974   14.3  1987   11.0  1916    7.6  1890    5.6  1928    5.33  1945    9.94  1975   16.27  1967   11.06  1988   10.79  1940
    4.8  1913    5.4  1984    6.9  1965    9.7  2016   12.9  1927   15.4  2024   16.6  1915   16.3  1980   14.2  1948   11.0  1966    7.6  1990    5.6  1999    5.31  2021    9.91  1995   16.27  1994   11.05  1922   10.78  1930
    4.8  1939    5.3  1915    6.8  1934    9.7  1884   12.9  1965   15.4  1983   16.6  1891   16.2  1989   14.2  1982   11.0  1946    7.6  1903    5.5  1885    5.29  1907    9.90  1976   16.25  1904   11.02  1886   10.78  1915
    4.8  1922    5.3  1958    6.7  2001    9.7  1931   12.9  2013   15.4  1897   16.6  1992   16.2  2011   14.2  1985   11.0  2019    7.6  1927    5.5  1964    5.28  1980    9.87  1963   16.22  1952   11.01  1901   10.77  1996
    4.8  1910    5.2  1931    6.7  1928    9.6  2001   12.9  1976   15.3  1909   16.6  1966   16.1  1895   14.2  1963   11.0  1967    7.5  1901    5.4  1992    5.24  1965    9.86  1913   16.22  1896   11.01  1930   10.76  1912
    4.7  1915    5.1  2018    6.6  1941    9.6  1936   12.9  1932   15.3  1929   16.5  1946   16.1  1964   14.1  1893   11.0  2008    7.5  1974    5.3  2022    5.24  1959    9.82  1985   16.21  1942   10.99  1904   10.76  1884
    4.7  1918    5.1  1960    6.6  1906    9.5  1911   12.9  1888   15.3  1990   16.5  1942   16.0  1961   14.1  2018   10.9  1934    7.5  1895    5.3  1969    5.20  1968    9.82  1889   16.20  2015   10.99  1981   10.76  1929
    4.7  1951    5.0  1981    6.6  1942    9.5  1998   12.8  1987   15.3  1999   16.5  1968   16.0  1988   14.0  1979   10.9  1955    7.4  1961    5.3  1946    5.15  1987    9.81  1968   16.20  1938   10.96  1940   10.76  1941
    4.6  1912    5.0  1985    6.5  1898    9.4  1992   12.8  1951   15.3  1888   16.4  1930   16.0  1946   14.0  1889   10.9  1922    7.4  1972    5.3  1965    5.11  1919    9.79  1920   16.16  1966   10.95  1957   10.76  1916
    4.6  1887    5.0  1907    6.5  1924    9.4  1994   12.8  1944   15.3  2002   16.4  1939   16.0  1941   14.0  1922   10.9  1902    7.4  1968    5.3  1962    5.09  1910    9.77  1931   16.14  1948   10.94  1895   10.74  1950
    4.6  1956    4.9  1977    6.5  1897    9.3  1925   12.8  1913   15.3  1944   16.4  2012   15.9  1921   14.0  1988   10.9  1911    7.3  1900    5.3  1906    5.06  1915    9.76  1922   16.13  1963   10.89  1962   10.73  1927
    4.6  1894    4.9  1890    6.5  2006    9.3  1953   12.7  1941   15.3  1948   16.4  2015   15.9  1965   14.0  1924   10.9  1907    7.3  1912    5.3  1939    5.06  1991    9.74  1884   16.12  1919   10.87  1966   10.73  1889
    4.6  2001    4.9  1996    6.4  1985    9.3  1934   12.7  2021   15.2  2015   16.3  1963   15.9  1904   14.0  1894   10.8  1964    7.3  1918    5.2  1923    5.00  1978    9.73  1932   16.05  1929   10.85  1911   10.72  1978
    4.6  1965    4.9  1892    6.4  1976    9.3  1885   12.7  1962   15.2  1894   16.3  1953   15.9  1905   13.9  1932   10.7  1944    7.3  1933    5.2  1993    5.00  1994    9.68  1923   15.99  1981   10.84  1903   10.72  1969
    4.5  1933    4.9  1966    6.4  1889    9.2  1947   12.7  1938   15.2  1998   16.3  2002   15.8  1972   13.9  1919   10.7  1891    7.3  1973    5.2  1963    4.99  1956    9.66  1966   15.98  1894   10.84  1889   10.72  1951
    4.5  1991    4.8  1916    6.3  1984    9.2  1973   12.7  1969   15.1  1961   16.2  1938   15.8  1978   13.9  2012   10.6  1950    7.2  1962    5.2  1914    4.98  1985    9.64  1908   15.97  1987   10.83  1935   10.71  1993
    4.5  1986    4.8  1906    6.3  1930    9.2  1929   12.7  1916   15.1  2011   16.2  2020   15.8  1951   13.9  1994   10.6  1903    7.2  1936    5.2  1952    4.98  1892    9.63  1898   15.92  1909   10.82  1980   10.70  1931
    4.5  1919    4.8  1889    6.3  1895    9.2  2013   12.6  1973   15.1  1956   16.2  1940   15.8  1966   13.9  1984   10.6  1939    7.2  1904    5.1  1968    4.96  1891    9.61  1925   15.91  1998   10.81  1917   10.67  1981
    4.4  1982    4.6  1941    6.2  1885    9.1  1923   12.6  1972   15.1  1954   16.2  1896   15.8  1948   13.9  1944   10.6  1918    7.1  1921    5.1  1960    4.91  1942    9.57  1967   15.91  1974   10.80  1884   10.65  1954
    4.4  1978    4.5  1936    6.2  1996    9.1  1919   12.5  1884   15.1  1912   16.2  1903   15.8  1943   13.8  1990   10.6  1884    7.1  2016    5.0  1933    4.88  1885    9.54  1934   15.90  1979   10.79  1900   10.62  1890
    4.3  1891    4.5  1901    6.2  1931    9.0  1886   12.5  1934   15.1  1980   16.2  1985   15.8  1979   13.8  1983   10.5  1888    7.1  1930    5.0  1915    4.84  1955    9.52  1970   15.88  1978   10.75  1909   10.62  1924
    4.3  1903    4.4  1951    6.1  1970    9.0  1924   12.5  1926   15.1  2012   16.1  1978   15.7  1890   13.8  1896   10.5  1923    7.1  1926    5.0  1896    4.82  1970    9.50  1906   15.87  1986   10.73  1987   10.60  1897
    4.3  1893    4.4  1991    6.1  1955    9.0  1927   12.5  1925   15.0  1885   16.1  1931   15.6  1896   13.8  1977   10.5  2002    7.1  1896    5.0  1989    4.80  1904    9.48  1903   15.83  1980   10.73  1891   10.55  1952
    4.2  1936    4.3  2010    6.0  1964    8.9  1920   12.4  1958   15.0  1901   16.1  1964   15.6  1993   13.8  1975   10.5  1929    7.0  1911    5.0  1884    4.77  2011    9.48  1892   15.81  1946   10.72  1985   10.53  1987
    4.2  1947    4.3  1904    6.0  1887    8.9  1932   12.4  1897   15.0  1964   16.1  1980   15.6  1954   13.8  1931   10.5  1935    7.0  1944    4.8  1978    4.77  1966    9.45  1902   15.80  1885   10.71  2012   10.52  1900
    4.1  1966    4.2  1970    6.0  1901    8.9  1887   12.3  1955   15.0  2001   16.1  1998   15.6  1892   13.7  1927   10.4  1894    6.9  2019    4.8  1996    4.74  1996    9.39  1900   15.75  1903   10.69  1888   10.52  1909
    4.1  1977    4.2  1983    5.9  1995    8.8  1950   12.3  1914   14.9  1919   16.1  1962   15.6  1886   13.7  1940   10.4  1901    6.9  1977    4.8  1909    4.67  1969    9.37  1962   15.74  1920   10.65  1932   10.50  1907
    4.0  2021    4.2  1917    5.9  1908    8.8  1979   12.2  1891   14.9  1946   16.0  1924   15.6  1929   13.7  1905   10.4  1919    6.9  1909    4.7  1916    4.60  1887    9.37  1887   15.74  1931   10.58  1915   10.47  1887
    4.0  1885    4.1  1940    5.9  1987    8.7  1905   12.1  1904   14.8  1922   16.0  1967   15.6  1923   13.7  1992   10.4  2012    6.8  1996    4.7  1917    4.57  1888    9.32  1947   15.73  1912   10.56  1926   10.46  1966
    4.0  1984    4.1  1954    5.9  2018    8.7  1899   12.1  1898   14.8  1924   15.9  1979   15.6  1992   13.7  1965   10.4  1952    6.8  1966    4.6  1887    4.55  1897    9.31  1983   15.73  1964   10.55  1893   10.45  1891
    3.9  1892    4.0  1930    5.8  1900    8.6  1989   12.1  1900   14.7  1985   15.9  1981   15.5  1900   13.7  1888   10.3  1912    6.7  1884    4.5  1903    4.53  1986    9.22  1996   15.64  1886   10.52  1944   10.44  1962
    3.8  1955    4.0  1994    5.8  1980    8.6  1977   12.1  1963   14.7  1952   15.8  1986   15.5  1920   13.6  1886   10.3  1987    6.6  1905    4.5  1895    4.45  1893    9.21  1904   15.64  1923   10.49  1965   10.43  1904
    3.8  1980    3.9  1956    5.7  1904    8.6  1908   11.9  1986   14.7  1892   15.8  1895   15.4  1885   13.6  1887   10.2  1932    6.6  1950    4.4  1901    4.33  1982    9.19  1958   15.64  1993   10.46  1910   10.40  1903
    3.6  1929    3.8  1919    5.5  1951    8.6  1978   11.9  1983   14.7  1981   15.8  1909   15.4  1891   13.6  1899   10.2  1889    6.6  1891    4.3  1925    4.27  1902    9.19  1969   15.61  1965   10.32  1992   10.37  1922
    3.6  1942    3.7  1978    5.5  1891    8.6  1983   11.8  1924   14.7  1938   15.7  1892   15.3  1963   13.6  1986   10.0  1905    6.5  1893    4.2  2009    4.25  1936    9.18  1941   15.60  1972   10.30  1925   10.34  1965
    3.6  1952    3.7  1888    5.4  1979    8.5  1897   11.7  1907   14.6  1886   15.6  1961   15.2  1903   13.4  1962   10.0  1900    6.4  1885    4.1  1937    4.09  1941    9.16  1899   15.57  1961   10.28  1912   10.31  1923
    3.5  2010    3.6  1942    5.3  1958    8.5  1910   11.7  2015   14.6  1971   15.5  1988   15.2  1924   13.4  1897   10.0  1980    6.4  1993    4.0  1899    4.08  1929    9.13  1897   15.54  1962   10.21  1950   10.28  1917
    3.5  1959    3.5  1968    5.3  1909    8.4  1903   11.5  1968   14.5  1890   15.5  1974   15.2  1894   13.4  1950    9.7  1993    6.4  2010    4.0  1935    4.05  1900    9.10  1924   15.49  1956   10.15  1993   10.21  1902
    3.2  1987    3.3  1902    5.2  1917    8.4  1922   11.5  1899   14.5  1916   15.4  1890   15.2  1889   13.3  1954    9.7  1974    6.1  1925    3.8  1961    4.04  1977    9.09  1916   15.35  1924   10.13  1905   10.20  1985
    3.1  1917    3.1  1886    5.1  1937    8.4  1970   11.5  1996   14.3  1994   15.3  1993   15.1  1902   13.2  1912    9.5  1887    6.0  1887    3.8  1892    3.99  1917    8.97  2013   15.33  1892   10.12  1918   10.17  1986
    3.0  1886    3.1  1979    5.1  1962    8.4  1891   11.4  1967   14.3  1931   15.2  1928   15.1  1962   13.1  1957    9.3  1926    5.9  1969    3.6  1995    3.98  2010    8.90  1986   15.29  1902    9.98  1974   10.17  1963
    2.9  1985    3.0  1955    5.1  1969    8.3  1951   11.2  1906   14.2  1987   15.2  1902   15.1  1888   13.1  1923    9.2  1992    5.8  1952    3.2  1886    3.97  1951    8.90  1951   15.26  1928    9.70  1923   10.15  1919
    2.8  1897    2.9  1929    5.0  1892    8.3  1888   10.9  1894   14.1  1991   15.1  1965   15.0  1986   13.1  1925    9.0  1981    5.8  1985    3.2  1976    3.91  1886    8.78  1917   15.25  1954    9.69  1887   10.11  1895
    2.6  1945    2.9  1969    4.9  1919    8.2  1941   10.9  1979   13.9  1928   15.1  1920   14.9  1907   12.9  1885    8.8  1917    5.6  1965    3.2  1927    3.70  1940    8.69  1891   15.24  1985    9.64  1896    9.89  1979
    2.5  1979    2.8  1900    4.8  2013    8.1  1889   10.9  1923   13.9  1923   15.0  1954   14.8  1922   12.8  1974    8.7  1895    5.4  1923    3.1  1890    3.48  1979    8.68  1885   15.20  1890    9.62  1919    9.86  1888
    1.8  1963    2.3  1963    4.7  1916    7.9  1986   10.7  1886   13.6  1927   14.9  1970   14.8  1985   12.6  1952    8.3  1892    5.2  1915    2.9  1950    3.47  1947    8.45  1888   15.05  1907    9.62  1952    9.69  1885
    1.8  1941    2.0  1986    4.7  1886    7.5  1917   10.7  1902   13.4  1972   14.8  1922   14.6  1956   12.5  1892    8.1  1896    4.7  1910    2.3  1981    3.18  1963    8.36  1979   14.99  1888    9.51  1892    9.64  1892
    1.7  1940    1.2  1895    4.2  1888    7.5  1966   10.5  1885   13.3  1907   14.6  1888   14.4  1912   12.5  1918    8.1  1885    4.5  1919    2.3  2010    3.15  1895    8.13  1886   14.82  1922    9.12  1885    9.51  1886
    1.3  1895    0.7  1947    4.2  1947    ---  2026    ---  2026    ---  2026    ---  2026    ---  2026    ---  2026    ---  2026    ---  2026    ---  2026     ---  1884     ---  2026     ---  2026     ---  2026     ---  2026
