Areal values from HadUK-Grid 1km gridded climate data from land surface network
Source: Met Office National Climate Information Centre
Monthly, seasonal and annual mean of daily minimum air temperature for Scotland W
Areal series, starting in 1884
Last updated 01-Apr-2026 11:34
    jan  year    feb  year    mar  year    apr  year    may  year    jun  year    jul  year    aug  year    sep  year    oct  year    nov  year    dec  year     win  year     spr  year     sum  year     aut  year     ann  year
    4.1  1898    4.6  1998    4.6  1938    5.2  2011    9.0  2024   10.1  2023   11.6  2019   11.6  2004   10.3  2006    8.9  2001    6.2  1994    4.5  1934    3.32  1989    5.16  2024   10.79  2025    7.52  2011    5.80  2014
    3.8  1989    3.1  1918    4.4  1957    5.1  2014    7.6  2022    9.6  2017   11.6  2003   11.6  1997   10.1  2016    8.5  1969    6.0  1899    4.3  1988    2.59  1998    4.91  2014   10.54  2019    7.33  2006    5.76  2022
    3.4  1916    3.1  2023    4.1  1961    4.9  2007    7.2  2008    9.6  2025   11.5  1991   11.4  2019   10.1  2021    8.0  2022    5.5  2011    4.1  1924    2.54  2014    4.45  1961   10.48  2003    7.33  2022    5.73  2025
    2.9  2020    3.1  1903    3.8  2012    4.6  1943    7.0  1964    9.5  2003   11.5  2025   11.3  1975    9.9  1999    8.0  1995    5.2  2022    4.1  1900    2.46  2017    4.35  2017   10.45  2023    7.13  2021    5.71  2023
    2.8  2022    2.9  1993    3.8  1990    4.5  2004    6.9  1893    9.5  2020   11.4  2013   11.3  2025    9.7  2023    8.0  1908    5.0  1953    4.1  1971    2.42  2007    4.32  1992   10.22  2021    7.08  1978    5.65  2024
    2.8  1923    2.8  2024    3.7  1945    4.4  2009    6.9  1999    9.4  2014   11.3  2021   11.1  2008    9.6  1941    7.9  2005    5.0  1997    3.9  1898    2.41  1925    4.31  1999   10.16  1933    6.98  2001    5.49  2007
    2.7  1932    2.7  1961    3.3  1997    4.4  1944    6.8  1889    9.4  1992   11.3  2006   11.0  1995    9.5  1958    7.9  1978    4.9  1938    3.7  2016    2.31  1935    4.28  2011   10.15  2004    6.71  2014    5.48  2004
    2.6  2007    2.6  1945    3.2  2000    4.2  1949    6.8  2014    9.4  1970   11.3  1933   11.0  1991    9.5  1949    7.8  1968    4.8  1897    3.6  2015    2.29  2022    4.18  2007   10.09  2022    6.70  1953    5.43  2006
    2.5  1990    2.6  1896    3.1  2019    4.2  1961    6.7  2023    9.4  1966   11.1  1976   10.8  2023    9.5  1980    7.7  2011    4.8  2020    3.5  1974    2.27  2020    4.12  1959   10.09  2006    6.64  1949    5.42  2017
    2.5  1996    2.6  1943    2.9  1998    4.1  2003    6.7  1970    9.4  2005   11.1  1983   10.8  1893    9.4  2005    7.7  1921    4.6  2015    3.5  1905    2.25  1923    4.12  1945   10.07  2018    6.50  1908    5.37  2002
    2.5  1983    2.4  2026    2.9  2014    4.1  1896    6.6  1992    9.3  2016   11.0  2008   10.8  1990    9.4  1895    7.6  2006    4.5  1894    3.4  2013    2.16  1975    4.09  2004   10.00  2008    6.48  1999    5.37  2005
    2.4  1884    2.3  2012    2.9  2005    4.0  1894    6.5  2017    9.3  2007   11.0  1901   10.8  2009    9.4  2011    7.6  1977    4.5  2002    3.3  2024    2.09  1932    4.09  2025    9.99  2009    6.47  2009    5.37  2011
    2.4  1944    2.3  2017    2.9  1948    4.0  1993    6.5  1998    9.2  1976   10.9  2018   10.8  2002    9.3  2000    7.5  2013    4.4  2003    3.3  1931    2.08  2026    4.08  1997    9.98  1899    6.46  2005    5.32  2019
    2.4  1921    2.3  1990    2.8  2024    4.0  1999    6.5  1919    9.2  2002   10.9  2022   10.6  1959    9.3  1890    7.5  1959    4.4  1906    3.1  1956    2.04  1943    4.08  2009    9.97  2013    6.45  1995    5.31  1997
    2.3  1890    2.3  2019    2.8  1992    4.0  1933    6.4  1952    9.2  2004   10.9  1900   10.6  1955    9.2  2004    7.4  2021    4.3  1920    3.0  1953    2.00  1898    4.07  2022    9.96  2016    6.45  1958    5.31  2020
    2.2  1925    2.2  2014    2.8  1959    3.9  1937    6.4  2018    9.2  1960   10.9  1995   10.6  1947    9.2  1898    7.3  2017    4.3  2004    2.9  1921    1.96  1976    4.06  1952    9.91  1995    6.41  1938    5.29  1949
    2.2  1906    2.1  1926    2.7  2021    3.9  1898    6.4  2011    9.0  2010   10.8  1899   10.6  1969    9.2  2009    7.1  1949    4.3  2014    2.9  2025    1.96  1949    4.04  1960    9.90  1997    6.40  1945    5.26  1998
    2.2  2002    2.1  1939    2.7  2017    3.9  1997    6.3  1953    9.0  2022   10.7  1923   10.5  2020    9.1  2014    7.1  2025    4.2  1978    2.8  1954    1.92  2025    3.99  1990    9.86  2020    6.28  1959    5.23  1898
    2.2  1974    2.1  2022    2.7  2025    3.9  1960    6.3  2003    9.0  2018   10.7  2010   10.5  1895    9.1  1998    7.0  1990    4.2  2018    2.8  2006    1.90  1972    3.99  2003    9.84  2002    6.27  2004    5.23  1990
    2.1  1976    2.0  1934    2.6  1950    3.9  2025    6.2  1918    8.9  2021   10.7  1934   10.5  2013    9.1  1901    6.9  1979    4.1  1917    2.7  1910    1.86  2019    3.98  2002    9.83  1947    6.25  1951    5.21  1999
    2.0  2005    2.0  1914    2.6  1983    3.9  2018    6.2  1947    8.9  1896   10.6  1944   10.5  2024    9.1  1978    6.9  1989    4.1  1951    2.6  2018    1.84  2012    3.90  1998    9.81  2017    6.23  2007    5.15  1953
    2.0  2014    2.0  1949    2.5  1991    3.9  2017    6.2  2002    8.9  2006   10.6  2009   10.5  1917    9.0  1953    6.9  2024    4.1  1955    2.6  1942    1.82  2016    3.90  2019    9.81  1976    6.20  2025    5.14  2016
    1.9  1975    1.9  1897    2.4  1966    3.8  1987    6.2  1960    8.8  1950   10.5  2014   10.5  2012    9.0  1946    6.8  1996    4.1  1948    2.5  1977    1.80  2024    3.89  1943    9.80  1983    6.20  2023    5.12  2009
    1.9  1905    1.9  2025    2.4  1936    3.8  1926    6.2  1959    8.8  1993   10.5  1927   10.5  1933    9.0  1966    6.8  1898    4.1  2007    2.5  1922    1.71  2005    3.88  1933    9.76  2005    6.20  1898    5.09  2003
    1.8  1934    1.8  2002    2.4  1935    3.8  2019    6.1  2004    8.8  1899   10.4  1925   10.5  1918    8.9  1961    6.7  2014    4.0  2006    2.5  2019    1.69  1906    3.86  1964    9.74  2014    6.18  1968    5.07  2021
    1.8  2008    1.8  2007    2.3  1943    3.7  1964    6.1  1908    8.7  1963   10.4  1999   10.5  1897    8.9  1945    6.6  1958    3.9  1931    2.4  1983    1.67  1903    3.81  2023    9.72  1893    6.12  1994    5.06  2018
    1.8  2016    1.8  1992    2.3  1912    3.6  1952    6.0  1940    8.7  1947   10.4  2023   10.5  1942    8.8  1955    6.6  2007    3.9  2021    2.4  1893    1.61  1896    3.81  1957    9.71  1959    6.01  2020    5.05  1959
    1.7  1926    1.8  1920    2.3  1967    3.6  2024    6.0  2016    8.7  1933   10.4  1945   10.4  1949    8.8  1929    6.6  2009    3.9  1945    2.4  1911    1.55  1993    3.80  1893    9.69  1975    5.97  2017    5.03  1945
    1.7  1896    1.8  1908    2.2  2002    3.5  2002    6.0  1890    8.7  1940   10.3  1975   10.4  1911    8.7  1956    6.6  2023    3.9  1902    2.4  2023    1.53  1911    3.77  1896    9.66  1991    5.96  1899    4.99  2000
    1.7  1950    1.7  2000    2.2  1977    3.5  1945    6.0  2001    8.7  1982   10.3  1905   10.4  1983    8.7  2022    6.5  1971    3.9  2001    2.4  1918    1.52  1974    3.76  1938    9.66  1900    5.95  1997    4.99  1988
    1.7  1949    1.7  1967    2.1  2026    3.5  2005    5.9  1981    8.6  1900   10.3  1926   10.4  1996    8.7  2010    6.5  1962    3.8  1913    2.4  1932    1.51  1901    3.75  2005    9.66  2010    5.94  1948    4.98  2008
    1.6  2004    1.7  1974    2.1  1999    3.5  1992    5.9  1911    8.6  1988   10.3  2016   10.4  2003    8.7  1917    6.5  1886    3.8  1939    2.3  1888    1.49  1905    3.75  1991    9.60  2007    5.87  2013    4.96  1938
    1.6  2012    1.7  1971    2.1  2007    3.5  1955    5.8  1896    8.5  2019   10.2  1932   10.4  1899    8.6  1981    6.4  1947    3.8  1924    2.2  1948    1.48  2008    3.70  1993    9.57  1990    5.86  1920    4.95  1943
    1.6  1937    1.7  2011    2.1  1952    3.5  1914    5.8  1925    8.5  1893   10.2  1921   10.3  2021    8.6  2019    6.4  1945    3.8  1984    2.2  1975    1.45  1999    3.69  2008    9.54  1982    5.82  2024    4.94  1921
    1.6  1904    1.7  1997    2.1  1905    3.5  1946    5.8  2009    8.5  2009   10.2  1989   10.3  2022    8.6  1970    6.4  1943    3.7  1916    2.2  1997    1.45  1899    3.60  2000    9.47  1949    5.82  1970    4.91  1971
    1.6  1973    1.6  1946    2.1  1927    3.5  1948    5.7  1965    8.5  1953   10.2  2005   10.3  2016    8.6  1936    6.3  1999    3.7  1889    2.2  1941    1.42  1990    3.59  2012    9.46  1944    5.80  2000    4.90  1934
    1.5  2023    1.6  1989    2.0  1960    3.4  1996    5.7  1933    8.5  1984   10.2  1997   10.3  1906    8.5  2017    6.2  1985    3.7  1995    2.1  1984    1.40  1992    3.47  2018    9.46  1925    5.77  1971    4.88  1948
    1.4  2013    1.6  1976    2.0  2009    3.4  1904    5.7  1937    8.5  1959   10.2  1947   10.3  2018    8.5  1951    6.2  1960    3.6  1888    2.1  1972    1.39  1971    3.45  1912    9.44  2024    5.76  1921    4.88  1983
    1.4  2017    1.5  1891    2.0  1902    3.4  1959    5.7  1990    8.4  1905   10.2  1994   10.2  1884    8.5  1884    6.2  1954    3.6  1959    2.1  2004    1.38  1921    3.43  2020    9.42  1984    5.76  1906    4.84  1989
    1.4  2000    1.5  1982    2.0  1978    3.3  2023    5.7  1976    8.4  1935   10.1  2001   10.2  1944    8.4  1891    6.2  1951    3.6  2009    2.0  1994    1.36  1957    3.42  1948    9.42  1992    5.75  1984    4.82  2013
    1.4  1964    1.5  1928    2.0  1981    3.2  1982    5.7  2025    8.4  1887   10.1  1949   10.2  1936    8.4  2013    6.2  1963    3.5  1981    2.0  1985    1.35  2023    3.39  1944    9.41  1970    5.74  2015    4.81  1976
    1.4  1927    1.5  1980    2.0  1920    3.2  1976    5.7  1954    8.3  1912   10.0  1987   10.1  1939    8.4  1985    6.2  1961    3.5  1908    1.9  2021    1.32  1934    3.37  1889    9.41  1945    5.73  1961    4.77  2012
    1.3  1911    1.4  1923    1.9  1921    3.2  2020    5.7  1956    8.3  1965   10.0  1887   10.1  2006    8.4  1971    6.1  1953    3.5  1983    1.9  1959    1.32  1973    3.30  1981    9.41  1950    5.73  2018    4.76  1893
    1.3  1969    1.4  2020    1.9  1933    3.2  1975    5.7  1991    8.3  1889   10.0  1969   10.0  1958    8.4  1938    6.0  1986    3.4  1986    1.9  1998    1.31  1922    3.29  1972    9.37  1934    5.72  1946    4.75  1995
    1.3  1938    1.3  2008    1.9  1926    3.2  1893    5.6  1986    8.2  1897   10.0  1959   10.0  1984    8.4  1969    6.0  1975    3.4  1946    1.8  2002    1.31  1967    3.27  1926    9.36  2012    5.69  1941    4.74  1933
    1.3  1900    1.3  1921    1.9  1903    3.1  1980    5.6  2007    8.1  1925   10.0  1911   10.0  1989    8.3  1976    6.0  1938    3.4  2025    1.8  1980    1.25  1937    3.27  1920    9.36  1953    5.68  1969    4.74  1957
    1.3  1967    1.3  1905    1.9  1884    3.1  1995    5.5  1978    8.1  2024   10.0  1930   10.0  1970    8.3  1948    6.0  1965    3.3  1987    1.8  1991    1.24  1988    3.24  1976    9.35  1969    5.68  1886    4.73  1961
    1.3  1993    1.2  1884    1.8  1993    3.1  2022    5.5  1989    8.1  1934   10.0  1891   10.0  1982    8.3  2008    5.9  1970    3.3  1886    1.8  1949    1.23  2002    3.23  1939    9.35  1897    5.67  1947    4.70  1992
    1.3  1999    1.2  1995    1.8  1994    3.1  1930    5.4  2020    8.1  1945   10.0  1931   10.0  1927    8.3  2002    5.9  1957    3.3  1957    1.7  1902    1.23  1927    3.22  2016    9.32  1988    5.65  1989    4.69  1994
    1.3  1971    1.2  1935    1.7  2016    3.1  1985    5.4  1972    8.1  2000    9.9  1982    9.9  1935    8.3  1947    5.9  1976    3.3  1949    1.7  1894    1.20  1916    3.20  1949    9.29  1955    5.64  2002    4.68  2015
    1.3  1924    1.1  1999    1.6  1907    3.1  1963    5.4  1920    8.1  1891    9.9  1941    9.9  1916    8.2  1968    5.8  1982    3.3  1999    1.7  1929    1.19  1944    3.17  1950    9.29  1911    5.63  1913    4.66  1991
    1.2  1889    1.1  1988    1.6  2004    3.1  2010    5.4  2006    8.0  1980    9.9  1951    9.9  1978    8.2  1934    5.8  1984    3.3  1900    1.7  1987    1.16  1914    3.14  1988    9.28  1960    5.61  1956    4.65  1905
    1.2  1935    1.0  1894    1.6  1939    3.1  1972    5.3  2000    8.0  1943    9.9  1957    9.9  2017    8.2  1988    5.8  1930    3.2  1928    1.7  1951    1.14  1950    3.12  1940    9.27  1935    5.60  1890    4.65  1975
    1.2  1953    1.0  1953    1.6  1956    3.0  1991    5.3  1939    8.0  1979    9.9  1985    9.9  1953    8.1  1996    5.8  1904    3.1  1958    1.6  1936    1.14  1894    3.11  1978    9.25  1932    5.59  1983    4.64  1964
    1.2  1998    1.0  2021    1.6  2003    3.0  1988    5.3  1900    8.0  1890    9.9  1990    9.9  2000    8.1  2001    5.8  1920    3.1  2024    1.6  2011    1.13  1890    3.11  1898    9.23  1901    5.58  1982    4.64  1896
    1.1  1928    1.0  1913    1.6  2020    2.9  1912    5.3  1895    8.0  1906    9.9  2017    9.9  2007    8.1  2025    5.8  1988    3.0  1964    1.6  1912    1.12  1889    3.10  1967    9.22  1926    5.55  1955    4.63  1967
    1.1  1907    1.0  1887    1.6  1923    2.9  1957    5.3  1905    8.0  1920    9.8  1946    9.9  1930    8.1  2003    5.8  1910    3.0  1895    1.6  1945    1.08  1920    3.09  1895    9.21  1936    5.52  1916    4.62  2001
    1.1  2006    0.9  1964    1.6  1897    2.9  1900    5.3  1917    8.0  1913    9.8  1955    9.9  1932    8.1  1921    5.7  2016    3.0  1982    1.6  1986    1.05  2006    3.04  1905    9.20  1930    5.52  1897    4.60  1978
    1.0  1943    0.9  2005    1.6  1910    2.9  1928    5.3  1974    7.9  1990    9.8  1956    9.9  1926    8.0  1933    5.7  1925    2.9  1970    1.6  1947    1.04  2000    3.04  1890    9.20  1905    5.49  2016    4.60  1884
    1.0  1957    0.9  1948    1.5  2022    2.7  1947    5.3  1971    7.9  2012    9.8  1952    9.9  1937    8.0  1973    5.7  1913    2.9  1956    1.5  1926    1.01  1913    2.99  1928    9.19  1989    5.49  1976    4.59  1900
    1.0  1909    0.9  1975    1.5  2015    2.7  1939    5.3  1993    7.9  1997    9.8  1977    9.8  1980    8.0  1967    5.7  1890    2.9  1892    1.4  1891    0.99  1946    2.96  1921    9.18  2001    5.49  1979    4.58  1982
    1.0  1888    0.9  1962    1.4  2023    2.7  1895    5.2  1988    7.9  1954    9.8  1893    9.8  1998    8.0  1902    5.6  1942    2.8  2008    1.4  2020    0.98  1995    2.94  1884    9.16  1891    5.48  1977    4.57  1920
    1.0  2026    0.9  2009    1.4  1972    2.7  1940    5.2  1995    7.9  2008    9.8  1998    9.8  1952    8.0  1908    5.6  1941    2.7  1943    1.4  1930    0.97  2004    2.93  1966    9.15  1999    5.46  1943    4.57  1899
    1.0  1901    0.9  1959    1.4  1896    2.7  1916    5.2  1931    7.9  2013    9.8  1950    9.8  1957    8.0  1939    5.6  1903    2.7  1963    1.3  1957    0.95  1948    2.91  1911    9.15  1958    5.46  1902    4.56  1984
    0.9  1972    0.8  1938    1.4  1989    2.7  2008    5.2  1922    7.9  1994    9.7  1894    9.8  1898    8.0  1896    5.6  2020    2.7  1903    1.3  1913    0.89  1908    2.91  1963    9.14  1998    5.45  1980    4.56  1926
    0.9  1988    0.8  1927    1.3  1893    2.6  1967    5.1  1985    7.9  1949    9.7  1958    9.8  1973    8.0  1930    5.6  1991    2.7  1980    1.3  2000    0.87  1981    2.91  1925    9.11  1996    5.45  1963    4.52  1908
    0.9  1981    0.8  1893    1.3  1928    2.5  1899    5.1  1936    7.8  1968    9.7  1964    9.7  1925    8.0  2007    5.6  1983    2.6  2012    1.3  2005    0.85  1964    2.90  1982    9.11  1884    5.44  1998    4.50  1924
    0.9  1930    0.7  1984    1.3  2011    2.5  1885    5.1  1973    7.8  1973    9.7  1984    9.7  2001    8.0  1926    5.5  2015    2.6  1929    1.3  1943    0.80  1912    2.89  1954    9.10  1994    5.42  1990    4.50  1960
    0.8  1968    0.7  1922    1.3  1890    2.5  1942    5.1  1912    7.8  1983    9.7  1992    9.7  1945    7.9  1982    5.5  2000    2.6  2000    1.3  1889    0.79  1909    2.88  1894    9.09  1973    5.41  1924    4.49  1944
    0.7  2019    0.7  2006    1.2  1895    2.5  1984    5.1  1924    7.8  1995    9.6  2004    9.7  2005    7.9  1964    5.5  1906    2.6  1898    1.3  2007    0.78  1926    2.85  1914    9.06  2000    5.36  2003    4.45  1980
    0.6  1902    0.7  1898    1.2  1968    2.5  1889    5.1  1945    7.8  1981    9.6  2012    9.7  1910    7.9  2012    5.5  1933    2.6  1922    1.3  1904    0.75  1924    2.85  1971    9.03  1917    5.36  1996    4.45  1889
    0.6  1992    0.7  1925    1.2  1973    2.4  1990    5.1  1903    7.8  1938    9.6  2024    9.7  1988    7.8  1950    5.5  1972    2.5  1960    1.2  1970    0.75  2003    2.84  1995    9.03  1937    5.36  1957    4.43  1939
    0.6  2018    0.6  1885    1.2  2008    2.4  1920    5.1  2012    7.8  1961    9.6  1953    9.7  1981    7.8  1983    5.4  1948    2.5  1940    1.2  1979    0.73  1954    2.84  1983    9.03  1896    5.34  1988    4.41  1897
    0.6  1994    0.6  1924    1.2  1988    2.4  2006    5.1  1961    7.8  1998    9.6  1988    9.7  1971    7.7  1997    5.4  1923    2.5  1968    1.2  1967    0.72  1939    2.82  1946    9.02  1952    5.31  1960    4.40  1974
    0.6  2025    0.6  1972    1.2  1894    2.4  1884    5.0  1950    7.8  1986    9.6  1973    9.6  1999    7.7  1984    5.4  2010    2.5  1991    1.2  2014    0.70  1953    2.80  1985    9.02  1895    5.30  1929    4.40  1911
    0.5  2015    0.6  1966    1.1  1963    2.4  1915    5.0  1969    7.8  1908    9.6  1948    9.6  1950    7.7  1959    5.3  1967    2.4  1904    1.2  1907    0.69  2015    2.80  1989    9.01  1981    5.29  1962    4.40  1890
    0.4  2003    0.5  1909    1.1  1925    2.4  1919    5.0  1997    7.8  1964    9.6  1904    9.6  1915    7.7  1916    5.3  1897    2.4  1989    1.1  1897    0.68  1984    2.80  1956    8.98  1939    5.26  1903    4.40  1914
    0.4  1913    0.5  1937    1.0  1971    2.3  1935    5.0  1944    7.8  1898    9.6  1936    9.6  2015    7.7  2018    5.3  2018    2.4  1914    1.1  1919    0.64  1928    2.79  1927    8.97  1980    5.25  1901    4.38  1970
    0.4  1887    0.4  1911    0.9  1974    2.3  1921    5.0  1910    7.8  1948    9.6  2007    9.6  1901    7.7  2020    5.3  2004    2.4  1992    1.1  1955    0.57  1961    2.78  1907    8.96  1948    5.24  2008    4.37  1906
    0.4  2009    0.4  2004    0.9  1964    2.3  1968    5.0  2013    7.8  1936    9.6  2020    9.5  1967    7.7  1995    5.3  1914    2.3  1971    1.0  1944    0.57  1980    2.78  1935    8.94  1887    5.17  1904    4.37  1916
    0.4  1962    0.3  2015    0.9  1984    2.3  1971    5.0  1892    7.7  1978    9.6  1924    9.5  1914    7.6  1942    5.3  1956    2.3  1896    1.0  1966    0.56  1933    2.77  1977    8.94  1957    5.15  1964    4.36  1913
    0.4  1920    0.3  1912    0.8  1982    2.3  1901    4.9  1913    7.7  1914    9.6  2002    9.5  2011    7.6  1900    5.2  1934    2.3  2023    0.9  1885    0.55  1904    2.77  1994    8.90  1940    5.14  1991    4.35  1996
    0.4  1948    0.3  1899    0.8  1899    2.2  1927    4.9  1901    7.7  1937    9.5  1979    9.5  1948    7.6  1989    5.2  1950    2.3  1947    0.9  1908    0.54  2013    2.75  1953    8.89  1914    5.13  1934    4.35  1946
    0.3  2024    0.2  1933    0.8  1954    2.2  1998    4.9  1898    7.7  1930    9.5  1884    9.4  1900    7.6  1992    5.2  1994    2.3  1901    0.9  2003    0.49  1997    2.74  2010    8.88  1906    5.11  1967    4.35  1932
    0.3  1903    0.2  1973    0.8  1918    2.2  1938    4.9  1983    7.7  2001    9.5  1916    9.4  1891    7.5  1987    5.2  1916    2.3  1935    0.8  1938    0.49  1918    2.73  1918    8.87  1923    5.09  1975    4.35  1904
    0.3  1954    0.1  1932    0.8  1889    2.2  2000    4.9  1934    7.6  1958    9.5  1981    9.4  1889    7.5  1903    5.2  1997    2.2  1998    0.8  1990    0.46  1983    2.71  2015    8.84  1964    5.07  1917    4.34  1993
    0.3  1919    0.1  1931    0.8  1944    2.2  1911    4.9  2005    7.6  1895    9.5  1967    9.3  1943    7.5  1937    5.1  1927    2.2  1932    0.7  2017    0.41  1931    2.71  1936    8.84  1967    5.04  1930    4.34  1935
    0.3  1914    0.0  1977    0.8  1976    2.2  1994    4.8  1916    7.6  1941    9.5  1971    9.3  1928    7.5  1935    5.1  1924    2.2  1927    0.7  1978    0.39  1897    2.70  1937    8.83  1942    5.03  1914    4.31  1973
    0.2  1922    0.0  1910    0.7  1946    2.2  1977    4.8  2019    7.6  1924    9.5  1935    9.3  1929    7.5  1920    5.1  1928    2.2  1976    0.7  1973    0.38  1919    2.68  1987    8.82  1966    5.02  1933    4.30  1977
    0.1  1891   -0.0  2016    0.7  1953    2.2  1965    4.8  1928    7.6  1932    9.5  1986    9.3  1934    7.5  1907    5.1  1940    2.2  1990    0.6  1992    0.34  2009    2.66  1930    8.81  1941    5.00  1900    4.29  1901
    0.1  1951   -0.1  2003    0.7  1913    2.2  1979    4.8  2015    7.6  1931    9.5  1937    9.3  1960    7.5  1905    5.0  1884    2.2  1954    0.6  1895    0.33  1891    2.65  2006    8.79  1978    5.00  1987    4.28  1954
    0.1  1899   -0.1  1950    0.7  1986    2.2  2001    4.8  1943    7.5  2011    9.4  1939    9.2  1951    7.5  2024    5.0  1893    2.2  1912    0.6  2012    0.29  2021    2.65  1904    8.78  1924    5.00  1986    4.27  1950
    0.0  1970   -0.2  1957    0.7  1906    2.2  1931    4.8  1949    7.5  1996    9.4  1896    9.2  2014    7.4  1979    4.9  1998    2.1  1975    0.6  1940    0.29  1938    2.65  1965    8.78  1943    4.99  1954    4.27  1966
   -0.0  1894   -0.2  1915    0.7  1949    2.2  1913    4.7  1906    7.5  1910    9.4  1960    9.2  1994    7.4  1963    4.9  1888    2.1  1974    0.5  1896    0.26  2018    2.65  1910    8.77  1921    4.98  1936    4.27  1930
   -0.1  1915   -0.2  1904    0.6  2010    2.2  1909    4.7  1932    7.5  1944    9.4  1914    9.2  1886    7.4  1906    4.9  1937    2.1  1961    0.5  1928    0.25  1885    2.64  1903    8.74  1993    4.98  1884    4.27  1894
   -0.1  1997   -0.2  1944    0.6  1932    2.1  1954    4.6  1887    7.5  1884    9.4  1897    9.2  1985    7.4  1965    4.9  1907    2.1  1979    0.5  1920    0.22  1930    2.63  1973    8.74  1963    4.96  2019    4.26  1903
   -0.2  1966   -0.2  1916    0.6  1940    2.1  1958    4.6  1929    7.5  1926    9.4  1908    9.2  1938    7.4  1977    4.8  1899    2.1  1988    0.4  1958    0.21  1892    2.63  1974    8.74  1894    4.91  1888    4.26  1958
   -0.2  1946   -0.2  1981    0.6  1911    2.1  1907    4.6  1904    7.5  1967    9.4  1996    9.2  2010    7.4  1962    4.8  1918    2.0  2017    0.4  1923    0.21  1907    2.62  2001    8.72  1979    4.90  1939    4.26  1928
   -0.2  1885   -0.3  1889    0.5  1996    2.0  1981    4.6  1914    7.4  1904    9.3  1912    9.2  1992    7.4  1914    4.8  1946    2.0  1905    0.3  1915    0.14  2001    2.61  1913    8.71  1951    4.87  1889    4.24  1925
   -0.2  1893   -0.3  1890    0.5  1898    2.0  2016    4.6  1982    7.4  2015    9.2  1929    9.2  1924    7.4  1991    4.8  1935    2.0  2005    0.3  1906    0.13  1966    2.60  1980    8.70  1889    4.86  2010    4.22  1936
   -0.2  1908   -0.3  1892    0.5  1914    1.9  1934    4.6  1966    7.4  1911    9.2  2000    9.1  1974    7.3  1924    4.8  1936    2.0  1934    0.3  1884    0.10  1960    2.49  1901    8.70  2015    4.85  1935    4.21  1918
   -0.2  1931   -0.4  1952    0.4  1922    1.9  2015    4.6  1930    7.4  1921    9.2  1886    9.1  1940    7.3  1913    4.7  1909    1.9  1967    0.3  1939    0.05  1994    2.48  1970    8.69  1927    4.84  1928    4.20  1947
   -0.3  1995   -0.4  2001    0.3  1901    1.9  1950    4.6  1907    7.4  1969    9.2  1917    9.1  1976    7.3  1904    4.7  2019    1.9  1962    0.3  1963   -0.04  1978    2.47  1984    8.68  1918    4.84  1891    4.19  1927
   -0.3  2011   -0.5  2013    0.3  1930    1.8  1923    4.6  1921    7.4  1955    9.1  1993    9.1  1987    7.2  1943    4.6  2008    1.9  1885    0.2  1982   -0.04  1915    2.46  1968    8.64  1904    4.81  1895    4.18  1951
   -0.3  1960   -0.6  1958    0.2  1915    1.8  1890    4.6  1980    7.4  1902    9.1  1928    9.0  1894    7.2  1886    4.5  1964    1.9  1941    0.2  1903   -0.05  1958    2.43  1900    8.64  1898    4.80  1966    4.18  1931
   -0.3  1912   -0.6  1940    0.2  1887    1.8  1925    4.6  1884    7.4  1919    9.1  1972    9.0  1909    7.2  1915    4.5  1929    1.9  1890    0.2  1933   -0.05  1968    2.42  1996    8.63  2011    4.79  1981    4.18  1968
   -0.4  1956   -0.6  1994    0.2  2006    1.8  2012    4.5  2010    7.4  1952    9.0  2015    9.0  1961    7.2  1893    4.5  1902    1.8  1891    0.1  1914   -0.09  1996    2.38  2021    8.63  1931    4.79  1942    4.18  1937
   -0.4  1991   -0.7  1985    0.2  1985    1.8  1902    4.5  1963    7.4  1999    9.0  1980    9.0  1964    7.2  1960    4.4  1901    1.7  1907    0.1  1993   -0.10  1945    2.37  1919    8.61  1938    4.78  1931    4.17  1923
   -0.4  1947   -0.7  1951    0.2  1995    1.8  1978    4.5  1987    7.4  1917    9.0  1974    9.0  1954    7.1  2015    4.4  1931    1.7  1911    0.1  1968   -0.18  1962    2.33  1986    8.61  1971    4.70  1927    4.15  1972
   -0.4  1961   -0.7  2018    0.1  2018    1.7  1962    4.4  1962    7.4  1894    9.0  1942    9.0  1892    7.1  1889    4.4  1944    1.6  2013    0.1  1999   -0.20  1887    2.31  1899    8.60  1916    4.68  1907    4.15  1956
   -0.5  2001   -0.8  1901    0.1  1980    1.7  1966    4.4  1967    7.3  1975    8.9  1943    9.0  1977    7.1  1899    4.4  1966    1.6  1936    0.0  1965   -0.29  1955    2.28  1934    8.59  1987    4.66  1985    4.13  1969
   -0.5  1892   -0.8  1965    0.0  1934    1.7  2013    4.4  1888    7.3  1939    8.9  1940    8.9  1923    7.1  1910    4.3  1891    1.6  2019    0.0  1901   -0.31  1952    2.24  1916    8.58  1985    4.65  1950    4.07  1981
   -0.6  1939   -0.9  1987   -0.0  1965    1.7  1888    4.4  1938    7.2  1989    8.9  1895    8.9  1919    7.1  1975    4.3  1973    1.5  1933    0.0  1996   -0.31  1969    2.22  1902    8.55  1910    4.65  1940    4.03  1891
   -0.7  1986   -0.9  1907   -0.0  1975    1.7  1905    4.3  1994    7.2  1946    8.9  2011    8.9  1941    7.0  1994    4.3  1980    1.5  1937    0.0  1916   -0.32  1893    2.21  1908    8.54  1961    4.64  1937    4.01  1987
   -0.7  1917   -1.0  1906   -0.1  1904    1.6  1974    4.3  1946    7.2  1974    8.8  1938    8.9  1905    7.0  1990    4.2  1915    1.5  1921   -0.0  1969   -0.33  1888    2.20  1923    8.54  1908    4.61  2012    4.00  1912
   -0.7  1936   -1.1  1936   -0.1  1942    1.5  1886    4.2  1909    7.1  1901    8.8  1968    8.8  1904    7.0  1932    4.2  1952    1.5  1884   -0.0  1962   -0.33  1985    2.19  1906    8.49  1968    4.61  1973    3.98  1955
   -0.8  1965   -1.1  1888   -0.1  1908    1.5  1973    4.1  1957    7.1  1922    8.8  1918    8.8  1963    6.8  1957    4.2  1987    1.5  1973   -0.1  1952   -0.33  1991    2.19  1947    8.48  1954    4.61  1965    3.96  1907
   -0.8  1918   -1.2  1996   -0.2  1929    1.5  1989    4.1  1926    7.0  1957    8.8  1966    8.8  1962    6.8  1923    4.2  1900    1.4  1972   -0.2  2008   -0.36  1987    2.17  1931    8.48  1946    4.47  1894    3.94  1985
   -0.9  1982   -1.2  1954   -0.2  1987    1.4  1969    4.1  2021    7.0  1962    8.8  1970    8.8  1968    6.8  1911    4.1  2002    1.4  1918   -0.3  2001   -0.41  1900    2.12  1897    8.44  1929    4.42  1893    3.92  1910
   -0.9  1978   -1.3  1941   -0.3  1885    1.4  1941    4.0  1927    7.0  1885    8.8  1961    8.7  1896    6.7  1919    4.1  1919    1.4  1926   -0.3  1964   -0.41  1902    2.11  1942    8.44  1977    4.28  1932    3.91  1902
   -0.9  1980   -1.3  1917   -0.3  2001    1.4  1924    4.0  1984    7.0  1942    8.7  1909    8.6  1921    6.7  1927    3.8  1889    1.4  1977   -0.4  1946   -0.47  1986    2.10  1932    8.44  1974    4.18  1972    3.88  1952
   -0.9  1955   -1.4  1960   -0.4  1979    1.3  1910    4.0  1886    7.0  1915    8.7  1885    8.6  1890    6.7  1993    3.8  1955    1.3  1930   -0.4  1960   -0.50  1956    2.04  1975    8.39  1915    4.13  1896    3.86  1942
   -0.9  1933   -1.5  1983   -0.4  1886    1.3  1897    4.0  1958    6.9  1903    8.7  1963    8.6  1979    6.7  1974    3.7  1932    1.2  1944   -0.4  2022   -0.51  1942    1.95  1915    8.39  1886    4.09  1922    3.85  1940
   -1.0  1958   -1.5  1991   -0.5  1941    1.2  1906    4.0  1942    6.9  1951    8.7  1907    8.6  1972    6.6  1892    3.7  2003    1.1  1887   -0.5  1989   -0.54  1959    1.94  1887    8.38  1890    4.04  1905    3.82  1941
   -1.1  1910   -1.6  1886   -0.5  1970    1.2  1970    4.0  1948    6.9  1956    8.7  1978    8.5  1965    6.5  1954    3.5  1922    1.1  1942   -0.5  1899   -0.61  1965    1.86  1955    8.29  1912    4.03  1923    3.81  1962
   -1.1  1984   -1.7  1919   -0.6  1951    1.1  1953    3.9  1977    6.9  1923    8.7  1903    8.5  1888    6.4  1897    3.4  2012    1.1  1893   -0.6  1890   -0.64  1917    1.86  2013    8.26  1920    4.02  1992    3.78  1888
   -1.1  1897   -1.8  1929   -0.8  1916    1.1  1918    3.8  1968    6.8  1907    8.6  1920    8.4  1887    6.4  1887    3.4  1912    1.1  1966   -0.6  1917   -0.71  1970    1.81  1929    8.23  1986    4.00  1925    3.76  1986
   -1.2  1942   -1.9  1978   -0.8  1958    1.0  1956    3.7  1941    6.7  1929    8.6  1915    8.4  1908    6.4  1940    3.4  1911    1.0  1996   -0.6  1927   -0.78  1886    1.76  1969    8.22  1913    4.00  1974    3.75  1965
   -1.3  1977   -2.1  1902   -0.9  1900    1.0  1983    3.7  1951    6.7  1886    8.5  1890    8.4  1946    6.3  1944    3.3  1974    1.0  1950   -0.9  1887   -0.78  1910    1.75  1958    8.16  1965    3.98  1892    3.74  1929
   -1.4  2021   -2.2  1900   -0.9  1931    1.0  1932    3.6  1891    6.7  1892    8.5  1954    8.3  1931    6.3  1928    3.2  1894    0.8  1993   -1.2  1909   -0.93  1951    1.75  1885    8.15  1928    3.96  1944    3.70  1963
   -1.7  1886   -2.2  1930   -1.1  1891    1.0  1887    3.6  1955    6.7  1918    8.4  1962    8.3  1966    6.3  1922    3.0  1939    0.6  2016   -1.2  1935   -0.96  1977    1.74  1979    8.08  1962    3.91  1911    3.67  1917
   -1.8  1987   -2.2  1979   -1.1  2013    0.9  1929    3.6  1935    6.7  1888    8.4  1913    8.3  1913    6.2  1925    2.9  1993    0.5  2010   -1.2  1937   -1.00  1936    1.74  1924    8.07  1909    3.90  1926    3.67  1922
   -2.1  1929   -2.2  2010   -1.1  1888    0.9  1903    3.6  1899    6.6  1987    8.4  1889    8.3  1903    6.2  1888    2.7  1887    0.4  1965   -1.4  1925   -1.03  1982    1.72  1909    8.03  1919    3.87  1918    3.64  1979
   -2.1  2010   -2.3  1956   -1.2  1909    0.8  1951    3.5  1894    6.6  1985    8.4  1910    8.2  1920    6.1  1909    2.7  1905    0.1  1969   -1.5  1892   -1.11  1929    1.72  1886    8.01  1892    3.85  1910    3.63  1887
   -2.2  1952   -2.3  1970   -1.2  1969    0.8  1892    3.5  1897    6.6  1971    8.3  1898    8.2  1993    6.1  1885    2.6  1885    0.0  1952   -1.6  1976   -1.14  2011    1.71  1922    7.97  1956    3.71  1912    3.60  2010
   -2.5  1985   -2.3  1968   -1.3  1917    0.7  1908    3.4  1979    6.5  1977    8.3  1906    8.1  1922    6.0  1931    2.5  1892    0.0  1925   -1.7  1995   -1.38  1941    1.66  1888    7.96  1903    3.53  1885    3.57  1895
   -2.8  1959   -2.6  1969   -1.3  1924    0.6  1891    3.3  1996    6.4  1991    8.3  1892    7.9  1907    5.8  1894    2.5  1917   -0.1  1923   -1.7  2009   -1.43  1940    1.55  1941    7.90  1972    3.48  1993    3.53  1886
   -3.4  1941   -2.7  1942   -1.5  1955    0.6  1986    3.3  1915    6.4  1909    8.2  1888    7.8  1902    5.6  1952    2.4  1926   -0.7  1909   -1.8  1961   -1.65  1947    1.40  1962    7.81  1907    3.40  1887    3.44  1915
   -3.5  1963   -3.0  1986   -1.5  1937    0.6  1936    3.1  1923    6.3  1916    8.0  1902    7.4  1986    5.6  1972    2.3  1981   -0.8  1985   -1.9  1886   -1.67  1979    1.35  1917    7.79  1888    3.39  1909    3.40  1919
   -3.5  1979   -3.0  1955   -1.7  1919    0.3  2021    3.1  1885    6.0  1972    7.8  1922    7.3  1885    5.6  1912    2.2  1992   -1.3  1919   -2.2  1950   -2.00  2010    1.33  1892    7.73  1902    3.30  1952    3.37  1885
   -3.6  1895   -4.2  1963   -1.7  1892   -0.0  1917    3.0  1975    6.0  1928    7.8  1919    7.3  1912    5.5  1986    2.1  1896   -1.4  1910   -3.4  1981   -2.38  1895    1.30  1951    7.68  1885    3.30  1915    3.33  1909
   -3.7  1945   -4.4  1947   -2.0  1962   -0.5  1922    2.9  1902    5.5  1927    7.7  1965    7.2  1956    5.3  1918    2.1  1895   -1.6  1915   -4.6  2010   -2.52  1963    1.07  1891    7.64  1922    3.21  1919    3.15  1892
   -3.9  1940   -5.6  1895   -2.4  1947    ---  2026    ---  2026    ---  2026    ---  2026    ---  2026    ---  2026    ---  2026    ---  2026    ---  2026     ---  1884     ---  2026     ---  2026     ---  2026     ---  2026
