Areal values from HadUK-Grid 1km gridded climate data from land surface network
Source: Met Office National Climate Information Centre
Monthly, seasonal and annual total duration of bright sunshine for Scotland W
Areal series, starting in 1910
Last updated 01-Apr-2026 11:34
    jan  year    feb  year    mar  year    apr  year    may  year    jun  year    jul  year    aug  year    sep  year    oct  year    nov  year    dec  year     win  year     spr  year     sum  year     aut  year     ann  year
   69.0  1959  103.7  1963  159.8  2022  229.2  2021  291.6  2025  271.9  1957  266.8  1955  256.3  1947  155.3  1991  110.6  1939   73.9  1990   55.5  2001   204.9  1963   641.7  2025   651.7  1995   285.8  1915  1550.3  1955
   63.2  1963  102.1  1970  154.2  1929  223.2  2025  263.7  1975  258.6  1940  255.1  1989  240.4  1976  146.4  1996  109.9  2003   73.5  1965   54.8  2010   170.2  2018   545.7  2020   603.8  1955   282.4  1952  1435.8  1975
   62.0  1965   94.4  2004  153.7  2003  211.2  2020  258.6  2000  251.4  1925  219.0  2013  232.5  1995  145.6  1933  104.5  1922   73.2  1925   50.1  1995   169.6  2003   531.0  1955   598.8  1977   282.2  1972  1430.8  1995
   54.9  2021   92.3  1960  132.8  1955  206.3  2015  255.0  1946  250.4  1949  214.2  1984  194.3  1911  143.0  1986   99.8  1997   72.5  1947   48.1  1967   166.7  1965   519.7  1980   588.0  1976   281.6  2010  1426.6  2025
   54.7  2025   91.7  2018  128.9  1911  204.1  1974  254.7  1980  245.9  1995  209.4  1990  186.2  2003  142.1  1987   98.1  1972   72.4  1952   45.7  1935   166.0  2001   516.2  1975   586.1  1911   279.9  1996  1414.0  2003
   54.2  2000   89.7  1955  127.6  1956  197.3  1962  249.4  1935  238.2  2023  205.3  2006  184.5  1955  139.3  1928   97.4  2019   70.4  1915   44.8  1976   162.8  2004   505.0  1929   564.5  1989   273.3  2003  1412.7  1911
   53.7  2010   88.1  2003  126.9  2025  197.3  1942  237.2  1948  237.4  1975  202.7  1917  182.1  1977  139.0  2015   96.2  1998   70.3  1989   43.4  1938   158.9  1968   499.9  1946   560.9  1975   272.5  1987  1399.9  1977
   53.6  1945   85.6  1996  125.9  2001  191.2  1981  237.0  2020  235.7  1939  200.3  2014  177.8  1984  136.5  1959   96.1  1959   69.7  1996   42.3  1996   158.7  1978   499.8  1956   543.8  1949   272.1  1959  1383.5  2010
   53.4  2024   85.1  1932  125.0  1922  187.5  2011  231.3  1955  232.8  2018  200.1  2011  176.5  2022  135.8  1915   95.3  1993   67.5  1988   42.3  1970   157.6  1970   498.4  2007   543.5  1984   271.0  1986  1379.9  1989
   51.0  2001   83.2  2013  124.4  1970  187.2  2007  230.9  2017  232.2  1960  199.9  1977  175.9  1983  135.1  1972   93.0  2008   67.2  2016   41.8  1965   156.4  1996   490.9  1942   538.9  2018   270.3  1991  1373.5  2018
   49.7  1985   81.0  1968  123.8  1975  185.1  1956  229.2  1984  222.2  1921  198.8  1934  171.6  1968  134.8  1960   92.9  2016   65.1  2010   41.8  1989   156.0  2010   486.7  1915   529.0  1925   269.1  1971  1368.1  1915
   49.5  2003   80.6  2001  123.2  2012  182.4  1957  228.5  1915  218.0  1970  196.9  1919  169.4  1938  131.4  1997   92.3  2007   63.1  2017   41.3  2017   155.9  1977   485.8  1962   527.2  1917   264.2  2019  1353.9  1960
   48.9  1977   80.4  1979  122.2  2007  180.8  2003  226.2  2018  216.7  1977  196.5  2021  169.2  1945  130.0  2024   91.8  1952   62.9  2005   40.9  1950   155.2  1979   484.8  2016   525.7  2006   262.3  1998  1330.9  2006
   48.4  2019   80.2  1975  119.9  1949  180.8  1984  225.4  1959  216.1  1996  196.0  1971  169.0  1997  127.9  1914   91.4  1981   61.8  2013   40.7  1937   153.1  1960   482.0  1948   524.3  1940   261.7  1997  1323.2  1919
   47.8  2023   77.9  1946  119.0  1923  180.4  1980  223.8  1911  211.0  1974  195.7  2018  166.9  2010  126.9  2022   90.9  1919   61.6  1977   39.9  2022   151.6  1985   478.6  2001   523.5  1919   258.3  1911  1317.9  1952
   47.8  1978   77.8  2005  116.4  1982  178.3  1954  223.6  1989  209.9  1969  195.2  1935  166.6  1931  126.2  1971   90.8  2010   61.0  2023   39.8  1961   151.5  2011   477.2  2012   522.3  1969   257.0  1919  1317.2  1957
   46.8  1952   77.7  1978  114.0  1933  175.9  1922  222.7  2001  208.7  1915  193.8  1943  162.3  1975  125.7  2010   89.5  1971   59.6  1910   39.3  2008   151.3  2021   474.5  2017   517.8  1957   256.9  1960  1314.7  1984
   46.7  1939   75.9  1957  113.4  1931  175.6  1918  221.7  1977  208.3  1917  191.0  1976  161.6  1919  123.1  1949   89.0  1974   57.9  1950   38.8  1917   149.4  2019   472.1  2000   513.8  1960   256.1  1939  1313.3  1949
   46.5  1931   75.8  1986  113.0  1953  173.6  2013  221.4  2016  208.2  1911  184.7  1982  159.2  1969  121.4  1911   87.2  2012   57.8  1966   38.2  1981   149.4  2005   471.1  1984   511.2  1926   255.5  1933  1307.6  2023
   46.3  1979   75.6  1944  112.9  1924  173.5  1969  219.4  1951  205.5  1951  183.6  1911  158.0  2014  120.7  1940   87.2  1931   56.9  1927   38.1  1979   148.5  1962   471.1  2021   509.1  1921   254.7  1910  1302.3  1959
   45.0  1961   74.8  1983  112.6  1973  172.2  1936  215.4  2012  205.1  1929  180.0  1972  156.8  1960  120.2  1963   86.8  1936   56.8  1985   37.9  1923   147.3  1959   471.0  1974   507.0  1983   252.8  1993  1302.2  1929
   44.6  1954   74.6  1985  110.9  1937  172.1  1938  215.2  1992  203.9  2009  179.7  1966  156.8  1914  120.0  2002   86.7  1926   56.2  1960   37.9  1962   146.3  1952   470.9  2003   506.1  2014   252.7  1928  1301.2  2021
   44.5  2011   74.5  1999  109.6  1915  170.8  2006  211.3  1990  201.7  1967  178.6  1910  156.2  1981  119.6  1955   86.4  1923   56.2  1973   37.3  2003   145.4  1933   470.7  2015   503.1  1996   252.3  2015  1296.2  1974
   44.4  1958   74.1  2006  109.1  2009  170.6  1912  209.9  2008  199.2  1988  178.2  1983  155.7  2005  119.6  1910   86.1  1992   55.8  1976   36.9  1955   145.1  1991   470.2  2008   503.0  2023   252.0  1922  1294.7  2000
   44.3  1967   73.2  2019  108.7  2002  168.7  1914  209.6  1942  196.1  1968  175.5  1952  155.7  1916  119.0  1918   86.0  2015   55.4  2021   36.5  1957   145.1  2000   469.3  1935   500.9  1968   251.7  1925  1293.1  2007
   43.6  2017   72.4  1991  108.5  2026  166.9  1955  206.2  1957  196.0  1918  174.8  1913  154.7  2025  118.5  2023   85.8  1973   55.2  1999   36.5  1925   143.6  2006   468.7  1951   496.2  2021   250.8  1955  1292.1  2019
   42.7  1992   72.4  2016  108.3  1954  165.8  1968  203.3  2010  195.2  1930  173.5  2000  152.6  1970  118.1  1952   85.3  1965   55.1  2019   36.1  1960   142.9  1955   466.7  1982   495.1  2013   249.9  1973  1289.6  2022
   42.6  1987   72.2  2008  108.1  1948  165.7  2023  202.7  1929  193.0  2010  173.3  1995  151.4  1926  117.4  1934   84.6  1951   55.0  1930   35.6  1999   142.5  1936   460.8  1922   494.9  2003   248.7  2012  1280.9  2009
   42.4  1935   71.9  1933  107.7  2008  162.9  1951  202.0  1919  192.6  1932  169.8  1999  151.1  2000  117.2  1937   84.4  1986   54.6  1961   35.3  1964   141.6  2013   458.9  1953   491.9  1947   248.2  1988  1280.1  1956
   42.2  1960   71.8  1969  107.6  2017  162.2  1945  201.0  2005  191.3  1933  169.7  1926  148.6  1999  117.1  1939   84.4  1929   54.5  1923   35.3  1963   139.5  2015   458.8  2010   488.4  2009   246.7  2016  1275.7  1939
   42.1  2015   71.7  1973  107.5  1986  162.2  1921  200.9  1949  190.9  1989  169.4  1958  148.1  1944  116.8  1921   84.1  1945   54.4  1911   35.2  1975   138.6  1999   457.4  1911   487.5  1934   245.9  1923  1272.3  1951
   42.0  1933   71.7  2010  106.9  1999  162.1  2019  200.4  1971  190.1  1926  167.2  1948  147.6  1959  116.5  1919   83.7  1956   54.0  2018   34.7  2014   137.9  1986   452.6  2009   480.6  1939   243.9  1974  1270.8  1963
   41.5  1995   71.4  1930  106.1  1939  160.9  2010  199.4  1988  186.7  1986  165.0  2009  146.8  2012  116.1  1995   83.3  2018   54.0  2003   34.6  2005   137.7  1946   450.7  1954   480.3  1974   241.5  2023  1270.4  1996
   41.2  1929   70.7  1950  106.1  2004  160.6  1973  198.4  1978  185.8  1956  164.1  1918  145.2  2004  116.0  1979   83.2  1961   53.8  1975   34.5  1928   137.7  1956   448.5  1989   479.7  1972   240.7  1926  1269.7  1969
   41.1  1991   70.5  1947  106.1  1952  159.3  1925  197.7  1997  185.2  1950  162.6  1963  144.5  1993  116.0  1964   82.8  1927   53.6  1998   34.5  2000   137.2  2024   447.3  2023   477.2  2022   240.4  1927  1266.8  1971
   41.0  1957   70.3  1962  105.7  1965  157.8  2016  197.4  1987  184.7  1910  162.2  1915  144.3  1913  115.9  1925   82.5  1911   53.6  2008   34.4  1929   136.9  1988   446.8  2022   477.2  1915   238.1  1914  1264.5  1962
   40.1  2005   69.8  1937  105.6  2016  156.4  1953  197.4  1966  184.5  1941  161.1  1975  143.3  2002  113.8  1958   82.5  1967   53.6  1995   34.2  1946   136.7  1961   442.3  2018   476.5  1914   237.5  1989  1263.2  1976
   39.9  1915   69.6  1952  104.5  1985  156.4  1982  195.7  2009  184.2  1914  160.9  1949  142.8  1966  113.8  1912   82.4  1955   53.5  1921   34.0  1953   136.6  1947   441.5  1957   474.5  1971   237.3  1990  1258.2  2001
   39.7  2026   69.4  1965  104.4  1919  156.1  2022  195.1  2004  183.5  1934  160.9  1921  142.6  1972  112.7  1957   82.0  1985   53.4  1971   33.7  1973   135.0  1932   440.3  2006   474.3  1997   236.9  2007  1255.9  2013
   39.7  1956   67.3  2007  104.3  1944  154.7  1946  194.0  1982  182.7  1920  158.6  2007  142.0  1937  112.4  1998   80.9  2009   53.0  2025   33.2  1948   134.6  2007   440.0  2005   473.7  1933   236.0  1937  1254.7  2020
   39.6  1976   67.2  1928  103.6  1962  152.6  2008  192.8  1937  181.7  1936  158.0  1912  140.8  2019  111.8  2019   80.8  1987   52.9  2011   33.1  1977   134.2  1930   439.3  1949   473.1  1970   235.5  2018  1254.5  1910
   38.9  1922   66.5  1988  103.3  1910  151.2  1965  192.5  2023  181.3  2006  156.4  1950  140.7  1965  111.7  2020   80.6  1941   51.8  1934   32.8  2012   134.0  1987   437.8  2011   470.7  1950   235.1  1995  1254.1  1935
   38.6  1982   64.9  1987  101.4  1943  149.7  1990  192.2  2006  178.0  1927  155.9  1978  139.7  1996  110.8  1942   80.3  1946   51.7  1993   32.7  1952   133.7  1964   434.5  1952   466.7  1999   233.7  2022  1249.7  1972
   38.4  1962   63.9  1953  101.3  1966  149.4  1991  191.5  1928  177.5  1959  154.0  2005  139.1  2006  110.3  2001   80.1  1913   51.4  2012   32.7  2020   133.5  1953   433.4  1959   463.3  1910   233.3  1981  1249.5  1925
   38.4  2012   63.8  2021  100.6  1987  149.2  1952  191.0  1910  177.3  1992  153.2  1969  139.1  2016  110.1  2012   79.6  1915   51.1  1942   32.4  2025   132.3  1983   431.7  2019   462.9  2010   233.2  1965  1249.2  1999
   38.4  1910   63.2  1934  100.5  1958  148.6  1915  190.5  1961  177.1  1953  152.1  1929  138.3  2023  109.5  1951   79.5  1920   51.1  1968   32.3  1987   132.0  2002   431.0  1977   462.4  2000   232.8  1961  1246.0  2005
   38.2  1980   63.1  1981   97.5  2020  148.6  2005  189.8  1927  176.6  1916  149.9  1925  138.2  1979  109.5  2003   78.2  1966   50.8  1937   32.0  2002   131.5  1951   430.7  1990   460.7  1959   232.0  1964  1243.5  1968
   38.2  1988   62.7  2015   97.5  1941  148.0  1929  189.8  1963  172.7  1962  149.3  1997  138.1  1986  108.5  2004   76.7  1962   50.7  1918   31.6  1990   131.1  2023   430.3  1939   460.7  1990   231.5  1999  1242.7  2016
   38.1  1917   62.4  1964   97.2  1963  147.9  2009  189.7  1950  171.6  1985  147.6  1973  138.0  1991  108.0  1994   76.6  1988   50.5  1969   31.5  2004   131.1  2025   429.4  1923   458.0  1982   230.3  2024  1242.2  2015
   38.0  1955   62.2  1936   97.1  2014  146.9  1972  189.5  1953  170.4  1963  147.4  1996  138.0  1933  107.9  1973   76.3  1924   50.1  2000   31.5  1932   130.8  1958   424.1  1958   457.8  1938   229.9  1963  1240.1  1973
   37.8  1919   62.1  1977   96.7  1927  146.4  1932  189.3  1939  168.8  2003  147.2  1942  137.9  2001  107.9  1926   75.9  1948   49.8  1974   31.5  1940   130.6  1928   424.0  1971   455.3  1929   229.6  2002  1236.4  1950
   37.7  1941   61.4  1919   96.2  2015  145.2  1995  189.0  2007  166.8  1928  147.0  1991  137.7  1987  107.6  2014   75.7  2000   49.7  1919   31.5  1982   130.2  1975   422.6  1927   455.3  1951   228.0  2009  1236.1  1982
   37.4  1911   61.2  1948   95.4  1914  141.6  1977  187.5  1958  166.1  1979  146.7  1994  137.1  1939  107.1  2025   75.5  1910   49.6  1987   31.5  2006   129.9  1967   422.5  1981   454.8  1935   227.7  1951  1234.0  1921
   37.2  2018   61.1  1956   95.0  1972  140.7  1971  187.2  1956  165.0  1919  145.1  2017  136.8  1964  106.1  1920   75.2  1980   49.4  1991   31.4  1968   129.8  1939   420.1  2004   453.6  1918   226.0  1977  1231.0  1991
   37.0  1953   60.9  1916   94.5  2010  140.4  2014  186.3  1943  164.6  1943  144.7  2004  136.7  1994  105.8  1993   74.1  1977   49.3  1980   31.3  2007   129.5  1982   418.3  1910   453.2  1913   224.9  1967  1229.4  1970
   36.5  2022   60.5  2020   94.2  1917  140.2  1960  185.2  1960  163.7  2021  144.4  1933  136.5  1992  105.1  1974   73.9  1978   49.2  1956   31.1  1945   129.3  1957   418.1  2013   452.0  1952   224.7  1947  1229.1  1997
   36.4  1986   60.5  1949   93.9  1979  139.7  1983  185.0  1962  163.5  1971  143.7  2022  136.3  2015  105.1  2006   73.2  1999   49.0  1972   31.0  1926   129.3  1969   417.8  1973   451.1  1916   224.5  1918  1229.1  1990
   36.2  1998   59.9  1938   93.6  1969  139.6  1930  184.8  2019  163.3  1978  143.7  2025  136.0  2021  105.0  1923   73.0  2002   48.9  2006   30.9  1920   128.7  1919   413.6  1919   449.6  1956   224.4  2006  1228.0  1987
   36.1  1972   59.4  1989   93.6  1925  139.3  1999  184.2  1994  162.5  2013  142.0  1941  135.5  1953  104.7  1990   71.7  1970   48.8  1955   30.6  2009   128.4  1938   412.6  1960   448.3  1945   222.9  1949  1223.0  1965
   36.1  1964   59.2  2024   92.9  2024  138.8  1976  184.2  1936  162.4  2019  141.3  2019  135.3  1973  104.7  1954   71.2  1994   48.7  1970   30.5  1916   126.8  1954   411.9  1987   447.9  1943   222.8  1921  1221.8  1946
   35.8  2007   58.1  1951   92.7  1935  138.7  1998  182.4  1926  161.0  1973  139.9  2003  133.7  1946  104.1  1988   70.9  2004   48.5  1943   30.3  1969   126.1  1941   411.0  1950   447.9  1941   222.8  1979  1214.7  1986
   35.7  1999   58.1  1942   92.6  1974  138.6  2012  179.2  1952  158.3  1937  139.9  1965  133.5  1974  103.6  1935   70.4  2006   48.5  1948   30.1  2019   125.7  1945   410.7  1966   445.7  1927   222.4  1934  1213.3  2004
   35.4  1928   58.0  1912   92.3  1950  138.1  1923  178.8  1930  157.1  1972  138.3  1987  132.9  1962  103.5  2007   68.9  1938   48.4  2022   29.9  1951   123.8  1950   410.1  1912   444.5  2019   220.8  1924  1210.2  1927
   35.0  2009   57.4  2025   92.0  1940  137.2  1967  178.4  1940  157.0  2022  138.2  1927  132.6  1949  103.1  1999   68.8  1969   47.7  2014   29.9  1919   123.1  2008   409.9  1938   443.9  1973   220.4  2014  1208.0  1933
   34.9  2006   57.3  1967   90.4  2005  137.0  2002  174.3  1974  156.7  2008  137.2  1962  132.5  2007  102.6  2005   68.8  1944   47.7  1964   29.8  1958   122.5  1997   408.9  1963   443.3  2005   220.2  1929  1204.1  1981
   34.6  1936   56.9  1941   90.2  2018  136.7  1948  174.3  1921  156.6  1976  137.0  1956  132.2  1967  101.2  2009   68.5  2020   47.3  1983   29.7  1910   122.4  1995   407.3  1930   442.7  1962   219.7  2004  1203.4  1926
   34.4  1934   55.6  1961   90.2  1946  136.2  1989  173.4  1938  156.1  1997  135.8  1974  131.6  1961  101.0  1922   68.4  1953   47.1  1924   29.5  1918   122.3  1917   406.7  1918   440.5  2011   219.2  2008  1203.1  1953
   34.1  1932   55.5  2022   90.0  1934  136.1  1958  172.6  1991  155.6  1952  135.7  1938  130.7  1940  100.7  1927   68.3  1964   46.5  1922   28.5  1978   121.7  1929   405.4  1936   439.5  1967   219.1  1966  1201.3  1948
   33.9  1940   55.3  2000   89.6  1993  136.0  1927  172.3  1923  154.0  1924  135.7  1959  129.5  1927  100.4  1981   68.2  1928   46.4  1933   28.4  1998   121.3  1934   405.2  1999   434.5  2025   218.7  1920  1200.4  1988
   33.5  1984   53.9  1995   89.4  1967  136.0  2017  172.3  1996  152.9  1983  135.5  1914  129.1  1950  100.0  1968   68.2  1989   46.2  1926   28.2  1966   121.3  1931   404.8  1921   434.3  1986   218.4  1969  1199.1  1940
   33.0  1950   53.7  1917   89.1  2023  135.5  2000  170.1  1985  152.8  1938  135.4  2008  128.7  1936   99.5  1975   68.1  1937   45.9  1967   28.2  1944   120.6  2009   400.9  1969   433.9  1936   217.9  1975  1198.2  2012
   32.5  1951   53.6  1924   88.8  1930  134.8  1939  169.4  1995  152.6  1955  135.1  1940  128.7  2020   99.1  1969   67.3  1932   45.9  2009   28.1  1927   120.2  1949   400.1  1991   430.7  1992   217.6  1956  1197.5  2008
   32.5  1918   52.7  1982   88.6  1959  133.5  1916  168.2  2015  151.8  1942  133.5  1951  127.7  1925   99.0  1989   66.6  1950   45.4  1914   27.8  2018   119.6  1911   398.5  1995   430.4  1953   217.5  1942  1195.6  1942
   32.3  1994   52.5  1911   88.6  1989  132.9  1928  164.2  1954  151.5  1984  133.4  1945  126.8  1956   98.9  1929   66.2  1963   45.2  1928   27.5  1993   118.9  1944   397.9  1914   429.8  1963   216.1  2000  1194.5  1922
   31.9  1947   52.3  1997   88.3  1913  132.8  1970  164.0  2011  151.4  2024  133.2  1968  126.1  1921   98.2  2018   65.9  1960   45.1  1979   27.2  1984   118.7  1981   397.6  1968   428.1  1988   215.8  1948  1187.8  2011
   31.1  2004   52.2  1915   87.2  1960  131.4  1994  162.5  1931  150.5  1964  130.8  2024  125.0  1928   97.5  1916   65.9  1984   44.6  1944   27.0  1994   118.1  1915   396.3  1931   426.6  1991   214.6  1936  1187.5  1938
   31.1  1981   52.2  1931   86.9  1997  131.1  2024  162.0  1979  150.0  1982  128.0  1922  123.6  1998   97.4  1924   65.8  1917   44.3  1949   26.6  1943   116.4  1924   395.6  1988   426.2  1966   214.4  2020  1185.9  1917
   31.0  1920   52.2  2011   86.8  2021  130.0  2001  161.3  2013  148.3  1999  127.4  1923  123.4  1982   97.4  2011   65.6  1991   43.6  1986   26.6  1913   116.4  1973   395.2  1965   423.4  2007   213.8  1945  1185.2  1914
   30.5  1966   51.6  1994   86.4  1951  129.1  1950  161.1  1998  147.8  2014  126.9  2015  123.3  1988   96.5  1967   65.4  1995   43.6  1954   26.5  1986   115.2  1971   394.8  1943   421.4  1965   212.9  1976  1184.7  2017
   30.2  1912   50.8  1943   86.3  2011  129.0  1986  160.0  1932  147.3  2016  126.5  2023  121.3  1941   96.2  1944   65.1  2014   43.5  1935   26.4  1997   113.8  1937   394.5  2002   417.9  1937   212.2  1994  1181.7  1945
   29.7  1968   50.6  1935   86.1  1981  128.7  1975  159.9  1922  145.6  1945  125.8  2001  120.9  2024   95.0  1961   64.8  2024   43.5  1963   26.3  1971   113.7  1916   394.2  1978   416.6  2004   211.2  1913  1180.8  1928
   28.8  1990   50.6  1972   85.9  1916  127.1  1935  159.7  1964  143.2  1998  125.6  1981  120.8  1952   94.6  1932   64.8  1914   43.5  1941   26.2  1915   113.5  2020   393.4  1985   415.9  1981   211.0  1931  1175.6  2014
   28.7  1946   50.4  1920   85.2  1968  126.5  1979  159.1  1999  142.1  1954  125.4  1957  120.5  1920   94.5  1943   64.6  1975   43.3  1945   26.0  1914   113.0  1972   391.0  1945   412.0  1978   210.8  1985  1175.1  1918
   28.7  1971   50.1  1910   85.1  1918  125.9  2018  158.9  1941  141.6  1991  125.0  1998  120.5  2017   93.3  2017   64.5  1947   43.0  1932   25.7  1983   112.0  1980   389.4  1994   411.1  1920   210.7  2013  1174.3  1967
   28.3  1930   49.9  1974   84.8  2019  124.1  1910  156.3  1912  141.4  1935  124.8  1960  120.4  1957   93.2  1913   64.2  1976   41.9  1946   25.7  1985   111.9  1992   388.6  1932   410.8  1930   210.3  2005  1173.0  1979
   28.3  1989   49.8  1958   84.5  1980  121.9  1963  155.1  2021  140.7  1965  123.5  1936  119.5  2009   92.9  1976   63.9  1996   41.5  1978   25.6  1992   111.6  2022   386.5  1997   407.9  1928   210.1  1950  1171.9  1947
   27.9  1997   49.3  2002   84.0  1942  121.0  1988  153.9  1945  140.6  1946  118.8  1916  118.4  1922   91.5  1931   63.9  1912   41.5  1981   24.7  2023   111.5  1989   384.5  1970   406.3  1932   209.6  1958  1168.8  1936
   27.8  1942   49.0  1921   83.9  1995  120.4  1931  150.9  1916  139.6  2020  117.9  1964  118.4  1989   91.4  1948   63.5  1933   41.1  2007   24.6  1980   111.4  1994   383.1  1928   405.2  1964   209.5  1944  1166.3  1937
   27.8  1938   48.8  1992   83.9  1947  120.4  1917  148.8  2002  139.0  1922  117.8  1953  118.2  1935   90.8  1982   63.4  1930   40.3  2004   24.5  1974   111.2  1920   382.4  1979   404.2  1958   209.4  1992  1161.9  1958
   27.2  1923   48.6  1959   83.3  2013  119.3  1959  147.7  1947  138.3  1990  117.6  1937  116.4  1951   90.5  1936   62.7  1925   40.2  1957   24.4  1921   110.5  1990   379.4  1972   404.0  1994   208.1  1930  1161.4  1934
   27.1  2002   48.2  1954   83.2  1912  118.9  2004  146.6  1968  137.9  2000  116.9  1992  116.2  1917   90.3  1977   62.0  2023   39.8  1984   24.2  1942   110.3  1976   376.1  1937   403.8  1987   208.0  2017  1152.1  1978
   26.6  1949   47.9  1927   82.9  1971  118.8  1985  146.0  1918  137.2  2011  116.3  1947  115.0  1971   90.3  2000   61.9  1958   39.5  1959   23.8  1988   110.2  1974   371.0  1940   403.1  2024   206.7  1941  1150.6  1932
   26.5  1974   46.3  1984   82.1  1932  118.5  1949  145.2  1981  136.4  1961  116.2  1924  114.3  1958   90.2  1938   61.7  1979   38.9  1982   23.7  1933   109.9  2026   370.7  1986   403.0  1979   205.9  2001  1150.5  1980
   26.5  1916   46.3  2009   78.9  1976  117.8  1924  144.6  1973  136.2  1948  116.1  1928  113.6  2013   89.7  1930   59.7  2013   38.9  2001   23.2  2013   109.1  1912   370.3  1916   399.2  2016   205.8  2025  1148.6  1930
   26.1  1983   46.0  1929   78.3  1978  117.5  1978  144.1  1944  136.1  2025  116.1  1980  113.0  1990   89.2  2013   59.5  1943   37.9  1913   22.7  1930   108.1  2016   368.5  1992   397.8  2015   205.8  1954  1146.6  1943
   26.0  1969   44.2  1971   78.1  2000  116.1  1926  143.3  2024  135.5  1944  115.6  1946  111.6  1954   87.7  1947   59.4  1983   37.3  1936   22.3  1939   108.0  1942   367.4  2024   391.9  1998   204.9  1932  1145.9  1966
   25.9  1937   43.9  1945   78.0  1991  114.8  1913  143.2  1920  134.6  2015  114.0  1961  110.5  2018   87.5  1984   58.8  1982   36.9  1992   22.1  1941   107.9  2017   366.3  1926   389.9  1946   204.4  1957  1132.6  1983
   25.6  1927   43.7  2017   77.4  2006  113.9  1987  142.8  1993  134.1  1913  112.7  2016  109.5  1932   86.5  2016   58.7  1990   36.9  1929   21.7  1972   105.4  1984   366.2  1925   387.7  1948   202.8  1968  1132.3  2024
   25.5  2013   43.4  2023   75.1  1988  112.9  1934  140.0  1913  134.1  1981  110.3  2020  108.1  1930   86.4  1945   58.4  2022   36.6  2002   21.2  1924   104.4  1927   366.1  1961   386.6  2001   202.5  1943  1131.4  1941
   25.5  1975   43.3  2014   74.8  1945  112.2  1920  139.6  1934  133.6  2005  109.8  2012  106.3  1915   86.4  1992   58.2  2021   36.3  1962   20.9  1911   104.4  1935   360.2  1941   385.5  1922   202.5  1912  1127.8  1954
   25.2  1970   42.9  1925   74.7  1961  112.0  1966  138.3  1965  132.3  2007  109.6  1954  105.1  1934   85.7  1950   57.5  1954   35.5  2024   20.5  2016   103.8  1921   360.2  1967   382.0  1961   202.2  1970  1126.7  1985
   24.9  1924   41.4  2012   74.5  1996  111.2  1964  137.4  1972  127.8  1987  109.6  1986  104.1  1980   84.6  1956   56.7  2001   35.3  1940   20.4  1991   103.4  1966   355.5  1924   381.2  1944   197.7  1980  1125.7  1992
   24.9  1993   40.8  1940   73.7  1994  108.0  1993  136.4  2003  126.7  2004  108.8  1993  103.2  2011   83.2  1966   55.5  1942   34.2  2020   20.2  1949   102.3  1922   351.2  1998   378.5  2020   197.5  1940  1121.3  1961
   24.0  1943   40.0  1990   72.9  1920  107.2  1919  134.6  1917  123.0  2001  107.9  1920  100.0  1910   82.8  1917   55.4  1949   33.8  1958   19.6  2021   101.6  1948   349.7  2014   377.1  1942   195.7  2021  1117.4  1916
   23.8  1921   39.7  1939   70.2  1992  107.1  1943  134.1  1986  120.6  1994  107.8  1939   99.2  1923   82.6  1941   54.8  1918   33.5  1951   19.0  2011    99.6  1918   349.2  1917   377.0  2008   193.8  2011  1116.5  1994
   23.2  1925   39.0  1922   69.8  1990  104.7  1911  133.8  1914  120.5  1958  107.5  1930   98.5  1985   82.1  1953   53.2  1934   33.1  1920   19.0  1947    99.1  1943   345.0  1944   373.6  2017   193.1  1984  1108.0  1964
   23.0  1973   37.8  2026   68.3  1921  103.8  1941  133.7  1969  119.3  2002  105.6  1988   98.2  1929   82.1  2021   52.5  1921   32.9  1994   18.9  2024    98.8  2012   343.1  1913   372.5  1985   191.9  1978  1104.3  1998
   23.0  2020   35.7  1980   67.7  1977  102.3  1947  133.6  1967  119.2  1947  105.5  1967   96.9  1963   81.8  1970   51.6  2017   32.4  1931   18.6  1959    97.0  1940   342.5  1934   367.7  1993   191.3  1935  1099.7  1923
   22.7  1926   35.6  1976   67.7  1926  102.0  1997  131.3  1933  114.4  1993  104.2  1932   93.6  1918   77.7  1983   51.6  1968   31.9  1916   18.3  1922    96.9  1998   342.3  1976   366.4  2002   191.2  1946  1098.9  2002
   21.4  2014   34.3  1998   66.2  1964  101.0  1961  130.8  2022  114.3  1980  103.8  2002   92.8  1978   76.5  1978   51.5  1957   30.5  1997   18.1  1936    90.7  1926   341.1  1933   363.3  1954   189.4  1962  1088.2  1913
   21.4  1948   33.9  1913   64.5  1938  100.7  1940  127.3  1970  108.0  2017  103.0  2010   89.5  1943   76.3  1962   48.7  1916   30.4  1917   16.6  2015    87.9  2014   340.4  1993   359.7  2012   188.6  1982  1073.5  1931
   20.7  1996   32.6  1993   61.2  1984   96.6  1944  124.7  1924  103.7  1966  102.5  1970   84.8  2008   74.3  1965   45.7  2025   29.5  1938   15.8  1931    87.3  1925   338.8  1996   351.9  1924   188.5  1938  1070.3  1920
   20.3  1913   31.7  1923   58.7  1928   95.9  1933  124.7  1976  103.2  2012  102.4  1985   84.3  1948   73.2  1980   44.8  2005   28.4  1939   15.2  1954    83.1  1993   337.2  1964   351.8  1931   184.4  1983  1056.3  1944
   19.6  2008   31.6  1926   54.1  1983   92.0  1996  120.9  1983  102.6  1931   98.7  1979   81.7  1924   72.7  2008   44.2  1935   28.4  1953   12.4  1956    77.3  1923   333.9  1947   334.6  1980   178.9  1953  1045.9  1993
   19.1  2016   31.1  1966   52.9  1957   83.1  1992  113.3  1925  100.9  1923   97.6  1944   78.1  1942   72.0  1985   43.6  2011   27.3  2015   11.4  1934    73.3  1914   328.2  1920   327.5  1923   178.9  1917  1027.9  1924
   19.0  1914   28.3  1918   51.4  1998   72.4  1937  112.2  2014   96.1  1912   82.6  1931   61.7  1912   68.9  1946   41.6  1940   24.9  1912    5.4  1912    59.6  1913   314.7  1983   315.8  1912   178.1  1916  1022.0  1912
   16.7  1944   27.7  1914   49.0  1936    ---  2026    ---  2026    ---  2026    ---  2026    ---  2026    ---  2026    ---  2026    ---  2026    ---  2026     ---  1910     ---  2026     ---  2026     ---  2026     ---  2026
