Areal values from HadUK-Grid 1km gridded climate data from land surface network
Source: Met Office National Climate Information Centre
Monthly, seasonal and annual total precipitation amount for Scotland W
Areal series, starting in 1836
Last updated 01-Apr-2026 11:34
    jan  year    feb  year    mar  year    apr  year    may  year    jun  year    jul  year    aug  year    sep  year    oct  year    nov  year    dec  year     win  year     spr  year     sum  year     aut  year     ann  year
  342.5  1928  330.8  1990  277.3  1994  210.8  1947  227.7  2011  209.6  1872  226.6  1988  294.6  1985  320.3  1950  308.8  1995  338.6  2009  380.3  2015   906.7  2014   528.6  1986   588.5  1985   789.0  1954  2280.2  2011
  322.9  1993  330.2  2020  265.4  1903  199.9  1867  224.4  1986  187.3  1938  217.8  1985  294.4  2024  274.5  1981  308.5  1983  328.4  2015  357.5  1852   858.5  2016   491.0  1992   538.4  2009   765.8  2011  2203.9  2015
  319.8  1975  301.0  1997  255.6  1992  183.5  1949  200.9  1925  182.9  2002  214.7  1846  293.1  2009  268.7  1985  301.4  1903  314.6  2006  348.8  1929   801.8  2020   470.8  2015   512.8  1846   752.3  1981  2139.9  1990
  317.0  1974  290.4  2002  240.3  1990  180.2  1972  176.4  2015  177.0  2012  212.0  1836  267.8  1992  247.4  1980  299.9  1938  299.2  1877  342.8  1986   796.0  1995   469.3  1963   509.5  2012   741.5  1938  2132.5  2020
  310.2  2008  289.4  2014  232.9  1921  178.0  1991  172.8  1920  175.9  1931  191.4  2023  257.4  1861  239.7  1978  299.2  1935  294.7  1938  341.3  2013   786.1  2000   463.1  1994   499.5  2020   708.7  1982  2072.2  1877
  301.8  1990  281.9  1894  224.3  1989  170.8  1925  161.5  1976  173.3  2017  189.7  2010  245.6  2019  238.2  2011  299.2  1967  290.7  1986  335.3  1999   743.5  1990   451.0  1947   497.0  2019   698.2  2006  2041.5  1954
  294.7  1866  277.6  2022  217.8  2019  170.4  2024  157.1  2003  170.6  1856  188.9  1882  239.0  1989  237.4  1885  293.9  2011  282.0  1890  329.5  2011   718.7  2015   450.9  1868   496.1  2017   687.9  2000  2026.7  2014
  292.8  1962  261.1  1848  216.9  1978  168.6  1904  154.2  1906  161.4  1912  188.7  1953  237.0  1962  230.7  1869  293.7  2008  270.7  1982  309.0  2006   710.0  2007   443.7  1993   494.9  1998   681.1  1984  2018.3  1872
  291.6  2015  254.5  1868  216.7  1963  164.1  1993  153.9  1892  160.7  1928  183.1  1873  226.2  1923  227.3  1954  291.8  1954  269.8  1954  305.5  1994   701.5  1894   442.9  1925   482.1  1872   680.6  1935  2002.4  1992
  287.9  1852  239.6  1989  216.6  1868  149.4  1994  149.9  1967  160.5  1838  183.1  2020  225.6  1910  226.4  1982  290.4  1998  267.2  1931  304.5  1993   688.1  1877   441.2  1913   479.9  1948   662.3  1977  2001.7  1928
  287.2  1877  236.3  1995  212.8  1986  148.5  1992  148.5  2002  156.5  1980  179.8  1998  223.3  1903  224.7  1923  288.8  2000  266.6  1979  301.8  1912   681.9  1920   428.9  1920   477.9  1861   653.6  1917  2001.1  1938
  279.3  1921  235.3  1850  206.6  2015  144.0  1960  145.6  1963  154.8  1897  178.1  2015  220.8  2004  222.4  1872  288.0  1943  262.4  1939  299.1  2023   681.2  2012   427.9  2011   477.9  1877   651.6  2022  1999.5  1999
  277.0  1872  234.7  2000  204.2  1861  143.1  1996  145.2  2009  154.7  1948  176.9  1950  216.7  1930  220.1  1948  285.4  1996  258.9  1953  294.8  1949   673.9  1974   421.7  1967   474.4  1988   638.5  1970  1997.7  1998
  276.0  2014  224.8  1945  201.8  1988  140.6  1977  142.8  1972  154.7  1890  176.5  1939  215.5  1988  220.0  2000  281.6  2021  257.5  1991  280.4  1974   673.1  1994   418.4  1990   472.4  1950   638.5  1874  1991.1  1903
  270.1  2016  221.8  1998  196.6  2008  140.0  1863  140.1  1922  154.1  1907  175.5  2009  210.1  1961  219.7  1946  278.4  1917  252.9  1981  273.6  1911   672.3  1869   416.1  1972   471.5  1879   637.8  2009  1985.3  2008
  268.3  1999  221.1  1903  192.7  1979  139.1  1961  138.1  2006  151.1  1972  169.0  1959  205.3  1892  218.6  2004  277.9  1874  251.8  1917  272.9  2014   663.8  1975   415.4  2009   469.6  2024   634.5  2020  1980.0  2009
  261.3  1873  220.8  2011  190.3  1983  138.4  1932  137.4  2005  150.6  1965  168.3  1936  205.1  1943  214.5  1962  275.7  2014  249.2  1951  271.2  1900   653.2  2024   414.0  2006   467.2  1980   630.4  1923  1960.7  1948
  260.5  1932  217.4  1918  189.2  1859  136.8  1899  136.4  2013  150.1  1877  167.0  1970  203.1  1891  212.4  1975  273.1  1862  244.0  1992  269.6  1951   651.2  2008   413.5  1903   457.8  2008   621.3  1980  1954.7  2000
  259.4  1983  214.7  1915  187.0  1896  135.6  2005  135.6  1862  149.3  2020  165.6  1938  197.2  1929  211.8  1879  271.3  1990  239.4  1929  269.3  1980   649.6  1872   403.9  2024   451.0  1956   620.4  1950  1940.4  1986
  258.8  2007  213.9  1992  186.5  1876  134.6  1843  135.5  1916  140.9  1879  165.6  1879  197.2  1948  210.1  2023  265.7  2022  239.0  1984  266.4  1868   642.0  1998   403.8  2002   450.0  1938   614.2  1979  1934.7  2006
  258.0  1984  211.3  1914  186.3  1967  133.9  1910  134.2  1907  140.3  1881  164.5  1956  193.5  1950  209.0  1864  261.1  1984  236.0  1928  260.9  1959   641.7  1866   397.3  2014   449.3  2004   609.0  1877  1929.0  1982
  255.6  1994  211.2  1911  186.1  1897  133.1  1913  133.8  1945  140.0  2004  163.6  1884  193.5  2008  207.3  1977  257.1  1934  235.2  1978  260.3  1921   640.6  2002   395.1  1999   449.0  1836   606.3  1928  1927.0  1994
  254.2  1995  208.0  2016  185.5  1913  132.8  1911  130.8  2014  140.0  2025  159.5  1862  193.1  1895  206.5  1866  256.5  2001  233.8  2011  260.0  1932   635.5  1853   392.4  1976   447.7  1923   605.6  1967  1912.4  2002
  253.4  1884  206.7  1910  185.3  1987  131.1  1950  130.7  2022  137.5  1854  159.5  1853  192.6  1907  204.0  1999  254.9  2020  232.2  1947  258.8  1919   635.0  1884   387.8  2005   443.8  1838   603.8  2025  1908.2  2012
  252.1  2005  206.1  1939  184.8  1981  130.9  1999  130.1  1964  137.5  1860  158.2  1881  188.1  1998  203.7  1935  254.3  1928  230.9  1963  256.8  1966   634.0  1863   384.2  1921   441.9  1928   602.8  1918  1899.4  2004
  251.5  1863  203.2  1920  182.4  1982  130.9  1943  129.1  1870  137.1  1927  157.6  2012  187.5  1956  203.2  1934  253.0  1930  228.9  1944  250.6  1891   631.7  1999   375.6  1907   434.5  1907   596.1  1998  1884.2  1923
  244.1  1938  199.0  1869  182.3  1995  130.1  2004  128.7  1993  137.0  1846  156.0  2016  186.5  1868  203.0  1839  246.7  1977  226.7  1883  249.8  1982   628.8  1868   372.1  1862   433.4  1897   594.9  1872  1876.2  1988
  243.8  1849  192.4  1935  175.3  1912  128.4  1862  128.4  1924  136.4  1945  154.1  1924  181.7  1897  200.6  2006  245.3  1909  226.5  1881  245.9  1898   628.4  1989   371.3  1977   433.3  1903   593.3  1890  1875.6  1868
  243.5  2004  190.4  1885  174.9  1968  126.8  2013  127.5  1865  134.5  1943  152.4  1923  180.9  1942  200.3  1942  242.6  2013  226.1  1974  245.8  1942   620.6  1937   368.3  1899   431.1  1873   588.5  1978  1851.4  2023
  243.0  2018  190.1  1884  174.5  1842  126.2  1880  126.9  1858  134.2  1990  152.2  1909  180.9  1877  200.1  1961  242.4  1923  225.6  2022  245.1  1954   619.6  1984   367.6  1983   430.3  1943   583.5  1953  1815.6  2022
  241.9  2002  189.3  1871  172.3  2023  123.9  1965  126.0  1966  133.1  1994  151.3  1937  180.5  1921  199.7  1970  242.1  1916  222.7  1888  243.6  2000   617.3  1903   366.2  1979   429.3  1965   582.8  2018  1812.2  2017
  241.6  1851  187.6  2017  170.1  1920  122.9  1916  125.7  1884  132.4  2007  150.4  1957  179.2  2017  197.5  1918  236.1  1845  222.4  2003  243.4  2019   606.2  1943   365.2  1904   429.2  1881   581.2  1991  1782.7  1967
  239.1  1988  185.9  1877  169.7  1914  121.7  1859  122.7  1999  132.4  1954  149.2  1896  177.5  1941  197.1  1908  236.0  1968  221.9  2025  242.7  1934   605.1  1922   363.7  1966   428.0  1929   573.3  1948  1779.8  1866
  238.9  1930  181.6  2021  167.1  2014  121.5  1927  122.6  1913  130.7  1919  148.3  2019  177.5  1874  194.7  1953  232.4  1961  221.0  1882  241.9  2012   604.7  1915   362.8  1991   423.5  1992   571.8  2008  1778.9  2024
  238.2  1890  180.7  1923  166.5  1908  121.2  1909  122.6  2007  129.6  1876  147.4  1895  174.9  2012  194.6  1863  230.4  1877  220.6  2020  240.8  1924   600.4  1930   357.9  2019   422.7  1882   570.6  1944  1766.0  2019
  236.0  1948  179.2  1866  166.3  1977  119.5  1901  122.1  1888  129.2  1966  146.8  1877  174.6  1898  194.0  1891  229.4  1873  220.2  1999  239.3  1914   595.0  1916   353.8  1989   422.0  1961   570.4  1961  1765.2  1950
  235.7  1875  177.6  2024  163.3  1905  119.2  1850  120.5  1947  128.6  1935  146.7  1888  174.5  1866  193.4  1927  225.0  1981  217.7  2018  238.8  1862   586.7  2005   352.2  1914   421.8  2015   568.8  1996  1763.8  1943
  234.8  1868  176.7  1883  163.3  2021  118.2  1959  119.6  1938  128.5  1844  144.7  1871  173.7  1873  191.0  1874  223.7  1970  216.7  1960  238.4  2024   586.2  1988   351.1  1897   421.1  1927   568.2  1930  1760.8  1980
  230.9  1926  175.4  1996  163.2  2026  118.2  1871  119.2  1900  127.8  1991  143.6  2017  173.0  1883  189.9  1924  223.6  1932  215.1  1970  237.2  1997   582.8  1950   347.2  1988   420.5  1962   563.9  2012  1748.1  1949
  228.3  2020  174.2  1872  161.6  2017  118.2  1915  119.0  1929  127.2  1944  142.5  1967  171.6  1951  189.8  1992  221.9  2017  213.9  1861  237.1  1877   578.8  1949   346.5  1949   420.4  1930   563.6  1963  1747.8  1981
  224.3  2023  174.0  2008  160.4  1882  118.0  1970  117.6  1943  127.0  1998  142.4  1903  170.2  1979  188.4  1974  221.3  1918  212.9  1913  233.7  1866   578.3  1913   345.1  1968   418.0  1910   563.3  2004  1746.8  1863
  224.0  1927  173.7  1922  160.3  2006  116.9  1868  117.4  1868  125.0  1863  142.3  1838  169.7  1982  187.9  1892  220.6  1929  212.0  1872  231.3  1936   576.6  1981   343.7  1867   416.3  1892   561.1  1992  1744.5  1961
  223.8  1934  171.6  1916  157.9  1928  116.1  2009  116.1  1934  124.5  1947  141.9  1932  169.6  1980  184.6  2016  220.1  2005  211.8  2002  229.9  2004   569.5  1933   339.4  1927   415.2  1954   560.4  2021  1739.3  1974
  223.6  1903  170.6  1949  157.6  1836  115.5  1990  112.4  1954  123.8  1882  141.4  2008  167.8  1917  184.3  1988  218.2  1989  211.0  1998  229.8  1955   568.5  1983   338.8  1987   410.6  1890   559.5  1995  1723.9  1991
  221.3  1937  169.0  1943  155.2  1991  115.5  2006  112.3  1931  122.9  2008  141.0  1980  167.7  1987  181.3  1964  218.0  1860  209.7  1940  229.7  1983   562.1  2022   337.8  2007   408.9  1856   558.9  1903  1721.5  1979
  221.1  1916  168.0  1937  154.9  1940  113.7  1934  112.1  1983  122.6  1851  141.0  1852  167.2  2020  181.0  1984  217.5  2004  209.1  1996  229.4  1854   561.0  1848   334.8  1882   407.9  2002   555.7  2017  1718.7  1920
  220.2  1853  167.7  1926  154.9  1957  113.7  1898  111.7  1958  122.2  1848  140.9  1848  167.1  1841  180.9  1968  216.6  1948  209.0  1926  228.4  1863   559.9  1962   333.7  1997   407.0  1851   552.3  1845  1716.2  1882
  220.0  1920  166.1  1893  154.9  1976  113.7  2002  110.8  1878  121.3  1999  140.6  1931  166.0  1889  179.9  1983  214.7  1870  208.7  2012  226.1  1869   558.9  1992   331.3  1905   402.0  2007   551.3  2010  1712.4  1884
  219.3  1957  165.7  1880  154.2  1881  113.3  1964  110.1  1981  121.3  1862  140.2  1843  165.3  1928  179.8  2018  214.7  1843  208.3  1977  223.8  1872   558.2  1957   331.0  1943   397.2  1987   551.2  1986  1711.8  2013
  216.1  2000  165.0  1961  154.2  2009  111.5  1923  109.9  1944  118.7  1981  140.0  1940  165.0  1879  179.6  1836  211.6  1982  206.5  1959  223.1  1956   555.8  1925   330.3  1981   396.0  1924   547.5  1891  1711.1  2018
  216.1  1946  164.6  1859  152.6  1938  111.3  2016  107.4  1854  118.0  1858  139.9  1851  164.3  1906  179.5  1987  210.7  1906  206.0  1869  222.2  1948   551.7  1859   330.1  1906   395.8  1862   547.2  1927  1704.5  1862
  215.4  1976  163.4  1898  152.1  2007  110.5  1985  107.3  1955  116.8  1946  138.2  1921  163.7  1904  178.8  1945  210.2  1949  202.0  1946  222.1  1884   549.9  1967   327.6  1995   391.7  2023   542.8  1983  1704.1  1985
  213.8  2012  161.3  1876  151.6  1860  109.7  2018  107.0  1886  116.6  2011  137.2  1933  161.7  1927  177.7  2025  205.9  2002  200.5  1969  221.9  1897   549.5  1960   324.6  1965   386.2  1895   541.6  1940  1698.5  1989
  213.7  2009  160.2  1950  150.9  1851  108.9  1914  105.7  2025  115.5  1896  136.3  1946  161.2  1846  177.5  1965  205.9  1942  199.8  1949  218.5  1990   549.4  1910   324.4  1934   383.8  1989   539.6  1932  1695.0  2007
  213.0  1989  159.7  1967  150.9  1993  108.6  1935  105.0  1917  114.9  2005  134.4  1910  160.0  2011  177.2  2012  204.4  1986  198.7  2010  216.5  1985   549.3  1993   323.9  1859   382.7  1912   539.5  2001  1694.5  2005
  210.6  1883  159.3  1928  150.1  1907  107.0  1963  103.9  1847  114.5  1845  134.2  1960  158.9  2014  175.2  1878  204.2  2025  198.1  1911  215.0  1876   549.1  1883   323.5  1982   381.6  1931   537.3  1999  1691.4  1836
  207.4  1986  159.0  1988  150.0  1966  106.2  1900  103.2  1973  114.2  1901  134.2  1858  158.9  1934  175.0  2019  202.9  1891  197.6  1930  212.8  1893   544.3  1885   320.7  1945   381.4  2025   535.2  1943  1689.2  1900
  207.3  1836  158.1  1852  149.2  1846  104.8  1948  103.0  1899  114.2  1836  133.2  1890  157.4  1865  174.5  1861  202.1  1987  195.9  1972  211.2  1964   544.0  1945   320.0  1932   379.4  1946   534.4  2005  1684.7  2016
  206.9  1869  158.0  1925  148.3  1864  104.5  1955  102.6  2021  114.1  2022  132.7  1840  157.0  1964  173.3  2017  201.2  1980  195.0  1847  210.6  1998   542.8  1928   318.2  1863   379.2  1848   532.0  2023  1683.5  1883
  206.9  1894  157.5  1970  147.2  1874  104.0  1951  101.8  1997  113.3  1864  132.5  1861  155.5  1901  171.3  1859  200.0  1876  194.9  1914  210.2  1979   540.8  2021   317.8  2004   378.2  2016   531.3  1968  1683.5  1993
  204.4  1900  156.4  1960  145.2  1948  103.0  2010  101.5  1904  112.4  1840  132.1  1954  155.2  1850  171.1  1967  198.9  1867  194.8  1849  208.7  1965   539.1  1926   315.8  1908   378.1  1958   525.3  1929  1682.9  1861
  199.2  1862  156.2  1931  144.8  2000  101.9  1858  101.2  1968  111.1  1892  132.1  1993  153.9  1958  170.8  1886  194.5  1868  190.5  1994  208.6  1940   537.4  1935   315.2  2013   377.5  1964   524.7  1861  1680.9  1926
  198.8  1942  154.6  1966  141.6  2002  101.7  1919  101.0  1942  109.7  1952  132.1  1915  153.2  1900  169.9  2010  194.3  1971  189.7  1899  207.6  1973   536.8  2018   315.0  1961   376.5  1957   524.6  1869  1677.2  1977
  198.2  1981  154.4  1867  141.5  1999   99.9  1874   99.8  2024  108.5  1913  131.9  1929  153.0  1905  165.9  1947  193.7  1847  188.2  1845  207.1  1845   536.3  1912   314.3  1910   375.8  1852   522.2  1883  1674.4  1927
  196.0  1859  154.3  2015  141.4  1997   99.9  1882   99.6  1860  108.2  1900  131.3  1947  152.8  1965  165.6  1898  193.6  1963  188.0  1852  206.7  1842   535.4  1852   312.6  2008   375.6  1876   522.1  1926  1671.4  1912
  193.5  1944  152.8  1999  137.1  2020   99.4  1836   98.3  1863  107.9  1852  131.3  1958  151.3  1952  164.6  1944  193.6  1893  184.0  1918  204.7  1847   534.6  1899   311.0  1964   375.6  1994   514.7  1934  1669.8  1962
  191.8  1965  151.3  1837  135.3  1998   99.3  2014   98.3  1965  107.8  1875  131.2  1849  150.7  1954  164.0  1890  190.9  1959  183.5  1976  202.2  1915   529.4  1867   310.9  1912   374.2  1942   513.0  1863  1666.1  1970
  191.5  1943  150.7  1982  133.8  2024   98.7  1998   97.7  1969  106.6  2015  131.0  1942  150.2  1957  163.7  1932  190.4  1878  183.0  1880  201.1  2020   528.4  1849   310.0  1916   374.0  2011   512.2  1847  1666.1  1934
  191.2  1840  150.2  1882  132.2  1939   97.8  1944   97.4  1926  105.8  1937  130.7  1920  149.8  1863  163.2  1899  190.0  1855  182.3  1916  198.4  1871   523.8  1987   308.0  1950   373.1  1840   510.8  1987  1663.9  1921
  190.5  1899  149.3  1974  130.6  1871   97.2  1905   97.4  1849  105.7  1987  129.4  1961  149.5  1924  162.3  1840  189.8  1900  180.7  1850  197.6  2025   523.6  2004   307.4  2003   371.3  1953   507.8  1990  1661.4  1932
  190.2  1906  147.6  1948  130.0  1844   96.8  1924   96.7  1894  104.3  1969  129.4  1922  148.8  1872  161.2  1966  189.5  1979  179.9  1836  197.0  1857   521.6  2013   305.4  2023   369.1  1900   502.5  2013  1653.6  1918
  189.5  2013  147.5  1962  129.9  1927   94.8  1975   96.5  1982  103.1  2019  128.3  1867  147.9  1920  160.4  2005  189.4  1976  179.1  2000  195.2  1918   521.3  1923   305.4  1926   366.9  1952   501.7  1985  1650.1  1916
  187.2  1860  145.8  1977  129.2  1884   94.8  1847   95.8  1921  103.0  1955  128.0  1948  147.9  1949  160.3  2022  187.7  1907  177.7  1935  195.1  1991   519.2  1851   304.3  1858   366.9  1888   500.6  1975  1649.4  1930
  186.0  1949  143.7  1863  128.6  1890   92.9  1979   95.8  1911  103.0  1964  125.9  1965  147.8  2007  159.5  1896  186.6  1991  176.5  1894  193.9  1944   517.8  1873   303.1  1860   364.8  1858   498.6  1976  1647.6  1983
  185.7  1958  143.2  1870  128.5  1899   92.8  1885   95.5  1872  102.3  2001  125.6  1893  147.3  1914  159.0  2020  185.7  1853  176.3  1843  193.6  1856   516.5  1898   302.6  1922   364.8  1937   496.8  1974  1646.6  1929
  185.6  1982  142.2  2007  128.0  1926   92.6  1922   94.7  1956  102.0  1950  123.8  1987  146.3  2005  158.2  1979  185.4  1988  174.0  1895  192.3  1960   509.9  1961   301.9  1886   363.7  1896   495.7  1900  1644.6  2025
  183.0  1998  140.3  1856  127.8  1839   92.6  1933   93.4  1840  101.4  1959  123.8  1872  146.3  1876  157.2  1955  185.3  1940  172.7  1898  192.0  1896   508.7  1878   301.8  1948   362.7  1990   495.3  1873  1636.5  1852
  182.4  1878  139.5  1933  124.6  1895   92.0  1962   93.2  1889   99.4  1894  123.2  1887  145.0  1926  153.7  1875  185.2  2018  172.7  1980  191.9  1984   508.1  1911   301.5  1957   356.5  1883   494.2  1866  1627.9  1951
  181.9  1923  139.0  1861  123.4  1848   91.6  1877   93.0  1875   99.1  1956  122.4  1927  144.5  1851  149.7  1997  184.8  1957  171.7  1927  191.5  1883   507.3  1931   299.5  1996   356.2  1970   490.1  1916  1626.0  1942
  181.9  1874  137.8  2012  122.5  1879   91.4  1986   92.2  1881   98.9  1973  121.8  2007  144.1  1855  147.1  1990  183.8  1936  171.7  1866  191.1  1858   503.7  1952   299.4  1884   354.9  1951   489.9  1836  1624.6  1995
  181.1  1951  134.7  1954  121.6  1980   91.3  1907   92.0  1856   98.9  1929  120.6  1975  142.9  2018  146.9  1938  182.9  2006  171.2  1848  188.0  1987   502.5  1914   298.5  2016   353.6  1850   489.3  1882  1623.7  1984
  179.1  1972  132.9  2026  120.3  1950   90.4  1997   90.4  1953   97.6  1853  120.2  1974  142.8  1893  146.6  1940  182.7  1926  169.9  1975  186.9  1836   501.7  1846   298.0  1874   353.3  1926   488.8  1949  1620.0  1966
  179.0  1846  131.9  1971  120.2  2004   89.3  1953   90.1  1877   97.1  1963  120.0  2001  141.5  1860  146.4  1958  182.6  2010  169.6  1874  186.7  1907   498.5  1939   296.2  1938   351.2  2001   485.4  1899  1616.4  1965
  177.7  1978  131.9  1984  119.8  1902   88.7  2023   90.0  1908   96.2  1930  119.4  2002  141.0  1838  144.9  1956  182.0  1927  168.6  1837  185.3  1881   494.7  1870   294.5  1888   351.2  1866   485.1  2015  1615.8  1987
  176.8  1991  131.5  1849  119.8  1886   88.4  2011   89.5  1996   94.7  2003  118.4  1951  140.7  2016  143.6  1873  179.2  1883  168.6  1973  185.1  1957   494.2  2026   293.5  1896   350.8  1920   482.9  2002  1615.8  1944
  176.5  2024  130.0  1973  119.8  1947   88.1  2001   88.7  2019   93.8  2023  118.3  1992  140.6  1994  143.1  1919  178.8  1858  168.3  2001  184.5  2003   492.9  1882   291.5  1970   350.6  1936   480.6  1988  1612.0  1874
  176.0  1843  130.0  1844  119.2  1919   87.9  2015   88.0  1927   93.4  1926  117.5  1995  138.3  1990  140.2  1867  178.0  2012  167.6  1900  183.0  1909   489.8  1991   291.3  1940   349.9  1853   479.5  1864  1609.3  1907
  175.4  1931  129.8  1881  117.9  1872   87.6  1966   87.1  2016   93.0  1908  117.5  1964  137.6  2000  139.1  1963  177.9  1841  163.3  1923  181.5  1923   489.6  2023   291.2  1998   347.5  1979   478.8  1885  1605.0  1935
  175.1  1909  129.5  1842  117.7  1894   87.6  1841   86.9  1992   92.9  1958  117.1  1908  137.1  2015  138.4  1900  177.4  1901  161.5  2014  179.1  1841   488.3  1908   290.8  2022   347.2  1921   474.8  1947  1596.1  1911
  173.1  1908  128.8  1851  117.6  1954   87.1  2012   86.9  1903   92.7  1962  116.5  2025  134.7  1963  137.5  1951  177.1  1944  160.5  1863  177.4  1910   487.6  1958   290.6  1881   345.7  1854   473.5  1964  1591.7  1890
  171.1  1922  128.6  1980  116.5  1959   87.0  1895   86.6  1909   92.5  1924  115.9  1928  134.7  1953  137.0  1991  175.7  1846  160.4  2017  177.3  1946   487.2  1918   289.6  1909   345.6  1860   471.3  1892  1584.8  1898
  170.7  1924  128.5  1908  116.2  1945   86.6  1897   86.3  1932   90.8  2006  115.7  1899  134.7  1894  135.7  2008  174.9  2019  158.5  1920  176.8  1928   485.0  1921   289.3  1841   345.1  1944   469.6  1875  1583.6  1957
  169.9  1933  128.4  1904  116.0  1841   86.2  2008   85.8  1852   90.8  1898  114.9  1926  133.7  1908  135.5  1882  174.0  2009  157.9  1966  176.5  1889   483.8  1864   288.8  1954   344.7  1933   466.9  1886  1582.2  1997
  168.7  1954  127.3  1860  115.1  2010   86.0  1940   85.7  1841   90.7  1883  114.5  1918  132.9  1986  134.9  1897  172.6  2023  157.6  1964  176.2  1931   477.6  1946   288.7  2021   344.5  1841   466.4  2014  1574.3  1931
  168.6  1952  127.2  1941  114.8  2005   85.9  1920   85.7  1995   90.6  1888  114.5  1850  132.7  1875  134.6  1904  172.3  1837  157.6  1905  175.8  1988   477.2  1948   286.9  1911   343.8  1908   462.6  1898  1567.1  1846
  164.5  1886  126.6  2025  114.1  1891   85.5  1967   85.5  1941   90.3  1982  113.5  1839  130.7  1881  132.4  1936  171.8  1854  157.5  1912  175.7  1930   470.9  1892   286.1  2000   342.9  1904   461.0  1931  1560.0  1978
  164.3  2003  126.3  1907  113.9  1951   85.0  1989   85.4  1974   90.2  1878  111.7  1981  130.5  1856  130.3  1926  169.6  1950  157.2  1892  174.8  1972   469.0  1954   285.9  1960   342.5  1960   457.1  1936  1558.2  1914
  163.9  1968  125.1  2019  113.2  1838   84.5  2022   85.0  1885   90.0  1917  111.5  1837  129.7  1859  130.0  2013  164.4  1965  157.1  1864  173.5  1962   465.0  1966   285.5  1871   337.9  1894   456.2  1969  1550.4  1894
  163.7  2026  122.0  1905  112.8  1952   84.5  1857   84.1  1890   89.9  1976  111.3  1886  129.6  1888  130.0  1887  164.0  1912  156.9  1884  172.6  1902   462.5  2001   283.6  1876   337.7  1871   456.0  1942  1550.2  1876
  163.3  1913  122.0  2018  111.9  2011   84.1  1849   83.7  1910   88.9  1922  110.7  2003  129.2  1918  129.5  1943  162.9  1952  154.8  1875  171.8  1958   461.0  1900   281.6  1846   335.1  2010   454.6  1959  1545.9  1924
  163.1  1947  117.9  1912  111.7  1906   81.7  1896   83.5  1933   88.9  2018  110.1  1945  128.8  2001  129.3  1995  162.9  1884  154.5  1886  171.7  2017   460.0  2017   281.2  1942   334.0  1909   449.1  1901  1543.6  1910
  162.4  1918  117.7  1854  110.7  1857   81.7  1937   83.3  1918   88.6  1996  109.4  1941  128.2  1912  128.9  1902  162.7  1945  154.2  1971  170.0  2018   458.6  2025   280.8  1864   332.3  1874   445.6  1884  1542.5  1906
  162.1  2011  117.6  1865  110.4  1866   81.6  1988   83.0  1842   88.0  1861  108.9  1979  127.9  1840  128.6  2021  161.1  1875  153.9  2005  169.2  1908   454.3  1938   279.9  1959   331.7  1922   441.4  1843  1542.3  1873
  159.7  1910  117.4  1887  108.1  1862   81.2  1887   82.4  1898   87.3  1967  108.5  1874  126.8  1852  127.9  1845  160.5  1872  152.4  2007  167.8  1865   453.6  1997   279.2  2017   331.3  1967   441.0  1946  1541.1  2021
  158.9  1904  117.1  1897  103.9  2018   81.2  1853   82.4  1883   87.0  1989  108.0  1999  126.3  1946  127.5  1901  157.9  1863  152.4  1932  167.1  1952   451.9  1980   278.9  1885   329.0  1867   440.2  1839  1531.8  1960
  158.6  1854  116.8  1958  103.8  1961   81.0  1878   82.0  2012   86.5  1911  107.9  1856  125.7  1867  125.9  1884  155.4  1941  150.6  1891  167.0  1916   448.4  1860   278.7  1878   328.9  1934   440.2  1951  1530.5  1899
  158.1  2021  116.3  1946  102.4  1965   80.3  1883   81.8  1970   86.2  2024  107.7  1900  125.1  1933  125.8  1976  154.3  1921  150.2  2021  166.9  2007   447.4  1973   275.5  1985   326.3  1963   440.0  1966  1525.5  1953
  157.5  1865  115.8  1957  102.2  1942   80.3  1889   81.7  1902   85.9  2000  107.5  1930  125.0  1977  125.2  2009  154.0  1925  149.2  2023  166.3  2022   446.5  1890   275.2  1877   326.2  1843   438.5  2019  1518.6  1897
  157.4  1882  115.6  1846  101.1  1885   80.0  1926   80.5  1979   85.8  1960  107.5  2014  124.9  1871  125.1  1858  153.2  1958  149.0  1997  166.1  1901   445.0  1955   275.0  1894   324.8  1959   438.0  1939  1517.3  1976
  157.1  1925  115.1  1938  100.6  1936   79.9  1973   79.9  1843   85.2  1983  107.4  1844  124.9  2025  124.6  1870  147.3  1890  149.0  1846  165.6  1953   441.9  1876   275.0  1928   324.7  2014   437.0  1862  1516.6  1946
  153.7  1845  114.7  1906  100.2  1930   79.1  1952   79.4  1987   84.7  1842  106.5  1916  124.1  1971  123.5  1847  145.4  1969  145.7  1906  165.3  1886   441.2  2011   273.4  1933   323.0  1939   435.1  1924  1516.6  1996
  152.6  1961  113.6  1839  100.2  2016   78.4  1864   78.6  1873   84.0  1850  105.9  1952  123.7  1973  123.3  1917  143.5  1839  145.5  1941  163.6  1895   440.3  1932   271.3  1843   323.0  1941   432.4  1878  1511.4  1908
  150.8  1915  113.4  1976  100.1  1888   78.0  1942   78.4  1923   82.8  1939  105.3  1880  122.8  1836  122.4  1903  141.9  1885  144.1  1901  163.0  1992   440.3  1909   271.0  1902   322.8  2018   431.4  1965  1504.7  1964
  149.8  1992  113.2  1913   99.4  1855   76.5  1912   78.3  1897   82.5  1961  105.0  1906  122.7  1925  121.7  1957  141.5  1886  142.3  2008  161.8  1882   439.6  1970   270.5  2018   322.1  1974   430.7  1906  1502.4  1859
  147.4  1861  113.0  1994   97.3  1933   76.2  1845   78.2  1867   82.3  1933  104.6  1902  122.7  1890  119.2  1841  140.9  1838  141.0  1936  160.4  1906   439.5  1901   269.6  1951   321.9  1901   426.3  1853  1499.7  1867
  145.6  1858  112.6  1951   97.3  1985   76.0  1976   78.1  1962   82.2  1855  103.8  1894  122.5  1960  117.6  1930  138.7  1851  137.9  1961  159.2  1888   439.3  1837   268.7  1978   319.1  1893   422.9  1837  1499.3  1904
  145.4  1892  111.7  1889   96.8  1845   75.3  1870   76.9  1960   81.4  2016  103.5  1944  122.5  1974  117.2  1937  138.3  1931  137.8  1907  158.9  2008   438.8  1906   267.6  1890   317.2  1844   422.5  1960  1497.4  1891
  145.0  1936  111.5  1864   96.6  1910   75.3  1939   76.3  1971   81.1  1857  102.6  1991  117.2  1919  116.8  1925  137.4  1865  137.1  1985  158.8  1864   435.2  2009   267.5  1973   316.4  1906   417.1  1893  1493.5  1845
  144.8  1912  109.0  1981   95.3  1932   75.1  1886   75.5  1893   80.4  1970  102.2  1986  117.1  1878  116.3  1883  136.4  1861  136.5  1948  158.7  1922   433.9  1865   267.4  1955   316.4  1898   417.0  1870  1492.5  1972
  144.3  1919  107.1  1900   95.1  1904   74.6  1855   75.4  1949   79.7  1841  102.1  1969  116.2  1843  116.0  1928  135.0  1871  135.9  1919  158.0  1837   433.6  1965   267.1  1861   313.6  1855   415.4  1846  1492.1  1909
  143.9  1864  106.1  1972   94.6  1971   74.2  2000   74.5  1879   79.6  1909  101.9  1994  116.1  1848  114.7  2001  134.5  1964  135.2  1967  157.2  2021   433.5  1857   266.6  1880   313.4  1991   414.7  1971  1488.8  1945
  143.8  1887  104.9  1841   94.6  1934   74.1  1987   74.4  1882   79.3  1974  101.5  1866  115.2  1916  113.9  1880  134.2  1955  135.2  1903  154.8  1880   431.3  1986   266.2  1872   312.7  1917   414.4  1909  1479.9  1936
  142.7  1973  104.7  2005   93.5  1877   74.0  1931   73.7  1914   79.0  1904  100.7  1911  115.0  1862  112.0  1893  133.5  1848  134.8  2016  154.7  1894   427.9  1904   265.3  1898   310.6  1982   414.2  1994  1478.4  1848
  142.6  1969  102.3  1978   93.0  1972   73.6  1957   73.0  1957   78.9  1847  100.3  1904  114.4  1944  110.7  2007  132.9  2024  134.2  1853  154.3  1938   427.1  1927   264.1  1836   310.6  1999   413.3  1912  1477.3  1871
  141.4  1867  101.6  1927   91.7  1970   72.3  1928   72.1  1961   78.8  1997  100.2  2013  114.0  1839  110.3  1969  132.8  1882  134.1  1865  153.0  1848   426.5  1887   263.8  1842   310.2  1891   409.6  1997  1475.4  1869
  141.2  1857  101.0  1987   91.3  1854   72.3  1888   70.8  1905   78.1  1839   99.9  1997  113.4  1922  110.3  1905  132.5  1899  130.5  1950  152.7  1913   426.2  1843   262.4  1889   309.1  1945   408.4  1881  1474.4  1913
  140.8  1902   99.4  1896   91.3  1946   71.7  1876   70.6  2020   76.8  1993   99.9  1892  112.6  1858  108.3  1989  130.7  1889  129.9  2013  152.4  1875   422.4  1842   262.0  1923   309.0  1972   407.7  1911  1473.5  1963
  139.9  1979   99.0  2023   90.8  2003   70.7  1945   68.9  1930   76.5  1984   99.8  1876  111.3  1966  106.6  1952  130.4  1836  129.4  1902  152.0  1920   418.5  1976   261.7  1857   308.7  1973   405.3  1962  1468.5  1881
  139.6  2006   98.7  1857   90.5  1880   69.4  1902   68.8  2017   76.2  1837   99.1  1854  110.6  1978  106.4  1853  130.0  1953  129.2  1987  152.0  1969   417.1  1871   259.3  2010   308.0  1875   404.6  1913  1460.0  1864
  138.9  1889   98.2  1899   90.5  1915   69.4  1917   67.7  1985   76.0  1985   98.5  1905  110.1  1911  105.1  1920  128.2  1994  128.9  1910  150.6  2016   410.0  1956   257.3  1919   305.5  1839   402.5  1841  1458.8  1947
  138.5  1914   96.7  2001   89.0  1889   69.0  1968   67.6  1850   75.9  1936   97.6  1841  110.0  1882  103.4  1960  127.9  1905  128.7  1908  149.5  1899   409.8  1889   255.0  1917   305.0  2005   401.9  1859  1457.0  1959
  138.1  1939   95.9  1909   87.6  1949   68.1  1869   67.5  2004   75.9  1957   97.4  2011  109.5  1849  101.7  2003  127.2  1992  127.3  1868  148.9  1850   407.7  1840   253.9  1924   304.0  1918   397.4  1989  1456.8  1850
  137.7  1871   95.6  2004   86.9  1878   66.2  1941   67.5  1846   75.6  1934   97.3  1865  109.0  1854  101.3  1857  126.2  1892  127.2  1871  146.4  1887   406.2  1982   253.7  1901   303.4  1905   395.8  1905  1456.6  1917
  133.4  1967   94.7  1840   86.0  1873   65.8  1969   67.3  1936   75.3  1880   97.2  2022  108.9  1970  101.3  1838  124.3  1898  127.1  2004  146.0  1904   406.1  1850   253.4  1952   303.3  1966   393.1  2003  1453.6  1968
  132.4  1971   94.6  2006   85.7  1941   65.6  1958   67.0  2000   75.2  1866   96.8  1897  107.7  1937   95.5  1994  124.1  2007  126.0  1887  145.3  1945   403.2  1972   251.8  1870   303.1  1986   391.7  1867  1452.6  1925
  132.1  1960   94.6  1991   84.5  1973   65.6  1856   66.4  1857   75.0  2013   95.6  1968  106.5  2023   95.5  1973  123.1  1895  125.7  1859  145.0  1978   401.5  1924   249.6  1879   303.0  1935   391.4  1850  1451.6  1940
  131.8  1885   94.3  1836   83.3  1984   65.2  1983   65.8  1891   75.0  1867   95.4  1978  106.4  1936   94.7  1998  122.9  1956  125.6  1924  140.7  1903   400.7  1978   245.7  1847   302.0  2022   391.3  1868  1448.4  1939
  131.3  1898   90.2  2013   82.4  1943   65.2  1844   64.4  1977   74.5  1971   95.4  1859  106.2  2006   93.7  1876  120.9  1966  124.0  1897  140.4  1925   399.3  2019   245.2  1851   301.7  1884   387.2  2007  1445.3  1956
  130.1  1970   89.2  1878   81.7  1909   65.0  1866   63.8  1988   74.4  1873   95.4  1864  106.1  2010   91.9  1912  119.9  1933  122.3  1873  139.6  1873   398.5  1874   244.6  1944   297.3  1849   386.4  1876  1444.6  1958
  129.4  1888   89.1  1955   80.7  1901   65.0  1846   63.5  1937   72.2  1920   94.6  1857  105.6  2002   91.9  1850  119.7  1924  121.4  1995  139.5  1867   395.5  1907   243.9  1915   297.2  1911   385.4  1957  1439.1  1854
  128.2  1876   84.7  1936   80.6  1917   64.5  1837   62.5  1990   71.7  1978   94.5  1963  105.4  1837   91.5  1939  119.7  1911  118.1  1904  134.0  1859   387.7  1862   243.6  1939   294.0  1993   382.0  1888  1435.4  1875
  127.8  1950   82.1  1953   80.5  1956   64.3  1930   61.5  1952   70.4  1870   94.4  1934  103.9  1884   90.6  1846  119.7  1896  117.6  1943  133.9  1905   384.0  1905   242.9  1865   293.1  1837   381.1  1908  1432.7  1975
  127.4  2022   81.5  2003   80.2  2025   64.3  1838   59.1  1837   70.2  1975   93.6  1842  102.2  1909   90.0  1911  118.8  1850  117.3  1922  131.0  1967   383.6  1858   241.7  1900   292.0  1863   379.3  2016  1429.4  1892
  127.3  1996   79.0  1879   79.8  1863   64.2  1906   59.1  1912   69.9  2009   93.1  1912  101.9  2021   89.5  1922  118.3  1975  114.4  1968  126.8  1861   381.2  1977   241.5  2025   291.6  1845   377.5  1907  1427.6  1922
  126.1  1844   78.4  1968   78.7  1865   63.1  2007   57.2  1998   69.8  1843   92.8  1883  101.6  1967   89.2  1854  117.6  1849  111.6  1893  124.5  1885   377.5  1875   241.1  2012   290.7  1969   375.6  1955  1424.3  1886
  125.5  1870   77.0  1886   77.4  1974   63.1  1946   56.9  2018   69.1  1923   91.9  1996  100.6  1902   86.8  1856  116.0  1866  110.8  1988  121.8  1839   376.4  1942   238.8  2020   290.2  1916   375.4  1941  1424.1  2001
  125.4  1945   77.0  1874   77.2  2001   62.8  1851   56.6  1950   68.5  1916   91.3  1845   99.6  1887   85.9  1921  113.5  1978  109.4  1993  120.6  1977   373.3  1968   237.4  1941   289.8  1865   373.8  1849  1423.1  1885
  124.6  1977   75.3  1845   75.6  2022   62.0  1971   54.2  1864   68.4  1979   91.0  2018   99.0  1896   83.7  1993  113.3  1864  109.2  2024  119.6  1961   373.2  1861   237.0  1850   288.1  1981   370.1  1958  1413.8  1841
  124.4  1956   75.1  2010   75.5  1858   61.1  1903   53.6  1839   68.1  1871   90.8  1962   98.0  2013   83.5  1881  113.1  1999  109.2  1840  119.2  1935   370.0  1951   235.0  1849   288.0  1919   363.9  1920  1408.8  1858
  122.2  2001   74.9  1892   74.5  1935   60.6  1894   53.5  1901   68.0  1986   90.7  1943   97.7  1935   82.2  1914  112.5  1857  108.8  1838  118.0  1971   370.0  1919   233.4  1930   286.4  2000   363.5  1945  1402.4  1905
  121.8  2017   71.7  1847   72.1  2012   60.0  1984   53.5  1848   67.7  1903   90.2  1990   97.1  1938   82.1  1837  111.5  1913  105.4  1841  112.1  2009   369.2  1880   232.9  1971   285.5  1864   363.3  1956  1402.4  1860
  119.5  1911   70.4  1940   72.0  1923   59.6  1995   52.8  1855   65.2  1968   89.0  2024   92.8  1853   80.1  1913  110.9  1997  105.0  1844  110.9  1989   368.5  1944   232.6  1854   285.3  1971   363.3  1902  1402.3  1973
  119.3  1891   70.1  1942   71.2  1925   59.5  2003   51.8  1948   64.8  1951   88.5  2004   92.2  1885   79.4  1877  109.7  2015  104.2  1857  110.8  1976   366.4  1902   230.1  1962   285.0  1889   361.9  1848  1400.4  1896
  115.9  1905   68.7  1929   70.6  1893   59.2  1908   51.6  1951   64.8  1899   87.7  1907   91.0  1886   78.9  1949  109.6  1894   99.5  1885  110.5  2005   366.2  1941   229.2  1892   282.1  1859   361.9  1858  1397.1  1893
  113.8  1842   68.2  1944   69.9  1922   58.8  1954   51.4  1866   62.3  1942   87.3  1855   90.8  2022   75.5  1862  108.6  1937   99.1  1921  110.2  1879   366.0  1886   229.2  1895   279.4  2006   360.9  1895  1385.4  2003
  113.1  1980   67.2  1959   69.2  1898   55.6  2025   51.2  1838   60.3  1918   86.8  1971   89.0  1968   75.2  1909  105.3  1904   98.2  1962  108.3  2001   364.3  1896   228.7  1838   277.8  1978   358.0  1904  1380.8  1888
  110.9  1955   65.5  1952   67.6  1964   55.4  1921   50.9  1874   58.8  1868   86.1  1973   88.4  1847   75.2  1889  105.0  1902   98.1  1889  107.5  1941   358.1  1947   228.5  1839   277.7  1868   355.2  1854  1376.4  1952
  110.6  1839   63.6  1975   67.3  1887   55.3  1875   50.4  1940   58.3  2014   84.3  1914   86.2  1940   74.5  1941  104.9  1859   95.6  1956  107.4  1917   357.7  1897   228.2  1891   277.7  1932   354.8  1952  1367.7  2010
  108.8  1907   63.4  1993   66.9  1996   54.9  1890   49.8  1880   58.0  1910   83.0  1889   85.9  1845   74.3  1906  102.5  1960   94.2  1854  107.1  1838   356.7  1971   228.0  1848   273.4  1914   353.8  1879  1361.6  1849
  107.0  1901   62.8  1969   65.7  1867   54.6  1893   45.2  1959   57.8  1869   82.4  2006   85.1  1993   74.3  1996  100.3  1920   93.9  1909  106.8  1943   351.8  1996   227.6  1956   273.2  2013   352.4  1860  1359.1  1901
  104.1  2019   62.6  2009   65.1  1960   52.7  1872   45.0  1861   57.4  1977   82.1  1870   84.3  1969   72.9  1842   99.1  1888   93.8  1839  101.6  1926   350.0  1953   226.9  1855   270.8  1975   351.0  1838  1351.2  1847
  102.3  1935   61.7  1862   64.0  1875   52.6  1879   44.8  1928   57.0  1859   78.8  1869   83.0  1991   72.8  1844   98.3  1881   92.7  1876   99.6  1939   348.9  1936   226.8  1866   264.6  1940   350.7  1896  1346.4  1851
  101.6  1966   61.3  1901   63.4  1883   52.5  1956   44.4  1989   56.6  1849   76.7  1935   82.5  1972   70.7  2024   95.9  1985   91.5  1842   97.1  1996   344.7  2006   226.1  1883   261.9  1915   346.6  1897  1339.8  1843
  101.2  1896   59.6  1902   60.0  1962   52.5  1929   44.4  2023   54.4  1932   76.1  1925   81.9  1915   69.9  1860   92.8  1915   89.5  1990   96.9  1855   339.7  1893   223.9  1931   261.7  1887   345.7  1973  1321.8  1879
  101.2  1837   59.3  1983   58.3  1911   51.8  1860   44.4  1887   53.0  2021   75.4  1972   81.4  1932   69.5  1868   92.6  1962   89.5  1965   95.1  1937   337.4  1844   222.3  1953   261.3  1949   343.5  1914  1320.2  1839
  100.7  1953   57.8  1853   56.9  1975   51.4  2019   41.2  2010   51.9  1905   74.8  1885   81.3  1844   66.5  1871   87.8  1869   88.6  2019   93.7  1947   331.3  2003   222.1  1958   259.0  1842   339.3  1921  1316.0  1919
   95.3  1848   57.4  1875   56.8  1843   51.1  1848   40.8  2001   51.8  1902   73.4  1976   81.3  1999   66.3  1971   87.7  1897   88.4  1862   92.4  1970   331.3  1839   213.5  1845   258.5  1947   337.1  1919  1315.2  1971
   93.6  2025   55.8  1956   55.6  1955   48.9  2017   40.5  1845   51.8  1885   71.9  1949   80.8  1842   65.8  1916   86.8  1879   85.3  1952   92.2  1892   328.4  1979   212.3  1875   257.0  1902   332.5  1840  1310.4  1937
   93.5  1841   53.6  1921   55.2  1918   48.3  1891   36.6  1871   50.7  1893   70.2  1977   80.0  1975   65.3  1929   85.0  1910   84.1  1955   90.1  1870   324.7  1888   211.1  1936   254.6  2003   332.4  1880  1302.0  1837
   93.3  1880   50.9  1985   53.5  1849   47.1  1839   36.5  1975   49.5  1891   67.4  1875   76.8  1864   65.1  2002   84.6  1972   81.6  1933   89.7  1975   321.6  1856   207.9  1929   252.6  1977   332.3  1887  1301.9  1865
   90.6  1850   49.3  1924   52.0  2013   44.6  1982   36.4  1994   47.9  1915   66.6  1860   67.9  1996   63.8  1895   84.0  1939   79.4  1915   89.3  1851   314.4  1934   207.5  1935   249.8  1968   328.7  1871  1299.5  1969
   88.7  2010   48.9  1888   51.9  1837   44.5  1884   36.4  1919   47.8  1953   64.6  1847   67.9  1984   61.4  1849   83.3  1844   78.9  1957   86.8  1860   313.8  1985   206.2  2001   248.7  1886   326.2  1865  1291.7  1915
   88.5  1917   45.3  1964   51.6  1916   44.2  1881   36.1  1939   47.2  1906   62.9  2000   66.5  1997   60.2  1888   83.0  1922   77.6  1870   85.5  2002   313.5  1929   204.5  1844   248.5  1996   324.2  1925  1290.7  1878
   86.3  1964   43.6  1843   51.5  1937   43.2  1936   35.2  1915   46.3  1886   62.8  1966   65.2  1931   57.2  1959   82.2  1974   71.5  1896   85.0  1968   309.8  1881   200.6  1893   245.3  1997   318.3  1852  1278.7  1889
   84.9  1847   43.4  1979   50.3  1850   41.6  1892   32.3  1946   46.3  1874   57.9  1989   64.1  1857   57.2  1848   81.6  1973   70.8  1989   84.3  1874   308.5  1959   196.7  1937   239.8  1857   318.0  1857  1270.8  1955
   84.4  1856   41.7  1891   47.4  1870   36.7  1865   31.4  1851   45.7  1895   57.6  1891   63.7  1939   56.1  1986   81.6  1852   70.5  1958   81.4  1843   301.4  1854   195.2  1969   239.8  1878   312.9  2024  1264.2  1902
   81.4  1893   41.0  1858   47.0  1847   35.4  1981   29.8  2008   44.5  1995   55.1  1984   62.6  1945   55.6  1931   81.3  1856   68.4  1856   80.2  1849   295.0  1917   193.0  1887   238.6  1899   307.3  1972  1256.3  1857
   80.0  1987   39.5  1917   44.8  1958   33.9  1854   29.7  1991   41.7  1914   55.0  1917   58.3  1913   54.7  1865   76.7  1947   66.7  1878   76.4  1950   290.4  1969   188.2  1975   231.9  1847   304.1  1889  1235.5  1856
   75.2  1940   34.3  1963   42.6  1953   33.2  1918   29.5  1869   41.5  1949   54.2  1983   58.1  1899   53.7  1910   76.4  1887   64.6  1860   70.5  1840   289.5  1855   186.6  1946   230.0  1925   294.2  1855  1235.3  1870
   71.0  1985   32.6  1873   42.0  1869   31.2  2020   26.5  1980   39.3  2010   52.2  1901   57.6  1981   52.0  1907   68.9  2003   57.9  1858   69.9  1981   276.0  2010   182.4  1873   219.3  1880   294.1  1894  1232.0  1880
   69.6  1959   31.7  1890   38.7  1853   31.1  1978   25.5  1876   38.9  1887   51.1  1898   55.3  1870   50.5  1843   66.4  1914   57.6  1855   68.2  1878   269.0  1841   175.5  1837   218.7  1885   289.8  1922  1224.3  1933
   68.0  1929   31.5  1934   37.5  1931   28.0  1852   24.8  1896   38.4  1940   50.7  1982   54.3  1959   48.7  1852   61.9  1993   55.3  1879   62.7  1846   258.3  1845   173.8  1974   207.8  1870   267.6  1910  1224.0  1895
   58.1  1895   30.6  1965   36.8  1944   25.6  1840   24.4  1935   37.4  1992   45.2  1955   49.8  1955   47.0  2015   61.0  1840   54.5  1934   59.1  1933   245.1  1940   171.8  1918   199.5  1913   264.6  1937  1217.1  1853
   57.7  1879   30.5  1919   36.4  1929   24.0  1938   20.7  1978   36.1  1941   43.8  2005   49.3  1983   46.5  1855   59.9  2016   54.5  1983   58.6  1963   238.7  1895   171.7  1856   199.4  1984   261.1  1844  1200.8  1941
   55.5  1997   28.7  1838   33.8  1892   22.8  2021   18.0  1984   36.0  1889   40.2  2021   49.2  2003   46.0  1915   58.1  1919   53.5  1925   58.2  2010   229.2  1963   161.4  1984   198.0  1955   255.0  1993  1196.3  1838
   48.6  1897   28.0  1855   31.8  1969   17.9  1861   17.7  1853   35.2  1865   40.0  1919   42.5  1869   42.8  1851   56.5  1842   53.0  1851   50.3  1890   223.7  1838   161.3  1980   197.9  1995   237.7  1933  1194.9  1840
   37.0  1838   26.0  1895   28.8  1924   17.7  1873   17.6  1895   34.2  1884   32.7  1913   38.7  1880   36.3  1933   55.3  1908   52.6  1867   49.1  1995   219.4  1847   139.6  1869   195.1  2021   236.6  1856  1194.5  1887
   32.1  1855   17.6  1947   25.1  1852   13.2  1980   13.0  1859   32.4  1988   32.5  1868   35.9  1995   29.1  2014   53.5  1951   49.7  1942   41.1  1927   211.3  1891   138.9  1852   188.7  1983   234.5  1851  1193.7  1842
   30.4  1941   12.8  1930   16.3  1900   10.9  1974    9.3  1844   31.2  1925   32.5  1878   23.4  1976   26.8  1972   35.4  1880   38.7  1937   29.2  1844   204.8  1879   137.7  1853   186.7  1976   220.9  1842  1068.0  1844
   25.2  1881    7.4  1986   14.1  1856    6.3  1842    7.1  1836   28.5  1921   17.3  1863    2.7  1947    8.0  1894   19.3  1946   22.0  1945   25.2  1853   190.1  1964   132.9  1840   179.2  1869   218.2  1915   991.7  1855
   21.4  1963    3.5  1932   13.9  1840    ---  2026    ---  2026    ---  2026    ---  2026    ---  2026    ---  2026    ---  2026    ---  2026    ---  2026     ---  1836     ---  2026     ---  2026     ---  2026     ---  2026
