Areal values from HadUK-Grid 1km gridded climate data from land surface network
Source: Met Office National Climate Information Centre
Monthly, seasonal and annual number of days in the month with air frost (minimum temperature below zero) for Scotland W
Areal series, starting in 1931
Last updated 01-Apr-2026 11:34
    jan  year    feb  year    mar  year    apr  year    may  year    jun  year    jul  year    aug  year    sep  year    oct  year    nov  year    dec  year     win  year     spr  year     sum  year     aut  year     ann  year
   26.4  1963   26.3  1947   23.2  1937   14.3  2021    6.8  1979    0.9  1936    0.1  1954    0.2  1932    3.0  1986    8.7  1992   18.3  1985   24.6  2010    67.2  1963    32.1  1951     1.0  1936    22.3  1993   103.2  2010
   25.9  1985   26.1  1963   23.0  1955   13.8  1936    5.5  1935    0.9  1991    0.0  1965    0.1  1964    2.3  1974    8.2  1939   16.5  1969   22.8  1950    61.6  2010    31.7  1979     0.9  1991    18.6  1985   100.3  1979
   25.4  1979   23.9  1986   20.7  2013   13.2  1983    5.2  1996    0.7  1975    0.0  1958    0.1  1977    2.1  1932    8.0  1993   15.1  1965   21.9  1981    59.4  1979    31.7  2013     0.7  1975    17.4  2010    95.8  1955
   24.5  1940   23.0  1968   20.5  1969   12.2  1970    5.1  1948    0.5  1989    0.0  1957    0.1  1944    1.9  1954    7.9  1955   14.8  1996   21.4  2009    56.4  1947    31.6  1969     0.5  1989    17.0  1952    94.4  1969
   24.0  1945   22.7  1955   19.9  1931   11.9  1956    4.9  1942    0.5  1941    0.0  1935    0.0  1956    1.8  1943    6.7  1981   13.6  2010   20.3  1961    56.2  1951    31.5  1955     0.5  1941    16.7  1969    92.6  1942
   23.3  1959   22.7  1942   19.5  1962   11.8  1986    4.9  1995    0.4  1962    0.0  1992    0.0  1999    1.7  1942    5.8  2003   13.2  1993   19.6  1976    52.8  1941    31.3  1941     0.4  1962    16.1  1965    91.7  1941
   22.9  1941   21.0  1979   18.6  1958   11.1  1932    4.6  1938    0.4  1957    0.0  1952    0.0  1986    1.6  1972    5.7  2002   13.1  1952   19.2  1937    52.4  1940    29.6  1970     0.4  1957    16.0  1973    88.4  1963
   22.6  1952   20.8  1956   18.2  1979   10.7  1951    4.5  1941    0.3  1998    0.0  1936    0.0  1937    1.5  1940    5.6  1973   12.8  2016   18.0  1935    52.3  1942    28.7  1962     0.3  1956    15.7  2019    85.2  1985
   21.4  1942   20.8  2010   18.1  1947   10.7  1966    4.3  1945    0.3  1956    0.0  1938    0.0  1938    1.2  1975    5.0  1931   12.2  1942   17.3  1995    51.0  1956    28.4  1958     0.3  1998    15.5  1942    84.7  1947
   20.9  1987   20.6  1969   18.1  1941    9.8  1968    4.3  1975    0.3  1985    0.0  1956    0.0  1989    1.2  2020    4.9  2012   11.8  1937   16.9  2001    49.9  1952    27.9  1931     0.3  1932    15.4  1971    84.4  1968
   20.6  1984   19.9  1960   17.3  1970    9.7  1953    4.2  1951    0.2  1964    0.0  2000    0.0  1966    1.1  1993    4.1  1980   11.7  2019   16.5  2008    49.9  1965    27.1  1975     0.3  1964    15.4  1992    84.2  1965
   20.6  2021   19.5  1996   17.2  1951    9.5  2013    3.9  1955    0.2  1952    0.0  1966    0.0  1943    1.0  2007    4.1  2018   11.5  1966   16.5  1960    49.0  1936    26.6  1995     0.3  1985    15.0  1996    83.8  1952
   19.4  2010   19.5  1970   16.5  1987    9.4  1969    3.8  1982    0.2  1978    0.0  1962    0.0  1969    1.0  1936    4.1  1941   11.3  1971   16.4  1989    48.6  1986    26.2  1932     0.2  1954    14.7  1937    82.0  1981
   18.7  1997   19.3  1983   16.5  1995    8.8  1941    3.8  1984    0.1  1969    0.0  1943    0.0  1931    1.0  1931    4.0  2019   10.8  1947   16.2  1968    48.5  2011    25.8  1942     0.2  1952    14.1  1966    81.7  1937
   18.2  1939   19.0  1991   16.1  2001    8.5  1998    3.6  1968    0.1  1932    0.0  1964    0.0  1993    0.9  1979    4.0  1997   10.8  1977   16.0  1996    48.4  1977    25.7  1937     0.2  1969    13.6  1972    81.6  1951
   18.0  1978   17.4  1941   16.0  1942    8.5  1989    3.5  2010    0.1  1946    0.0  1999    0.0  1953    0.8  1952    3.6  1946   10.6  2005   15.6  1964    48.2  1968    24.8  1968     0.2  1978    13.3  1936    79.7  1996
   17.7  1960   17.3  1978   16.0  1975    8.5  1978    3.5  2021    0.1  1939    0.0  1986    0.0  1987    0.7  2010    3.5  2008   10.6  1934   15.6  1993    47.0  1970    23.4  2001     0.1  1977    12.9  2016    79.5  1940
   17.5  1956   16.9  1951   15.1  1934    8.4  1938    3.4  2012    0.1  1942    0.0  1971    0.0  1968    0.7  1939    3.5  1971   10.4  2013   15.6  1969    46.8  1955    23.3  2021     0.1  1946    12.6  1980    79.2  1986
   17.4  1965   16.8  1965   15.0  2018    8.3  2000    3.4  1977    0.1  2012    0.0  1976    0.0  1962    0.6  1964    3.3  1948   10.3  1973   15.4  1952    46.5  1969    22.9  1934     0.1  1939    12.3  1934    78.2  1970
   17.2  2011   16.7  2013   14.7  1965    8.3  1981    3.2  1946    0.1  2001    0.0  1961    0.0  1957    0.6  1957    3.3  1983   10.2  1972   15.3  1946    46.5  1991    22.6  1947     0.1  1986    12.2  1962    77.2  1962
   17.2  1977   16.7  1981   14.5  2006    8.2  2012    3.2  1932    0.1  1955    0.0  1937    0.0  1935    0.6  1995    3.1  1952   10.2  1962   15.3  1933    46.4  1959    22.3  1936     0.1  1942    12.1  1933    76.7  1936
   17.1  1980   16.5  2018   13.7  1980    8.1  1962    3.1  1967    0.1  1974    0.0  1968    0.0  1965    0.6  1971    3.1  1932   10.0  1933   15.3  2022    46.1  1987    22.2  1956     0.1  2012    11.8  1955    76.6  1987
   17.0  1933   16.5  1944   13.7  1985    8.1  2016    2.9  2020    0.1  1934    0.0  1939    0.0  1992    0.6  1947    3.0  2010    9.7  1950   14.9  2017    45.6  1985    22.2  1996     0.1  1955    11.7  2012    76.5  2001
   16.9  1955   16.4  1987   12.9  1940    8.1  1973    2.8  1997    0.1  1961    0.0  1955    0.0  1934    0.6  2012    3.0  1974    9.4  1936   14.7  1962    44.6  2018    21.4  1965     0.1  2001    11.6  1947    76.0  1995
   16.7  1986   16.3  1952   12.6  1946    7.9  1950    2.7  1958    0.1  1986    0.0  1993    0.0  1951    0.5  1935    3.0  1936    9.0  2024   14.2  1982    43.8  1996    21.3  1986     0.1  1934    11.5  1932    75.4  1958
   16.5  1995   15.9  1954   12.6  2010    7.3  1994    2.6  2005    0.1  2009    0.0  1996    0.0  2012    0.5  1988    2.8  1937    9.0  1990   14.1  1999    43.2  2009    21.3  1953     0.1  1974    11.4  1941    74.7  2013
   16.4  1951   15.6  1994   12.2  1944    7.2  1934    2.5  1994    0.1  1977    0.0  1949    0.0  2004    0.5  1944    2.8  1987    8.8  1944   13.0  1978    43.2  1994    21.2  1984     0.1  1999    11.4  1944    74.1  1950
   16.3  1966   15.0  2016   12.2  1996    7.1  1958    2.5  1957    0.1  1987    0.0  1995    0.0  1998    0.5  1948    2.8  1988    8.7  2025   13.0  1939    42.9  1960    21.1  2010     0.1  1961    11.4  1974    74.1  1956
   16.1  1936   15.0  2001   12.2  1949    7.1  1984    2.3  1943    0.1  1953    0.0  2015    0.0  1933    0.4  2025    2.8  1998    8.6  2017   12.8  1967    42.4  2021    20.3  2006     0.1  1937    11.3  1950    71.7  1966
   15.9  2001   15.0  1936   11.9  1932    6.9  1977    2.2  1944    0.1  1971    0.0  1998    0.0  2014    0.4  1991    2.6  1966    8.6  1943   12.7  1992    42.3  2001    20.3  1973     0.1  1987    11.2  2008    71.0  1960
   15.8  1946   14.9  1958   11.6  1976    6.9  1975    2.2  2019    0.1  1954    0.0  1973    0.0  1982    0.4  1960    2.5  1964    8.5  1980   12.7  1963    42.3  2013    20.3  1983     0.1  2009    11.2  1977    70.1  1973
   15.4  1991   14.9  1940   11.4  1964    6.9  2008    2.2  2015    0.1  1972    0.0  1960    0.0  1978    0.3  1977    2.4  1951    8.4  1979   12.7  1955    42.2  1982    20.2  1987     0.1  1944    10.8  1939    70.0  1978
   15.3  1961   14.9  2004   11.4  2023    6.7  1979    2.2  1981    0.1  1935    0.0  1980    0.0  1948    0.3  2024    2.4  1956    8.4  1991   12.6  1979    41.9  1981    19.9  2018     0.1  1935    10.8  2024    69.9  1933
   14.9  2019   14.6  1950   11.4  1968    6.6  1974    2.1  1973    0.1  1937    0.0  1948    0.0  2010    0.3  1987    2.3  1935    8.4  1963   12.5  1940    41.9  1966    19.1  1982     0.1  1953    10.7  2005    68.5  2021
   14.9  1931   14.2  2003   11.1  1953    6.4  2022    2.1  1931    0.0  1973    0.0  1972    0.0  1955    0.3  1938    2.2  1933    7.8  1968   12.5  2012    41.5  1962    19.0  1946     0.1  1971    10.6  2013    68.0  1980
   14.8  1947   13.5  1985   11.1  1971    6.4  1954    2.0  1956    0.0  1999    0.0  1989    0.0  1972    0.2  1983    2.1  1944    7.8  2008   12.4  1965    41.4  1997    19.0  1981     0.1  1972    10.6  1988    67.1  1931
   14.3  1958   13.4  1933   10.6  1954    6.2  1967    1.9  1993    0.0  1981    0.0  1970    0.0  1973    0.2  1976    2.0  1949    7.7  1998   12.2  1958    40.9  1978    19.0  1985     0.1  1965    10.6  1948    65.6  1939
   14.2  2009   13.3  1932   10.3  1984    6.1  1939    1.7  1969    0.0  2015    0.0  1934    0.0  1988    0.1  2003    2.0  1962    7.6  2023   12.1  1973    39.9  1983    18.8  1980     0.1  1973    10.5  1943    65.5  1946
   14.1  1981   13.2  1966   10.2  1988    6.0  2001    1.7  1991    0.0  1996    0.0  1974    0.0  1994    0.1  1997    1.8  1972    7.3  1941   12.1  1990    39.9  1938    18.2  1974     0.0  1981    10.5  1983    65.1  1991
   14.1  2025   12.7  1957   10.2  1982    5.9  2015    1.6  1965    0.0  1945    0.0  1947    0.0  2020    0.1  2018    1.6  1934    7.2  1988   11.7  2020    39.4  1945    18.2  1989     0.0  1951    10.5  1998    64.6  1932
   14.0  2003   12.7  1953   10.2  2011    5.9  1931    1.5  1936    0.0  1951    0.0  1979    0.0  2003    0.1  1990    1.6  1950    7.1  1982   11.6  1938    39.1  1958    18.1  1940     0.0  2015    10.2  1981    64.4  1975
   13.7  2017   12.6  1931   10.1  1973    5.6  1988    1.5  2013    0.0  1950    0.0  1963    0.0  1960    0.1  1937    1.6  1940    7.1  1975   11.5  2003    38.7  1953    18.0  1954     0.0  1996    10.1  2025    63.9  1993
   13.5  1948   12.4  2009   10.1  1974    5.4  1990    1.5  1959    0.0  1997    0.0  1978    0.0  1980    0.1  1989    1.6  1954    7.0  1961   11.5  1987    38.3  1984    17.4  1939     0.0  1938     9.6  1979    63.5  2008
   13.4  2024   12.4  1973   10.1  2008    5.3  1999    1.5  1974    0.0  1949    0.0  1975    0.0  2007    0.1  1934    1.5  1942    7.0  1983   11.4  1970    38.1  1980    17.3  2015     0.0  1945     9.5  1940    63.2  1983
   13.3  2015   12.1  2005   10.0  1939    5.3  1995    1.5  1980    0.0  1988    0.0  2001    0.0  1936    0.1  1996    1.5  1967    6.8  1948   11.4  2000    37.3  1933    17.2  1994     0.0  1958     9.4  1975    63.1  1954
   13.3  1992   11.8  2015    9.7  1963    5.2  1971    1.4  2001    0.0  2024    0.0  2004    0.0  1946    0.1  1956    1.4  2024    6.7  1989   11.1  1980    36.5  2004    17.2  1971     0.0  1950     9.4  1964    63.0  1935
   13.1  2018   11.7  1937    9.4  2005    5.1  1965    1.4  1985    0.0  2000    0.0  1959    0.0  1952    0.1  1965    1.2  2023    6.7  1992   11.1  2005    36.4  1961    17.2  1966     0.0  1997     9.4  2017    62.9  1976
   13.0  2013   11.7  1977    9.4  1986    5.0  1982    1.4  1987    0.0  1983    0.0  2011    0.0  1979    0.0  1994    1.2  1953    6.6  1967   11.0  1951    36.1  2003    17.1  2008     0.0  1949     9.3  1990    62.9  1984
   12.7  1982   11.6  2006    9.4  1972    5.0  2010    1.3  1939    0.0  1958    0.0  2007    0.0  1984    0.0  1969    1.2  1975    6.4  1932   10.9  1966    36.0  2015    16.9  2016     0.0  1988     9.3  1991    62.6  2018
   12.7  1954   11.0  1984    9.2  2015    5.0  1940    1.3  1949    0.0  1965    0.0  2009    0.0  1963    0.0  1962    1.1  1960    6.3  1976   10.8  2014    35.8  1939    16.9  1988     0.0  2000     9.2  1954    61.5  1944
   12.6  1935   11.0  1962    8.9  2020    4.9  1942    1.2  2025    0.0  1938    0.0  1950    0.0  1961    0.0  2005    1.1  1999    6.3  1940   10.7  1944    35.1  1954    16.5  1998     0.0  1966     8.9  2023    61.5  1977
   12.4  1968   10.9  1938    8.9  1952    4.8  2006    1.1  1988    0.0  1947    0.0  1951    0.0  1954    0.0  1992    1.0  1994    6.3  1964   10.5  2007    33.9  1995    16.5  1976     0.0  2024     8.5  1963    61.5  1982
   12.1  1998   10.9  1959    8.7  2004    4.8  1996    1.1  1989    0.0  2011    0.0  1946    0.0  1967    0.0  2002    1.0  1965    6.3  1960   10.0  1945    33.6  1946    16.3  1944     0.0  1931     8.5  1986    61.1  2009
   11.9  1994   10.7  1964    8.7  2022    4.6  1935    1.1  1962    0.0  2025    0.0  1953    0.0  2021    0.0  1984    0.9  2025    6.2  2012    9.9  1957    33.3  1948    16.3  1935     0.0  1943     8.5  1956    59.4  2003
   11.9  1970   10.4  1948    8.6  1981    4.6  1955    1.0  2006    0.0  2013    0.0  1945    0.0  1971    0.0  1982    0.9  2007    6.1  1956    9.9  2011    32.9  1944    16.0  1978     0.0  1983     8.1  1967    59.3  1964
   11.6  1943   10.3  1988    8.6  1989    4.5  1945    1.0  2016    0.0  1933    0.0  1932    0.0  1995    0.0  1973    0.8  1976    6.0  1974    9.8  1943    32.8  2006    15.8  1949     0.0  1933     8.1  1968    58.7  2016
   11.1  1950   10.1  1999    8.3  1956    4.5  1976    0.9  1954    0.0  1948    0.0  1931    0.0  1942    0.0  2001    0.8  2017    6.0  1999    9.6  2023    32.6  1988    15.7  1977     0.0  1948     8.0  2003    57.6  1992
   11.0  1976   10.1  2021    8.1  1993    4.4  1991    0.9  1971    0.0  2008    0.0  1933    0.0  1981    0.0  1945    0.8  1938    5.7  1954    9.5  2004    32.2  1950    15.3  2023     0.0  1992     7.8  1982    57.0  2012
   10.9  1957    9.8  1975    8.0  2003    4.4  1933    0.9  1937    0.0  1944    0.0  1940    0.0  1941    0.0  1959    0.7  1982    5.6  1978    9.4  1947    32.2  1964    15.3  1967     0.0  1947     7.7  1960    56.6  2005
   10.8  1988    9.8  2008    7.9  1999    4.3  2019    0.8  1963    0.0  2020    0.0  1941    0.0  1947    0.0  1998    0.6  1958    5.5  1995    9.1  1936    31.8  2023    15.1  2022     0.0  1968     7.6  1987    56.1  1948
   10.8  2023    9.4  1972    7.9  2016    4.3  1947    0.8  1992    0.0  1984    0.0  1942    0.0  1940    0.0  1970    0.6  1959    5.2  1970    9.0  1998    31.7  2000    14.8  1938     0.0  2011     7.5  1931    55.0  2017
   10.7  1953    9.1  1935    7.8  2025    4.2  1963    0.8  1950    0.0  1995    0.0  1944    0.0  1939    0.0  2023    0.6  1970    5.2  1957    8.9  2021    31.1  1937    14.7  1963     0.0  1993     7.4  1946    54.9  1945
   10.6  2016    9.1  1995    7.5  2002    4.1  2018    0.7  1961    0.0  1979    0.0  1977    0.0  1945    0.0  2022    0.6  2000    5.2  2004    8.8  1986    30.3  2002    14.7  2005     0.0  2025     7.3  1976    54.7  1994
   10.6  1972    8.7  1976    7.4  1998    4.1  2002    0.7  1952    0.0  1940    0.0  1990    0.0  1958    0.0  1950    0.5  2021    5.2  2001    8.3  1994    29.6  2005    14.7  2012     0.0  2013     7.2  2002    54.4  2019
   10.3  1937    8.7  2012    7.4  1994    4.0  2023    0.7  2003    0.0  1980    0.0  1991    0.0  1959    0.0  1933    0.5  1991    5.2  1986    8.3  1975    29.3  1973    14.4  2020     0.0  2008     7.1  1961    54.3  1967
   10.3  1967    8.4  1980    7.3  1933    3.9  1985    0.7  2018    0.0  1931    0.0  1987    0.0  1949    0.0  1968    0.5  2009    5.0  2021    8.2  1941    29.1  1967    14.4  1964     0.0  2020     7.0  1999    54.3  1971
   10.3  1962    8.2  1989    7.1  2009    3.7  1959    0.7  2002    0.0  2021    0.0  1988    0.0  1950    0.0  1963    0.5  1957    4.9  1958    8.0  1985    29.1  2016    14.3  2000     0.0  1984     7.0  1989    54.1  1961
   10.1  2004    7.9  2000    7.0  2017    3.6  1961    0.7  1983    0.0  2022    0.0  1982    0.0  1970    0.0  1949    0.4  2020    4.5  1987    7.9  1948    29.0  2008    14.2  1950     0.0  1995     7.0  1935    53.9  1972
   10.1  2006    7.9  2025    7.0  1936    3.6  1980    0.6  1960    0.0  1968    0.0  1983    0.0  1974    0.0  2013    0.4  2014    4.4  2007    7.8  2002    29.0  2024    13.7  1948     0.0  1979     6.9  2018    53.1  1953
   10.0  2026    7.9  2007    6.9  1978    3.6  2024    0.6  1998    0.0  1982    0.0  1984    0.0  1975    0.0  1981    0.4  1995    4.2  1949    7.8  1997    28.9  2025    13.3  1999     0.0  1982     6.5  1995    53.0  1999
    9.8  1938    7.9  1967    6.9  1991    3.6  1957    0.5  1978    0.0  2005    0.0  1985    0.0  1976    0.0  1985    0.4  1986    4.1  1935    7.7  1972    28.3  1957    13.0  1991     0.0  1980     6.3  2007    52.8  1959
    9.7  1969    7.7  1946    6.8  2026    3.4  1948    0.5  1934    0.0  1990    0.0  1981    0.0  1990    0.0  2009    0.3  2004    4.0  1945    7.5  1991    28.1  1992    12.6  1972     0.0  2004     6.3  1957    52.7  1989
    9.6  2000    7.6  1982    6.5  1960    3.3  1946    0.5  2011    0.0  1967    0.0  1967    0.0  1991    0.0  1958    0.3  1945    3.9  1955    7.1  1954    28.0  1976    12.3  1952     0.0  1940     6.2  1949    51.5  1998
    9.4  2012    7.5  2020    6.4  1983    3.2  2017    0.4  1966    0.0  1970    0.0  1969    0.0  1983    0.0  1967    0.3  1985    3.8  1959    7.0  1942    27.9  2012    12.3  1993     0.0  2021     5.9  1970    51.0  1938
    9.2  1973    7.4  1992    6.2  2007    3.1  1997    0.4  1953    0.0  2016    0.0  1997    0.0  1985    0.0  2004    0.3  2011    3.8  1946    6.9  2024    27.8  2019    12.3  2002     0.0  2014     5.7  1978    50.3  2023
    9.2  1971    7.1  1971    6.2  1935    3.1  1992    0.4  1976    0.0  1994    0.0  2005    0.0  2001    0.0  2008    0.3  2015    3.7  2009    6.9  1932    27.7  1971    12.0  1933     0.0  2010     5.6  2021    50.3  2004
    9.0  1975    7.0  1974    6.1  1966    3.0  1964    0.4  1972    0.0  2004    0.0  2003    0.0  2000    0.0  2021    0.3  2013    3.6  1984    6.7  1983    27.5  1999    11.8  1945     0.0  2022     5.5  1958    50.1  1988
    8.9  1949    6.8  2002    5.9  1967    2.9  2003    0.4  1933    0.0  2010    0.0  1994    0.0  1996    0.0  1951    0.2  1968    3.5  1981    6.5  1953    27.1  1990    11.6  2003     0.0  1994     5.5  2004    49.5  2015
    8.9  1964    6.8  2011    5.6  2000    2.8  1972    0.4  2000    0.0  1959    0.0  2002    0.0  1997    0.0  1941    0.2  1984    3.3  2015    6.5  1949    26.4  1993    11.3  2019     0.0  2005     5.5  1997    49.3  2025
    8.8  2008    6.8  2019    5.5  1950    2.7  1952    0.3  1990    0.0  1992    0.0  2008    0.0  2009    0.0  2017    0.2  1990    3.2  2000    6.3  2025    26.1  1934    11.1  2011     0.0  1970     5.2  2001    49.2  2006
    8.5  1993    6.7  1997    5.5  2021    2.6  2020    0.3  2004    0.0  1943    0.0  2006    0.0  2008    0.0  1980    0.2  1989    3.0  2006    6.3  1984    25.5  1974    10.9  2025     0.0  1960     5.1  1951    49.1  1997
    8.4  1999    6.6  2017    5.4  1977    2.6  2005    0.3  2017    0.0  1960    0.0  2012    0.0  2006    0.0  1946    0.2  1979    2.9  1938    6.1  2018    25.3  1972    10.5  2017     0.0  1990     4.5  1959    47.1  1934
    7.9  2005    6.2  2022    5.2  1948    2.4  1949    0.2  2007    0.0  2007    0.0  2010    0.0  2005    0.0  2011    0.2  1947    2.7  1951    5.7  2019    23.9  1932    10.4  1997     0.0  1967     4.4  1945    47.0  2000
    7.3  2007    6.1  2026    5.0  1992    2.4  1987    0.2  2009    0.0  2019    0.0  2013    0.0  2002    0.0  2019    0.2  1943    2.7  2018    5.7  1977    23.6  2017    10.3  2004     0.0  1976     4.2  2009    46.9  1957
    7.0  1996    6.1  1939    4.8  2019    2.3  1993    0.2  1940    0.0  1966    0.0  2014    0.0  2015    0.0  2000    0.2  1969    2.0  2003    5.3  1959    23.0  1998     9.7  1990     0.0  2016     3.9  1938    46.8  1974
    6.6  2002    6.1  1949    4.7  2014    2.1  1960    0.2  1947    0.0  1993    0.0  2016    0.0  2013    0.0  1953    0.2  1963    1.9  1939    5.3  1971    22.9  1949     9.3  1960     0.0  2007     3.8  1984    46.6  2011
    6.6  1944    6.0  1934    4.6  1997    2.0  1944    0.1  2008    0.0  2018    0.0  2017    0.0  2011    0.0  2014    0.1  1996    1.6  2020    4.7  1956    22.7  1935     8.9  1992     0.0  2003     3.8  2000    44.3  2024
    6.4  1932    6.0  2024    4.3  1943    1.9  2025    0.1  1999    0.0  2014    0.0  2018    0.0  2017    0.0  2015    0.1  1961    1.5  2002    4.2  1931    22.6  1975     8.9  1959     0.0  1959     3.6  2015    43.9  1943
    6.4  1974    6.0  1990    4.0  1990    1.8  2007    0.1  1986    0.0  2006    0.0  2019    0.0  2016    0.0  2006    0.1  2016    1.5  1931    4.1  2006    22.4  2026     8.8  2009     0.0  1963     3.2  2020    43.6  2022
    6.4  1983    5.7  2023    3.7  1959    1.6  1943    0.1  1970    0.0  2002    0.0  2020    0.0  2019    0.0  1999    0.1  1978    1.4  1997    3.7  1974    22.3  1943     8.3  1943     0.0  2019     3.0  2006    43.5  1949
    5.8  2022    5.1  1993    3.5  2024    1.6  2014    0.0  2014    0.0  2017    0.0  2021    0.0  2018    0.0  1955    0.1  2022    1.2  2011    3.5  2015    20.9  2022     8.3  2007     0.0  2018     1.9  1953    42.3  2020
    5.4  2020    4.7  1945    3.1  2012    1.6  1937    0.0  2023    0.0  1963    0.0  2022    0.0  2022    0.0  1961    0.0  2005    1.2  2022    3.3  2016    19.3  2007     7.1  2024     0.0  2006     1.6  1994    41.7  1990
    5.2  2014    4.6  1961    3.0  1945    1.5  2009    0.0  2022    0.0  1976    0.0  2023    0.0  2023    0.0  1966    0.0  2006    1.1  2014    2.5  2013    18.7  2020     6.7  1961     0.0  2002     1.5  2011    40.7  2002
    4.8  1934    4.4  2014    2.3  1961    1.2  2004    0.0  1964    0.0  2003    0.0  2024    0.0  2024    0.0  1978    0.0  1977    0.7  1953    1.5  1988    12.1  2014     6.7  1957     0.0  2017     1.5  2014    40.2  2007
    4.7  1990    3.7  1943    1.8  1938    0.5  2011    0.0  2024    0.0  2023    0.0  2025    0.0  2025    0.0  2016    0.0  2001    0.6  1994    1.0  1934    12.0  1989     6.3  2014     0.0  2023     1.2  2022    28.2  2014
    2.3  1989    3.0  1998    0.6  1957    ---  2026    ---  2026    ---  2026    ---  2026    ---  2026    ---  2026    ---  2026    ---  2026    ---  2026     ---  1931     ---  2026     ---  2026     ---  2026     ---  2026
