Areal values from HadUK-Grid 1km gridded climate data from land surface network
Source: Met Office National Climate Information Centre
Monthly, seasonal and annual total duration of bright sunshine for England SE and Central S
Areal series, starting in 1910
Last updated 01-Apr-2026 11:35
    jan  year    feb  year    mar  year    apr  year    may  year    jun  year    jul  year    aug  year    sep  year    oct  year    nov  year    dec  year     win  year     spr  year     sum  year     aut  year     ann  year
   87.9  1952  134.2  2008  198.5  2025  255.2  2025  327.5  2020  295.2  1975  342.5  1911  291.3  1995  226.6  1911  162.7  1921  104.5  1989   85.7  2001   254.0  2008   746.2  2020   838.1  1976   441.5  1959  1969.6  2025
   86.5  2003  122.5  2019  187.6  1933  249.8  2020  300.2  1989  293.5  1957  307.4  2006  282.0  1976  224.4  1959  160.1  1997  100.1  2006   84.4  1962   253.6  1949   713.4  2025   818.6  1911   431.6  1971  1916.9  1949
   84.8  1959  122.3  1949  185.0  1995  243.5  1912  282.3  1922  288.9  1925  300.8  2018  281.4  1947  216.5  1928  155.2  1959  100.1  1971   77.6  2008   242.0  2000   664.1  1990   788.4  1989   416.6  2003  1893.1  1990
   84.2  1984  121.7  1988  184.4  1929  239.0  2007  278.7  1990  280.5  2023  291.5  2013  260.5  1989  211.1  1964  154.0  1999   96.0  1996   75.0  2014   229.6  2019   643.2  1948   759.9  1959   413.2  1997  1881.5  2003
   79.2  2001  119.2  2018  178.5  1938  235.8  2011  267.3  1992  278.7  1940  286.8  1934  257.6  1998  210.0  1914  147.3  1919   95.2  1923   70.2  1946   228.4  2018   614.2  1997   757.0  1975   412.7  1921  1879.4  1959
   76.5  2024  107.0  1970  178.1  2007  234.1  2010  261.6  2018  275.2  1976  286.6  1959  255.3  1933  200.9  1929  146.6  2003   93.8  2005   69.8  1999   226.1  1952   613.0  2011   756.3  2006   402.8  2018  1864.4  1995
   75.3  1940  105.6  1939  174.5  2012  233.8  1990  259.7  2025  269.9  2006  286.2  1928  253.4  1990  194.6  2003  145.9  1971   92.9  1977   69.6  1961   224.5  1963   608.7  1995   755.3  2018   397.9  1964  1863.3  1911
   75.1  2017  104.3  1998  173.8  2009  233.4  1984  252.7  1948  268.6  1962  280.9  1976  251.4  1991  190.3  1997  143.8  1994   91.8  1988   68.6  2005   223.8  2015   595.3  2007   750.8  1949   394.9  1999  1860.0  1989
   73.2  2012  104.1  1928  172.7  1924  229.1  1914  252.6  1997  267.7  2025  279.8  1935  249.9  1911  187.6  1923  142.7  2018   90.5  1973   67.3  2025   220.8  1998   595.0  1929   750.5  1933   392.0  1928  1853.6  2018
   73.1  1980  100.2  2000  168.9  2020  227.7  2015  250.7  1956  266.4  1996  278.6  1990  247.6  1923  187.2  1933  137.2  1965   90.4  1925   66.2  2009   217.7  1984   583.9  2009   744.0  1995   392.0  1911  1833.9  1933
   72.7  2022   97.1  2014  168.2  1948  222.8  2021  250.3  1929  263.6  2018  275.2  1989  245.3  2022  185.6  1971  136.8  2011   89.8  1998   65.1  2007   217.2  2002   579.5  1921   730.0  2022   388.0  1929  1830.2  2020
   72.0  2000   96.0  2003  167.7  1961  222.4  1948  249.2  1943  263.1  2010  270.5  1949  240.1  2003  184.1  2018  135.9  2008   87.8  2001   65.0  1936   216.7  1988   565.7  2015   725.3  2025   379.0  1923  1820.5  1921
   71.1  1954   93.8  1922  166.9  2003  218.8  1942  247.8  1919  261.5  1942  269.1  2014  239.6  2005  181.1  2012  135.6  1917   87.6  1965   63.9  1917   216.5  2003   565.6  1982   721.2  1996   378.4  1996  1818.8  1929
   70.1  2023   93.7  1934  166.7  1967  217.8  1997  246.5  1944  260.8  1950  266.5  1921  238.8  1919  180.2  1915  134.0  1920   86.1  2007   63.5  1948   215.1  2014   562.2  2010   710.1  1928   371.1  1973  1816.7  2022
   69.1  2015   93.7  1990  164.8  1910  214.5  1921  240.9  1995  259.6  1969  264.7  1983  234.5  2016  179.1  2015  132.9  2022   84.6  2017   63.4  1929   214.5  2012   560.8  1956   709.9  2014   368.9  1914  1790.4  1976
   68.3  2005   93.4  1996  160.4  1955  209.9  2002  239.7  1940  259.6  1951  256.6  1999  234.3  1959  178.6  1934  132.2  1922   84.1  2016   63.0  1980   209.9  2023   560.5  2003   708.4  1947   368.6  2006  1786.0  2014
   68.1  1965   92.0  2022  160.2  2014  208.3  1946  239.5  1918  259.3  1970  256.4  1929  233.6  1975  178.0  1921  132.0  1964   83.9  1985   63.0  2019   205.7  1939   559.0  1943   694.1  2013   367.8  1990  1763.8  1997
   67.7  1949   91.7  1989  159.7  2022  205.7  1949  238.5  1927  259.0  1914  254.5  1994  233.4  1953  177.9  2002  130.9  1996   83.5  1915   62.5  1925   205.7  1962   557.5  1949   693.3  1934   366.3  1979  1744.0  1999
   67.7  1994   89.4  2016  159.5  1982  203.8  1945  233.6  1949  253.4  1949  252.6  1955  231.2  1983  177.5  1979  128.7  1961   81.8  1999   61.7  2016   203.5  2009   555.0  1955   690.4  1994   365.3  1947  1737.6  2007
   67.0  2026   87.5  1985  158.8  1972  203.3  2017  233.5  2011  253.3  1994  250.2  1933  228.2  2019  176.4  2025  128.3  2016   81.4  1975   61.4  1952   203.2  2001   548.7  1945   688.1  1935   363.7  2023  1732.0  1928
   66.5  1989   87.5  1943  154.4  2026  203.0  1954  232.3  2023  252.7  1989  249.1  1995  227.0  1949  175.5  1991  127.4  1912   80.2  1910   60.9  2012   201.5  1928   547.1  1989   687.8  1983   361.2  1919  1730.9  2019
   66.2  1979   87.4  1999  151.6  1990  201.7  1969  232.2  1959  251.4  1960  248.2  2022  223.8  2025  173.4  1940  126.3  1962   79.9  1969   60.9  1986   197.3  1989   544.4  1953   686.5  1940   359.5  1949  1729.7  2009
   65.9  1998   87.3  1983  150.2  1956  199.0  1916  231.4  1998  248.9  1973  246.7  1971  223.3  1930  173.4  1973  126.3  1947   79.2  2023   60.3  1983   196.7  1981   542.3  1976   678.9  1921   358.4  2005  1716.5  2006
   65.8  1947   87.1  1967  147.8  1973  196.6  1951  231.3  1961  248.0  2015  242.8  1924  221.0  1996  172.8  1953  125.7  1995   78.8  1948   59.0  1949   195.7  1918   540.9  1922   677.4  1984   357.4  2011  1709.0  1948
   64.8  1946   87.1  1936  146.2  1945  194.3  1976  230.6  1921  246.8  1984  242.0  1941  219.3  1944  172.6  1990  125.5  1949   78.5  2013   59.0  1965   195.7  1933   539.0  1933   669.6  2003   357.0  1965  1703.9  1914
   64.8  1986   87.1  1960  145.6  1918  191.8  2003  230.4  1971  245.0  1933  241.8  1967  218.2  1993  172.5  2019  124.3  1980   78.3  1972   58.7  1944   195.7  1934   538.7  1944   666.1  1990   356.1  2007  1698.9  1943
   64.5  1991   86.0  2023  143.9  1997  188.2  1982  229.8  1980  244.0  1961  240.5  1997  217.2  2007  172.1  2020  123.3  1930   78.0  1990   58.3  1976   193.8  2022   538.0  1927   662.0  1929   355.7  1933  1689.6  1996
   64.4  1910   85.9  1955  143.7  2011  185.9  2022  229.2  1953  241.7  2014  238.0  1984  214.9  2000  170.8  2004  122.7  1955   77.2  1940   57.7  2011   193.7  1985   532.4  2022   661.6  2001   354.1  1985  1682.5  2005
   64.2  1931   85.6  1975  142.3  2015  185.7  2009  226.2  1934  239.2  1921  236.2  1985  214.4  2013  170.1  2023  122.7  1951   77.0  1978   57.1  1994   193.2  2020   530.3  2014   658.2  1999   353.2  1978  1680.3  1940
   64.0  2014   84.8  1914  142.3  1968  182.7  1995  224.3  2009  239.0  1930  234.7  1946  213.7  1981  170.0  1978  121.5  1938   76.9  1949   57.0  1957   191.1  2017   529.0  1914   658.2  1930   351.7  2016  1676.7  1955
   63.2  1928   84.8  1915  142.2  1932  180.6  2019  224.2  1915  238.9  1959  233.8  2025  209.4  1940  169.5  1939  121.4  1985   76.9  2025   56.9  1973   189.4  2006   526.9  2016   655.4  1951   350.6  1948  1668.5  2011
   63.0  1918   83.7  2012  139.3  1943  180.3  1939  223.7  1966  237.7  2024  233.8  1996  208.6  2024  168.0  1947  120.9  1969   76.7  1986   55.8  1926   189.0  1983   524.6  2017   653.8  1950   349.7  1940  1667.3  2001
   62.6  2009   83.6  2002  139.1  1931  179.7  1968  222.6  2001  236.5  2022  233.7  2019  208.5  1937  166.9  2009  120.5  2010   76.4  1967   55.5  1972   187.6  1999   521.7  2012   651.2  1969   347.5  1986  1665.9  1952
   62.3  1963   83.2  1952  137.9  1950  178.4  1953  222.1  2005  235.9  2017  228.1  1975  208.1  1926  164.3  1919  119.7  1945   76.1  1929   55.5  1979   187.6  2004   518.9  1912   650.6  2019   346.9  1988  1663.6  2016
   61.9  2004   82.6  2001  136.8  1953  177.9  1955  221.0  1976  235.4  1952  227.7  1969  207.2  1964  164.2  2011  118.5  1979   76.0  2018   54.9  1951   186.5  1943   518.8  2002   650.4  2005   346.6  1975  1657.0  1975
   61.9  1967   82.3  1948  136.3  1920  176.8  1938  220.2  1952  235.2  2001  226.5  2001  204.9  1943  163.5  1966  117.6  1975   75.4  2003   54.2  1967   186.1  1977   518.2  2019   645.5  1941   343.0  1995  1653.6  2015
   61.4  1923   82.1  1977  136.0  2016  176.8  2016  220.1  1977  233.7  1918  226.0  1923  204.7  1955  162.2  1954  117.1  1990   74.9  2012   53.9  2013   185.1  1994   518.1  1938   642.9  1925   342.7  1917  1652.9  2017
   61.2  1933   81.6  1933  134.4  1921  175.7  2008  219.6  1911  232.1  2004  223.2  1951  202.7  1974  162.1  2006  116.8  1941   74.7  2021   53.8  2022   185.0  2005   517.2  1942   642.7  2024   342.2  2002  1643.4  1934
   61.2  2007   79.7  2015  134.1  1993  174.8  1952  218.0  1982  230.6  2008  216.3  2008  202.5  2004  160.6  2007  115.8  1977   74.2  1995   53.7  1984   185.0  1967   513.9  1924   639.0  1967   341.9  2012  1642.6  1947
   61.1  1976   79.2  1910  133.8  1965  174.5  1933  216.7  1955  230.1  1919  212.9  2016  202.2  1935  160.4  1970  115.3  1983   73.6  1913   53.4  1991   184.7  1959   510.6  1910   638.7  1970   341.0  1925  1638.3  1925
   61.1  2019   78.8  1920  132.0  1944  173.4  1927  216.5  1974  227.1  1922  211.6  1918  201.6  1928  160.1  2005  114.8  1956   73.5  1960   53.3  1996   184.5  1995   505.4  2021   637.4  1914   340.7  1989  1638.0  2008
   61.0  1924   77.8  1962  131.0  1966  173.3  1980  215.8  1957  226.1  1911  210.5  1977  201.4  1932  159.9  1948  114.4  2023   73.5  1918   52.9  1932   184.1  1980   502.6  1950   636.9  1957   336.0  2009  1637.2  1973
   60.9  1999   77.8  1963  127.1  2017  173.2  1947  214.2  2016  225.6  1941  210.4  1991  200.4  1914  159.1  1999  113.2  1986   72.8  1920   52.6  1924   183.9  1987   500.3  1974   635.4  2017   335.8  2022  1636.6  1967
   59.8  1911   77.6  1938  127.1  1976  173.0  1987  213.1  1939  223.2  1917  210.2  1964  200.0  2001  158.5  1918  113.0  1987   72.8  1914   52.3  1938   183.7  2010   500.0  1967   635.2  2023   335.3  2025  1632.1  2023
   59.6  2016   77.0  1973  126.8  1940  172.6  1950  213.1  1910  223.2  1986  208.3  1945  199.2  2014  158.0  1955  112.2  1928   72.4  2022   52.3  2003   183.5  2026   496.5  1961   631.9  1952   335.0  1955  1630.1  1994
   59.1  1982   76.4  1956  126.3  2019  172.2  1974  212.5  1970  223.1  1947  208.0  1952  197.5  1973  157.6  1986  111.9  1948   72.4  2000   51.8  2017   182.5  2016   496.2  1946   631.9  1918   333.2  1977  1627.7  2010
   59.1  2025   76.2  1921  126.1  1927  170.9  1994  211.3  2019  223.1  2003  206.7  2021  197.3  2017  157.4  1937  111.5  1993   72.0  1921   51.6  1990   181.9  1930   496.2  1968   629.8  1955   332.7  1998  1626.8  1961
   58.5  2010   75.6  2020  124.6  2010  170.7  1957  211.0  1925  222.3  1928  206.4  2003  196.0  1972  157.0  1949  111.4  1925   71.7  1956   50.8  1960   180.6  1925   493.6  1959   626.5  1973   332.2  2001  1612.2  1953
   58.3  1962   75.4  1911  123.3  1930  170.5  1943  210.3  1920  221.3  2009  205.7  1963  195.7  2009  156.4  1943  111.3  1988   71.0  1947   50.6  1954   180.2  1922   493.3  1940   625.1  1943   331.2  1980  1605.6  1950
   58.3  1981   75.4  1981  123.0  1962  168.6  1915  210.2  1942  221.1  1939  204.5  2020  195.1  1985  156.3  1974  111.0  1929   70.9  1937   50.5  1997   179.2  1946   492.7  1957   621.0  2004   330.6  1915  1604.7  2004
   58.2  1956   75.3  1971  121.7  1935  168.2  2014  210.1  1913  219.8  1992  204.1  2015  193.5  1934  155.7  1981  110.9  1931   70.5  1993   50.4  1982   177.6  1991   491.6  1977   617.8  2009   330.3  1943  1604.3  1935
   57.4  2018   75.2  1925  121.5  1934  167.3  2013  209.0  1979  218.6  1915  204.1  2010  193.3  1929  155.6  1982  110.3  1992   70.3  1979   49.7  1964   176.0  1937   491.0  1939   617.3  1961   329.1  2004  1603.7  1984
   57.3  1978   74.8  1916  121.4  1999  166.4  1977  208.1  1988  217.9  1932  203.9  1947  192.6  1984  154.4  1917  109.4  2007   70.2  1943   49.4  1993   175.9  1945   490.2  1915   608.7  1953   329.0  1970  1603.5  1970
   57.1  1927   74.2  1957  121.2  1994  164.0  1999  206.2  2004  217.8  1967  203.7  1917  191.9  1966  152.3  1935  108.6  1972   69.7  1942   48.6  2020   175.3  1950   489.0  1918   606.6  1923   326.5  1961  1601.0  1971
   57.0  1988   74.0  1968  120.8  2000  163.1  1960  206.0  1917  217.0  1943  203.2  1943  190.9  2018  152.2  1944  108.2  1933   68.8  1930   48.6  1975   174.8  1986   488.5  1952   606.5  1993   324.0  2021  1598.3  1918
   56.6  1935   73.4  2004  118.2  1949  161.4  1917  205.1  1914  214.5  1993  202.8  1979  190.4  1950  151.5  1996  107.9  1970   67.2  1951   48.4  1974   173.8  2007   484.2  1980   604.0  2010   323.4  1930  1595.8  1957
   56.1  1957   73.2  1984  118.1  1941  161.3  1988  203.6  2010  214.5  1999  202.6  1950  190.0  1936  150.5  2021  107.5  1936   67.1  1957   48.3  1942   173.4  1956   483.7  2008   603.3  2020   320.4  1991  1590.4  2012
   56.1  1934   73.0  1931  117.7  1986  160.4  1929  203.5  1936  213.4  1938  202.2  2017  188.5  1952  149.7  1910  107.2  1973   67.0  2009   48.1  1992   173.2  1931   480.4  1934   601.8  1919   320.1  1937  1588.8  2013
   55.0  1995   72.4  1995  117.2  1978  160.1  1944  202.0  2014  213.0  1934  201.6  2007  188.5  2012  148.8  1985  106.8  2014   66.8  1980   47.9  1940   172.8  1915   479.6  1919   600.7  1974   318.6  1972  1579.1  1951
   54.7  2008   72.3  1969  116.5  2021  159.9  1956  201.7  2003  212.7  2020  201.2  1953  188.5  1970  148.8  1962  106.5  2006   66.0  1952   47.8  1963   172.7  2013   479.4  1987   600.3  2015   317.4  1953  1578.9  1986
   54.7  2020   72.0  1950  115.8  1926  159.5  2004  201.4  2008  212.4  1929  200.7  2009  188.2  1988  148.6  1998  106.3  1978   65.4  1984   47.7  1922   172.4  1975   476.3  1954   599.8  1924   316.9  1969  1578.8  2002
   54.0  1987   71.6  1932  115.6  1937  159.4  2023  201.3  1978  211.3  2005  199.5  2005  188.2  1997  147.6  1975  105.1  1932   64.2  1961   47.4  1923   172.0  1911   475.4  1971   598.2  1985   315.6  2019  1578.0  1919
   53.7  2006   71.2  2005  112.2  1958  159.2  1991  200.7  1924  209.9  1966  198.4  1940  187.1  1999  146.8  1987  105.1  2001   63.3  1928   47.2  1970   171.3  1992   473.9  2004   597.7  1926   315.2  1920  1574.3  1982
   53.3  1920   70.5  1986  111.6  1974  158.3  1911  198.9  2002  209.2  1974  198.3  1925  186.8  2002  144.6  2014  104.9  1950   62.9  1997   46.6  1911   170.6  1968   472.8  1999   596.0  1991   314.4  2010  1572.8  1985
   52.8  1925   69.9  1944  111.5  1959  156.8  1922  198.7  1945  208.4  1945  198.1  1958  186.6  1918  143.9  1988  104.8  1981   62.8  1982   46.5  1928   169.1  1914   472.8  2018   593.9  1942   313.7  1987  1568.8  1998
   52.8  1997   69.8  1953  111.5  1970  156.6  1958  198.6  1987  208.0  1920  198.1  1961  186.1  2020  143.1  1995  104.5  2005   62.7  1950   46.3  1943   169.1  1990   472.1  1973   593.4  1962   313.7  1954  1566.3  1922
   52.5  1992   69.8  1930  111.3  1971  155.7  2012  198.6  1963  206.8  1913  196.3  2024  184.7  1965  142.6  1952  104.5  2004   62.0  2002   46.2  1945   168.9  1953   472.0  1972   591.6  2007   312.8  2008  1565.4  1939
   52.4  1985   69.7  1913  110.0  2002  155.1  1996  197.2  1958  206.5  1937  195.9  1930  184.4  2023  140.1  1980  104.2  1952   61.9  1931   46.0  2018   168.7  1955   471.0  1911   586.9  1964   312.8  1952  1564.6  1915
   51.5  1945   69.3  2025  108.8  1963  154.2  1985  196.1  1964  206.1  1935  193.4  1948  183.2  1978  139.3  2001  104.0  1911   61.9  1959   45.9  1933   168.0  1974   471.0  1992   586.2  1998   312.8  1918  1564.2  1974
   51.3  1983   69.0  1987  108.7  1985  152.3  2006  195.9  2000  206.0  1926  192.9  1915  182.6  1994  139.2  2016  103.7  1943   61.9  1916   45.8  1981   167.7  1961   465.9  1958   583.8  1945   311.6  2017  1561.2  1983
   50.9  1961   68.9  1918  108.6  2006  150.0  1959  195.7  2015  203.6  1995  191.7  1986  181.9  1939  139.2  1925  102.4  2002   61.4  1911   45.6  1939   167.3  1924   465.6  2005   581.6  1917   311.4  1938  1558.8  1962
   50.9  1932   68.7  2021  108.3  2004  149.3  1983  194.3  2017  198.8  2011  190.9  1970  180.5  1982  138.4  1958  102.3  1927   60.7  1970   45.5  2004   166.7  1923   463.9  1925   580.9  1915   311.2  1922  1556.2  1923
   50.7  1943   68.3  2007  107.8  1987  148.4  2005  192.8  1916  197.4  1924  188.8  1974  179.9  1916  137.5  2010  102.1  2009   60.3  2020   44.7  1950   166.6  1920   463.6  1988   580.5  1986   310.5  1962  1552.1  1944
   50.7  1926   68.2  1946  106.6  2008  148.4  1973  192.5  2013  195.1  1982  188.2  1987  179.4  1967  136.5  1926  101.9  1935   60.3  1933   44.5  1935   166.1  1954   461.6  1916   577.8  1960   310.0  1935  1545.0  1945
   50.0  1951   68.1  1929  106.2  1957  146.9  1925  192.1  1950  194.2  1912  187.1  2011  179.0  2006  135.6  1913  101.8  1958   60.1  1963   44.4  1913   166.0  1973   457.1  2000   575.6  1997   309.7  2014  1544.1  1930
   49.8  1990   68.1  1994  106.1  1954  145.7  1967  192.0  1986  193.2  1931  187.0  2002  178.0  1941  135.3  1938  101.4  1989   59.0  2019   44.3  2006   166.0  1970   457.0  1965   574.8  2008   309.0  1981  1544.0  1938
   49.7  1937   68.1  2013  106.0  1925  145.7  1962  192.0  1946  192.3  1936  186.4  1916  177.9  1987  134.8  1989   99.4  1944   58.9  1992   44.0  1941   165.6  1927   456.8  1951   574.5  1946   308.2  1913  1541.8  1924
   48.8  1930   67.1  2006  105.1  1977  145.2  1989  191.9  2024  191.9  1983  186.4  2004  177.3  1979  134.3  2017   99.0  1940   58.6  1954   43.9  1914   165.5  1971   455.4  2023   574.3  2016   306.9  1944  1540.3  1917
   48.7  1922   66.4  1974  104.0  1913  145.0  1986  191.5  2012  189.3  1980  183.6  1926  176.4  1962  134.1  1942   99.0  1913   58.3  2014   41.4  2000   164.7  1936   454.7  1986   570.9  1939   305.3  2015  1539.9  1988
   47.9  2002   66.3  1941  103.7  1979  144.4  1975  188.3  1947  189.0  1944  181.8  1982  175.3  1980  133.5  1961   98.9  1957   56.6  1922   41.3  1995   164.4  1948   452.7  1917   567.2  1932   304.6  1939  1539.2  1969
   47.8  1939   66.2  1959  102.1  1928  142.7  1972  187.6  1967  188.8  2019  180.2  1973  175.3  1961  132.9  1960   98.7  2021   56.4  2010   39.9  1977   164.2  1996   450.3  1994   561.3  2000   303.8  1974  1537.7  1942
   47.7  1958   66.0  1961  101.8  1922  140.5  2024  187.4  1999  188.4  1978  179.1  2012  174.2  1957  132.8  1968   98.2  1967   56.4  2011   39.8  1947   163.5  1997   449.6  1970   561.3  1966   302.5  2013  1534.9  1980
   47.1  2011   65.7  1945  101.6  1989  140.5  1924  186.8  2022  188.4  2021  178.6  1956  173.2  1927  132.2  1965   98.1  1974   56.2  1966   39.5  1985   162.4  1947   448.5  1966   558.6  1937   301.8  2020  1528.5  1946
   46.0  1916   65.5  1951  100.7  2024  140.4  2000  186.8  1935  188.2  2013  177.9  1914  173.1  1921  131.7  1972   98.0  1926   55.9  1976   39.3  1998   160.4  1960   446.8  1984   557.4  1982   301.7  1910  1528.1  1964
   45.8  1938   65.4  1992   99.8  1923  139.0  1965  184.2  1965  188.2  1963  176.6  1998  172.6  1951  131.5  1976   97.5  2013   55.8  1935   39.2  1988   160.3  1951   445.3  1993   552.2  2002   298.8  1966  1526.4  2000
   45.7  1977   63.2  2009   99.4  1991  138.3  1928  184.1  1993  185.7  1910  174.0  2000  171.3  1956  131.3  1930   96.6  2015   55.3  1944   38.8  1955   160.1  1965   445.2  1935   550.8  2011   298.4  1956  1513.1  1979
   44.7  1974   62.4  1917   97.8  1912  137.8  1992  184.0  1996  183.4  1927  173.8  1993  169.5  1915  130.5  2022   96.2  1923   54.8  1964   37.9  1987   159.9  1932   441.1  1985   547.7  1963   298.2  1992  1509.7  1956
   44.4  1942   61.6  1991   97.5  1939  137.6  1936  181.2  1937  180.8  1968  173.3  1942  167.1  1945  129.9  2008   95.1  1953   54.7  1938   37.7  1921   159.9  1944   441.0  1979   544.8  1971   296.6  1994  1498.6  1991
   44.3  1950   61.3  1937   97.3  1915  137.4  2001  180.6  1960  178.5  1948  170.3  2023  167.1  1938  129.8  2024   94.4  1998   54.5  1991   37.4  1931   159.2  1926   440.3  1998   538.8  1938   296.4  1951  1494.1  2021
   44.0  1915   60.7  1954   95.9  1946  136.6  1935  178.2  2007  178.4  2002  170.0  1972  165.9  1946  129.0  1992   94.2  1939   54.5  1927   36.8  1910   157.8  1938   439.8  1978   537.3  1992   295.7  1931  1493.7  2024
   43.8  2013   60.1  1935   95.7  1919  136.1  1919  178.1  1985  176.1  1965  169.2  1957  165.6  1986  128.0  1912   94.2  2000   54.2  1955   36.0  1930   156.9  1929   438.7  1969   537.1  1972   294.4  1967  1481.8  1977
   43.8  1944   59.0  1924   95.2  2005  135.1  1964  177.6  1912  174.1  1953  168.6  1988  164.9  2011  127.7  2000   92.9  1954   54.0  1987   36.0  1966   155.6  1982   436.9  1947   534.2  1944   294.3  2000  1481.7  1993
   43.1  1919   58.9  2010   94.8  1914  134.2  1923  176.9  1933  173.9  1946  168.0  1939  164.3  1960  127.1  1941   92.7  2017   53.9  2004   34.6  1920   154.8  1916   436.4  1920   532.3  2021   291.8  1958  1474.6  1941
   43.0  1971   57.8  1919   94.7  1951  134.0  2018  175.9  1973  172.8  2007  166.6  1992  164.0  1920  126.4  2013   91.8  1937   53.6  2024   34.5  1919   152.5  1941   434.7  1913   531.8  1936   291.6  1934  1472.5  1992
   42.5  1913   57.8  1964   94.2  1988  133.7  1971  175.7  1928  172.5  1955  165.3  1931  163.9  1969  125.2  1963   90.9  1984   52.9  1983   34.4  1937   152.4  1979   434.3  1962   530.2  1979   291.3  1942  1471.4  1965
   42.4  1968   57.5  1923   93.7  1983  132.7  1910  174.2  1968  172.4  2000  163.2  1980  159.6  1924  124.5  1977   90.3  1991   52.7  1924   34.3  1953   152.0  2021   433.1  2024   527.9  1980   291.1  1982  1470.6  1910
   42.3  1948   57.5  1997   93.5  1952  132.7  1934  170.5  1972  171.1  1972  162.2  1960  159.0  1942  122.8  1931   87.5  1942   52.7  1917   34.2  1927   151.1  2025   432.8  1963   527.1  1948   290.6  1912  1470.0  1960
   42.2  1929   55.5  1980   93.2  1911  130.9  1981  170.4  1923  169.5  1964  161.7  1922  158.3  1910  122.5  1922   87.0  1916   51.7  1958   34.0  2002   150.6  1978   428.0  1936   525.2  1981   288.3  1960  1463.1  1987
   39.9  1914   54.3  2017   88.2  1942  128.3  1979  169.6  1931  166.9  1985  159.7  1968  155.7  1925  121.9  1924   86.4  2024   49.7  1945   34.0  1915   149.9  1958   426.6  2013   524.0  1922   288.2  1950  1460.6  1972
   39.9  1960   53.9  1979   86.9  1936  127.1  1993  168.4  1926  157.4  1981  159.5  1966  155.1  1948  120.6  1950   86.2  1946   49.6  1946   33.7  1958   149.3  1976   426.5  2006   519.2  1916   287.9  1941  1448.2  1978
   39.7  1993   53.5  1978   85.4  1917  127.1  1932  167.2  1954  156.6  1954  158.8  1912  154.7  1917  119.8  1967   86.2  1914   49.6  1919   33.5  2015   148.5  1940   426.1  1960   512.2  1920   287.7  1993  1439.1  1937
   38.4  1975   53.2  1993   82.4  1960  127.1  1930  166.3  1969  155.0  1971  158.3  1938  153.9  1963  119.0  1916   86.0  2012   49.5  1953   33.4  1959   147.9  1957   426.1  2001   512.2  1978   282.1  1983  1436.8  1927
   38.3  1941   52.7  1927   82.2  1998  126.7  1998  166.1  2021  154.6  1988  154.1  1981  152.0  1913  118.7  1946   84.1  2019   49.4  1974   32.8  1918   147.1  2024   423.8  1931   511.4  1988   278.9  1957  1432.0  1963
   37.6  1953   50.7  1982   81.1  1980  126.7  1940  166.0  1975  152.8  1916  149.5  1936  150.9  1992  116.1  1969   82.0  2025   48.5  1981   32.6  1968   146.2  1921   416.0  1928   509.1  1987   276.8  1926  1431.9  1926
   37.1  1917   49.1  2026   77.2  2018  125.5  1963  165.7  1962  152.3  1958  148.5  1954  149.3  1931  115.4  1994   81.8  1960   47.1  1968   32.5  1916   145.0  1935   415.0  1937   508.9  2012   269.7  2024  1430.6  1920
   36.8  1972   48.9  2024   75.4  1947  125.5  1970  165.6  2006  152.1  1998  148.4  1962  148.2  2015  114.0  1983   81.1  1924   47.0  2008   32.4  1912   144.6  1913   413.8  1996   507.9  1931   268.4  1984  1423.0  1954
   36.7  1964   47.2  1912   74.7  1996  121.3  1978  165.5  1951  150.1  1979  147.9  1932  146.1  1977  112.9  1957   80.8  1918   46.4  1936   32.3  1978   142.3  1964   408.0  1930   498.3  1956   267.8  1916  1412.8  1966
   35.8  1966   46.0  1926   70.6  1969  120.8  1926  162.8  1938  148.4  1956  143.6  1937  145.5  1954  112.1  1984   79.0  1966   44.5  1932   30.9  1971   141.0  1993   405.0  1926   489.3  1977   267.7  1927  1402.0  1931
   35.4  1921   45.2  1958   70.5  1975  120.5  1913  161.8  1941  146.9  1997  140.6  1978  143.1  1971  111.9  1956   78.2  1963   44.0  1941   29.7  2010   138.1  1969   404.4  1923   488.0  1965   263.6  1963  1401.9  1916
   34.6  2021   42.6  1942   69.8  1916  118.2  1937  158.3  1994  143.0  1987  140.2  1920  137.1  2021  110.9  1927   75.8  1934   42.3  1926   29.1  2021   133.7  1919   402.7  1991   487.1  1927   257.0  1932  1400.1  1936
   33.5  1973   42.5  2011   68.3  1984  115.1  1931  157.7  1930  141.3  2012  133.9  1910  136.8  2010  108.5  1920   72.8  1982   40.8  1939   28.3  1934   131.9  1917   399.1  1964   479.2  1913   255.6  1924  1390.2  1932
   33.2  1969   42.3  1965   67.9  1964  112.8  1941  149.4  1983  134.1  1991  132.9  1919  135.3  1922  107.4  1932   71.8  1910   37.4  1994   26.9  1969   131.0  1942   392.6  1941   477.9  1910   255.0  1936  1379.4  1912
   33.1  1936   40.6  1972   66.8  2013  103.9  1918  145.1  1984  134.1  1990  130.6  1927  127.9  2008  106.6  1951   69.4  2020   37.3  1934   25.6  1989   127.3  1966   392.4  1983   475.9  1958   254.5  1946  1378.6  1913
   32.2  1955   39.6  1976   66.3  1981   97.5  1961  144.2  1991  133.0  1923  127.2  1965  126.2  1968  105.7  1993   67.9  1968   35.4  1962   22.8  2024   125.9  1912   390.6  1932   466.7  1968   251.0  1976  1360.3  1958
   32.1  1912   32.5  1966   66.1  2001   93.8  1966  127.2  1981  132.7  1977  125.9  1944  125.4  1958  101.1  1936   66.9  1915   35.2  1912   21.6  2023   119.3  2011   380.9  1975   458.1  1912   249.1  1945  1359.6  1968
   32.1  1970   27.6  1940   65.8  1992   89.7  1920  121.3  1932  126.9  2016  120.4  1913  105.0  1912   79.6  1945   63.7  1976   29.5  2015   17.6  1956   108.3  1972   324.4  1981   450.6  1954   247.8  1968  1338.1  1981
   29.5  1996   26.4  1947   63.8  2023    ---  2026    ---  2026    ---  2026    ---  2026    ---  2026    ---  2026    ---  2026    ---  2026    ---  2026     ---  1910     ---  2026     ---  2026     ---  2026     ---  2026
