Areal values from HadUK-Grid 1km gridded climate data from land surface network
Source: Met Office National Climate Information Centre
Monthly, seasonal and annual mean of daily maximum air temperature for England SE and Central S
Areal series, starting in 1884
Last updated 01-Apr-2026 11:35
    jan  year    feb  year    mar  year    apr  year    may  year    jun  year    jul  year    aug  year    sep  year    oct  year    nov  year    dec  year     win  year     spr  year     sum  year     aut  year     ann  year
    9.9  2007   11.1  2024   13.9  1938   18.2  2011   19.5  1989   23.5  2023   26.1  2018   25.7  1995   22.6  2023   18.5  1921   13.2  2011   12.8  2015   10.21  2016   16.32  2025   24.10  1976   17.04  2006   16.11  2022
    9.8  2008   11.0  2019   13.5  2012   17.7  2007   19.4  2018   23.4  1976   26.1  2006   25.4  2022   22.6  1929   17.6  2022   12.9  2015   10.4  1934    9.72  2024   16.30  1893   23.87  2022   17.01  2023   15.93  2025
    9.8  1916   10.9  1990   13.2  1948   17.1  1893   19.4  2025   22.8  2025   25.7  1983   25.3  1947   21.9  1895   17.2  2023   12.8  1994   10.3  2023    9.67  1990   15.71  2011   23.57  2018   16.71  2011   15.66  2023
    9.7  1921   10.6  2022   13.0  2017   16.8  2025   19.3  1992   22.3  1940   25.3  1911   24.9  2003   21.7  1898   17.1  1995   12.8  2022   10.3  1974    9.67  2007   15.58  2020   23.53  2025   16.63  2022   15.65  2014
    9.6  1990   10.6  2002   12.9  1961   16.7  2020   19.2  2020   22.0  2018   25.1  2022   24.8  1911   21.7  1959   17.1  1959   12.5  2006   10.1  2018    9.67  2014   15.52  2007   23.31  1911   16.50  1959   15.64  2020
    9.6  1975   10.5  1998   12.9  1893   15.9  1943   19.0  2008   21.9  1970   25.0  1921   24.6  1899   21.6  1949   17.1  1969   12.4  1938   10.0  1994    9.64  2020   15.31  2017   23.26  1995   16.46  2014   15.47  2018
    9.4  2014   10.3  1945   12.9  2025   15.5  1945   19.0  1893   21.9  2017   24.9  1976   24.3  1990   21.6  2006   17.1  2006   12.3  2020    9.9  1898    9.52  1989   15.20  1945   23.22  1899   16.02  1949   15.34  1921
    9.4  1993   10.3  2026   12.8  2014   15.3  1946   18.9  1990   21.8  2006   24.6  2013   24.2  1997   21.0  2016   17.0  2005   12.1  2009    9.9  1900    9.52  2022   15.05  2022   23.10  2006   15.93  2021   15.33  1989
    9.4  1983   10.3  2008   12.8  1957   15.0  2014   18.8  1922   21.8  1957   24.4  1989   24.1  1975   21.0  2021   17.0  2011   12.1  2002    9.9  1918    9.48  2008   15.04  1948   23.02  2003   15.92  2005   15.33  2003
    9.3  2012   10.2  2020   12.6  2026   15.0  1914   18.8  1998   21.6  1950   24.4  1995   24.0  1976   20.9  1911   16.9  2001   12.0  2025    9.9  1988    9.46  1975   15.04  1943   22.86  1947   15.89  1898   15.31  2011
    9.3  2020   10.0  1995   12.5  2003   15.0  1949   18.7  1917   21.6  1896   24.3  2025   23.9  1933   20.8  2003   16.7  2014   12.0  2014    9.8  2025    9.40  1995   14.93  1990   22.78  1983   15.76  2009   15.24  2024
    9.1  1989    9.9  2023   12.5  1997   14.9  1944   18.6  1919   21.5  1893   24.2  1934   23.6  2020   20.7  2014   16.5  1949   11.9  2003    9.8  2013    9.34  2026   14.90  2014   22.70  1933   15.73  1929   15.22  2006
    9.0  2018    9.8  1961   12.4  1990   14.9  2015   18.5  1918   21.4  2010   24.1  1994   23.4  2025   20.6  1947   16.2  1945   11.9  1997    9.7  1953    9.31  2019   14.78  2009   22.63  1989   15.66  1921   15.21  1949
    9.0  1974    9.8  2000   12.3  1945   14.9  2009   18.4  1947   21.4  2003   24.0  2014   23.4  1955   20.5  2005   16.2  1971   11.9  1913    9.7  1912    9.25  1998   14.73  2024   22.40  1949   15.63  2020   15.21  1990
    9.0  1999    9.8  1926   12.3  2022   14.9  1894   18.3  1940   21.3  1899   23.8  1900   23.3  1884   20.5  1933   16.2  2013   11.8  1939    9.6  2011    9.18  1899   14.71  2003   22.38  1975   15.62  1947   15.16  2019
    9.0  1890    9.8  2014   12.1  2019   14.7  2003   18.3  2017   21.2  1925   23.8  1949   23.1  1983   20.4  1999   16.1  2017   11.7  1978    9.6  2016    8.93  1949   14.64  1997   22.29  1921   15.59  1997   15.11  2017
    9.0  2005    9.7  1903   12.1  1933   14.7  2022   18.3  1952   21.1  1917   23.7  1899   23.1  1893   20.3  1921   16.1  1908   11.7  1899    9.6  2021    8.76  1999   14.58  2019   22.29  1959   15.54  2003   15.11  1995
    9.0  2016    9.7  1914   12.0  2024   14.6  2017   18.2  2024   21.1  1992   23.6  2019   23.1  1932   20.2  2020   16.1  1989   11.6  1984    9.5  1954    8.75  1920   14.43  1933   22.09  1887   15.52  1995   15.10  2007
    9.0  1930    9.6  2007   11.9  1929   14.6  1987   18.2  1911   21.1  2005   23.5  1999   22.9  1937   20.2  1991   16.0  2021   11.6  1951    9.5  2019    8.75  1943   14.38  1961   22.09  2023   15.49  1978   15.07  1959
    8.9  1932    9.6  1989   11.9  2007   14.6  2002   18.2  1895   21.0  2022   23.5  1935   22.9  1944   20.0  1964   15.9  1978   11.5  1963    9.5  2006    8.74  2002   14.36  1999   22.08  2019   15.48  2018   14.98  1999
    8.9  1944    9.6  1997   11.9  2009   14.6  1952   18.1  2022   21.0  1895   23.4  1887   22.9  2016   20.0  1961   15.8  1968   11.5  1986    9.4  2024    8.72  2012   14.31  1992   22.07  2020   15.44  2002   14.98  2015
    8.9  2002    9.6  1949   11.8  1989   14.5  2010   17.9  1970   21.0  1933   23.3  1959   22.9  1959   20.0  1934   15.8  1990   11.5  2018    9.3  1985    8.67  2000   14.31  2012   22.05  1893   15.41  1999   14.94  2002
    8.8  1948    9.6  1928   11.8  1920   14.5  2019   17.9  1999   20.9  2004   23.2  1901   22.9  1989   20.0  2011   15.7  2024   11.5  1970    9.3  1955    8.65  1935   14.23  1921   22.04  2013   15.40  1989   14.93  1997
    8.7  1884    9.5  1920   11.7  2002   14.5  1948   17.9  2016   20.9  2014   23.1  1933   22.9  1949   19.9  1926   15.7  2009   11.4  1895    9.2  1986    8.64  2017   14.22  1952   21.91  1934   15.40  2016   14.92  2016
    8.6  1994    9.4  1950   11.7  1950   14.3  1912   17.8  1964   20.8  1889   23.1  1941   22.8  2024   19.8  1890   15.7  2018   11.4  1992    9.2  1921    8.60  1974   14.18  2002   21.85  1935   15.38  2025   14.85  2005
    8.5  1949    9.3  2011   11.5  1972   14.3  1997   17.8  1943   20.8  1947   23.1  2010   22.7  1984   19.8  1989   15.6  1954   11.3  1953    9.1  1959    8.55  1916   14.17  1959   21.82  2014   15.29  1971   14.74  2004
    8.5  1938    9.2  1980   11.5  1991   14.3  2018   17.8  1956   20.8  1921   23.0  1923   22.7  2019   19.8  2004   15.6  1947   11.2  1995    9.1  1911    8.51  2023   14.15  2018   21.80  1994   15.24  2015   14.73  1893
    8.5  2022    9.2  2017   11.5  1998   14.0  1961   17.8  2023   20.8  2009   23.0  1905   22.7  1991   19.8  1982   15.6  1977   11.2  2023    9.1  1942    8.47  1925   14.14  1912   21.77  1990   15.24  1970   14.71  2009
    8.4  1899    9.1  1899   11.5  1943   14.0  1921   17.8  2001   20.8  1934   23.0  1928   22.6  2013   19.7  2019   15.4  1965   11.2  1928    9.0  1998    8.41  1937   14.12  1896   21.76  2017   15.22  2001   14.64  1899
    8.4  1988    9.1  1943   11.4  2000   14.0  2024   17.8  1945   20.8  1960   22.9  1990   22.6  1935   19.7  1971   15.4  1986   11.2  2007    9.0  1929    8.40  1957   14.10  2008   21.75  1984   15.21  1913   14.59  2021
    8.4  1898    9.1  1885   11.4  1894   13.9  1933   17.7  1959   20.8  2021   22.9  1955   22.5  2004   19.7  1997   15.4  1979   11.1  1982    9.0  1966    8.40  2004   14.09  1998   21.75  2005   15.15  1895   14.59  1943
    8.4  2015    9.0  1937   11.4  1921   13.9  1909   17.6  1944   20.8  2020   22.8  1904   22.5  2018   19.6  1900   15.4  1996   11.1  1954    8.9  1997    8.37  1913   14.06  1989   21.71  1955   15.14  2024   14.57  1911
    8.4  2004    9.0  1946   11.4  2011   13.9  2004   17.6  1896   20.7  1887   22.7  2003   22.5  1906   19.6  1906   15.4  1943   11.0  1960    8.9  1915    8.31  1923   14.04  1944   21.70  2010   15.13  1938   14.56  1994
    8.4  1998    9.0  1939   11.4  1907   13.9  1955   17.6  2011   20.7  1942   22.7  2001   22.5  1973   19.5  2002   15.3  1913   11.0  1894    8.9  1949    8.29  1950   13.95  1938   21.69  1997   15.12  2004   14.53  1998
    8.4  2023    8.9  1923   11.4  1999   13.8  1995   17.6  1953   20.7  1975   22.7  1896   22.3  2002   19.5  2009   15.2  1906   11.0  1908    8.9  1910    8.25  1921   13.93  2015   21.65  2024   15.11  1906   14.49  1945
    8.3  1969    8.8  1977   11.4  1994   13.8  1999   17.6  1976   20.7  1930   22.6  2021   22.2  1898   19.5  1907   15.2  1957   10.9  2001    8.9  1951    8.24  2015   13.89  2023   21.59  2004   15.08  1899   14.47  2008
    8.3  1928    8.8  1957   11.2  2021   13.8  1942   17.5  2009   20.6  1959   22.6  1971   22.2  2000   19.5  2022   15.2  1997   10.9  1931    8.8  1972    8.23  1988   13.83  1940   21.57  2016   15.07  2007   14.46  2000
    8.3  1906    8.8  1958   11.1  1896   13.8  1892   17.4  1960   20.6  1989   22.5  1969   22.2  1998   19.5  1973   15.2  1961   10.9  1946    8.8  1924    8.21  1898   13.82  2004   21.53  2001   15.05  1969   14.45  1976
    8.3  1920    8.7  2016   11.1  1959   13.7  2005   17.4  1948   20.5  1897   22.4  1984   22.2  1919   19.4  1970   15.2  1920   10.9  1898    8.8  2014    8.18  2005   13.81  1957   21.50  1999   15.01  2013   14.44  1948
    8.2  1995    8.7  1966   11.1  1903   13.7  1959   17.4  1995   20.5  1949   22.4  1897   22.1  2005   19.3  1998   15.1  2025   10.8  2024    8.8  1993    8.16  1994   13.78  1995   21.50  1901   15.01  2017   14.39  1934
    8.2  1957    8.7  1935   11.0  1967   13.6  1916   17.3  2004   20.5  1941   22.4  1885   22.1  2009   19.3  2000   15.1  2016   10.8  1917    8.8  1983    8.16  2025   13.73  1914   21.43  1996   14.90  1928   14.39  1961
    8.1  1925    8.7  1918   11.0  1902   13.6  1896   17.3  1933   20.4  1982   22.3  1947   22.1  1887   19.3  2018   15.1  1898   10.8  1948    8.7  1971    8.15  1922   13.70  1920   21.38  2009   14.88  1990   14.36  1898
    8.1  1937    8.7  1992   10.9  2020   13.5  1993   17.3  1889   20.4  1996   22.3  2017   22.0  2001   19.2  1884   15.1  1999   10.8  2021    8.7  1948    8.13  1967   13.63  2005   21.37  1897   14.87  1945   14.31  2001
    8.1  1943    8.7  1967   10.9  1981   13.5  1984   17.3  1912   20.4  1973   22.3  1975   22.0  1981   19.2  1985   15.1  1886   10.8  1981    8.7  1977    8.09  1948   13.60  1927   21.37  1896   14.86  1961   14.29  1938
    8.1  1976    8.6  1897   10.8  1912   13.5  1990   17.3  1916   20.3  1993   22.2  1952   21.7  2012   19.2  1939   15.0  2007   10.8  2004    8.7  1979    8.01  1912   13.60  2010   21.30  2021   14.83  1994   14.26  2012
    8.0  1923    8.5  1974   10.8  1992   13.4  1960   17.3  1927   20.3  1966   22.2  2016   21.7  1996   19.2  1981   15.0  1942   10.7  1964    8.7  2012    7.94  2018   13.60  1894   21.29  1900   14.83  1908   14.24  1914
    8.0  2026    8.5  2001   10.8  1927   13.4  1901   17.2  1921   20.3  2015   22.2  1996   21.7  1914   19.2  1958   15.0  1925   10.7  1999    8.7  1989    7.93  1930   13.59  1993   21.28  1940   14.82  1982   14.24  1957
    8.0  2000    8.5  2021   10.7  2015   13.4  1982   17.2  1934   20.3  1914   22.1  1967   21.7  1916   19.2  1914   15.0  2015   10.7  2017    8.6  1984    7.90  2001   13.57  2000   21.17  1973   14.79  1984   14.23  1983
    7.8  2024    8.5  1925   10.7  2005   13.4  2023   17.2  1892   20.3  1961   22.1  1929   21.7  1901   19.1  1899   14.9  1984   10.6  1959    8.5  1919    7.88  2003   13.57  1982   21.14  1906   14.77  1953   14.22  1933
    7.7  1913    8.4  1975   10.6  1905   13.4  1939   17.1  2012   20.2  1908   22.0  2005   21.6  1999   19.1  1941   14.9  1962   10.6  1947    8.5  2000    7.83  1903   13.54  2016   21.13  1937   14.74  2019   14.17  1982
    7.7  1981    8.4  1912   10.6  1973   13.4  1904   17.1  1982   20.2  2024   22.0  1925   21.6  2023   19.1  1955   14.9  1970   10.6  1929    8.5  2003    7.78  1973   13.53  1953   21.13  1957   14.73  1900   14.12  1928
    7.6  1984    8.3  1884   10.6  1993   13.4  1957   17.1  2019   20.2  1986   22.0  1997   21.6  1940   19.0  2007   14.8  1985   10.6  1888    8.5  2002    7.76  2021   13.48  1950   21.12  1884   14.72  2000   14.06  1992
    7.5  1902    8.3  2004   10.5  1953   13.4  1926   17.1  2000   20.1  1984   21.9  2024   21.6  1926   19.0  2025   14.8  1937   10.6  1940    8.4  2007    7.76  1993   13.46  1960   21.10  1952   14.71  1954   14.06  1975
    7.4  1962    8.3  1908   10.5  1897   13.3  1980   17.1  1997   20.1  1952   21.8  1951   21.5  1953   18.9  2013   14.8  1988   10.6  1983    8.4  2004    7.73  1984   13.43  1895   21.09  1925   14.66  1979   14.06  1984
    7.4  2003    8.3  1894   10.5  1966   13.3  2006   17.1  1936   20.0  2007   21.8  2020   21.5  1994   18.9  1980   14.8  2004   10.5  2000    8.3  1956    7.71  1980   13.35  1929   21.01  2015   14.66  1951   14.06  1947
    7.4  1927    8.3  1898   10.5  1918   13.2  1937   17.1  2007   19.9  2019   21.8  2015   21.5  1938   18.9  1886   14.7  2002   10.5  1906    8.3  2017    7.71  1961   13.33  1949   20.99  1950   14.66  1911   14.00  1884
    7.4  1939    8.2  1910   10.4  2023   13.2  1900   17.0  1920   19.9  1936   21.8  1943   21.4  1909   18.9  1940   14.7  1916   10.5  1897    8.3  1965    7.69  1960   13.27  1918   20.98  1932   14.64  1907   13.98  1953
    7.3  1924    8.2  1999   10.4  1936   13.2  1974   17.0  1908   19.9  2001   21.7  1906   21.4  1936   18.9  1928   14.7  2019   10.4  2008    8.3  1980    7.62  1939   13.21  1956   20.96  1970   14.63  1964   13.97  1900
    7.2  1936    8.2  1891   10.4  1884   13.2  1947   17.0  1901   19.8  1891   21.7  1982   21.4  2006   18.9  2024   14.7  1994   10.4  2012    8.3  1999    7.61  1992   13.17  1946   20.95  1982   14.62  1991   13.96  1935
    7.2  1900    8.2  1988   10.4  1977   13.2  1996   17.0  1890   19.8  1994   21.7  1945   21.4  1939   18.8  1978   14.7  1930   10.4  1930    8.2  1973    7.60  1958   13.15  1988   20.94  1969   14.61  1886   13.96  1973
    7.2  1971    8.2  1905   10.3  1978   13.2  1940   17.0  1915   19.8  2000   21.6  1893   21.3  1886   18.8  1966   14.7  2010   10.4  1979    8.2  2020    7.57  1946   13.03  1947   20.93  1941   14.61  1948   13.96  2013
    7.2  2017    8.1  1921   10.3  1935   13.1  2008   17.0  1937   19.8  1911   21.5  1926   21.3  1942   18.8  1891   14.6  1928   10.4  1900    8.2  1941    7.51  1926   13.01  1939   20.90  1914   14.59  1914   13.91  1913
    7.2  1956    8.1  1893   10.3  1968   13.0  1985   16.9  1988   19.8  1937   21.5  1964   21.2  1943   18.8  1917   14.6  1972   10.3  1907    8.2  1936    7.50  1932   13.01  1913   20.85  1943   14.51  1890   13.91  1971
    7.2  1922    8.1  1922   10.2  1956   12.9  1898   16.9  1884   19.7  1915   21.5  1991   21.2  1897   18.8  1938   14.6  1958   10.3  1989    8.1  1945    7.47  1972   13.00  1976   20.82  1904   14.49  1939   13.88  1906
    7.1  1926    8.1  2025   10.2  1913   12.8  1992   16.9  2006   19.7  1919   21.5  1979   21.1  1964   18.7  1990   14.6  1910   10.3  1955    8.1  1914    7.47  1981   12.99  1905   20.80  1992   14.49  1920   13.87  1937
    7.1  1951    7.9  1971   10.2  1926   12.8  1885   16.8  2014   19.7  1938   21.5  2008   21.1  2017   18.7  1942   14.6  1897   10.2  1974    8.1  1922    7.42  1905   12.99  1942   20.79  1942   14.48  1986   13.86  1988
    7.0  1896    7.8  2003   10.2  2004   12.8  1976   16.8  2003   19.7  2008   21.5  1946   21.1  1923   18.7  1948   14.5  1893   10.2  1920    8.1  1987    7.40  1983   12.98  1934   20.77  1944   14.47  1941   13.86  1944
    7.0  2025    7.7  1913   10.2  2010   12.8  1969   16.8  1971   19.6  1995   21.4  1886   21.1  1918   18.7  2012   14.5  1967   10.2  1935    8.0  1891    7.38  1928   12.97  2001   20.75  2000   14.46  1943   13.81  1926
    7.0  1903    7.6  1896   10.2  1982   12.8  1938   16.8  1913   19.6  1910   21.4  1898   21.0  1930   18.6  1987   14.5  1927   10.2  1945    8.0  1958    7.37  1976   12.95  1907   20.74  1895   14.41  1934   13.81  1920
    7.0  2006    7.6  1982   10.2  1995   12.8  1927   16.8  1909   19.6  1901   21.4  1957   21.0  1921   18.6  1915   14.5  1941   10.1  1914    8.0  1897    7.34  1914   12.95  1890   20.74  2002   14.40  1963   13.80  1918
    7.0  1973    7.6  1948   10.2  2008   12.7  1968   16.8  1905   19.5  2016   21.3  1985   21.0  1987   18.6  1937   14.5  1914   10.1  2005    7.9  1888    7.34  1906   12.94  1991   20.72  1905   14.40  1940   13.77  1970
    7.0  2019    7.6  1938   10.1  1910   12.7  1906   16.7  1993   19.5  1943   21.3  2004   21.0  1969   18.6  1953   14.5  1899   10.1  2016    7.9  1894    7.32  1915   12.91  2006   20.63  1898   14.39  1996   13.77  1929
    7.0  1934    7.6  1915   10.1  1923   12.6  1895   16.6  1929   19.5  1885   21.3  1912   21.0  1904   18.6  1893   14.4  1903   10.0  1990    7.9  1947    7.32  1911   12.89  1994   20.62  1967   14.38  1930   13.74  1939
    6.9  1935    7.5  2009   10.1  2016   12.6  2016   16.5  1924   19.5  1922   21.2  2023   21.0  1952   18.6  1901   14.4  2020   10.0  1973    7.8  1932    7.31  1894   12.85  1884   20.62  1961   14.37  1958   13.74  1897
    6.9  2011    7.5  1973   10.0  1988   12.6  1934   16.5  2005   19.5  1939   21.2  2009   21.0  1970   18.5  1969   14.4  2008   10.0  1892    7.8  1991    7.31  1910   12.83  1974   20.62  1945   14.36  1933   13.72  1930
    6.8  1967    7.5  1911   10.0  1940   12.6  1965   16.3  1980   19.4  1920   21.2  1908   21.0  2015   18.5  1913   14.4  1953   10.0  1924    7.8  1931    7.29  1966   12.82  1926   20.60  1930   14.36  1968   13.71  1993
    6.8  1968    7.4  1960   10.0  1890   12.5  1928   16.3  1914   19.4  1900   21.1  1992   20.9  2007   18.5  1936   14.4  1983   10.0  1991    7.8  1982    7.28  1896   12.81  1928   20.56  1886   14.34  1955   13.69  1896
    6.8  1950    7.4  2015   10.0  1899   12.5  1988   16.3  1978   19.4  1935   21.1  1986   20.9  1945   18.5  1919   14.4  1987    9.9  1971    7.8  2005    7.27  1938   12.80  1954   20.55  1928   14.34  1983   13.66  1967
    6.8  1970    7.3  1933    9.9  1928   12.5  1954   16.3  1939   19.4  1932   21.0  1884   20.8  1929   18.5  1943   14.4  1966    9.9  1949    7.7  1904    7.23  1971   12.80  1972   20.55  1908   14.33  1998   13.64  1950
    6.8  1986    7.3  1972    9.9  1983   12.4  1915   16.3  1950   19.4  1983   21.0  2002   20.8  1980   18.5  1951   14.3  1948    9.9  2013    7.7  1893    7.19  1952   12.79  2021   20.53  1885   14.26  1973   13.63  1955
    6.7  2001    7.2  1962    9.9  1914   12.4  1953   16.3  1910   19.3  1913   21.0  1987   20.7  1982   18.4  1956   14.3  2000    9.8  1903    7.6  1907    7.16  1944   12.76  1903   20.52  2008   14.25  2008   13.62  1969
    6.7  1961    7.2  2012    9.9  1954   12.4  1886   16.2  2002   19.3  1968   20.9  1977   20.7  1961   18.4  2010   14.3  1934    9.8  1926    7.5  1978    7.09  2006   12.75  1911   20.52  1929   14.24  2012   13.60  1960
    6.7  1991    7.1  1927    9.9  1952   12.4  1950   16.2  1903   19.3  2011   20.9  1961   20.7  1934   18.4  1935   14.3  1998    9.8  1941    7.5  1957    7.08  1885   12.71  1966   20.49  1926   14.15  1987   13.59  1991
    6.6  1958    7.0  1964    9.6  1965   12.3  1963   16.1  2015   19.3  1969   20.8  1917   20.7  1895   18.4  1975   14.3  1938    9.8  1975    7.4  1913    7.06  1901   12.70  1936   20.48  1923   14.15  1977   13.58  1940
    6.6  2021    7.0  2005    9.6  1930   12.3  1902   16.1  1942   19.3  1999   20.7  1918   20.7  1950   18.2  1945   14.3  1963    9.8  1886    7.4  1884    7.05  1908   12.70  1981   20.40  1964   14.11  1946   13.57  1974
    6.6  1918    7.0  1994    9.5  1944   12.3  1920   16.1  1961   19.2  1945   20.7  1914   20.6  1892   18.2  2017   14.2  1901    9.8  1902    7.3  2022    7.04  1890   12.69  1973   20.37  2007   14.11  1926   13.54  1966
    6.6  1910    7.0  1887    9.5  1974   12.3  1930   16.1  1925   19.2  1931   20.7  1944   20.6  2011   18.2  1979   14.2  1909    9.8  2019    7.3  1930    7.04  2013   12.69  1910   20.36  1938   14.10  1988   13.51  1908
    6.6  1904    7.0  1931    9.5  1960   12.2  2012   16.1  2010   19.2  1905   20.7  1950   20.6  2010   18.1  1995   14.2  1976    9.8  1944    7.2  1895    7.01  1962   12.68  1915   20.33  1917   14.09  1935   13.51  1951
    6.6  1996    6.9  1934    9.5  1941   12.2  1994   16.1  1954   19.2  1906   20.6  1973   20.6  2014   18.1  1920   14.2  1890    9.7  1889    7.2  1909    6.97  1954   12.67  1967   20.32  1993   14.09  1903   13.50  1894
    6.6  1912    6.9  1951    9.4  1895   12.2  1991   16.1  1949   19.1  1967   20.6  1937   20.6  1900   18.1  1923   14.2  1900    9.7  1977    7.1  1975    6.96  1927   12.66  1965   20.31  1918   14.09  1960   13.50  2010
    6.5  1960    6.9  1976    9.3  1939   12.2  1972   16.0  1928   19.1  1951   20.6  1902   20.5  1967   18.1  1983   14.2  1933    9.7  1996    7.0  1990    6.87  1919   12.65  1919   20.30  1998   14.08  1942   13.48  1901
    6.5  1905    6.9  1916    9.3  1963   12.2  1975   16.0  1966   19.1  1963   20.6  1948   20.5  1913   18.1  1930   14.1  1907    9.6  1916    7.0  1923    6.85  1978   12.64  1980   20.25  1889   14.06  1937   13.46  1912
    6.4  1992    6.9  1987    9.1  1934   12.1  1899   15.8  1969   19.1  1918   20.6  1895   20.5  2021   18.0  1968   14.0  2003    9.5  1988    7.0  1905    6.81  2009   12.62  1916   20.22  1991   14.05  1981   13.45  1925
    6.4  1901    6.9  1959    9.1  1924   12.1  1935   15.8  1965   19.0  1953   20.5  1903   20.5  1972   18.0  1996   14.0  1891    9.5  1972    7.0  1992    6.81  1931   12.60  1935   20.18  1953   14.04  1917   13.45  1964
    6.3  1972    6.8  1953    9.0  1942   12.1  2000   15.8  1958   19.0  1884   20.5  1958   20.5  1915   18.0  1903   14.0  1951    9.5  1976    7.0  1902    6.77  1959   12.60  1897   20.17  1951   14.02  1897   13.44  1946
    6.3  1915    6.8  1941    9.0  1949   12.1  1923   15.8  1974   18.9  1886   20.5  1981   20.4  1928   18.0  1976   14.0  1929    9.5  1890    6.9  2001    6.77  1933   12.57  1892   20.17  1936   13.99  1975   13.43  1936
    6.3  2013    6.8  1984    9.0  2001   12.1  2001   15.8  1973   18.9  1962   20.5  1894   20.4  1988   17.9  1932   14.0  1924    9.5  1943    6.9  1967    6.67  1892   12.57  1901   20.15  1919   13.99  1916   13.43  1952
    6.3  1978    6.8  1993    8.9  1946   12.1  1964   15.7  1985   18.9  2002   20.5  1972   20.3  2008   17.9  1902   13.8  1923    9.5  1918    6.9  1920    6.64  1924   12.57  1937   20.15  1939   13.96  1891   13.42  1923
    6.2  1982    6.8  1892    8.9  1932   12.1  1907   15.7  1897   18.9  1974   20.5  2011   20.3  1993   17.9  1988   13.8  1975    9.5  1987    6.9  2008    6.61  1918   12.53  1987   20.12  2011   13.96  2010   13.42  1904
    6.2  1952    6.7  1970    8.8  1885   12.1  1981   15.7  1886   18.8  1997   20.5  1932   20.3  1957   17.9  2008   13.8  1904    9.4  1969    6.8  1908    6.59  1955   12.51  1968   20.01  2012   13.90  1976   13.40  1895
    6.2  1965    6.7  1904    8.8  2018   12.0  1967   15.7  1888   18.8  1955   20.4  1924   20.3  1974   17.9  2015   13.8  1960    9.4  1950    6.8  1960    6.54  1945   12.49  1922   20.00  1986   13.89  1985   13.39  1903
    6.2  1931    6.6  1906    8.7  1906   12.0  2021   15.6  1931   18.8  1988   20.4  1942   20.2  1992   17.9  1946   13.8  1911    9.4  1932    6.8  1901    6.51  1997   12.46  1924   19.98  1981   13.89  1966   13.38  1978
    6.1  2009    6.5  1952    8.7  1986   12.0  2013   15.6  1904   18.7  2013   20.3  1916   20.2  1908   17.8  1889   13.7  1991    9.4  1998    6.7  2009    6.47  1977   12.45  1899   19.98  1971   13.83  1884   13.38  1958
    6.1  1894    6.5  2006    8.7  1911   12.0  1913   15.5  1977   18.7  1924   20.3  1993   20.2  1971   17.8  1992   13.7  1935    9.4  1961    6.7  1964    6.46  1970   12.44  1889   19.94  1915   13.83  1893   13.38  1996
    6.1  1909    6.5  2010    8.7  1889   11.9  1979   15.4  1930   18.7  1904   20.2  2012   20.0  1925   17.8  1984   13.7  1940    9.4  1958    6.7  1896    6.45  1936   12.43  1909   19.93  1966   13.80  1967   13.37  1932
    5.9  1907    6.4  1981    8.7  1915   11.9  1998   15.4  1946   18.6  1892   20.2  2000   20.0  1965   17.8  2001   13.7  2012    9.3  1911    6.7  1938    6.43  1889   12.42  1977   19.91  1987   13.76  1957   13.35  1916
    5.8  1946    6.3  2018    8.6  1976   11.9  1962   15.4  1907   18.6  1944   20.2  2007   20.0  1927   17.7  1967   13.7  1955    9.2  1968    6.6  1928    6.39  1897   12.41  1930   19.89  1960   13.72  1924   13.35  1977
    5.7  1977    6.3  1900    8.6  2006   11.9  1890   15.4  1935   18.6  1948   20.2  1889   19.9  1958   17.6  1888   13.6  1982    9.1  1967    6.6  1970    6.38  1904   12.41  1985   19.74  1913   13.71  1992   13.34  1980
    5.7  1919    6.1  1909    8.5  1925   11.8  1925   15.3  2013   18.6  1965   20.2  1956   19.9  1905   17.6  1916   13.6  1950    9.1  1927    6.5  1943    6.37  2011   12.38  1904   19.74  1979   13.70  1901   13.33  1915
    5.6  1911    6.1  1890    8.5  1985   11.8  1951   15.3  1906   18.6  1980   20.1  1998   19.9  1896   17.5  1910   13.6  1946    9.1  1891    6.5  1944    6.36  1900   12.36  1902   19.66  1948   13.65  1888   13.32  1942
    5.5  1888    6.1  1936    8.5  1931   11.8  1924   15.3  1987   18.5  1978   20.1  1970   19.8  1966   17.5  1904   13.6  1884    9.0  1936    6.5  1926    6.35  1956   12.33  1964   19.62  1958   13.64  1980   13.32  1905
    5.5  1959    6.0  2013    8.4  1971   11.7  1919   15.3  1957   18.5  1998   20.1  1930   19.8  1948   17.5  1960   13.6  1956    8.9  1957    6.4  1940    6.34  1909   12.29  1971   19.58  1968   13.63  1956   13.27  1910
    5.4  1889    6.0  1944    8.3  1980   11.7  1910   15.3  1900   18.5  1929   20.0  1940   19.8  1889   17.4  1944   13.5  1931    8.9  1904    6.4  1961    6.34  1987   12.28  1923   19.58  1974   13.62  1902   13.25  1981
    5.4  1954    5.9  1889    8.3  1979   11.7  1966   15.2  1899   18.5  1964   20.0  1953   19.8  1978   17.4  1954   13.4  1936    8.9  1922    6.3  1885    6.30  1902   12.27  1978   19.57  1892   13.62  1936   13.25  1954
    5.3  1955    5.9  1996    8.3  1922   11.6  1931   15.2  2021   18.5  1894   19.9  1938   19.7  1907   17.4  1963   13.3  1973    8.9  1956    6.1  1952    6.30  1968   12.24  1906   19.50  1902   13.58  1972   13.24  1941
    5.3  1964    5.8  1907    8.2  1984   11.6  1973   15.1  1981   18.4  1890   19.9  1963   19.7  1885   17.4  1908   13.3  1980    8.9  1934    6.1  1946    6.17  1991   12.23  1963   19.47  1946   13.58  1962   13.23  1972
    5.3  1980    5.7  1954    8.2  1898   11.6  1958   15.1  1938   18.3  1912   19.8  1968   19.6  1968   17.4  1892   13.3  1915    8.9  1912    6.0  1935    6.13  1965   12.17  1925   19.44  1980   13.51  1965   13.20  1907
    5.3  1953    5.7  1932    8.2  1904   11.6  1897   15.1  1991   18.3  1958   19.8  1891   19.6  1890   17.3  1950   13.2  1964    8.8  2010    5.9  1889    6.07  1953   12.05  1969   19.44  1916   13.49  1889   13.19  1924
    5.3  1908    5.6  1930    8.0  1951   11.6  1971   15.1  1963   18.3  1926   19.6  1915   19.6  1977   17.2  1924   13.2  1902    8.8  1885    5.9  1886    6.05  1969   12.04  1970   19.43  1891   13.47  1932   13.17  1987
    5.2  1914    5.6  1940    7.9  1908   11.5  1905   15.1  1994   18.2  1898   19.6  1966   19.6  1902   17.2  1962   13.1  1894    8.7  1937    5.9  1969    6.02  1982   11.94  1984   19.41  1894   13.47  1894   13.15  1927
    5.2  1892    5.5  1924    7.9  1891   11.5  1956   15.0  1986   18.2  1902   19.6  1974   19.6  1910   17.2  1896   13.1  1932    8.7  1980    5.9  1925    5.92  1986   11.94  1931   19.31  1988   13.46  1927   13.06  1968
    5.2  1933    5.4  1965    7.9  1996   11.4  1929   15.0  1967   18.2  1928   19.6  1927   19.6  1960   17.1  1977   13.1  1918    8.7  1884    5.9  1903    5.88  1887   11.92  1917   19.29  1924   13.43  1950   13.04  1890
    5.1  1886    5.4  1978    7.8  1975   11.4  1983   14.9  1926   18.2  1979   19.5  1939   19.5  1951   17.1  1885   13.0  1912    8.6  1962    5.8  1887    5.86  1951   11.92  1898   19.28  1985   13.42  1931   13.02  1889
    5.0  1966    5.4  1985    7.7  1987   11.4  1887   14.7  1979   18.1  1888   19.5  1931   19.5  1979   17.1  1957   13.0  1952    8.5  1942    5.8  1937    5.86  1996   11.91  1900   19.28  1963   13.41  1904   13.01  1886
    5.0  1885    5.2  1968    7.6  1919   11.3  1977   14.7  1972   18.0  2012   19.5  1962   19.4  1946   17.0  1897   13.0  1944    8.5  1966    5.7  1906    5.83  1985   11.90  1983   19.28  1931   13.39  1944   13.00  1902
    4.8  1887    4.9  1919    7.6  1970   11.3  1911   14.7  1898   18.0  1990   19.5  1892   19.3  1962   17.0  1994   12.9  1889    8.5  1905    5.6  1996    5.79  1907   11.83  1908   19.22  1962   13.19  1910   12.99  1965
    4.8  1947    4.8  1983    7.6  1969   11.3  1889   14.6  1923   17.8  1927   19.4  1909   19.3  1903   16.9  1918   12.7  1888    8.4  1933    5.6  1899    5.76  2010   11.83  1886   19.21  1978   13.13  1918   12.95  1922
    4.6  1997    4.7  1955    7.6  1947   11.2  1884   14.6  1968   17.7  1956   19.3  1960   19.2  1894   16.8  1905   12.6  1926    8.4  1893    5.4  1939    5.74  1893   11.81  1955   19.18  1910   13.05  1909   12.95  1985
    4.1  2010    4.7  1901    7.5  1937   11.0  1903   14.6  1891   17.7  1987   19.3  1913   19.2  1941   16.8  1922   12.6  1917    8.4  1965    5.3  1892    5.72  1964   11.79  1885   19.15  1903   12.98  1915   12.94  1986
    4.1  1897    4.7  1991    7.5  1958   10.9  1891   14.5  1894   17.7  1954   19.3  1890   19.2  1954   16.7  1927   12.5  1939    8.3  1901    5.3  1968    5.70  1934   11.66  1958   19.15  1890   12.94  1925   12.93  1931
    4.1  1891    4.4  1902    7.5  1886   10.9  1932   14.5  1932   17.6  1903   19.3  1978   19.1  1917   16.7  1993   12.4  1993    8.3  1909    5.2  1962    5.40  1941   11.66  1979   19.14  1927   12.89  1892   12.93  1956
    4.0  1893    4.4  1969    7.4  1887   10.9  1941   14.5  1951   17.6  1985   19.2  1936   19.1  1931   16.7  1965   12.2  1922    8.2  1993    5.2  1976    5.15  1888   11.60  1996   19.06  1909   12.85  1923   12.92  1919
    3.7  1942    4.2  1917    7.3  1901   10.8  1989   14.4  1983   17.5  1946   19.2  1907   19.0  1888   16.6  1909   12.2  1919    8.1  1921    5.2  1916    5.07  1979   11.44  1951   19.01  1977   12.64  1922   12.92  1979
    3.6  1929    4.1  1979    7.3  1900   10.8  1918   14.4  1955   17.4  1981   19.0  1980   18.9  1985   16.6  1972   12.2  1981    7.7  1887    5.1  1995    5.03  1886   11.43  1932   19.00  1965   12.47  1912   12.89  1885
    3.5  1979    4.0  1888    7.2  1955   10.6  1970   14.2  1975   17.2  1923   18.8  1988   18.9  1963   16.5  1986   12.1  1895    7.6  1985    4.9  1963    4.97  1942   11.39  1941   19.00  1972   12.46  1974   12.84  1891
    3.4  1985    3.6  1886    7.1  1964   10.6  1908   14.2  1887   17.1  1971   18.6  1919   18.7  1891   16.5  1974   12.0  1992    7.5  1910    4.7  1917    4.49  1929   11.37  1975   18.97  1912   12.41  1993   12.79  1909
    3.3  1895    3.1  1929    7.0  1916   10.5  1936   14.1  1984   16.9  1907   18.5  1920   18.7  1986   16.4  1887   11.6  1896    7.4  1896    4.4  1981    4.37  1940   11.23  1986   18.81  1920   12.39  1885   12.73  1887
    3.2  1945    2.8  1942    6.9  1962   10.3  1922   14.0  1962   16.4  1977   18.5  1922   18.7  1924   16.3  1925   11.5  1887    7.4  1925    4.4  1927    4.36  1895   11.21  2013   18.78  1922   12.34  1919   12.71  1892
    3.1  1941    2.3  1956    6.8  1917   10.1  1917   13.8  1996   16.3  1991   18.4  1965   18.5  1920   16.3  1894   11.4  1892    7.2  1952    3.7  1950    4.33  1891   11.13  1891   18.77  1956   12.21  1905   12.62  1917
    3.1  1917    1.8  1963    6.8  1892   10.1  1978   13.8  1941   16.3  1916   18.4  1910   18.4  1956   15.9  1952   11.4  1905    7.1  1915    3.3  1933    4.16  1917   10.98  1887   18.59  1907   12.06  1896   12.60  1962
    3.0  1987    1.6  1895    6.7  1909   10.0  1888   13.8  1902   16.2  1909   18.4  1954   18.4  1922   15.8  1931   11.3  1885    6.6  1923    3.3  2010    3.89  1947   10.90  1962   18.43  1954   12.04  1952   12.14  1888
    2.2  1940    1.3  1986    6.4  1888    9.9  1986   13.8  1885   16.0  1972   17.9  1888   17.2  1912   15.5  1912   10.8  1974    6.3  1919    1.1  1890    2.31  1963   10.69  1888   18.31  1888   11.85  1887   12.08  1963
   -0.1  1963    0.5  1947    6.4  2013    ---  2026    ---  2026    ---  2026    ---  2026    ---  2026    ---  2026    ---  2026    ---  2026    ---  2026     ---  1884     ---  2026     ---  2026     ---  2026     ---  2026
