Areal values from HadUK-Grid 1km gridded climate data from land surface network
Source: Met Office National Climate Information Centre
Monthly, seasonal and annual number of days in the month with precipitation amount >= 1mm for England SE and Central S
Areal series, starting in 1891
Last updated 01-Apr-2026 11:35
    jan  year    feb  year    mar  year    apr  year    may  year    jun  year    jul  year    aug  year    sep  year    oct  year    nov  year    dec  year     win  year     spr  year     sum  year     aut  year     ann  year
   23.9  2014   21.4  2014   21.2  1914   19.6  1998   18.5  1967   18.4  1991   19.4  1936   24.4  1912   20.7  1896   24.1  1903   22.6  1960   24.0  1934    62.3  2014    47.8  1983    51.4  1912    56.0  1960   163.2  1960
   21.2  1948   19.8  1923   20.6  2023   19.3  2000   17.6  1981   16.4  1946   16.8  1988   19.8  1891   20.1  1918   22.0  1907   22.6  2009   23.0  1911    54.0  1915    45.2  1979    47.1  1927    50.8  1976   156.6  1951
   20.4  1988   19.8  2020   20.4  1947   18.7  2012   17.5  1983   16.1  1935   16.6  1920   19.7  1941   18.1  1974   20.9  1909   22.2  1926   21.9  1915    52.4  1937    44.0  1981    43.0  1891    49.6  1935   152.1  1924
   19.8  1936   19.5  1951   20.3  1981   18.4  1920   17.3  1924   16.1  1998   16.5  1960   19.5  1956   17.4  1935   20.7  1976   21.5  2002   21.8  1929    51.3  1912    43.6  1951    42.2  1985    49.1  2000   152.0  2014
   19.5  1937   19.4  1910   19.3  1979   17.3  1935   17.1  1969   15.8  1912   16.5  1939   19.2  1917   17.2  1950   20.7  1960   20.8  1951   21.8  1914    50.4  1910    41.5  1913    41.7  1956    48.5  1974   151.2  1894
   19.4  1919   19.0  2026   18.9  1909   17.2  1932   16.9  1955   15.6  1997   16.0  2007   18.2  1927   16.5  1954   20.2  1891   20.4  1963   21.7  1959    50.2  2026    41.3  1986    41.4  2012    46.6  2019   151.2  1927
   19.3  1894   18.9  1937   18.7  2018   17.1  1983   16.5  1898   15.5  1985   16.0  1957   17.7  1924   16.3  1924   20.1  2020   19.9  1939   19.7  1993    50.0  2020    41.3  1932    40.5  1946    45.3  1891   150.6  1891
   18.6  2026   18.8  1916   18.0  1951   16.4  1966   16.4  1902   15.1  1909   15.9  1894   16.6  1946   16.0  1968   19.9  1923   19.0  2000   19.6  1919    49.6  1960    40.5  1947    40.5  1924    44.9  1954   149.4  1903
   18.6  1984   18.7  1893   17.4  1912   16.1  1907   16.1  2021   15.1  2016   15.9  2009   16.4  1897   15.7  2024   19.1  1928   18.8  1935   19.2  1978    49.5  1916    40.1  2023    40.3  1960    44.0  1944   149.3  1912
   18.6  1975   18.0  1977   17.2  1897   16.0  1926   16.1  1932   15.1  1936   15.9  1918   16.3  1958   15.5  1909   18.9  1932   18.4  1974   18.7  1891    49.2  1995    40.0  1920    39.8  1958    44.0  1903   148.8  1910
   18.4  1943   17.9  1900   17.0  1913   15.8  1913   15.8  1891   14.9  1987   15.7  2012   15.8  2008   15.5  1999   18.7  2019   18.4  2014   18.4  1999    48.3  1994    39.5  2000    39.7  1917    43.9  1918   147.6  1916
   18.4  1939   17.7  1995   16.8  1905   15.4  2001   14.8  1925   14.9  1927   15.2  1953   15.7  1985   15.5  1995   18.6  2000   18.0  1997   18.3  2023    47.4  1919    39.5  2024    39.2  1894    43.7  2022   146.4  2000
   18.1  1938   17.3  1957   16.6  1896   15.3  1931   14.7  2007   14.7  2007   14.9  1950   15.6  2004   15.0  1976   18.3  2012   18.0  1944   18.1  2020    47.3  2021    39.3  1963    39.1  1936    43.2  1896   145.8  1936
   18.1  1926   17.3  1904   16.3  1903   15.0  1899   14.4  1930   14.5  2012   14.4  1891   15.6  1992   14.9  1946   18.2  1916   18.0  1929   18.0  2019    47.0  1936    39.2  1937    38.6  1931    42.9  1982   144.8  1930
   18.0  1928   17.1  1915   16.0  2001   14.9  1970   14.2  2002   14.4  1982   14.1  1922   15.5  1951   14.6  2017   18.1  1981   17.7  1970   17.9  1965    46.2  1900    38.8  2018    38.6  2007    42.3  1939   144.6  2002
   17.9  1999   16.3  1950   15.5  2024   14.9  1963   14.1  1973   14.1  1902   14.1  1927   15.4  1902   14.5  1927   17.9  1967   17.6  1946   17.8  1918    45.6  2010    38.7  1994    38.2  1902    42.0  1930   143.7  1946
   17.9  1970   16.1  2007   15.4  1916   14.7  1925   14.1  2006   14.0  1980   14.1  1940   15.0  1950   14.1  1930   17.6  1987   17.4  2022   17.7  2012    45.6  1935    38.7  1897    38.1  1910    41.8  1924   143.6  1909
   17.8  2021   15.9  2010   15.2  1927   14.3  1922   14.0  1972   13.7  1907   13.9  2021   14.9  1931   13.8  1998   17.5  1939   17.4  1992   17.6  2009    45.4  1951    37.6  1903    37.1  1950    41.7  1984   143.0  1935
   17.8  1906   15.8  2002   15.2  1919   14.1  1986   13.9  1910   13.1  1948   13.6  1895   14.8  1903   13.7  1957   17.5  1998   17.2  2015   17.5  1942    45.4  1930    37.3  2008    37.1  1941    41.6  1909   142.2  2012
   17.8  1995   15.3  2024   14.8  2008   13.6  1897   13.8  2014   13.0  2011   13.6  1931   14.7  1942   13.7  1967   17.4  2004   17.2  1895   17.5  1912    45.3  1990    37.1  1907    36.8  1909    41.2  1963   142.1  2023
   17.6  2016   15.2  1966   14.7  1937   13.6  2004   13.8  1979   13.0  1958   13.3  1915   14.7  1963   13.6  1981   17.3  1966   16.8  2019   17.5  1909    45.3  1977    37.0  1914    36.6  1903    41.2  1998   141.6  1928
   17.5  1994   15.2  1925   14.7  1908   13.6  1951   13.8  2000   13.0  1905   13.0  1980   14.6  1960   13.5  1932   17.1  2013   16.8  1954   17.3  1896    45.1  1970    37.0  1924    36.1  1922    41.0  1932   141.3  1966
   17.4  1930   15.1  1906   14.7  1975   13.4  1950   13.6  1994   12.9  1910   13.0  1925   14.3  1895   13.5  1993   17.0  2001   16.7  1940   17.1  2002    45.1  2007    36.9  1972    36.0  1954    40.8  1981   141.0  1918
   17.4  1904   15.1  2000   14.6  1988   13.4  1989   13.5  1907   12.6  1916   12.9  1893   14.3  1905   13.2  1899   16.7  2014   16.3  1950   17.0  2013    44.6  1957    36.8  2001    35.2  1939    40.7  1938   140.4  1923
   17.2  1974   15.0  1990   14.6  1917   13.4  2008   13.4  1986   12.6  1945   12.8  1909   13.6  1900   13.1  1975   16.5  1896   16.3  2023   16.9  1966    44.6  1926    36.4  1923    34.9  1907    40.6  1992   140.2  1914
   16.8  1922   14.5  1914   14.4  1980   13.3  1910   13.1  1942   12.6  1900   12.6  1924   13.5  2014   12.9  1965   16.3  1917   16.2  1900   16.7  1984    43.8  1904    36.2  1965    34.3  1957    40.1  1916   140.0  1939
   16.7  1971   14.3  1970   14.3  1963   13.1  1937   12.7  1904   12.3  1968   12.5  1966   13.4  1922   12.9  1994   16.0  1982   16.0  1984   16.7  1938    43.7  1966    36.1  1930    34.2  1953    40.0  1926   139.9  1937
   16.6  1986   14.3  1912   14.1  1978   13.0  1961   12.2  1903   12.2  1963   12.5  1965   13.3  1925   12.9  1992   15.9  1924   15.8  1930   16.6  1910    43.3  2016    36.0  1909    34.0  2011    40.0  1967   139.2  1925
   16.6  1993   14.3  1931   14.1  1977   12.9  2023   12.2  2024   11.8  1954   12.4  1914   13.3  1954   12.7  1960   15.7  1906   15.5  1905   16.4  1900    43.2  1939    35.9  1925    33.9  1980    39.1  2023   138.5  1974
   16.5  1990   14.2  1922   14.0  1952   12.9  1965   12.1  2013   11.4  1956   12.2  1910   13.0  1910   12.6  1936   15.7  1938   15.4  1986   16.0  1960    43.1  1922    35.7  1967    33.8  1963    39.0  1940   138.2  1954
   16.3  1900   14.0  1935   13.8  1986   12.9  1993   12.1  1951   11.3  1928   12.1  1917   12.9  1977   12.6  1952   15.6  2023   15.3  1911   16.0  2000    43.0  1943    34.9  1998    32.9  1997    38.9  1946   137.6  1922
   16.3  1899   13.8  1960   13.7  1982   12.9  1959   12.1  1923   11.0  1999   12.0  2023   12.7  1930   12.4  1961   15.5  1913   15.3  1914   15.8  2015    42.9  1925    34.9  1908    32.6  1968    38.9  1950   137.1  1977
   16.2  1972   13.8  1954   13.4  1959   12.9  1994   11.8  1931   11.0  1953   11.9  1932   12.7  2015   12.3  1983   15.5  1944   15.3  2025   15.8  1908    42.8  1999    34.8  1917    32.6  1892    38.7  1923   137.0  1950
   16.2  2004   13.8  1974   13.3  1928   12.8  1918   11.7  1926   11.0  1972   11.8  1903   12.6  1952   12.3  1945   15.2  1893   15.1  1982   15.7  2017    42.5  1974    34.8  1952    32.5  1900    38.6  1951   136.8  1900
   16.2  1913   13.5  1997   13.3  1989   12.8  1905   11.6  1954   10.8  1926   11.5  1993   12.6  1894   12.2  1984   15.0  1892   15.1  1976   15.6  1955    42.4  1984    34.6  1916    32.4  1895    38.5  2002   136.2  1926
   16.1  1956   13.3  1941   13.2  1934   12.6  2016   11.4  1997   10.8  2020   11.4  1944   12.6  1892   12.0  1891   15.0  2022   14.9  1969   15.4  1998    42.4  1931    34.3  1905    32.4  1966    38.5  1913   136.0  1970
   16.1  2018   13.3  1972   13.2  1983   12.5  1934   11.4  1894   10.7  1894   11.3  1912   12.6  1971   12.0  1958   14.7  1949   14.8  1928   15.4  1930    42.3  1961    34.1  1978    32.1  1987    38.5  2012   135.6  1994
   15.9  1962   13.1  1978   13.1  1954   12.5  1978   11.4  1937   10.7  1892   11.2  1970   12.5  1896   11.9  2001   14.4  1894   14.6  2003   15.3  1986    42.3  1979    34.0  1975    31.9  1905    38.2  2013   135.5  1958
   15.6  1977   13.1  1927   13.0  1992   12.5  1953   11.3  1968   10.6  1964   11.2  1919   12.5  1974   11.9  1962   14.4  1940   14.5  1996   15.3  1956    42.1  1923    33.8  1928    31.9  1974    38.1  1894   134.9  1998
   15.5  1951   12.7  1936   12.7  1901   12.4  1964   11.0  1965   10.6  1947   11.1  1930   12.5  1999   11.8  1982   14.4  2006   14.3  1936   15.2  1901    42.0  2024    33.7  1964    31.7  1965    38.0  2014   133.9  1965
   15.3  1927   12.7  1946   12.6  1985   12.2  1917   11.0  1984   10.5  2019   11.0  1941   12.4  1908   11.6  2025   13.8  2002   14.3  1965   15.2  1923    41.8  1894    33.3  2006    31.4  1991    37.9  1928   133.7  1979
   15.2  1915   12.7  1958   12.6  1922   12.1  1930   10.9  1952   10.4  1933   11.0  1954   12.2  1916   11.5  2000   13.7  1961   14.3  1919   15.1  1985    41.2  2001    33.3  1898    31.3  1916    37.9  2006   133.3  2024
   15.2  2008   12.5  2001   12.4  1895   12.1  1924   10.9  1946   10.4  1990   11.0  1985   12.0  2023   11.5  1908   13.7  1911   14.2  1894   15.0  1920    41.0  1948    33.1  1970    31.2  1948    37.6  1952   133.1  1913
   15.1  2015   12.5  1940   12.3  2019   12.1  2018   10.8  1962   10.4  1971   10.9  1956   11.7  2010   11.4  1925   13.5  1895   14.2  1959   14.8  1924    40.7  1897    33.1  1922    31.2  2008    37.5  2024   133.1  1907
   15.0  2007   12.3  2011   12.3  1923   12.0  1979   10.8  1964   10.3  1974   10.6  1926   11.7  1948   11.4  1938   13.5  1984   14.0  1906   14.8  1958    40.6  2018    33.0  1910    30.8  2021    37.3  2001   132.9  2019
   14.9  1921   12.3  1961   12.3  1965   12.0  1923   10.7  1906   10.2  1944   10.6  1958   11.6  2011   11.3  2022   13.5  1996   14.0  1949   14.7  1946    40.4  1978    32.8  1977    30.7  1992    37.3  1893   132.8  1986
   14.9  1969   12.3  1926   12.2  1994   12.0  1901   10.7  1945   10.2  1966   10.3  2002   11.6  1968   11.3  1953   13.4  1952   13.9  1941   14.7  2018    40.4  1913    32.7  1969    30.5  1982    36.9  2025   132.4  1982
   14.6  1920   12.0  1989   12.1  1920   11.9  1992   10.7  1938   10.2  1924   10.2  1938   11.5  1934   11.2  1951   13.3  1935   13.7  2008   14.5  1935    39.7  1906    32.7  1891    30.2  1918    36.8  2009   132.2  1999
   14.5  1965   12.0  2022   11.9  1970   11.8  2024   10.6  1933   10.2  1896   10.2  1907   11.3  2012   11.1  1937   13.3  2024   13.6  1938   14.4  1945    39.5  1893    32.6  2004    30.2  1945    36.5  1892   131.4  1919
   14.4  2002   11.9  1980   11.9  1987   11.7  2005   10.6  1958   10.1  1977   10.1  2017   11.3  1915   11.1  1905   13.2  1910   13.4  1913   14.4  1948    39.3  1920    32.6  1966    30.1  1944    36.1  1987   131.3  2020
   14.4  1903   11.5  1892   11.7  1936   11.6  1975   10.5  2022   10.1  1931   10.0  1991   11.2  2001   11.0  2019   13.2  2005   13.4  2018   14.3  2011    39.0  2000    32.4  2014    30.1  1915    36.1  1911   130.6  1952
   14.1  1978   11.4  1996   11.7  1933   11.5  1972   10.5  2003    9.9  1903    9.9  1987   11.0  1907   10.9  1923   12.8  1993   13.3  1977   14.3  1997    38.8  1967    32.4  1902    30.1  1926    36.1  1961   130.2  1967
   14.1  1952   11.4  2021   11.5  1941   11.3  1939   10.4  1948    9.8  2002    9.9  2005   10.9  1986   10.8  1942   12.7  1958   13.2  1891   14.2  1928    38.3  1938    32.0  2012    29.7  1920    36.1  1936   129.9  2001
   14.1  1947   11.4  1897   11.4  1906   11.2  1919   10.3  1916    9.6  1943    9.7  2024   10.8  1928   10.8  1933   12.6  1929   13.2  2006   14.2  1925    38.1  2013    32.0  1926    29.6  2020    35.8  1907   129.7  1981
   14.0  1961   11.3  1894   11.3  1972   11.1  1928   10.3  1966    9.5  1979    9.7  1933   10.8  2006   10.5  1903   12.6  1942   13.0  1931   14.2  1952    38.1  1928    31.7  2016    29.6  1988    35.7  1906   129.3  1917
   14.0  1960   11.2  1994   11.3  1911   11.0  2014   10.3  1977    9.4  2021    9.7  1947   10.6  1957   10.5  1944   12.5  1980   12.8  1910   14.1  1983    37.6  1892    31.4  1988    29.6  1897    35.7  1949   129.1  1915
   14.0  1912   11.0  1955   11.3  1942   10.9  1985   10.3  1947    9.4  1911    9.6  2003   10.6  1997   10.5  1922   12.5  1918   12.8  1979   14.0  1936    37.2  1946    31.3  1959    29.1  1896    35.3  1968   129.0  1920
   13.9  2023   10.7  2017   11.3  1891   10.8  1894   10.2  1908    9.2  1898    9.5  1908   10.5  1979   10.4  2006   12.4  1912   12.8  2012   14.0  1916    36.9  1899    31.3  1904    28.8  2023    35.2  2020   129.0  1963
   13.7  2013   10.4  2025   11.3  2004   10.8  1962   10.2  1963    9.2  1960    9.5  1913   10.5  1967   10.2  1956   12.1  1898   12.7  1943   14.0  2006    36.7  1941    31.2  1894    28.8  1943    34.4  2015   128.8  2008
   13.6  1910   10.4  1918   11.2  2010   10.6  1968   10.1  1987    9.1  1993    9.4  2011   10.4  1982   10.1  1893   12.1  1974   12.7  1972   14.0  1895    36.7  2004    31.2  1942    28.8  2009    34.4  2008   128.8  1897
   13.3  1941   10.3  1967   11.2  2006   10.2  1999   10.0  2015    9.1  1939    9.3  1892   10.4  1969   10.1  1897   12.0  1930   12.6  1962   13.9  1897    36.2  1988    31.2  2002    28.7  2004    34.4  1927   128.6  1906
   13.3  1991   10.3  1898   11.0  1940   10.1  1895    9.9  2017    8.9  1965    9.3  1992   10.4  2020   10.0  1892   11.9  1986   12.6  1916   13.9  1937    36.1  2002    31.2  1985    28.2  2014    34.4  1905   127.5  1904
   13.0  1955   10.2  1919   10.5  1991    9.9  1908    9.9  1921    8.8  1891    9.2  1943   10.3  1965   10.0  1970   11.8  1901   12.3  1902   13.9  1972    36.1  1986    30.9  1934    28.1  1935    34.1  1994   127.2  2009
   13.0  1895   10.2  1899   10.5  1957    9.9  1952    9.6  1920    8.7  1929    9.1  1978   10.1  1994    9.9  2008   11.8  2021   12.3  2010   13.8  1989    36.0  1947    30.9  1987    28.1  1914    33.9  1996   126.6  1984
   12.9  1925   10.2  1979   10.5  1964    9.9  1909    9.6  1993    8.6  1922    9.1  1974   10.1  1943    9.8  1963   11.7  1933   12.0  1893   13.7  2003    36.0  1958    30.8  1927    28.1  1998    33.8  2004   126.5  1957
   12.9  1924   10.1  1945   10.3  1998    9.8  1940    9.6  1941    8.4  2022    9.0  2025    9.9  1945    9.7  2013   11.6  1954   11.7  1952   13.7  2021    35.4  1956    30.7  1968    28.0  1928    33.7  1970   125.9  1931
   12.9  1979    9.9  2016   10.2  1904    9.8  1947    9.5  1988    8.4  1955    8.9  1942    9.9  1904    9.6  1920   11.5  1900   11.5  2013   13.7  1994    35.1  1982    30.6  1992    27.8  1971    33.6  1895   125.8  1968
   12.7  2001    9.7  1928   10.1  2016    9.4  1946    9.4  1928    8.3  1917    8.9  2001    9.7  1966    9.6  1904   11.4  1926   11.5  1892   13.4  1981    35.1  1972    30.2  1919    27.8  1930    33.6  1966   125.3  2004
   12.7  1931    9.7  1984    9.9  1999    9.4  1990    9.2  1971    8.3  1897    8.8  2008    9.7  1939    9.6  1987   11.2  1990   11.4  1991   13.2  1922    34.9  2003    30.0  1901    27.8  1977    33.5  1925   124.9  2013
   12.7  1934    9.6  1911    9.8  1921    9.4  1948    9.1  2008    8.2  1978    8.7  1968    9.7  2019    9.6  1913   11.2  1989   11.3  1918   13.2  1977    34.7  1975    30.0  1931    27.6  2002    33.4  1999   124.9  1896
   12.6  1982    9.6  2006    9.8  1939    9.2  1927    9.0  1943    8.1  1920    8.7  1902    9.7  1970    9.5  1943   11.1  1968   11.3  1927   13.2  1906    34.0  1911    29.8  1950    27.4  1925    33.2  1958   124.6  1941
   12.5  1998    9.5  2019    9.7  2013    9.1  1898    9.0  1982    7.9  1937    8.5  2020    9.6  2017    9.4  1894   11.1  1914   11.2  1925   13.1  1979    33.2  1924    29.7  2013    27.4  1951    33.2  1943   124.2  1902
   12.3  2020    9.4  1999    9.7  1960    9.1  2009    9.0  1899    7.8  1952    8.4  1923    9.6  1938    9.3  1916   11.0  1963   10.9  1898   13.0  1961    33.0  1971    29.4  1962    26.7  1893    33.2  1929   124.1  1972
   12.1  1893    9.4  1933    9.7  2017    9.0  1903    9.0  2016    7.7  1989    8.4  1962    9.4  1923    9.0  2016   11.0  1943   10.6  1995   12.9  1907    33.0  1991    29.3  1935    26.7  1970    32.8  1914   123.7  2015
   12.0  2010    9.3  1969    9.6  1930    8.9  1916    9.0  2012    7.7  2003    8.4  1901    9.4  2018    8.8  2011   10.9  1902   10.5  2016   12.9  1967    32.9  1962    28.8  1989    26.5  1908    32.8  1917   123.5  2007
   12.0  1897    9.2  1988    9.5  1969    8.8  1987    8.9  1949    7.6  1959    8.4  1904    9.3  1996    8.7  2015   10.8  1925   10.5  1966   12.8  1969    32.8  1969    28.6  1941    26.3  2015    32.6  1993   123.3  2006
   12.0  1957    9.1  1982    9.5  1995    8.7  1973    8.9  1996    7.6  1957    8.2  2015    9.2  1919    8.6  2010   10.8  2008   10.4  1994   12.5  2025    32.6  1901    28.5  1933    26.3  2019    31.9  1900   122.8  1948
   12.0  1983    9.0  2015    9.5  2020    8.7  1991    8.8  1957    7.5  1934    8.1  1986    9.1  1962    8.5  2005   10.8  2009   10.3  1975   12.4  1964    32.5  2011    28.4  1899    26.1  1999    31.4  1995   122.7  1992
   11.9  1959    8.8  2018    9.4  1984    8.6  1900    8.7  1913    7.4  2025    8.0  1996    9.1  1961    8.4  1980   10.7  1994   10.0  1964   12.3  1957    32.4  1985    28.2  1906    25.9  1942    31.3  2010   122.0  1932
   11.8  1942    8.8  1908    9.4  2002    8.5  1967    8.5  1950    7.4  1901    7.8  1929    9.0  1914    8.4  1934   10.5  1959   10.0  1998   12.1  1921    32.2  1980    28.0  1973    25.8  1933    31.1  1986   121.8  1983
   11.8  1933    8.7  1948    9.0  2007    8.5  1911    8.5  1918    7.2  1950    7.8  1998    8.8  1909    8.3  1917   10.4  2010    9.9  1961   12.1  2022    32.2  1927    27.9  2005    25.8  1978    30.7  1965   121.7  1938
   11.7  2009    8.6  1983    9.0  1894    8.4  1904    8.4  1914    7.0  2014    7.7  2014    8.8  1921    8.3  1931   10.4  1937    9.9  2020   12.0  1894    32.2  2015    27.5  1954    25.7  1934    30.1  1962   121.7  2021
   11.6  1967    8.6  2009    8.8  1902    8.4  1977    8.3  1915    7.0  1969    7.6  1945    8.7  1926    8.1  2004   10.4  1977    9.6  1924   12.0  1899    32.1  2022    27.4  1939    25.5  2016    30.0  2005   121.4  1985
   11.5  1918    8.3  1991    8.8  1971    8.3  1936    8.2  1900    6.8  2005    7.6  1972    8.5  1944    7.8  1940   10.3  1934    9.4  1912   12.0  1995    32.0  1955    27.2  1918    25.1  1993    30.0  1975   121.3  1934
   11.5  2011    8.1  1939    8.8  1968    8.1  2006    8.2  1929    6.8  1906    7.6  2004    8.5  2000    7.8  1991   10.3  1992    9.3  1903   11.9  1951    32.0  1921    27.0  1940    25.0  2017    29.9  2017   121.3  1993
   11.0  1958    8.1  1902    8.6  1967    7.8  2013    8.1  1912    6.7  1914    7.5  1946    8.4  1978    7.8  1988   10.3  1988    9.1  2017   11.9  1904    31.9  1952    26.9  1999    24.9  1938    29.9  1942   120.6  1895
   10.9  1891    7.9  1953    8.4  2005    7.8  1949    8.0  1917    6.6  2013    7.5  1973    8.3  1918    7.7  1973   10.1  1979    9.0  1907   11.7  1976    31.6  1996    26.9  1955    24.9  2005    29.8  1977   120.4  1911
   10.9  1968    7.8  1968    8.2  1958    7.6  2002    8.0  2018    6.5  1904    7.4  2006    8.2  2005    7.7  1955   10.0  2025    9.0  1971   11.5  1973    31.6  1903    26.7  1911    24.8  1919    29.7  1902   119.7  1942
   10.9  1945    7.7  1903    8.0  1932    7.5  1941    7.8  1897    6.5  2008    7.3  2000    8.1  1901    7.5  1901   10.0  1953    9.0  1981   11.3  1990    31.6  2025    26.6  1946    24.7  1904    29.3  1980   118.9  1978
   10.8  1985    7.6  1987    7.9  1950    7.5  1914    7.8  2005    6.4  1941    7.1  1959    8.0  1953    7.4  2012    9.4  1904    8.9  1999   11.2  1893    31.5  1968    26.6  1982    24.7  2001    28.9  1899   118.9  1908
   10.7  2017    7.5  1907    7.8  1962    7.4  1915    7.7  2004    6.3  1893    7.0  1981    7.9  1913    7.3  1919    9.3  1915    8.9  2007   11.1  1947    31.5  2019    26.2  1912    24.5  1979    28.9  1933   118.6  2018
   10.7  2003    7.3  2005    7.8  1996    7.3  1988    7.6  1975    6.3  2009    6.9  1963    7.8  2007    7.2  1948    9.1  1936    8.9  1987   10.8  1982    31.3  1983    26.2  1921    24.3  1929    28.8  1957   117.9  1987
   10.6  1966    7.2  1947    7.7  1898    7.2  1902    7.6  1985    6.1  1918    6.9  1961    7.7  1929    7.1  2023    9.1  1999    8.8  1990   10.6  2024    30.8  1950    25.7  1993    24.1  1986    28.7  1953   117.7  1988
   10.6  1932    7.1  1943    7.6  1907    7.2  1944    7.6  1953    6.1  1981    6.8  1937    7.7  2024    7.1  1949    9.0  1983    8.8  1947   10.5  1898    30.6  2008    25.7  1895    24.1  1952    28.7  1997   116.8  1905
   10.5  2025    7.1  2003    7.6  1924    6.9  1943    7.5  2009    5.9  1951    6.8  1934    7.6  1935    7.1  1911    8.9  1948    8.8  1985   10.4  1950    30.2  1945    25.6  1896    23.9  1901    28.6  1937   116.3  1956
   10.4  1944    7.0  1964    7.6  2014    6.9  1956    7.4  1978    5.9  1992    6.7  1997    7.5  1893    6.9  2021    8.8  1956    8.8  1921   10.4  1927    29.7  1965    25.3  2021    23.1  1964    28.3  1910   115.9  1893
   10.1  2005    6.9  1917    7.5  1974    6.8  2003    7.3  1935    5.8  1970    6.4  1916    7.5  2002    6.5  1902    8.6  1927    8.6  1932   10.3  1962    29.6  1902    25.2  2019    23.1  2010    27.9  1979   115.7  1961
   10.1  1946    6.8  1901    7.2  2021    6.7  1945    7.2  1909    5.7  1983    6.4  1896    7.4  1988    6.4  1914    8.6  1955    8.5  1958   10.3  1980    29.5  1998    24.6  2007    22.7  1972    27.5  1908   115.3  1980
    9.4  1901    6.8  1913    7.2  2009    6.7  1942    6.9  1999    5.6  1899    6.4  1964    7.4  2021    6.4  1926    8.6  1908    8.5  2024   10.2  1970    29.1  1940    24.1  1936    22.6  1913    27.3  1919   115.1  1940
    9.3  1981    6.7  2013    7.1  2015    6.5  1960    6.9  1974    5.5  1915    6.4  1948    7.4  1975    6.2  1947    8.5  1945    8.4  1967   10.1  2007    29.1  1917    24.0  1953    22.4  1969    27.1  1991   114.9  2016
    9.1  1923    6.7  2004    6.6  1955    6.5  1921    6.9  1911    5.5  2004    6.3  1995    7.2  1987    6.1  1990    8.5  2015    8.4  2001   10.1  1940    28.8  1898    24.0  1971    22.3  1947    26.8  1934   114.1  1892
    8.9  2012    6.5  1992    6.4  2000    6.2  1896    6.8  1960    5.4  2010    6.3  1975    7.2  1898    6.1  1977    8.3  1941    8.3  1980   10.0  1949    28.8  1918    23.9  1958    22.3  2006    26.3  1983   114.1  2017
    8.8  1916    6.5  1976    6.4  1925    6.2  1929    6.7  2019    5.4  1984    6.3  1900    7.2  2013    6.0  1906    8.3  1957    8.3  1897    9.8  1974    28.1  1914    23.7  2009    21.9  2024    26.2  1990   114.0  1969
    8.5  1989    6.4  1975    6.4  2022    6.2  1933    6.6  2023    5.4  2000    6.1  2019    6.9  1984    5.9  1996    8.2  2003    8.3  2004    9.5  1902    27.9  1949    23.6  1948    21.4  1959    25.9  2018   113.0  1943
    8.3  2024    6.3  1938    6.3  1946    6.1  1906    6.4  1927    5.4  2015    6.0  2010    6.9  1980    5.9  1915    7.9  1991    8.2  2005    9.3  1944    27.8  2023    23.6  1991    21.4  2025    25.8  1912   113.0  1959
    8.3  1996    6.2  1949    6.3  2026    6.1  1969    6.3  1976    5.3  1988    5.9  1951    6.8  1906    5.8  1966    7.8  1905    8.2  1917    9.1  1903    27.6  1909    23.3  1945    21.2  2000    25.7  1959   112.9  1947
    8.2  1917    6.2  1930    6.3  1892    6.1  2019    6.3  1939    5.3  2017    5.9  1928    6.7  1959    5.4  2018    7.7  2011    8.1  1968    9.1  1992    27.6  1959    23.0  1960    21.2  1923    25.4  2003   112.8  1899
    8.1  1940    6.1  1971    6.2  1915    6.1  1981    6.3  1940    5.2  1913    5.8  1984    6.7  1989    5.3  2020    7.7  1899    8.1  1934    8.6  1892    27.5  1987    23.0  2015    21.0  1932    25.2  2016   112.6  2010
    7.9  1954    5.8  1952    5.9  1966    6.0  1971    6.2  1970    5.2  1938    5.7  2013    6.7  2009    5.3  1989    7.6  1964    8.0  1899    8.6  2010    27.4  1954    22.6  1980    20.9  1961    25.2  1898   112.6  1945
    7.8  1911    5.8  1973    5.9  1918    6.0  1892    6.2  1922    5.1  1986    5.7  1899    6.1  1964    5.2  1978    7.4  1920    8.0  1955    8.6  1968    27.3  1993    22.1  2017    20.8  1996    25.0  1956   112.4  1944
    7.6  1935    5.7  1981    5.9  1945    5.9  2015    5.9  1995    5.0  1961    5.6  1982    6.0  2016    5.0  2007    7.1  2018    7.9  1923    8.6  1939    27.2  1933    22.0  1949    20.4  1994    24.9  1904   111.2  1997
    7.6  1909    5.5  1944    5.7  1910    5.6  1891    5.7  1992    4.9  1994    5.4  1994    6.0  1949    5.0  1979    7.1  1973    7.8  2011    8.1  2014    27.1  1908    21.9  1915    20.4  1898    24.6  1931   111.2  1995
    7.4  1892    5.4  2008    5.3  1949    5.5  2020    5.7  1893    4.8  2023    5.3  1967    5.7  1990    5.0  1969    7.0  1997    7.7  1915    8.0  1954    26.9  1895    21.9  1957    19.9  2003    24.5  1920   110.7  1975
    7.4  2019    5.4  1963    5.1  1973    5.1  1958    5.6  2010    4.7  1995    5.0  1906    5.7  1933    4.9  1939    6.7  1971    7.7  1948    7.8  1941    26.9  2012    21.8  1900    19.8  1967    24.5  1941   109.5  1962
    7.3  1949    5.2  1920    5.0  1900    4.8  2010    5.4  2001    4.6  2001    5.0  1969    5.6  1899    4.8  1964    6.7  1951    7.5  1920    7.5  1913    26.5  2017    21.7  1984    19.8  1937    24.3  1955   109.1  1901
    7.3  1980    5.1  1924    4.8  1976    4.7  1995    5.4  1961    4.6  1908    4.9  1897    5.6  1911    4.8  1907    6.6  1975    7.5  1953    7.5  2005    26.5  1973    21.6  2010    19.7  1962    24.3  2011   109.0  1933
    7.2  1929    4.8  1985    4.7  1935    4.1  1996    5.3  1901    4.6  2024    4.8  1971    5.4  1973    4.2  1900    6.5  1922    7.4  1989    7.2  2004    26.3  1953    21.6  2003    19.5  2013    24.2  1922   108.8  1991
    6.8  1973    4.8  1929    4.5  1899    3.9  1982    5.3  1892    4.5  1895    4.7  1977    5.1  1937    4.1  1928    6.4  1946    7.4  1908    7.0  1917    26.1  1929    20.8  1996    19.4  1990    23.9  1989   108.5  2022
    6.5  1896    4.6  1905    4.4  1956    3.7  1980    5.2  1934    4.4  1919    4.7  1905    5.1  1955    4.0  1912    6.2  2017    7.3  1922    6.9  1943    25.7  2009    20.6  2022    18.6  1989    23.8  1945   107.9  1955
    6.5  2022    4.3  1986    4.3  2012    3.7  2022    5.1  1998    4.3  1973    4.5  1979    5.0  1920    4.0  1921    6.0  1970    7.1  1937    6.8  1905    25.5  1907    20.0  1995    18.6  1906    23.7  1948   107.6  2005
    6.3  2006    4.2  1909    4.3  2003    3.4  1955    5.1  1959    4.1  1932    4.4  1935    5.0  1932    3.8  1986    5.8  1919    6.8  1957    6.6  1987    25.3  1981    19.4  1961    18.4  1940    23.7  1901   106.4  1929
    6.2  1902    4.0  1962    4.2  1926    3.3  2025    4.9  2025    4.1  2006    4.4  2016    5.0  2025    3.7  1972    5.7  1921    6.8  1973    6.0  1932    24.6  2005    18.6  1943    18.1  1984    23.4  1988   105.7  1989
    6.0  1914    3.7  2012    4.0  1953    3.0  1974    4.8  1905    4.0  1967    4.3  2018    4.6  1936    3.7  1997    5.7  2016    6.5  1942    5.9  2001    24.2  1989    17.5  1892    17.2  1973    23.2  1897   105.4  2011
    5.5  2000    3.6  1956    3.9  1948    2.9  1976    4.7  1944    4.0  1930    4.2  1989    4.5  1993    3.5  2009    5.6  1962    6.4  1933    5.7  1996    24.2  1997    17.4  1974    17.2  1911    22.9  1915   104.6  1953
    5.4  1908    3.4  1942    3.6  1893    2.8  1954    4.5  1980    3.6  1996    4.0  1949    4.2  1998    3.4  1971    5.4  1950    6.3  1993    5.7  1931    23.5  1896    17.0  1997    17.1  1955    22.6  2021   104.3  1898
    5.4  1976    3.1  1896    3.4  2011    2.6  2017    4.4  1991    3.5  1940    4.0  1976    4.1  1972    3.4  1985    5.3  1995    6.0  1896    5.7  1953    23.3  2006    16.4  2020    17.0  1899    22.4  1964   103.9  1964
    5.2  1964    2.8  1965    3.2  1993    2.5  1957    4.4  2011    3.3  1923    4.0  1898    4.0  2022    3.3  2002    5.3  2007    6.0  1956    5.6  1971    23.1  1942    15.2  1929    16.6  1981    21.8  1969   102.6  1990
    5.2  1992    2.8  1998    3.1  1997    2.5  1997    4.1  1936    3.2  1949    3.9  1983    3.6  1983    2.9  2014    5.1  1985    5.9  1904    5.6  1975    22.8  1944    14.9  1938    16.3  1975    21.6  1973   101.9  2025
    4.9  1997    2.2  1932    2.9  1931    2.0  2021    3.8  1919    2.6  1975    3.7  1952    3.5  1981    2.9  1895    4.8  1897    5.6  1978    5.5  2008    21.3  1905    14.6  1956    14.3  2018    21.2  1972   101.0  1996
    4.8  1907    2.1  1921    2.7  1943    1.5  1938    3.3  1956    2.5  1976    3.5  1955    3.0  1991    2.6  2003    4.8  1972    5.4  1988    5.3  1963    19.7  1963    14.2  1990    13.8  2022    19.2  2007    99.2  1971
    4.8  1905    2.0  1895    2.7  1938    1.3  1984    3.2  1895    2.3  1942    3.3  1990    2.6  2003    2.6  1929    3.5  1965    5.2  1909    5.1  1991    18.5  1934    14.0  1976    13.2  1949    19.2  1971    98.3  2003
    4.7  1898    1.9  2023    2.4  1990    1.2  2011    2.8  1896    2.2  1962    2.7  1921    2.1  1947    2.3  1941    3.3  1931    5.0  1983    5.1  2016    18.5  1932    13.1  1944    13.1  1983    18.4  1921    96.8  1976
    4.6  1987    1.6  1993    2.0  2025    0.8  2007    2.4  1990    1.4  1921    2.6  1999    2.0  1976    2.3  1898    2.8  1947    4.3  1901    4.7  1933    17.5  1964    10.2  2025    13.0  1921    17.8  1947    94.4  1949
    4.4  1950    1.1  1934    1.3  1944    0.7  1912    2.1  1989    1.2  1925    2.3  1911    1.3  1995    2.2  1910    1.9  1969    4.0  2021    3.8  1926    17.4  1976     9.8  1893    12.3  1995    17.3  1985    90.9  1973
    4.2  1953    0.9  1959    1.0  1961    0.5  1893    1.4  2020    0.6  2018    1.4  2022    0.8  1940    1.1  1959    1.8  1978    3.0  1945    3.7  1988    16.8  1992     9.0  2011     8.4  1976    12.6  1978    86.7  1921
    4.0  1963    0.1  1891    0.8  1929    ---  2026    ---  2026    ---  2026    ---  2026    ---  2026    ---  2026    ---  2026    ---  2026    ---  2026     ---  1891     ---  2026     ---  2026     ---  2026     ---  2026
