Areal values from HadUK-Grid 1km gridded climate data from land surface network
Source: Met Office National Climate Information Centre
Monthly, seasonal and annual total precipitation amount for England SE and Central S
Areal series, starting in 1836
Last updated 01-Apr-2026 11:35
    jan  year    feb  year    mar  year    apr  year    may  year    jun  year    jul  year    aug  year    sep  year    oct  year    nov  year    dec  year     win  year     spr  year     sum  year     aut  year     ann  year
  205.2  2014  154.2  1951  152.8  1947  146.2  2000  122.0  1843  145.6  1860  131.9  1888  156.2  1912  168.2  1974  200.9  1865  199.2  1940  205.7  1914   513.4  2014   281.8  1979   351.6  1879   477.1  2000  1109.2  2000
  159.0  2026  147.3  2024  134.3  1981  133.8  2012  117.3  1967  138.3  2012  128.4  1920  144.6  1917  167.0  1896  197.4  2000  190.4  1929  196.8  1934   437.1  1915   268.3  2000   322.6  1860   438.3  1852  1092.4  1852
  158.9  1988  146.9  2014  130.5  2023  105.4  1998  109.8  1932  138.0  1852  126.9  1875  137.0  1879  164.2  2024  197.0  1960  189.8  2009  181.7  1911   396.0  1990   267.8  1981   317.4  1852   435.6  1960  1064.3  1960
  156.9  1995  137.2  2020  128.0  1914  101.8  1983  109.0  1955  136.5  1971  123.1  1918  133.9  1891  156.0  1968  189.7  1949  189.5  2022  180.9  1915   383.0  1877   255.9  1862   315.6  1917   404.2  1841  1044.7  1951
  155.7  1877  135.4  1990  122.0  2001   98.8  1966  106.1  1979  116.7  1879  119.6  2007  129.2  1881  151.6  1866  187.1  1987  188.2  1970  180.3  1876   371.2  1995   247.2  2023   314.0  1903   403.9  1976  1039.0  2014
  144.0  1937  130.5  1900  114.8  1919   96.7  1848  104.8  1869  114.1  1903  117.5  1894  126.6  1946  147.4  1918  187.1  1903  183.8  2002  179.5  1929   369.1  2026   246.5  1947   299.6  1912   394.2  1974  1022.9  2023
  143.9  1943  129.1  1937  114.4  1979   93.8  1871  104.6  1878  113.7  1991  111.0  1855  124.8  1878  138.4  1927  186.1  1891  182.6  1852  168.6  1959   349.0  1937   244.7  2024   298.0  2012   387.9  1935  1019.7  1903
  143.7  1872  128.4  1950  112.0  1862   93.0  1935  104.5  2007  113.5  1997  109.1  1867  121.6  1852  137.5  1839  182.4  2020  175.2  1951  163.1  1868   346.8  2024   244.4  1983   287.3  1848   369.3  2022  1011.3  1872
  137.9  1939  127.0  1915  109.6  1897   92.4  1856  101.5  1924  110.7  1905  108.4  1936  120.3  1951  134.9  1981  170.3  1882  172.7  1926  161.4  2013   345.6  2020   241.8  2008   280.0  1927   357.1  2023  1009.3  2002
  133.5  1984  122.1  1923  108.8  1912   91.1  1882  100.2  1886  104.8  1980  106.6  1853  119.1  1977  134.0  1975  161.8  2023  171.6  2000  160.0  1978   340.0  1916   240.5  1937   274.1  2007   351.7  1880  1005.6  2012
  132.1  1948  122.0  1916  106.8  1905   90.7  1836   99.7  2000  104.0  1848  105.9  1915  115.5  1860  132.4  1976  161.7  1909  164.2  1935  146.4  1989   336.0  1912   240.2  1964   261.7  1888   343.0  2024   999.2  1927
  131.2  2016  114.4  2026  103.1  1836   90.4  1926   98.2  1983  103.0  1998  105.4  1880  112.8  1941  130.4  1841  161.1  1880  162.1  1877  142.5  2012   332.2  2001   235.0  1951   256.6  1954   337.4  1882   998.3  2024
  130.1  1906  113.7  1974  103.1  1916   90.0  1907   96.3  2006  102.9  1863  104.8  1839  112.5  1848  129.9  1995  159.7  1841  155.3  1950  140.8  2002   326.7  1869   233.0  2001   256.2  1958   337.3  1940   975.9  1848
  128.0  1975  113.5  1866  101.9  1963   88.6  1920   93.6  2021  101.9  2007  103.7  2012  109.9  1992  124.4  1999  157.9  1939  154.3  1963  135.7  1993   321.8  1960   231.5  2018   254.1  1960   335.8  1939   972.5  1915
  126.0  1852  113.4  1966  101.4  1937   86.5  1993   93.0  2002  100.3  1958  102.2  1917  108.2  2015  123.8  1871  155.2  1932  153.0  1974  133.8  1886   315.6  1994   227.5  1963   252.6  1853   329.9  1949   967.5  1974
  123.0  1936  110.1  1883  100.8  2018   85.5  1931   93.0  1856   93.5  1912  101.0  1957  107.0  1960  119.5  1885  152.5  1982  149.8  1939  133.4  2000   311.9  1935   224.8  1903   249.1  1946   329.9  2019   961.8  1924
  121.5  1986  109.4  1925  100.7  2024   85.3  1961   92.4  1981   92.0  1954  100.9  1924  106.7  1999  119.2  1965  152.5  1923  146.3  1954  132.8  1872   310.2  1925   224.0  1967   247.0  1891   329.0  1982   958.9  1841
  118.9  1866  109.0  1927  100.1  1951   84.9  1850   92.4  1915   91.9  2016   99.4  1950  105.9  1931  119.0  1852  152.5  1966  143.9  1842  132.7  1999   307.9  1930   223.9  1932   246.9  1980   327.9  1839   939.1  1860
  118.9  1956  103.7  2007   99.6  1851   84.3  1922   89.3  1942   91.8  1838   98.5  1922  105.5  1927  114.0  1993  152.2  1907  143.2  2003  131.7  1979   297.8  1951   219.6  1924   246.4  1931   320.9  1836   937.0  1935
  118.8  1919  103.7  1977   98.3  1909   83.8  1849   89.2  1854   90.1  2021   98.2  1903  104.0  1985  112.7  1935  151.3  1928  136.8  1960  130.6  1965   297.1  1979   218.5  1878   245.1  1985   317.6  2002   931.6  1877
  117.6  1928  103.1  1879   95.2  1975   82.2  1924   88.2  1862   89.9  2019   98.0  1879  103.7  1865  112.3  1869  149.7  1855  136.5  1946  130.0  2019   291.8  1966   215.3  1836   243.2  1956   313.7  1875   921.3  1937
  115.7  1994  102.2  1914   94.8  1964   81.0  1913   88.1  1898   89.3  1964   97.6  1890  102.5  2004  111.5  1876  146.6  1976  136.2  1992  129.4  1919   290.7  1866   214.4  1856   242.8  1890   312.9  1885   914.6  1912
  114.3  1990  102.2  1957   92.9  1888   80.1  1963   88.1  1946   88.9  1935   97.1  1895  102.1  2014  110.9  1880  146.4  1846  135.6  2014  123.6  2020   289.3  2007   209.2  1913   241.6  1875   311.3  1944   911.0  1916
  114.2  1999  102.0  2002   92.7  2008   78.7  1989   86.5  2008   88.5  1985   96.1  1871  101.6  1903  109.8  1958  141.7  1998  133.5  1996  121.1  1924   286.9  2021   209.1  1994   240.2  1924   309.5  1998   910.9  1946
  113.8  2025  100.6  1995   87.4  1927   78.6  2023   85.8  1969   87.6  1909   95.4  2017  100.2  2010  108.1  2000  139.7  1967  132.4  1861  120.7  2023   285.0  1977   204.9  1877   238.2  1966   308.4  1903   906.3  1966
  111.4  1913   99.6  2001   85.3  1980   78.5  2001   85.1  1994   86.1  1987   94.0  1925  100.1  1956  105.9  1998  139.5  1875  131.9  1944  120.5  1985   283.5  2010   203.1  2012   236.2  1971   305.9  1929   900.3  2020
  109.9  1974   99.0  1910   84.6  1876   78.4  1879   84.4  1925   85.6  1927   92.8  1939   99.6  1958  101.9  1960  138.5  2013  131.4  1930  119.9  1910   282.9  1936   202.5  1843   235.3  1997   303.9  1894   899.5  1958
  108.9  2021   98.2  2010   83.2  1903   77.3  2004   84.0  1860   85.1  1982   91.7  1960   98.5  1868  100.5  1859  138.1  1853  131.2  1895  119.2  1901   282.3  1873   199.3  1975   235.1  1894   302.7  1987   896.2  1939
  108.4  2008   96.7  1893   83.1  1848   77.2  1992   82.5  1984   82.5  1910   90.9  1931   98.4  1948  100.2  1946  137.3  2021  131.1  2023  113.7  1994   278.7  1910   199.2  1886   234.1  1941   300.3  1872   892.3  1836
  107.3  1971   95.4  1848   82.1  1896   77.0  1878   82.1  1879   82.4  2011   89.9  2023   96.7  1902   99.6  1924  136.7  1852  130.7  1894  112.9  2009   276.7  1974   198.7  1998   234.0  1881   299.4  1891   883.0  1894
  106.0  1904   90.7  1885   81.3  1982   76.8  1853   79.9  1903   81.8  1902   89.1  1953   96.2  1846   96.6  1857  133.2  1857  127.2  1872  110.9  1956   276.6  1961   197.2  1914   228.6  1909   296.5  1859   877.6  1866
  105.9  1962   90.1  1904   80.8  2016   76.4  1877   79.3  1885   79.8  1936   88.9  1927   93.9  1908   95.7  1883  132.9  2001  125.9  1997  108.7  1896   275.4  1943   196.6  1986   223.7  1839   295.9  1865   877.2  1994
  105.7  1875   89.9  1935   80.3  1941   76.1  2018   78.5  1872   78.1  1882   88.6  1988   93.9  1892   94.8  1836  132.8  1848  125.0  1976  108.2  2022   272.0  1928   195.6  2016   223.6  1865   295.9  1896   876.0  1839
  105.6  1961   89.8  1997   79.3  1864   75.6  2024   76.7  1849   75.8  1968   87.7  1893   93.9  1986   94.5  1863  130.4  1862  123.6  1906  108.1  1839   271.5  1957   194.6  1848   222.6  2021   294.5  1951   875.3  1879
  105.5  1868   84.3  1933   78.8  1867   75.3  2014   75.8  1948   75.6  1999   85.1  1850   93.5  1997   92.0  2019  129.7  2004  122.8  1838  108.1  1972   270.1  1939   193.9  2006   220.1  2017   294.0  2012   867.4  1998
  105.4  1998   83.7  1880   78.6  1988   73.2  1964   74.1  2014   75.6  1974   84.8  1877   90.7  1916   91.9  1860  128.5  1889  121.7  1888  107.5  1909   266.3  1900   193.5  1897   219.5  1878   293.6  1984   866.5  1891
  104.6  1886   81.1  1837   78.0  1933   72.4  1899   74.0  1904   75.4  1946   84.6  1965   90.1  1843   91.1  1842  128.1  1872  121.6  1840  106.4  2017   265.4  2016   193.2  1919   219.2  1992   293.4  1993   866.2  1882
  104.4  1915   80.5  2000   78.0  1952   71.6  1918   73.8  1865   75.4  1926   84.1  1956   89.7  1952   90.0  1856  127.6  1906  120.5  1916  106.0  1927   262.2  1978   193.0  1942   217.9  1968   292.3  1916   865.0  1865
  103.5  2004   77.5  1967   77.4  1954   70.7  1932   72.7  1931   75.1  1888   84.1  1991   88.6  1974   89.1  1874  127.3  1916  118.4  1969  106.0  2006   261.9  2013   192.7  1908   217.5  1920   290.9  1992   864.2  1968
  103.2  1978   77.2  1897   76.7  1940   70.6  1951   72.2  1964   73.6  1875   84.0  2009   88.3  1963   88.4  1849  126.1  1836  118.4  1911  105.0  1948   261.7  1923   191.2  1923   217.2  1950   289.4  1924   863.3  1914
  103.2  1970   76.9  1881   76.2  1908   69.7  1908   72.0  1891   73.2  1871   83.7  1851   88.1  1897   87.9  1930  125.1  1993  117.7  1839  104.0  1960   259.8  2003   188.6  1867   216.1  1974   289.3  1968   861.9  2001
  102.7  1846   75.0  1844   75.9  1844   69.6  1923   71.4  1973   72.8  1872   83.6  1966   87.5  1930   87.9  1952  125.0  2019  117.0  1986  103.9  1891   257.8  1904   188.5  1972   215.2  1922   285.9  2006   859.5  1925
  101.7  1865   73.5  1941   75.8  1989   68.1  1937   71.0  1937   71.9  1866   83.4  1932   87.5  1837   87.0  1951  125.0  2012  116.9  1875  103.3  1937   257.4  1986   187.9  1860   214.4  1991   285.6  1906   858.9  2019
  101.0  1926   73.2  1876   75.4  1977   67.9  1846   69.6  1943   70.3  1963   82.9  1861   86.2  1954   86.0  1962  122.3  1892  116.0  1984  102.9  1945   256.9  1984   187.3  2014   212.8  1902   285.3  1967   857.5  1967
  100.7  1930   72.3  1899   75.3  1913   67.6  1939   68.9  1850   69.7  1880   80.2  2021   86.1  1966   85.9  1838  118.9  1844  114.1  1841  100.2  1961   256.3  1926   186.0  1869   212.6  1892   285.2  1952   857.5  1910
   99.6  2011   72.2  1958   74.0  1984   67.6  1858   68.6  2017   69.6  1900   78.8  1882   84.6  1962   85.7  1967  117.9  2006  113.9  2018  100.0  1912   254.5  1883   183.2  1849   211.9  1910   282.7  2009   856.1  1954
   99.2  2001   72.1  1972   72.0  1987   67.0  1994   68.3  2024   69.6  1861   78.4  1954   83.1  1877   85.7  2022  116.0  1944  112.9  2019   99.7  1935   252.5  1919   183.1  1952   210.0  1977   281.9  2020   854.0  1993
   99.2  2023   72.0  1869   71.8  1934   66.7  1919   65.0  1986   68.9  1977   77.8  1978   82.9  1950   85.1  1994  113.8  1843  110.3  1982   99.3  1900   247.4  1980   183.0  2002   209.6  1957   280.7  1857   852.0  2008
   98.5  1873   71.6  1946   70.3  2013   66.7  1859   64.4  1951   68.8  1917   77.7  1872   81.7  2020   84.4  1950  112.4  1924  107.5  1899   98.4  1986   246.4  1897   182.3  1889   209.6  2011   279.9  1970   846.4  1875
   97.7  1922   71.2  1922   69.1  1959   66.6  1986   64.3  1841   68.5  1966   77.4  1940   81.4  1853   83.9  1879  111.0  1913  107.2  1887   98.3  1897   244.5  1840   182.2  1916   209.5  1965   279.5  1954   843.4  2007
   97.5  1851   70.0  1989   68.1  1972   66.2  1959   63.7  1877   68.0  1890   76.5  2008   81.0  1922   83.8  1933  111.0  1935  105.0  1910   98.1  2018   243.9  1872   182.1  1872   207.4  1987   277.3  1838   842.3  1876
   96.5  2015   68.9  1954   68.0  1998   65.9  1968   63.5  1923   66.4  1896   76.3  1980   80.6  1942   83.5  1957  110.9  2014  104.9  1905   97.8  1922   242.3  1988   181.0  1879   207.1  1936   276.6  1842   838.4  1979
   96.1  1991   68.4  1940   66.9  1861   65.1  1925   63.5  2016   65.0  1955   75.1  1987   79.8  2001   83.1  1909  110.0  1980  103.2  1936   96.7  1958   241.9  1948   180.3  1909   206.5  1905   276.0  1981   837.9  1999
   93.8  1853   67.2  1919   66.8  1978   64.8  1950   62.8  1968   65.0  1839   74.8  1941   79.4  1876   82.9  1956  110.0  1917  102.8  1938   96.6  1977   240.4  1885   180.2  1905   205.3  1867   275.9  1927   837.3  1928
   93.4  1993   67.1  2009   66.2  1971   63.6  1889   62.8  1889   65.0  1928   74.3  1968   78.8  1935   82.8  1868  109.8  1870  102.2  2012   96.5  1916   240.3  1913   179.0  1946   205.2  1882   275.6  1963   835.9  1880
   92.7  1912   67.0  1961   65.0  1986   63.0  1970   62.8  2015   64.9  1948   74.3  1992   78.4  1841   82.8  1840  109.7  1874  102.1  1914   96.3  1981   240.0  2000   178.6  1978   205.2  1880   270.1  1877   830.8  1982
   91.7  1860   67.0  1996   64.9  1969   62.6  2008   62.5  1952   64.7  1973   74.0  1891   78.1  1905   82.2  1953  108.5  1894  101.9  1931   95.7  2025   239.1  1970   178.2  1969   204.1  1871   269.9  1932   829.1  1986
   91.6  1869   66.2  1906   64.8  1877   62.1  1972   61.8  1958   64.5  1853   74.0  1909   78.1  2011   81.1  1973  105.4  1994  101.2  1952   95.6  1995   237.9  1946   176.3  1888   201.5  1872   269.9  1946   826.3  1981
   90.7  1969   65.8  1960   64.5  1965   61.7  1903   61.4  1930   64.4  1924   73.8  1945   77.2  1890   79.6  1984  104.7  1911  100.7  2016   95.5  1997   236.7  1920   175.5  1993   201.1  1951   269.5  1926   823.5  1909
   90.1  2009   65.4  2025   64.0  1942   61.3  1979   61.1  1845   62.0  1897   73.5  2002   75.0  2008   79.3  1848  104.2  1893  100.3  1883   95.1  1869   235.5  1879   172.6  1966   199.6  1963   268.2  1930   823.2  1950
   89.3  1867   64.6  2022   63.5  2019   60.9  1876   60.6  1902   59.3  1916   72.6  1883   74.9  1924   78.9  1992  103.3  1885  100.0  1836   94.7  1907   233.9  1848   172.5  2004   197.2  1841   267.5  1874   822.0  2009
   89.3  1951   64.2  1994   63.1  1872   60.3  1890   58.7  1993   59.1  2002   71.9  1865   74.3  1919   78.0  2025  102.1  1929   99.3  1844   94.3  1938   232.9  2025   172.3  1971   196.8  1877   267.2  1909   820.4  1886
   89.2  1900   63.1  1865   61.8  1842   60.2  1991   58.4  1972   59.0  1956   70.8  2024   74.0  1969   76.2  1925  100.5  1859   99.0  1881   94.0  1880   231.3  1999   171.8  1851   196.1  1948   263.5  1928   818.8  1859
   89.2  1920   62.8  1926   60.6  1928   59.6  1953   58.1  1852   58.9  1945   70.7  1848   73.9  1971   75.0  1882   99.4  1886   97.7  2008   93.8  2011   230.5  1899   171.7  1941   195.9  1939   262.7  2013   817.3  1977
   89.0  1958   62.3  1978   60.4  1873   59.2  1901   57.8  1954   58.9  1862   68.6  1969   73.4  1996   74.4  1932   98.7  1942   96.9  2006   93.5  1852   230.0  2018   171.6  1987   195.6  1999   261.0  1883   812.8  1965
   88.8  1863   62.1  1980   59.4  1922   58.5  1934   57.3  1907   58.5  1892   67.8  1889   73.1  1856   74.3  1936   98.0  1984   96.7  1959   93.5  1942   229.7  1967   171.2  1920   195.2  2008   260.8  1918   810.5  1984
   88.3  1918   61.5  1912   59.3  1891   57.9  1868   57.0  1855   58.4  1906   67.7  1886   72.0  1957   72.8  1961   97.9  1981   95.5  1859   93.4  1976   226.5  1958   171.0  1931   194.4  2015   260.6  1892   809.2  1923
   88.0  1977   61.0  1979   58.9  1860   57.2  1946   56.6  1985   58.1  1965   66.9  1858   71.6  1925   72.3  1861   97.8  1961   94.2  1864   93.3  1982   224.0  1996   169.9  1907   194.0  1843   260.3  1848   807.1  2021
   87.7  1959   60.3  1936   58.9  2010   57.2  1978   56.5  2013   57.6  1881   66.0  1908   71.5  2017   72.2  2001   97.6  1940   92.6  1886   93.1  1984   222.9  1969   168.5  2013   193.9  1866   260.3  2014   805.7  2013
   87.4  1960   59.9  1970   58.6  2006   56.6  1999   56.4  1945   57.6  1878   65.9  1914   70.8  1857   72.1  2008   97.6  2005   92.1  1882   92.6  1925   221.4  1837   167.9  1992   192.9  1953   259.8  1913   805.3  1930
   87.3  1938   59.0  1836   58.4  1881   56.5  1843   56.1  1966   57.5  1894   65.1  1836   69.8  1866   72.0  1864   96.8  1898   92.1  1898   91.9  1859   221.2  2004   167.7  1876   191.4  2023   258.9  1923   804.5  1936
   87.3  1894   58.8  1843   58.0  1923   56.4  1987   55.4  1910   56.5  1990   64.2  1901   69.2  1900   71.9  1970   96.7  1896   91.7  1878   91.2  1847   220.7  1962   167.4  1885   191.1  1918   258.8  2025   803.5  1992
   87.0  1840   58.7  2011   57.5  1991   56.3  1867   55.1  1926   56.5  1884   64.1  1859   69.2  1845   71.2  1887   96.5  1955   91.1  1876   91.0  1848   219.1  1956   167.2  1925   190.7  1855   258.1  1950   793.5  1853
   86.6  2003   58.6  2015   57.0  1911   55.9  1910   55.0  1883   56.3  1907   63.9  1930   69.0  2023   71.2  2006   96.1  1952   90.7  1965   88.2  1955   218.6  1906   166.9  1882   190.4  1908   257.0  1911   789.2  1878
   86.0  1899   58.1  1838   57.0  1917   55.8  1894   54.7  1949   56.0  1859   63.3  1841   67.7  1968   70.7  2017   95.9  1849   90.2  1865   87.2  1884   218.2  1853   166.7  1922   190.4  2019   253.8  1844   787.5  2006
   85.8  2002   57.7  1889   56.9  1994   55.7  1862   54.7  1975   55.5  1841   63.2  1944   67.7  1979   69.8  1899   95.3  1910   90.1  1885   85.9  1881   217.9  1875   166.2  1989   190.4  1935   253.7  1958   785.6  1919
   85.3  1955   57.5  2006   56.9  1855   54.5  1973   54.6  1978   55.4  1960   63.0  1849   67.1  1910   69.0  1983   94.4  1925   89.6  1949   85.2  1998   217.9  1887   165.2  1853   189.4  2004   253.6  1994   784.8  1922
   84.7  1972   55.7  1931   56.6  1901   54.3  1947   54.5  2018   54.8  1947   62.3  1910   67.0  1909   68.4  1963   94.4  2025   87.0  2024   85.2  2003   216.6  1922   162.7  2007   188.6  1863   250.9  1938   782.3  1918
   84.7  1879   55.5  2019   56.4  1985   54.2  1971   54.0  1858   54.6  1873   61.5  1860   67.0  2018   68.3  1884   94.1  2022   86.5  2025   84.2  1966   216.0  1881   162.6  1927   186.5  1915   250.2  1966   781.2  1868
   81.6  2017   54.6  1849   56.4  1992   53.9  1930   53.5  1867   54.6  1993   61.5  2005   66.9  1965   68.0  1845   93.6  2002   84.6  1913   84.0  1983   215.4  1860   162.0  1850   185.4  2014   246.1  1846   779.3  1970
   81.3  2013   54.4  2021   55.9  1889   53.3  1866   53.2  1840   53.2  1911   60.2  1892   66.4  1844   67.6  1892   92.5  1938   84.5  1927   83.7  1968   214.7  2023   161.0  1841   184.8  1850   245.9  2001   778.2  1987
   81.2  2018   54.0  2016   55.7  2007   53.1  1895   52.8  1913   53.2  2017   59.9  1840   66.0  1895   67.5  1912   91.9  2024   84.1  1977   82.5  1860   213.4  2002   160.9  1984   183.5  1846   245.6  1876   774.1  1948
   80.6  1942   53.5  1839   55.7  1967   52.6  1874   52.5  1906   53.0  2020   59.8  2015   65.8  1980   67.5  1897   91.8  1912   83.8  1928   82.2  2021   213.2  1894   160.6  1917   182.9  1945   244.8  1866   772.3  1926
   80.3  1890   52.9  1945   55.4  1866   52.4  1905   52.5  1938   52.7  1857   59.4  1884   65.2  1863   67.5  2015   90.0  1895   81.3  2007   81.2  1923   210.6  1938   159.6  1864   180.9  1916   243.3  1840   771.9  1952
   80.2  1837   52.9  1894   55.0  2020   52.1  1917   51.9  1933   51.8  1843   59.0  1970   64.8  1889   66.9  2012   89.2  1937   81.1  1941   80.1  2015   210.6  1846   159.2  1988   180.0  2002   242.8  1895   769.1  1881
   79.7  1925   52.9  1842   54.6  1995   51.3  2016   51.9  1971   50.9  1883   58.9  1993   64.4  1836   66.6  1954   89.0  1854   79.7  1880   80.0  1930   210.2  1998   158.9  1985   180.0  1895   242.7  1861   768.5  1963
   79.6  2007   52.4  1870   52.8  1884   51.1  1928   51.8  1853   50.4  1920   58.7  2025   64.0  1873   66.3  1903   87.7  1953   79.2  1972   79.9  1928   209.2  1975   158.7  1926   179.8  1859   241.8  1925   766.0  1917
   78.8  1941   51.8  1884   51.5  2005   51.0  1967   51.6  2004   50.3  1874   58.0  2003   63.6  1934   66.2  1982   86.0  1863   78.8  1962   78.0  1946   209.1  2015   158.4  1846   176.9  1969   241.3  1899   765.5  1940
   78.7  2024   51.4  1867   51.4  1839   51.0  1897   51.4  1917   49.9  1953   57.8  1852   63.0  1970   64.9  1873   85.8  1968   78.6  1891   77.3  1849   203.5  1991   158.4  1933   176.0  1861   239.8  1886   763.5  1846
   78.7  1841   51.2  1861   51.1  1970   50.7  1886   51.0  1962   49.6  1931   56.9  2000   62.8  1896   64.7  1894   85.7  1990   77.6  1845   76.9  1870   201.8  2009   158.2  1959   175.2  1897   237.5  1986   759.5  1980
   78.5  2020   51.0  1873   49.4  1936   50.7  1880   50.7  2022   49.1  1854   56.3  1958   62.5  1842   64.3  2023   85.7  1943   77.5  1924   76.5  1904   201.5  1941   158.0  1859   174.2  1930   237.1  1855   758.9  1862
   78.0  1965   50.9  1872   49.1  1895   50.5  1857   49.8  1916   48.3  1933   55.7  1845   62.3  1994   64.1  1913   85.1  1915   77.5  2015   76.0  1969   201.3  1867   157.9  1977   174.0  1982   236.9  1995   758.3  2018
   77.4  1884   50.5  1859   49.0  1841   50.0  2005   49.6  1953   48.1  1865   55.5  1846   61.5  1923   63.9  1915   85.0  1986   76.6  2010   75.9  1908   201.3  2008   157.9  1968   173.7  1838   236.4  1853   757.2  1906
   77.0  1924   50.1  2017   48.2  1886   49.9  1962   49.6  1941   46.5  1941   55.4  2001   61.4  2006   63.4  1944   84.9  1945   76.1  1900   75.9  1936   200.4  2011   157.4  1928   173.2  1873   236.1  1975   756.7  2004
   76.2  1979   50.1  1988   48.1  1920   49.4  1936   49.0  1929   46.3  1944   54.5  1873   60.9  1944   62.6  1920   84.7  1878   75.2  1860   75.0  1882   200.0  1983   156.7  1965   171.6  2020   235.4  2008   756.0  1913
   75.7  1921   50.1  1968   48.0  1960   49.4  1975   48.7  1977   46.0  2003   54.5  1938   60.7  1967   60.7  1853   83.9  1851   74.5  1957   74.6  1952   199.7  1849   154.4  1930   171.4  1851   233.7  1999   755.8  1869
   75.0  1857   49.7  1874   47.9  1869   49.0  1927   48.3  1997   45.4  1845   53.4  1943   60.0  1894   59.8  1881   83.9  1958   74.4  1915   74.6  1920   198.1  1865   154.1  1955   170.5  1928   233.0  1907   751.9  2022
   73.0  1845   49.3  1840   47.7  1870   47.8  1841   48.2  1965   45.1  1898   53.3  2004   59.6  1859   58.8  1937   82.4  1873   74.0  1991   74.5  1856   196.9  1911   153.1  1898   170.4  1988   232.3  1863   751.6  1888
   72.4  2010   48.9  1878   47.3  1846   47.7  2020   47.1  1894   44.9  1967   53.0  1919   59.5  1939   57.4  1875   82.1  1988   72.7  1987   73.2  1841   195.8  1950   152.6  1891   170.4  1944   231.4  1961   748.6  1995
   72.3  1910   48.5  1969   46.7  1902   47.7  1851   47.1  1859   44.5  1876   52.9  1959   58.7  1928   57.3  1948   78.5  2010   72.4  1850   73.1  1992   195.7  1955   151.6  1890   170.3  1845   228.1  1965   745.9  1911
   72.2  1983   48.3  1928   46.7  2002   45.9  1985   46.9  1908   44.4  1847   52.6  1985   57.6  1938   56.5  1980   76.7  1989   71.6  2013   73.0  1893   195.1  1870   150.4  1915   169.4  1836   225.8  1869   744.8  1929
   70.8  1932   47.0  1877   44.8  1885   45.1  1888   46.6  1890   44.3  1972   52.2  1866   57.2  1982   56.1  1922   76.4  1847   71.6  1902   72.9  1947   194.3  1985   150.1  1934   168.8  1925   224.9  1936   743.5  1885
   70.1  1903   46.4  1875   44.8  1890   45.0  1860   46.2  1982   43.7  1979   52.1  1843   57.2  1850   55.5  1938   75.9  1992   71.5  1975   72.3  1898   193.2  1893   149.5  1871   168.7  1900   224.0  1849   742.8  1900
   69.6  1856   46.0  1955   44.4  1983   44.0  1965   46.1  1996   43.7  2008   51.9  1974   57.0  1904   54.5  1923   74.9  1867   71.2  1925   70.9  1964   190.0  1931   148.3  1858   168.5  1857   223.3  1915   742.4  1932
   69.5  1895   44.5  1841   44.2  1859   43.9  1909   45.7  1928   43.6  1939   51.5  1942   56.8  1874   54.3  1867   74.2  1997   71.1  1995   70.6  1951   188.9  1927   147.2  1982   166.1  1926   222.5  1860   737.8  1941
   69.4  1883   43.8  1850   43.5  2004   43.3  2002   45.7  2003   42.9  1981   50.9  1973   56.0  2012   54.0  1850   73.0  1974   70.7  1892   70.4  1962   188.1  1959   146.6  1940   166.1  1837   221.2  1887   737.3  1961
   68.5  1871   43.6  1947   43.5  1932   43.3  1885   45.5  1963   42.9  1855   50.8  1933   56.0  1887   53.7  1942   73.0  1959   70.5  1934   70.2  1845   186.6  1868   145.9  1866   163.5  1889   220.2  1881   737.2  2015
   68.3  1940   43.4  1987   43.3  1957   43.1  1911   45.5  1863   42.5  1850   50.4  1947   55.4  1862   52.6  2013   72.8  1926   69.1  1843   70.1  1895   186.3  2019   145.5  1912   161.9  1978   217.4  1980   734.0  1867
   68.0  1967   43.3  1882   42.9  1868   43.0  1990   45.4  1847   41.8  1978   50.2  1926   55.1  1915   52.3  1905   72.7  1839   68.7  1874   69.7  1858   185.5  1852   144.7  1904   161.6  1862   217.1  1893   732.4  1985
   67.7  1836   42.3  2018   42.7  2022   42.6  1952   44.6  1918   41.6  1937   49.9  1962   54.9  2005   52.0  1945   70.3  1868   66.3  1873   69.2  2005   185.4  1947   144.0  1935   159.7  1986   216.8  1996   732.3  1957
   67.5  1844   42.3  1911   42.6  1887   42.3  1948   44.4  1875   41.3  1867   49.9  1912   54.9  1867   51.8  1991   68.5  1838   64.9  1907   69.1  1838   184.3  1871   143.9  1939   159.3  1998   215.2  1912   732.0  1883
   67.2  1985   41.5  1847   42.5  1857   42.2  1949   44.0  1864   40.0  1885   49.5  1913   54.7  1888   51.4  1931   67.6  1837   64.4  2020   68.3  1990   183.5  1982   143.7  1954   159.1  2010   214.9  1878   730.6  1920
   65.6  1927   40.8  1901   41.9  1996   41.9  1941   43.5  1960   39.9  1836   49.2  2011   54.3  1988   51.3  2016   67.1  1999   64.4  1918   66.5  1918   183.3  1972   143.6  1894   158.6  1896   213.7  1873   729.9  2016
   65.3  1968   40.7  1903   41.8  1958   41.8  2013   43.2  1846   39.8  1989   49.0  2019   54.0  1839   51.1  1846   66.7  1954   64.1  1971   66.4  1967   181.8  1968   143.6  1973   158.6  2001   213.6  1898   729.6  1856
   64.9  1887   40.2  1953   41.8  2017   41.3  1884   43.2  1987   39.1  1891   48.7  1844   53.8  1953   51.0  1893   66.2  1856   63.2  1994   66.3  2007   181.5  1940   142.9  1918   156.0  1973   212.3  1953   729.5  1843
   64.0  1934   39.5  1982   40.7  1894   41.1  1981   43.0  1988   39.0  1983   48.2  1981   52.6  2007   51.0  2010   65.5  2008   62.3  1966   65.8  1874   181.0  1902   142.8  1910   154.3  2009   212.0  1870   727.6  1942
   63.8  1947   39.4  1984   39.9  1962   40.5  2009   42.9  1950   39.0  1901   47.9  1904   52.3  1858   50.5  1949   65.4  2009   62.3  1890   65.2  1957   180.6  1851   142.7  1901   153.8  1901   211.8  1997   726.1  2017
   63.4  1946   39.1  1991   39.4  1906   40.5  1940   42.9  1842   38.8  1851   47.6  1951   52.3  2021   50.5  1862   65.0  1883   62.0  1998   64.3  1954   174.9  1971   141.9  1948   152.9  1970   211.7  1910   724.3  1997
   62.8  1952   38.9  1871   39.2  1930   40.5  1872   42.7  2012   38.7  1856   47.3  1862   51.5  2019   50.4  1870   64.4  1877   61.9  1893   61.7  1903   174.1  1993   141.3  1950   151.9  1919   209.9  1957   724.0  1897
   62.5  1885   38.6  1898   38.6  1939   39.6  1942   42.6  1882   38.1  1943   47.1  1881   51.1  1872   50.4  1934   64.1  1914   60.8  1961   60.6  1866   172.9  2022   140.8  1962   151.5  1907   209.9  1864   723.0  1934
   62.3  1891   38.6  1907   38.5  2009   39.1  1944   41.2  1921   37.5  2014   47.0  1946   50.8  1870   48.4  1908   63.9  1899   60.0  1958   60.3  1894   172.7  1924   140.8  2021   150.6  2005   208.3  1962   719.1  1931
   61.4  1996   38.1  2013   38.0  2014   39.0  2006   41.0  1887   37.4  1929   46.8  1928   50.7  1907   47.8  1886   62.8  1971   59.9  1967   60.1  1836   172.0  1901   140.4  1970   149.4  2016   207.7  1862   717.3  1969
   60.5  1862   38.0  1943   37.6  1838   38.4  1887   40.6  1899   37.3  1952   46.5  1854   50.7  1901   47.0  1855   62.6  1979   59.7  1979   59.3  2004   171.1  1839   140.1  1911   149.4  1856   206.4  2003   717.2  1959
   60.4  1897   37.9  1939   37.4  1904   37.6  1988   39.9  1911   36.6  1957   45.8  2014   50.2  1945   46.9  1955   62.2  1900   58.6  1919   59.1  1944   170.0  1949   137.5  1902   148.7  1883   206.0  2010   715.5  1978
   59.1  1854   37.7  1846   37.3  1871   37.5  1839   39.4  1947   35.8  1899   45.0  1857   49.9  1840   46.9  2021   61.4  1881   58.1  1985   58.2  1865   169.5  1908   134.5  2005   148.3  1993   205.4  2018   714.9  1988
   58.4  1957   36.9  1948   37.2  2021   37.3  1956   39.2  1861   35.8  1922   44.4  1907   49.8  1929   46.5  1901   61.0  1901   58.1  1964   57.1  1877   169.3  1842   132.3  1991   147.7  1884   203.4  1905   714.2  1975
   57.7  1933   36.8  1855   37.0  1999   36.6  2003   38.3  1888   35.6  2025   44.2  1837   48.9  1851   46.1  1943   60.2  1983   57.6  1869   57.0  1862   169.1  1863   132.2  1899   147.4  1964   203.0  2015   712.8  1907
   54.9  1843   36.8  1892   36.9  1878   36.3  1864   38.1  2023   35.6  1932   44.0  1838   48.3  1882   46.0  1988   58.0  2015   55.9  1912   55.2  1850   167.6  1882   131.7  1958   147.4  1868   201.5  1843   711.5  2025
   54.2  1931   36.7  1868   36.7  1921   35.9  1875   38.1  1909   35.0  1992   43.9  1986   47.5  2002   45.8  1904   57.8  1948   55.3  1847   54.8  1906   165.8  1933   131.4  1980   147.0  1932   201.0  1942   707.6  1971
   54.1  1849   36.6  1888   36.7  1853   35.7  1898   37.6  1939   35.0  1950   41.7  1961   46.8  1854   45.0  1872   57.1  1920   55.0  1903   54.2  1887   164.9  1973   131.3  1868   145.3  1979   199.4  2004   704.9  1972
   53.6  1980   35.6  1902   35.8  1924   34.5  1883   37.2  1873   34.9  1869   41.0  1842   46.6  1914   44.8  1847   55.8  1869   54.5  2005   54.2  1950   164.0  1918   129.9  1999   145.1  1844   198.6  1888   703.9  1849
   52.3  1874   34.6  1949   35.4  1974   34.4  1837   37.1  1866   34.3  1837   41.0  1963   46.2  1987   44.5  1916   55.4  1860   54.3  1993   54.0  2014   162.4  1857   128.8  1949   144.3  1893   198.3  2021   703.5  1896
   52.0  1893   34.6  1856   34.1  1955   34.0  1914   36.9  1957   34.3  1934   40.7  1934   46.1  2000   43.6  1877   54.8  1996   52.3  1921   53.7  1837   162.3  1921   124.7  1855   143.9  1952   197.2  1868   702.5  1956
   51.0  1944   34.6  1983   33.8  1946   33.9  1977   36.3  1999   34.2  1969   40.4  1929   45.3  1943   43.3  1917   54.3  1902   52.0  1923   53.7  2024   162.3  1859   124.6  1845   143.8  1840   195.6  1914   697.6  1983
   49.0  1945   34.0  1985   33.5  1950   33.8  1845   36.1  2009   34.2  1864   40.0  1923   44.5  1959   42.9  1987   53.3  1977   51.9  1837   53.2  1973   162.1  1892   124.5  1861   143.6  1914   194.8  1845   694.1  1871
   48.7  2012   33.2  1864   33.3  1865   33.7  1915   35.3  1935   34.2  2005   38.9  2006   43.8  1921   42.7  1837   53.0  1927   51.8  1863   53.0  1974   162.0  1914   124.4  1857   142.4  1854   194.1  1955   689.5  2010
   48.6  1839   32.8  1918   33.2  1882   33.3  1904   35.2  1914   34.1  2022   38.9  1972   42.3  2024   41.6  1858   53.0  1963   51.8  1870   53.0  1943   161.8  2012   122.4  1865   141.7  1876   192.9  1889   686.4  1904
   47.8  1966   32.5  2004   31.9  1949   33.3  1869   34.7  1900   34.0  1840   37.5  1856   42.3  1978   41.4  1919   53.0  2018   51.6  1866   52.7  1888   161.7  1987   121.9  1887   141.6  1962   192.1  1937   681.9  1955
   47.7  1982   32.5  1845   31.6  1910   31.9  1900   34.5  1920   33.9  2009   37.2  1975   41.4  1918   40.5  1940   52.5  1933   50.9  1857   51.7  1863   161.0  1945   120.9  1953   141.2  1942   192.1  2005   681.6  1962
   47.5  1870   32.4  2003   30.5  1892   31.2  1847   34.4  1912   33.6  2004   37.0  1878   41.0  1875   40.3  2011   51.9  1957   50.8  1980   50.7  1941   160.3  1844   120.4  2019   139.1  1874   187.1  1856   680.8  1857
   47.3  1848   32.4  1908   30.4  2026   30.3  1996   34.3  1992   33.6  1842   36.9  2020   40.6  1926   40.2  2002   51.6  1964   50.7  1955   49.3  1871   159.2  1903   119.7  1873   138.5  1934   184.3  1917   680.0  1895
   46.2  1847   32.4  1852   30.3  1993   30.2  1902   33.0  1897   33.2  1951   35.9  1870   40.4  1913   40.0  2005   51.4  1858   50.4  1990   49.2  1940   159.1  1917   118.9  2017   137.7  1858   183.9  1871   679.9  1838
   45.2  1881   32.2  1976   29.7  1845   29.3  1916   33.0  1870   32.8  2010   35.7  1998   40.4  1973   38.6  2018   51.0  2003   50.3  1854   48.4  1902   158.8  1965   118.6  1961   137.1  1842   181.8  2016   678.1  1991
   43.2  1842   32.1  1858   29.4  1898   28.5  1933   33.0  2005   32.8  1994   35.4  1868   40.3  1961   38.5  1878   50.3  1904   48.5  2017   48.1  1980   156.2  1886   118.2  1996   136.9  1943   177.9  1943   677.9  1989
   43.0  1954   31.9  1999   29.2  1968   28.4  1945   32.4  1881   32.5  2023   35.2  1937   40.1  1975   37.1  1990   49.3  1845   48.5  1846   47.7  1921   155.7  1952   117.5  1960   136.3  1967   176.5  1847   675.8  1944
   42.4  1908   31.8  1860   29.0  1856   28.2  1921   32.4  2001   32.5  1961   34.3  1902   39.4  2016   36.0  1972   49.0  1991   48.5  1942   47.6  1878   155.7  1884   116.5  1883   133.0  1904   174.9  1991   673.8  1863
   42.1  1859   31.4  1992   28.6  1945   28.1  1958   31.4  1857   31.8  1846   34.1  1996   39.0  2013   35.6  1844   49.0  1918   48.2  1848   46.6  1899   154.6  1843   115.4  1906   132.4  1938   173.2  1990   672.5  1873
   41.8  1923   30.9  1853   28.4  1900   27.7  1943   31.0  2019   31.1  1914   33.9  1979   38.7  1920   35.5  1986   48.9  1930   47.6  1968   46.2  1889   154.1  1850   115.1  2009   130.9  2024   173.2  1983   670.5  1899
   39.8  1878   29.9  1964   27.3  1847   27.5  1969   30.5  1868   30.9  1970   32.8  1948   37.9  1838   35.4  1966   48.6  1934   46.9  1948   44.8  1939   153.6  1898   114.1  1839   127.6  1929   173.2  1959   669.1  1976
   39.3  2005   28.9  1913   27.1  1883   27.3  1892   30.4  1961   30.9  1889   32.2  1995   37.4  1886   35.2  2020   47.5  1936   46.1  1943   44.6  2008   150.8  1890   113.9  1884   126.0  1886   172.5  1850   668.0  1889
   38.4  1882   28.3  1981   26.8  1880   26.0  1960   30.1  2010   30.5  1908   32.0  1874   37.2  1847   35.1  2004   47.1  1956   46.0  1989   44.5  1892   150.5  1861   113.5  1842   125.8  1959   169.9  1931   667.5  1874
   37.1  1916   28.1  1975   26.8  1858   25.9  2019   30.0  1974   30.0  1844   31.9  2013   36.8  1855   34.7  1891   47.1  1908   45.6  2011   44.5  1867   150.0  2006   113.4  1936   125.7  2025   169.5  1934   665.4  1845
   36.6  1917   27.9  1851   26.7  1918   24.8  2025   29.5  1995   28.9  1887   31.7  1982   36.7  1949   34.7  1947   46.2  1905   45.5  1922   43.4  1949   149.6  1942   113.4  1945   124.5  1996   165.3  1854   664.1  1842
   34.7  1911   27.7  1930   26.6  2012   24.7  1929   29.3  1940   28.9  1877   31.0  1976   36.5  1989   34.4  1906   46.1  1850   44.2  1868   43.4  1855   149.6  2017   111.9  1943   123.7  1981   163.2  1933   661.5  1943
   34.1  1981   26.6  2008   25.2  2003   23.5  1906   28.6  1838   28.7  1984   31.0  1916   36.4  2009   34.0  1911   45.2  2007   44.1  1937   43.3  1861   147.7  1856   111.9  2022   123.1  2000   162.2  1837   659.0  1892
   33.8  1876   26.0  1917   24.3  1915   22.7  2010   27.2  2011   28.4  1959   30.7  1967   35.9  1898   33.8  1989   44.9  1888   44.1  1983   43.0  1970   145.8  1878   111.7  2010   122.0  2003   162.0  1948   658.6  1990
   33.6  1929   24.9  1854   24.1  1875   22.7  1838   26.9  1901   28.1  1904   30.0  2018   35.4  1937   33.3  1889   43.7  1864   43.3  1981   42.9  1917   142.0  1953   111.5  1895   121.3  1933   161.1  1977   658.4  1908
   33.2  1864   24.7  1973   24.0  1843   22.1  1873   26.2  1970   27.6  1988   29.8  1900   34.9  1993   32.5  1921   43.5  1962   42.5  1953   42.3  1854   141.6  1876   108.2  1854   120.9  1994   160.1  1920   656.7  1905
   33.2  1989   24.7  2005   23.9  1948   21.3  1891   26.1  1980   26.6  1918   29.8  1899   34.8  1871   32.0  1888   43.0  1876   42.1  1999   42.1  2010   135.9  1841   107.6  2020   120.9  2006   160.0  1900   654.5  1861
   33.1  1850   24.6  1971   23.4  2015   21.1  1863   26.1  1927   26.4  2015   29.5  1984   34.6  1990   30.6  2007   42.9  1871   40.8  2001   40.8  1913   135.9  1895   107.4  2003   116.9  1947   158.6  1988   653.1  1938
   32.8  2019   24.4  1890   22.7  1849   19.9  1980   25.3  1998   26.0  1893   29.5  1989   33.4  1869   30.0  1890   42.8  1887   40.5  1855   40.8  1842   135.8  1889   107.3  1896   114.4  1961   157.0  2007   652.5  1844
   32.0  1973   23.3  1863   22.7  1907   19.7  1982   25.2  1839   25.5  1915   29.4  1896   32.6  1981   29.8  1902   41.6  1866   40.4  1920   35.1  1846   135.3  1929   107.0  1881   114.2  1955   156.4  1989   651.3  1850
   31.9  1901   23.1  1944   22.5  1863   19.6  1995   25.1  1892   24.5  1919   28.3  1983   32.0  2022   29.4  1914   41.6  1842   40.4  1932   34.6  1875   133.3  1997   106.2  1921   114.0  1923   155.7  1902   649.5  1945
   30.4  1949   22.3  1952   22.3  2000   18.5  1861   25.1  1976   23.4  2001   28.3  1997   31.8  1884   28.5  1928   38.9  1840   40.0  1904   34.6  1885   133.2  1954   104.6  2015   112.2  1937   155.0  1867   646.2  1855
   27.2  1953   22.1  1963   21.9  1976   18.5  2015   24.9  1837   22.8  2013   27.8  1964   31.7  1984   28.4  1996   38.8  1973   39.7  1849   33.3  1987   127.1  1944   104.3  1875   110.7  1849   152.0  1973   645.1  1949
   26.8  2000   21.7  1929   20.5  1879   18.5  2022   24.6  1851   22.8  1930   26.1  2010   31.3  2025   28.2  1939   37.9  1861   38.9  1947   33.3  1864   124.7  1838   103.9  1847   108.2  1972   150.2  1956   644.8  1890
   26.2  1902   20.0  1938   19.8  1837   17.4  1896   23.0  1874   22.4  1849   25.9  1994   30.9  1864   27.5  2009   36.1  2011   37.6  1853   33.2  1975   123.3  2005   103.6  1995   107.0  1887   149.0  2017   640.4  1964
   26.1  2022   19.3  2012   19.2  1899   16.2  1881   23.0  1922   21.9  1986   25.8  1971   30.6  1893   25.9  1854   35.8  1995   35.9  1884   27.7  1996   122.7  1847    96.4  1844   106.5  1990   148.4  1945   640.0  2003
   25.9  1909   19.2  1905   19.2  1956   15.8  1852   22.9  1893   21.0  1886   25.3  1949   30.3  1964   24.8  1898   34.9  1941   34.7  2004   27.1  1851   121.2  1880    95.1  1900   105.9  1913   147.0  1969   633.1  1947
   25.6  1888   19.2  1887   17.7  1925   15.4  1865   22.9  1959   20.6  2006   25.1  1897   30.1  1880   24.0  1926   34.5  1922   32.2  1896   26.4  1971   121.0  1989    93.1  1874   105.8  1847   143.3  1972   630.5  2011
   25.4  1889   18.4  1942   17.6  1973   15.3  1974   22.1  1876   20.2  1938   24.2  1847   28.1  1955   23.7  1977   33.2  1946   32.1  1973   26.4  1883   120.8  1905    91.0  1870   105.7  1989   142.5  1979   622.5  1837
   25.2  1935   18.0  1920   17.6  1966   11.8  1997   21.5  1836   20.0  2000   22.7  1935   28.0  1932   22.5  1969   33.1  1884   32.1  1858   25.6  2001   120.1  1845    89.0  1863   105.0  1906   140.8  1971   619.0  1893
   25.1  1905   17.1  1886   17.5  1874   11.2  1844   20.9  1905   18.4  1858   22.1  1887   27.2  1911   21.7  1900   32.3  1951   31.3  1897   24.6  1879   120.0  1862    88.9  1838    99.7  2018   137.3  1884   616.1  1902
   25.0  1907   16.2  1862   16.1  1997   10.9  1955   20.5  2025   17.9  1995   22.0  1977   27.0  1906   21.6  1895   30.8  1890   31.1  1889   24.1  1963   118.5  1874    88.4  1880    97.8  1870   136.1  1904   615.6  1996
   24.7  1858   15.4  1986   16.0  2011   10.8  1855   19.9  1884   17.8  2024   21.1  1955   26.5  1899   20.7  1978   30.7  1975   31.0  1917   23.8  1932   118.5  1907    86.9  1957    95.9  1940   136.1  1922   615.3  1884
   24.0  1950   14.6  1962   15.7  1935   10.7  1976   19.8  1934   17.0  1996   20.6  1863   26.5  1885   20.7  1964   29.8  2017   30.8  1856   22.7  1890   118.1  1864    84.8  1852    95.6  1898   130.4  1964   614.7  1953
   23.3  2006   14.5  1924   14.5  1943   10.3  1870   18.3  1871   16.8  1895   19.7  1906   25.3  1849   20.2  1979   29.7  1985   30.5  1988   22.2  1905   116.5  1888    83.0  1892    93.7  2013   130.2  1879   612.7  1901
   23.2  1896   13.9  1909   13.3  1926   10.0  2021   16.4  1944   16.0  1940   18.1  2016   25.2  1883   18.9  1985   29.7  2016   29.1  1908   22.0  1931   115.7  1909    80.7  1974    92.1  1899   128.8  1941   611.3  1851
   21.6  1964   12.9  1857   12.9  1931    9.6  1854   14.8  1848   16.0  1913   17.8  1876   25.0  1972   18.6  1843   28.1  1972   26.9  1933   21.3  1953   112.0  1963    79.2  1837    90.1  1911   125.1  1858   610.4  2005
   21.4  1892   12.0  1921   11.7  1953    8.8  1842   14.7  1991   16.0  1949   17.8  1905   23.5  1861   15.9  1907   26.6  1921   26.8  1862   21.2  1991   110.6  1981    76.6  1929    90.0  1984   125.1  1919   601.9  1840
   20.9  1992   12.0  1956   11.6  1893    8.5  2017   14.6  1936   14.4  1976   17.1  1869   22.2  1933   14.0  1971   25.6  1879   25.7  1867   19.3  1857   103.1  1896    76.2  1997    89.4  1975   124.6  1908   601.8  1933
   19.9  1987    9.9  1965   10.9  1852    8.5  1954   11.7  1919   13.5  1868   17.0  1952   22.0  1983   13.7  2014   25.0  1919   23.3  1851   17.9  2016    99.8  1932    68.3  1938    89.4  1983   124.3  1901   590.0  1898
   19.6  1963    9.8  1896   10.0  1938    6.8  1957   11.7  1989   12.5  1923   15.4  1990   20.7  1998   13.4  1929   20.5  1897   22.8  1978   17.8  1988    98.6  1854    67.2  1956    85.4  1869   123.0  1890   588.4  1887
   19.0  1914    9.3  1998    9.4  1854    5.8  1938   10.8  1880   12.1  1975   14.6  1898   18.8  1936   12.8  1941   19.8  1970   22.4  1909   17.8  1843    92.5  1855    65.8  1840    78.0  1949   122.0  2011   577.7  1870
   18.4  1976    7.5  1993    8.3  1990    5.0  1840   10.7  1956   11.1  1870   13.2  1999   18.3  1976   12.2  2003   18.4  1950   20.7  1879   16.8  1933    86.4  1891    60.9  1990    77.9  1864   119.3  1897   565.0  1847
   16.8  1861    7.2  2023    8.2  1850    4.4  1984    9.5  1990    9.1  1942   12.8  1864   18.0  2003   11.6  1997   18.2  1965   20.2  1956   16.5  1873    84.8  1934    60.8  1944    75.4  1885   115.6  1851   561.6  1973
   16.7  1898    7.1  1932    7.6  1840    3.6  2011    9.3  1895    7.1  1962    9.7  1911   16.7  1991   11.4  1910   16.5  1931   17.2  1871   14.7  1844    83.8  1976    57.6  1976    71.8  2022   111.3  1921   547.1  1864
   15.8  1997    6.2  1895    6.8  2025    2.5  2007    9.3  1844    4.7  1921    9.7  1921   11.7  1947    8.4  1851   16.0  1947   16.8  1901   14.6  1853    76.1  1858    52.0  2025    63.7  1976   106.7  1985   542.2  1854
   13.4  1855    4.0  1934    5.4  1944    2.4  1912    7.8  1896    3.3  1925    8.9  1885    4.9  1995    4.7  1865    6.1  1969   14.2  2021   14.2  1926    75.6  1964    46.8  2011    58.2  1921    89.5  1947   537.5  1858
   12.9  1880    3.7  1959    2.9  1961    1.4  1893    4.9  2020    2.8  2018    5.7  2022    2.5  1940    3.5  1959    6.1  1978   11.5  1945   12.7  1840    73.5  1992    35.9  1893    55.0  1995    49.5  1978   411.2  1921
   12.9  1838    1.3  1891    2.8  1929    ---  2026    ---  2026    ---  2026    ---  2026    ---  2026    ---  2026    ---  2026    ---  2026    ---  2026     ---  1836     ---  2026     ---  2026     ---  2026     ---  2026
