Areal values from HadUK-Grid 1km gridded climate data from land surface network
Source: Met Office National Climate Information Centre
Monthly, seasonal and annual mean air temperature for England SE and Central S
Areal series, starting in 1884
Last updated 01-Apr-2026 11:35
    jan  year    feb  year    mar  year    apr  year    may  year    jun  year    jul  year    aug  year    sep  year    oct  year    nov  year    dec  year     win  year     spr  year     sum  year     aut  year     ann  year
    7.1  2007    8.1  2024    9.2  2017   12.4  2011   14.0  2008   17.6  2023   20.2  2006   19.6  1995   17.7  2023   13.8  2001   10.4  1994   10.5  2015    7.23  2016   10.78  2025   18.15  2025   13.18  2006   11.61  2022
    7.1  1921    7.9  2026    9.1  1957   11.9  2007   13.8  1992   17.6  2025   19.9  2018   19.5  2022   17.3  2006   13.7  2006   10.0  2015    8.1  1934    6.82  2024   10.72  2024   18.03  2022   12.94  2023   11.53  2023
    7.1  1916    7.8  1990    8.8  1938   10.9  2020   13.7  2025   17.4  1976   19.9  1983   19.4  1997   16.9  1949   13.6  2005   10.0  2011    7.7  1974    6.77  1990   10.72  2017   18.00  2018   12.84  2011   11.52  2025
    6.8  1975    7.4  2002    8.5  2024   10.9  2025   13.7  1989   16.9  2017   19.0  2025   19.2  2003   16.7  1929   13.6  2022    9.8  2022    7.7  2023    6.75  2007   10.67  2007   17.99  1976   12.75  2022   11.49  2014
    6.8  1990    7.1  2022    8.4  2019   10.8  1943   13.7  1998   16.6  2018   19.0  2022   19.1  1947   16.7  2016   13.3  1995    9.3  2009    7.2  2018    6.58  2020   10.65  2011   17.79  2003   12.68  2014   11.40  2020
    6.8  2008    7.0  1926    8.4  2026   10.5  2014   13.7  2018   16.4  1940   18.9  1995   18.9  1911   16.3  2021   13.2  2014    9.3  1938    7.2  1953    6.54  1975   10.37  2014   17.77  2006   12.04  2009   11.36  2024
    6.6  1983    7.0  1961    8.4  1997   10.5  1893   13.7  2024   16.4  1950   18.9  1976   18.8  2020   16.1  1999   13.2  1921    9.2  2002    7.2  1918    6.49  2026   10.34  2020   17.69  1995   12.00  2021   11.24  2006
    6.5  2020    7.0  1995    8.4  2012   10.5  2018   13.5  2017   16.3  2003   18.7  1989   18.6  1899   16.0  1895   13.2  2023    9.1  2020    7.2  1988    6.39  1989   10.31  1893   17.56  1983   11.97  1949   11.18  2018
    6.3  1993    7.0  2020    8.3  1990   10.3  2009   13.3  2022   16.3  1970   18.7  2013   18.5  1990   15.8  2014   12.9  2011    9.0  2014    7.1  2021    6.38  2014   10.28  2022   17.45  1911   11.89  2005   11.17  2011
    6.2  2014    6.9  1945    8.2  1981   10.2  1945   13.3  1999   16.2  1896   18.6  1921   18.5  1975   15.7  1898   12.9  1969    8.9  2025    7.0  1898    6.29  2022   10.15  1945   17.42  1947   11.74  2020   11.03  2002
    6.2  1974    6.7  2014    8.2  1998   10.2  1961   13.2  1952   16.2  2006   18.6  1911   18.0  1933   15.7  2005   12.8  1968    8.8  1939    7.0  2024    6.22  1995   10.10  1999   17.40  1899   11.73  2025   11.02  2017
    6.1  1884    6.6  2019    8.1  1948   10.1  1949   13.1  1947   16.1  2021   18.6  1994   18.0  2004   15.7  1959   12.8  2013    8.7  2003    6.9  1985    6.03  1935   10.04  1998   17.14  2020   11.72  1959   11.01  1989
    6.1  1930    6.5  1998    8.1  2022   10.1  1894   13.1  1893   15.9  1982   18.5  2014   18.0  1932   15.6  2011   12.6  2017    8.6  1984    6.9  1912    6.00  1998   10.03  1992   17.12  1933   11.71  1995   10.96  2007
    6.0  1999    6.5  1903    8.1  2014   10.0  2024   13.1  1917   15.9  2005   18.2  2019   17.9  1955   15.5  1961   12.4  1959    8.6  1997    6.9  2025    5.94  1899   10.01  2009   17.11  2023   11.62  1898   10.93  1990
    6.0  2012    6.5  1997    8.0  1989   10.0  1987   13.1  2020   15.8  2004   18.1  1900   17.9  2024   15.4  1947   12.4  2021    8.6  1951    6.8  1900    5.89  2008    9.95  1943   17.03  1997   11.59  2001   10.92  2015
    6.0  2005    6.4  2007    8.0  1991    9.9  1944   13.1  1964   15.8  2020   18.1  1934   17.8  2025   15.4  1933   12.4  1949    8.5  1963    6.7  1994    5.84  2019    9.89  2019   17.01  2017   11.57  2024   10.89  1999
    6.0  1932    6.4  2011    7.9  1994    9.7  1914   13.0  1918   15.8  1917   18.1  2010   17.8  2016   15.4  1989   12.3  1989    8.5  2006    6.7  2006    5.70  1999    9.87  1990   17.00  2019   11.56  1999   10.86  2019
    6.0  2018    6.4  2000    7.9  2002    9.7  1946   13.0  1990   15.7  2014   18.1  1999   17.8  1983   15.3  2004   12.3  1990    8.5  1978    6.6  1954    5.70  1943    9.86  2018   16.99  1989   11.54  2002   10.86  1995
    6.0  1989    6.4  2017    7.9  2003    9.6  1952   13.0  2016   15.7  1947   18.0  1899   17.7  1944   15.3  1926   12.2  1954    8.4  2018    6.4  1942    5.68  1916    9.86  2002   16.91  2016   11.49  2015   10.85  2003
    5.9  1898    6.3  1914    7.8  1961    9.6  1993   13.0  1919   15.7  2010   17.9  2021   17.7  1976   15.3  1998   12.1  2024    8.4  1982    6.4  1911    5.63  1925    9.86  2003   16.84  1975   11.47  2004   10.79  2016
    5.9  1944    6.3  1966    7.7  2025    9.6  2015   12.9  1922   15.7  2007   17.9  1933   17.6  1991   15.2  1958   11.9  1977    8.4  1899    6.3  2002    5.61  1957    9.82  1952   16.83  2013   11.46  1989   10.76  2004
    5.8  2002    6.1  2023    7.6  1945    9.6  2002   12.8  1911   15.7  1889   17.9  2003   17.6  1984   15.2  2000   11.9  2025    8.3  1913    6.3  2011    5.57  1974    9.74  1997   16.78  1959   11.45  1978   10.76  1997
    5.8  1890    6.1  1885    7.6  1950    9.5  2003   12.8  1889   15.7  1992   17.9  1923   17.6  1959   15.1  1991   11.9  2009    8.3  1953    6.3  1910    5.55  2002    9.73  1959   16.77  2021   11.41  1913   10.73  1949
    5.7  1948    6.1  1923    7.6  2000    9.5  1999   12.7  2023   15.6  1960   17.8  1935   17.6  1893   15.0  2020   11.9  1945    8.2  1970    6.3  2013    5.54  1949    9.72  1948   16.77  1994   11.40  2016   10.73  1921
    5.7  1969    6.0  1946    7.5  2007    9.5  1959   12.7  2011   15.6  1957   17.8  1905   17.5  2019   15.0  2019   11.8  1908    8.1  1895    6.3  2019    5.52  1913    9.72  2008   16.77  2004   11.39  1994   10.69  2005
    5.7  1938    6.0  1989    7.5  1992    9.5  2019   12.7  1970   15.6  1893   17.8  1949   17.5  2013   15.0  1911   11.7  1996    8.1  1888    6.2  1971    5.47  1920    9.71  1961   16.70  2014   11.37  1997   10.68  1994
    5.7  2016    6.0  1937    7.5  1999    9.4  2022   12.7  2000   15.5  1899   17.7  2017   17.5  2018   15.0  1980   11.7  1978    8.1  1986    6.2  1924    5.41  1937    9.65  2023   16.68  1949   11.31  1984   10.64  1998
    5.6  1988    6.0  1950    7.5  1912    9.4  2017   12.7  2007   15.5  2022   17.6  1901   17.4  2002   14.9  2009   11.6  1898    8.0  1928    6.2  1977    5.40  2004    9.63  1912   16.63  1893   11.30  2018   10.59  2000
    5.5  1994    5.9  1980    7.4  1920    9.4  2004   12.6  2001   15.5  1897   17.6  2001   17.4  1937   14.9  1982   11.6  1971    8.0  1946    6.1  2000    5.40  1923    9.62  2012   16.63  2010   11.29  2013   10.59  2021
    5.4  1998    5.9  1928    7.4  1933    9.3  1995   12.6  1953   15.5  1930   17.6  1941   17.4  1884   14.9  1934   11.6  1913    7.9  2023    6.1  1921    5.40  2012    9.57  1989   16.61  2005   11.28  1970   10.59  1959
    5.4  2004    5.9  1920    7.3  1959    9.3  2005   12.6  1940   15.5  1966   17.6  1959   17.4  2001   14.9  1884   11.6  1979    7.9  1992    6.1  2016    5.39  1921    9.52  1957   16.57  1921   11.23  1938   10.56  2009
    5.4  1976    5.8  1918    7.3  1927    9.3  1937   12.6  2009   15.4  2016   17.5  2016   17.4  1973   14.9  2022   11.5  1906    7.9  1995    6.0  1959    5.37  1988    9.48  1933   16.56  2001   11.21  2017   10.42  2008
    5.4  1899    5.8  1977    7.3  2023    9.2  1948   12.6  2012   15.4  1993   17.4  1947   17.3  2009   14.8  1921   11.5  1986    7.9  2024    6.0  1997    5.34  2017    9.47  2000   16.55  1935   11.21  1945   10.34  2001
    5.3  1949    5.8  1897    7.3  1896    9.2  1942   12.6  1960   15.4  2009   17.4  1904   17.3  1949   14.8  1973   11.4  1886    7.8  2004    6.0  1915    5.30  1912    9.44  1920   16.55  2024   11.20  1968   10.32  1983
    5.3  1925    5.7  1957    7.3  1903    9.1  2010   12.6  2006   15.4  1933   17.4  1887   17.2  2012   14.7  1997   11.4  1984    7.8  1931    6.0  1929    5.30  2025    9.44  1993   16.54  1955   11.19  1982   10.31  1945
    5.3  1957    5.6  2008    7.3  1893    9.0  2006   12.6  1945   15.3  1934   17.4  1955   17.2  1989   14.7  1890   11.3  1988    7.8  1894    6.0  1979    5.30  2000    9.43  2004   16.50  2009   11.17  1929   10.28  1957
    5.3  1937    5.6  1935    7.2  1921    9.0  1926   12.5  2014   15.3  2000   17.3  2005   17.2  2000   14.7  2024   11.3  1967    7.7  1999    6.0  1986    5.29  1950    9.39  2015   16.48  1990   11.10  1947   10.23  1898
    5.2  1943    5.5  1912    7.2  1967    8.9  1904   12.5  1912   15.2  1925   17.3  1975   17.1  1906   14.7  1970   11.3  2015    7.7  1917    6.0  1955    5.14  2005    9.33  1896   16.43  1999   11.10  2000   10.23  1961
    5.2  2023    5.5  1974    7.2  2009    8.9  1955   12.4  1976   15.2  2019   17.3  1969   17.0  1898   14.7  1939   11.3  1916    7.7  1960    5.9  1998    5.14  1898    9.32  2005   16.39  1982   11.10  1969   10.23  2012
    5.1  1906    5.4  1884    7.2  1977    8.9  1957   12.4  1943   15.2  1959   17.2  1971   16.9  1999   14.7  1956   11.2  2004    7.6  1964    5.9  1951    5.10  2023    9.28  1960   16.37  1984   11.07  1906   10.23  1911
    5.1  1920    5.4  1939    7.1  2021    8.9  1997   12.4  2004   15.1  1986   17.2  1928   16.9  2023   14.7  1964   11.2  2018    7.6  1983    5.9  1972    5.10  1994    9.23  1921   16.34  1934   11.02  1921   10.21  1943
    5.0  1928    5.4  1949    7.0  2020    8.9  1896   12.3  1959   15.1  1941   17.1  1991   16.9  2006   14.7  2003   11.2  1910    7.6  1981    5.9  1993    5.09  1948    9.19  1927   16.31  1897   11.00  1990   10.20  1948
    5.0  1995    5.4  1943    7.0  1972    8.9  1912   12.3  1988   15.0  1973   17.1  1967   16.9  1994   14.6  1985   11.2  1957    7.5  2008    5.9  1948    5.08  1930    9.16  1981   16.28  1992   10.99  1958   10.20  1976
    5.0  1913    5.4  2016    7.0  2005    8.9  2023   12.3  1908   15.0  1935   17.1  1952   16.8  1916   14.6  1981   11.2  1943    7.5  1898    5.9  1949    5.03  2003    9.10  1988   16.23  1950   10.97  1961   10.16  1982
    4.9  2015    5.4  2004    6.9  1936    8.8  1933   12.3  1937   15.0  1887   17.1  1990   16.8  1981   14.6  2002   11.2  1985    7.5  1948    5.8  1956    5.03  1967    9.10  1940   16.20  1957   10.96  1954   10.16  1992
    4.9  2026    5.4  1899    6.9  2011    8.8  1960   12.3  1895   15.0  1936   17.1  1957   16.8  1935   14.6  1936   11.2  1958    7.4  1908    5.8  1989    5.02  1903    9.06  1995   16.16  1887   10.93  2003   10.10  1938
    4.8  2022    5.4  1967    6.9  2015    8.7  1920   12.2  1933   15.0  1989   17.0  1897   16.7  1919   14.5  1945   11.2  1961    7.4  2007    5.7  1987    5.01  1922    9.06  2016   16.16  1952   10.92  2019   10.09  1899
    4.8  1939    5.3  2021    6.8  1905    8.7  1940   12.2  1993   14.9  1983   17.0  2024   16.7  1996   14.5  1941   11.1  1965    7.4  1954    5.7  1983    5.00  2001    9.06  1994   16.16  1900   10.92  2007   10.08  1934
    4.7  2024    5.3  1925    6.8  1897    8.7  1980   12.2  1920   14.9  2015   17.0  1896   16.6  2008   14.5  1951   11.1  2020    7.4  1906    5.5  1966    4.95  1961    9.04  1950   16.14  2002   10.92  1951   10.06  1988
    4.7  1924    5.3  1958    6.8  1902    8.7  1992   12.2  2003   14.9  1895   16.9  1982   16.6  2005   14.4  1969   11.1  2016    7.4  1900    5.5  1922    4.89  1972    9.04  1914   16.12  2015   10.90  1953   10.00  1913
    4.7  1902    5.2  1905    6.7  1988    8.7  1909   12.1  1916   14.9  2008   16.9  1997   16.6  1926   14.4  1987   11.1  1976    7.3  2021    5.5  2020    4.89  1993    8.95  2001   16.11  2008   10.88  1963   10.00  1893
    4.7  1996    5.1  2025    6.7  1894    8.7  1939   12.1  2002   14.9  1949   16.9  1925   16.5  2015   14.4  2007   11.1  2019    7.3  1947    5.5  1919    4.84  2015    8.93  2006   16.09  1973   10.80  1983    9.98  1975
    4.7  1923    5.1  1999    6.7  1923    8.7  1985   12.0  1995   14.9  1910   16.9  1992   16.5  1914   14.4  1886   11.1  1942    7.3  1974    5.5  2014    4.83  2021    8.88  1991   16.07  1996   10.75  1998    9.98  2013
    4.6  2000    5.1  1992    6.7  1943    8.6  1947   11.9  1956   14.9  1921   16.8  2015   16.5  1952   14.4  2025   11.0  1903    7.2  2000    5.4  1984    4.77  1973    8.84  1894   16.06  1937   10.75  1886    9.97  1914
    4.6  1936    5.0  2001    6.6  1952    8.6  1996   11.9  1927   14.8  1905   16.8  2023   16.5  1942   14.3  2013   11.0  1920    7.2  2001    5.4  2003    4.74  1926    8.83  1938   16.06  2000   10.75  1946    9.96  1984
    4.6  1981    5.0  1910    6.6  1913    8.6  1921   11.9  1924   14.8  1984   16.8  1926   16.5  1998   14.3  1917   11.0  2007    7.2  1945    5.3  2012    4.74  2018    8.83  1913   16.02  1932   10.71  1908    9.94  1953
    4.6  1971    4.9  1893    6.6  1978    8.5  1916   11.9  1913   14.8  1952   16.8  2009   16.5  1939   14.3  1906   10.9  1970    7.1  1924    5.3  1932    4.73  1960    8.78  2010   16.01  1896   10.71  1899    9.91  1935
    4.4  2003    4.9  1975    6.6  2008    8.5  1982   11.9  1997   14.8  1891   16.8  2020   16.5  1969   14.3  1913   10.9  1925    7.1  1990    5.2  2007    4.72  1980    8.77  1982   16.00  1901   10.70  1939    9.88  1933
    4.4  1927    4.8  1894    6.5  2004    8.5  2008   11.8  1921   14.7  1968   16.8  1996   16.5  1953   14.3  2018   10.9  1966    7.1  1959    5.2  1980    4.68  1939    8.70  1953   16.00  1944   10.70  1991    9.88  1926
    4.4  2006    4.8  1922    6.5  1926    8.5  1972   11.8  1890   14.7  1994   16.7  2008   16.5  1938   14.2  1942   10.9  1998    7.1  1897    5.2  1914    4.63  1984    8.69  1947   15.98  1905   10.62  1977    9.87  1884
    4.4  1962    4.8  1908    6.5  1960    8.4  1974   11.8  1936   14.7  1911   16.7  1945   16.4  1897   14.2  1891   10.9  1937    7.1  2012    5.2  2017    4.61  1932    8.68  1944   15.95  1970   10.62  1928    9.86  1993
    4.4  1935    4.8  1988    6.5  1993    8.4  1901   11.8  1896   14.7  1938   16.7  1893   16.4  2017   14.2  1971   10.9  1999    7.0  1940    5.2  2004    4.59  1946    8.68  1972   15.95  1925   10.59  1971    9.84  1928
    4.4  1984    4.7  1982    6.4  1968    8.4  1963   11.8  2019   14.7  2024   16.7  1984   16.4  1943   14.2  1966   10.9  1930    7.0  1955    5.1  1958    4.58  1976    8.65  1949   15.95  1969   10.59  1979    9.84  1937
    4.3  1903    4.7  1898    6.4  1884    8.3  1927   11.8  1982   14.7  1931   16.7  1951   16.3  1980   14.2  1968   10.8  2010    7.0  1935    5.1  1931    4.56  1966    8.65  1926   15.93  1884   10.58  1948    9.83  1960
    4.3  2011    4.7  1972    6.4  1966    8.3  1930   11.8  1948   14.7  1961   16.6  1964   16.3  1982   14.2  1955   10.8  1963    7.0  2017    5.1  1945    4.55  1911    8.62  1967   15.90  2007   10.57  1895    9.83  1971
    4.3  1951    4.6  1921    6.4  1928    8.3  1990   11.7  2005   14.7  1996   16.6  1912   16.3  1936   14.2  1978   10.8  2000    7.0  1929    5.1  1907    4.53  1914    8.58  1964   15.88  1940   10.56  1934    9.82  1967
    4.3  1973    4.6  1913    6.3  1954    8.3  1964   11.7  2015   14.7  1975   16.6  1885   16.3  1992   14.2  1935   10.8  1909    6.9  1907    5.1  1973    4.47  1983    8.58  1918   15.85  1941   10.55  1930    9.81  1930
    4.3  1896    4.5  1938    6.3  2010    8.3  1895   11.7  1934   14.7  1997   16.6  1979   16.3  1930   14.2  1983   10.8  2002    6.8  1914    5.1  1941    4.44  1938    8.58  1895   15.81  1943   10.54  1960    9.80  1947
    4.2  1967    4.5  1948    6.3  1914    8.3  1934   11.7  1971   14.7  1908   16.6  1985   16.3  2021   14.2  1899   10.8  1997    6.8  1930    5.0  1947    4.43  1992    8.55  1939   15.81  2012   10.53  1987    9.78  1920
    4.2  1926    4.4  1971    6.2  1935    8.2  1998   11.6  1925   14.7  2001   16.5  1943   16.3  1901   14.2  1948   10.7  1972    6.8  1991    5.0  1936    4.42  1915    8.55  1905   15.79  1930   10.50  1941    9.76  1939
    4.2  1900    4.3  2009    6.2  1983    8.2  1988   11.6  1884   14.6  1914   16.5  1986   16.2  1971   14.1  1907   10.7  1934    6.8  1892    4.9  1999    4.38  1958    8.53  1966   15.78  1914   10.48  1996    9.75  1973
    4.1  1950    4.3  1911    6.2  1907    8.2  1928   11.5  1915   14.6  1998   16.4  2004   16.2  2011   14.1  1938   10.7  1983    6.7  1902    4.9  1888    4.36  1885    8.51  1928   15.78  1945   10.47  1924    9.74  1974
    4.1  1970    4.3  1993    6.1  1956    8.2  1900   11.5  1892   14.6  1963   16.4  1944   16.1  1918   14.1  1946   10.6  1962    6.7  1977    4.9  1965    4.31  1928    8.49  1937   15.77  1991   10.46  1907    9.73  1950
    4.1  1922    4.3  1915    6.1  1929    8.2  2001   11.5  1965   14.6  1920   16.4  1929   16.1  1921   14.1  1901   10.6  1928    6.7  1979    4.9  1894    4.31  1906    8.48  1942   15.75  1917   10.43  1900    9.73  1900
    4.0  1991    4.3  1960    6.1  2016    8.2  1994   11.5  1969   14.6  1942   16.4  2002   16.1  1970   14.0  2010   10.6  1924    6.7  1926    4.8  1978    4.29  1905    8.44  1946   15.74  1967   10.42  2008    9.71  1991
    4.0  1912    4.2  1964    6.0  1982    8.1  2000   11.5  1973   14.6  1945   16.3  1946   16.1  1886   14.0  1930   10.6  1960    6.7  2019    4.8  1913    4.28  1981    8.43  1911   15.69  1998   10.42  1933    9.71  1966
    4.0  1956    4.2  2003    6.0  2001    8.1  1898   11.5  1950   14.5  1937   16.3  1884   16.1  1964   14.0  1900   10.6  1987    6.7  1889    4.8  1897    4.27  1971    8.41  1936   15.67  1926   10.40  1976    9.71  1970
    3.9  2013    4.2  1976    5.9  1940    8.1  1899   11.4  1978   14.5  1900   16.3  1987   16.1  2010   14.0  2017   10.5  1947    6.7  2013    4.7  1904    4.22  1954    8.39  1976   15.66  1906   10.38  1986    9.69  1977
    3.9  1968    4.2  2005    5.9  1918    8.1  2016   11.4  1910   14.5  2002   16.3  1950   16.1  1909   14.0  1967   10.5  1927    6.6  1989    4.7  1884    4.22  1944    8.38  1903   15.63  1942   10.37  2012    9.67  1918
    3.9  1960    4.1  1933    5.9  1973    8.1  1935   11.4  1944   14.5  1995   16.2  1937   16.1  1987   13.9  1953   10.5  1994    6.6  1987    4.6  1982    4.18  1910    8.38  1974   15.62  1964   10.35  1903    9.67  1897
    3.9  1961    4.1  2015    5.9  1995    8.1  1966   11.4  1958   14.5  2011   16.2  1886   16.1  1945   13.9  1992   10.5  1953    6.6  1941    4.6  1891    4.16  2013    8.37  1977   15.59  1904   10.33  1935    9.65  1958
    3.8  2019    4.1  1896    5.8  1939    8.1  1975   11.3  1954   14.5  1943   16.2  1908   16.1  1950   13.9  1984   10.5  1897    6.6  1932    4.5  1991    4.15  1896    8.35  1965   15.57  1895   10.33  1916    9.63  1969
    3.8  2001    4.0  1962    5.8  1974    8.1  1965   11.3  1903   14.4  1885   16.1  1906   16.1  1887   13.9  1995   10.4  1914    6.6  1949    4.4  1905    4.12  2006    8.35  1934   15.55  1961   10.32  1964    9.61  1951
    3.8  1915    4.0  1927    5.8  1910    8.0  1923   11.3  1931   14.4  1939   16.1  1977   16.0  1961   13.8  1988   10.4  1941    6.6  1958    4.4  1930    4.11  1978    8.32  1890   15.55  1898   10.31  1911    9.61  1944
    3.8  2025    4.0  1973    5.7  1890    8.0  1953   11.3  1981   14.4  1953   16.1  1914   16.0  2007   13.8  1975   10.4  2012    6.6  1968    4.4  1990    4.10  1919    8.30  1884   15.53  1938   10.31  1914    9.58  1912
    3.8  1972    4.0  1951    5.7  1963    8.0  1950   11.3  1985   14.3  1922   16.1  1958   16.0  1940   13.8  1976   10.3  1982    6.5  1903    4.3  1920    4.07  1952    8.30  1954   15.53  1936   10.30  1967    9.54  1978
    3.7  1992    3.8  1984    5.5  1930    8.0  1984   11.2  1929   14.3  1988   16.0  2007   16.0  1958   13.7  1932   10.3  1933    6.4  1920    4.3  1902    4.06  1927    8.28  1980   15.51  1923   10.29  1920    9.54  1906
    3.7  1910    3.8  1931    5.5  1965    8.0  1991   11.2  1901   14.3  1915   16.0  1932   15.9  1967   13.7  2001   10.3  1938    6.4  1886    4.3  1957    3.98  1908    8.27  1930   15.49  1993   10.27  1981    9.52  1964
    3.7  1986    3.8  1916    5.4  1941    8.0  1885   11.2  1904   14.2  1913   16.0  1956   15.9  1895   13.7  1914   10.3  1907    6.4  2016    4.2  2005    3.98  1901    8.25  1923   15.49  1953   10.26  1988    9.52  1894
    3.7  2021    3.8  1994    5.4  1953    8.0  1913   11.2  1914   14.2  1999   16.0  1894   15.9  1929   13.7  1996   10.3  1893    6.4  1944    4.2  1960    3.96  1894    8.25  1956   15.47  1971   10.24  2010    9.49  1936
    3.7  1934    3.7  2012    5.4  2018    8.0  1981   11.1  1939   14.2  1955   16.0  1981   15.9  1923   13.7  2008   10.3  1923    6.4  1916    4.1  1895    3.88  1933    8.25  1910   15.46  1928   10.22  1957    9.48  1980
    3.7  2017    3.7  1904    5.3  1911    7.9  1968   11.1  1961   14.2  2012   16.0  1898   15.9  1957   13.7  2012   10.2  1946    6.3  1976    4.1  1975    3.87  1890    8.24  1987   15.43  1939   10.21  1943    9.48  1903
    3.7  1958    3.7  1959    5.2  1895    7.9  1979   11.1  1942   14.2  2013   15.9  1917   15.8  1927   13.7  1924   10.2  1991    6.3  2005    4.1  2022    3.84  1962    8.24  1907   15.43  2011   10.19  1966    9.47  1981
    3.5  1918    3.7  1953    5.2  2006    7.9  1976   11.1  1966   14.2  1924   15.9  2012   15.8  2014   13.7  1937   10.2  1891    6.3  1950    4.1  1992    3.84  1931    8.24  1897   15.39  1889   10.17  1926    9.47  1946
    3.5  1904    3.7  2006    5.2  1942    7.9  1886   11.1  1980   14.2  1919   15.9  1998   15.8  1892   13.6  1990   10.1  1948    6.2  1957    4.1  1893    3.78  1997    8.23  1889   15.38  1981   10.12  1942    9.47  1932
    3.5  1965    3.7  1987    5.1  1934    7.8  2012   11.1  1994   14.1  1967   15.9  1895   15.8  1915   13.5  1903   10.1  2008    6.2  1961    4.0  1908    3.77  1955    8.23  1973   15.38  1886   10.12  1955    9.44  1896
    3.3  1978    3.7  1941    5.0  1980    7.8  1969   11.0  1905   14.1  1948   15.9  1973   15.8  1928   13.5  1915   10.0  1975    6.2  1972    4.0  1967    3.72  1924    8.20  1935   15.35  1960   10.11  1980    9.43  1954
    3.3  1931    3.7  1891    5.0  1949    7.8  1967   11.0  1898   14.1  1901   15.9  1961   15.7  1900   13.5  1919   10.0  1904    6.2  1973    3.9  1938    3.68  1977    8.19  1978   15.33  1986   10.10  1973    9.43  1924
    3.3  1901    3.6  1892    5.0  1922    7.8  1931   11.0  1930   14.1  1964   15.9  1972   15.7  1968   13.4  1979    9.9  1900    6.2  1975    3.9  1909    3.67  1959    8.18  1963   15.32  1958   10.07  1940    9.42  1968
    3.3  1982    3.5  2010    5.0  1915    7.7  1905   11.0  1928   14.1  1974   15.8  1948   15.7  1925   13.4  1893    9.9  1950    6.1  1980    3.8  1970    3.66  1918    8.17  1968   15.32  1987   10.05  1891    9.42  1955
    3.2  1977    3.4  1887    5.0  1946    7.7  1962   11.0  2010   14.0  1932   15.8  1918   15.7  1904   13.4  1943    9.9  1911    6.1  1934    3.8  2008    3.65  1936    8.17  1916   15.31  1908   10.02  1985    9.41  1996
    3.1  1909    3.3  1970    5.0  1975    7.7  1892   10.9  1907   14.0  1980   15.8  1993   15.6  1988   13.4  1950    9.9  1929    6.1  1911    3.7  1926    3.63  2009    8.17  1985   15.29  1951   10.01  1897    9.40  1925
    3.1  1952    3.2  1906    4.9  1906    7.6  1915   10.9  1886   14.0  1912   15.7  1942   15.5  1917   13.4  1896    9.9  1935    6.0  1998    3.7  1923    3.62  1897    8.16  1904   15.28  1968   10.00  1956    9.40  1972
    3.1  1907    3.1  2013    4.9  1984    7.6  1907   10.9  1974   14.0  1884   15.7  1927   15.5  1934   13.4  1960    9.8  1901    6.0  1996    3.7  1896    3.58  2011    8.12  2021   15.27  1929   10.00  1917    9.39  1916
    3.1  1894    3.1  1900    4.9  1986    7.6  1902   10.9  1949   14.0  1969   15.7  2000   15.5  1913   13.4  1920    9.8  1940    6.0  1918    3.7  1943    3.57  1970    8.11  1919   15.25  1966   10.00  1890    9.38  1910
    3.1  1905    3.1  1944    4.9  1979    7.6  1971   10.9  1986   14.0  1951   15.6  1903   15.5  1972   13.4  1940    9.7  1951    6.0  1927    3.6  2001    3.52  1904    8.06  1971   15.22  1885    9.99  1975    9.38  1987
    3.0  1911    3.1  1952    4.9  1971    7.6  2013   10.9  1967   13.9  1965   15.6  2011   15.5  1974   13.3  1916    9.7  1894    6.0  1912    3.6  2009    3.45  1945    8.06  1915   15.16  1979    9.98  1992    9.37  1927
    2.9  1919    3.0  1890    4.9  1899    7.5  1910   10.8  1909   13.9  1958   15.6  1930   15.4  1977   13.3  1963    9.7  1899    6.0  1943    3.5  1944    3.41  1987    8.00  1922   15.10  1948    9.92  1937    9.37  2010
    2.9  2009    3.0  1934    4.8  1976    7.5  1897   10.8  1906   13.9  1894   15.6  1953   15.4  1910   13.3  1994    9.6  1956    6.0  1885    3.5  1964    3.40  1892    7.96  1983   15.10  1918    9.88  1894    9.36  1923
    2.8  1964    3.0  1930    4.8  1925    7.4  1925   10.7  1977   13.9  1978   15.6  1889   15.3  1948   13.2  1954    9.5  2003    5.9  1969    3.5  1935    3.38  1996    7.96  1929   15.05  1980    9.86  1950    9.36  1952
    2.8  1946    2.9  2018    4.8  1944    7.3  1890   10.7  1991   13.9  1979   15.5  1970   15.3  1965   13.2  1977    9.5  1890    5.9  1971    3.5  1940    3.38  1968    7.95  1925   15.04  1915    9.83  1932    9.32  1908
    2.8  1953    2.9  1981    4.7  1951    7.3  1924   10.7  1946   13.8  1944   15.4  1924   15.3  1993   13.2  1902    9.4  1944    5.9  2010    3.4  1928    3.38  1969    7.94  1924   15.01  1931    9.81  1927    9.27  1905
    2.7  1955    2.8  1936    4.6  1996    7.3  1938   10.7  2013   13.8  1890   15.4  1974   15.3  1905   13.2  1928    9.4  1915    5.8  1891    3.4  1901    3.31  1889    7.90  1901   14.99  1974    9.80  1884    9.27  1904
    2.7  1966    2.8  1954    4.6  1985    7.3  1889   10.6  1972   13.8  1886   15.4  1968   15.2  1978   13.2  1957    9.4  1902    5.8  1890    3.3  1903    3.31  1991    7.83  1969   14.99  1894    9.79  1936    9.25  1929
    2.6  1914    2.8  1940    4.6  1885    7.3  1973   10.6  2021   13.7  1990   15.3  1902   15.2  1951   13.1  2015    9.4  1918    5.7  1936    3.3  1885    3.28  1986    7.82  1931   14.98  1919    9.76  1902    9.20  1940
    2.6  1888    2.7  1924    4.6  1924    7.2  1954   10.5  1987   13.7  1906   15.3  1939   15.1  1960   13.1  1889    9.4  1952    5.7  1956    3.2  1969    3.25  1902    7.80  1902   14.98  1988    9.70  1962    9.19  1942
    2.6  1954    2.7  1978    4.5  1889    7.2  1958   10.5  1983   13.6  1902   15.3  1931   15.1  1966   13.1  1888    9.3  1973    5.6  1988    3.2  1925    3.23  1965    7.79  1898   14.94  1985    9.68  1972    9.17  1915
    2.5  1885    2.7  1965    4.5  1932    7.2  1977   10.5  1926   13.6  1904   15.3  1938   15.1  1908   13.0  1910    9.3  1980    5.6  1962    3.2  1996    3.21  1900    7.77  1899   14.87  1910    9.61  1888    9.17  1941
    2.4  1889    2.7  1996    4.4  1931    7.2  1911   10.5  1900   13.6  1954   15.3  1960   15.1  1894   12.9  1923    9.2  1931    5.6  1967    3.1  1937    3.19  1909    7.73  1970   14.87  1913    9.58  1889    9.14  1931
    2.3  1933    2.6  1932    4.4  1904    7.2  1983   10.5  1957   13.6  1898   15.3  1936   15.0  1979   12.9  1918    9.2  1955    5.5  1933    3.1  1961    3.16  1953    7.69  1975   14.87  1927    9.54  1931    9.11  1985
    2.3  1980    2.5  1889    4.4  1964    7.1  1906   10.5  1888   13.5  1888   15.3  1916   15.0  1902   12.9  1927    9.2  1932    5.4  1966    3.1  1952    3.12  1951    7.66  1979   14.83  1963    9.53  1944    9.11  1907
    2.2  1959    2.4  1907    4.3  1947    7.1  1951   10.4  1963   13.5  1926   15.2  1940   15.0  1931   12.8  1962    9.2  1884    5.4  1884    2.8  1968    3.06  1956    7.63  1909   14.82  1946    9.51  1893    9.08  1901
    2.1  1908    2.3  1909    4.3  1919    7.1  1932   10.4  1932   13.5  1987   15.2  1963   15.0  1985   12.8  1905    9.1  1993    5.3  1922    2.8  1887    3.05  1982    7.62  1906   14.77  1978    9.50  1901    9.05  1965
    2.1  1892    2.2  1968    4.3  1898    7.1  1919   10.3  1897   13.5  1892   15.2  1966   15.0  1889   12.8  1908    9.1  1936    5.2  1904    2.8  1995    3.01  1964    7.59  1984   14.75  1891    9.49  1965    9.03  1979
    2.0  1886    2.2  1985    4.3  1987    6.9  1989   10.3  1899   13.4  1929   15.2  1978   15.0  1890   12.8  1892    9.0  1889    5.2  1937    2.7  1889    2.81  2010    7.58  1908   14.68  1924    9.42  1918    9.02  1986
    1.9  1997    2.0  1919    4.2  1908    6.9  1884   10.3  1938   13.4  1962   15.1  1962   14.9  1907   12.8  1944    8.7  1964    5.0  1942    2.7  1946    2.74  1893    7.53  1958   14.66  1902    9.34  1909    8.97  1889
    1.8  1947    2.0  1983    4.2  1969    6.8  1918   10.3  1951   13.4  1928   15.0  1915   14.9  1946   12.7  1885    8.7  1981    4.9  1965    2.7  1939    2.74  1907    7.53  1886   14.65  1912    9.29  1904    8.97  1902
    1.6  1887    1.8  1955    4.1  1901    6.7  1956   10.3  1935   13.3  1981   15.0  1909   14.9  1962   12.6  1904    8.7  1939    4.9  1905    2.7  1906    2.69  1985    7.52  1996   14.65  1977    9.28  1910    8.95  1956
    1.6  1897    1.6  1901    4.1  1891    6.7  1941   10.2  1979   13.3  1918   15.0  1988   14.9  1954   12.6  1993    8.5  1926    4.9  1921    2.4  1886    2.63  1941    7.48  1900   14.63  1916    9.04  1974    8.95  1895
    1.4  2010    1.5  1902    4.0  1958    6.7  1970   10.1  1968   13.3  1956   15.0  1891   14.9  1941   12.5  1897    8.3  1912    4.9  1993    2.4  1899    2.47  1934    7.38  1951   14.63  1892    9.03  1925    8.93  1922
    1.3  1893    1.4  1979    4.0  1937    6.6  2021   10.1  1923   13.2  1985   14.8  1913   14.9  1896   12.5  1922    8.3  1922    4.8  1893    2.3  1976    2.46  1887    7.36  1955   14.55  1965    8.91  1892    8.90  1886
    1.2  1917    1.4  1969    3.9  1916    6.5  1903   10.0  1975   13.1  1946   14.8  1890   14.7  1903   12.4  1974    8.2  1992    4.7  1909    2.3  1916    2.22  1888    7.32  1932   14.53  1890    8.88  1993    8.84  1890
    1.2  1929    1.3  1991    3.8  1886    6.5  1978   10.0  1955   13.1  1927   14.8  1980   14.7  1963   12.4  1909    8.1  1917    4.7  1887    2.2  1892    2.16  1979    7.30  1986   14.49  1962    8.80  1923    8.81  1885
    0.9  1941    1.2  1888    3.8  1970    6.5  1929    9.9  1962   13.0  1971   14.6  1892   14.6  1885   12.3  1965    7.7  1888    4.6  1901    2.1  1927    2.09  1886    7.29  1892   14.48  1956    8.78  1915    8.69  1919
    0.7  1891    1.1  1917    3.8  1900    6.4  1936    9.9  1984   12.9  1907   14.5  1920   14.5  1888   12.1  1894    7.7  1895    4.3  1925    2.0  1963    1.93  1942    7.28  1885   14.41  1909    8.75  1885    8.66  1909
    0.6  1942    0.9  1886    3.6  1887    6.4  1891    9.8  1891   12.8  1903   14.5  1954   14.5  1891   12.1  1972    7.6  1885    4.2  1985    1.9  1962    1.57  1929    7.27  1917   14.41  1972    8.67  1922    8.65  1891
    0.6  1987   -0.0  1929    3.5  1888    6.3  1887    9.8  1894   12.7  1923   14.4  1965   14.4  1986   12.0  1887    7.6  1896    4.1  1952    1.8  1917    1.54  1917    7.21  2013   14.40  1903    8.53  1912    8.63  1917
    0.4  1895   -0.1  1942    3.4  1909    6.2  1908    9.7  1887   12.4  1991   14.4  1910   14.4  1924   11.8  1925    7.4  1974    4.0  1896    1.3  1981    1.43  1940    7.04  1941   14.33  1954    8.32  1896    8.63  1962
    0.4  1985   -0.9  1963    3.4  2013    6.1  1986    9.3  1996   12.4  1977   14.3  1907   14.1  1956   11.6  1931    7.3  1919    3.6  1910    1.2  1950    1.18  1895    6.79  1962   14.28  1920    8.28  1952    8.39  1963
    0.2  1945   -1.0  1956    3.2  1955    6.0  1922    9.3  1885   12.1  1909   14.1  1922   14.0  1922   11.6  1986    7.2  1892    3.4  1915    0.8  1933    1.02  1947    6.76  1891   14.15  1922    8.24  1905    8.37  1892
    0.1  1979   -1.2  1986    3.2  1917    6.0  1888    9.0  1902   11.8  1972   14.0  1919   13.8  1920   11.4  1952    7.0  1887    3.3  1919    0.2  2010    0.84  1891    6.66  1888   14.06  1907    8.03  1919    8.33  1887
   -1.1  1940   -1.7  1947    2.8  1962    5.4  1917    9.0  1941   11.8  1916   14.0  1888   13.3  1912   11.3  1912    7.0  1905    3.2  1923   -1.6  1890   -0.55  1963    6.55  1887   14.02  1888    7.89  1887    8.32  1888
   -2.7  1963   -2.1  1895    2.7  1892    ---  2026    ---  2026    ---  2026    ---  2026    ---  2026    ---  2026    ---  2026    ---  2026    ---  2026     ---  1884     ---  2026     ---  2026     ---  2026     ---  2026
