Areal values from HadUK-Grid 1km gridded climate data from land surface network
Source: Met Office National Climate Information Centre
Monthly, seasonal and annual total precipitation amount for England SW and S Wales
Areal series, starting in 1836
Last updated 01-Apr-2026 11:35
    jan  year    feb  year    mar  year    apr  year    may  year    jun  year    jul  year    aug  year    sep  year    oct  year    nov  year    dec  year     win  year     spr  year     sum  year     aut  year     ann  year
  248.5  2014  248.0  1923  232.5  1947  174.6  2012  188.4  2021  211.2  1860  218.9  2009  246.4  1912  246.2  1866  284.1  1903  323.0  1929  300.9  1934   691.2  2014   411.1  1981   507.7  1879   636.4  2000  1681.5  1872
  241.4  1948  240.9  2020  232.1  1981  166.3  2000  161.8  1942  193.9  2012  207.8  1939  219.4  1917  231.9  1918  258.6  1967  303.4  1852  275.9  1911   624.8  1990   409.8  1947   497.3  1912   612.1  1960  1619.6  2000
  238.9  1974  227.8  2024  196.5  2023  159.1  1920  160.0  1967  190.0  1879  195.4  1936  203.1  1860  222.8  1974  255.9  1891  266.6  1842  273.6  1929   614.2  1995   392.0  1913   484.6  1860   550.7  1841  1593.9  1960
  230.6  1995  225.7  2014  189.9  1912  155.5  1998  151.9  2002  161.2  1998  186.3  1839  198.8  1992  206.3  1981  249.1  2000  259.8  2009  265.2  1965   588.7  2026   370.3  1920   476.0  2012   547.9  1852  1566.1  2012
  226.2  1988  220.1  1990  181.0  1914  152.4  1966  149.4  1878  151.5  1912  181.2  1888  198.5  1891  203.1  1841  238.4  1998  259.3  1940  261.6  1876   583.1  2024   369.4  2024   416.3  1839   542.2  1954  1557.8  1852
  224.7  1984  205.2  2002  170.2  1903  148.4  1882  138.3  2007  146.8  2007  163.8  2007  192.6  1879  198.2  1896  234.8  1960  251.1  1926  260.0  1959   578.1  1994   369.1  1979   402.1  1882   540.7  1929  1534.7  2023
  222.7  1851  204.5  1950  168.2  2018  148.4  1961  137.1  2006  145.7  1852  159.1  1920  190.2  1950  190.0  1958  233.0  1987  248.5  1939  255.2  1915   571.2  1915   340.7  1963   388.9  1917   537.5  2019  1513.6  1882
  222.1  1872  198.3  1915  161.9  1963  145.7  1913  137.1  1869  139.0  1839  158.6  1880  179.4  1852  188.8  1950  230.1  1932  243.4  1954  253.2  1999   562.9  1877   338.3  1998   387.4  2008   526.0  1976  1488.1  1998
  221.1  1928  195.9  1937  159.7  2024  143.5  1935  136.2  1983  137.7  1980  158.2  1988  176.2  1985  180.1  1976  222.3  1916  240.6  2002  253.0  1993   562.6  2016   333.4  2023   387.4  2007   523.3  1935  1487.8  2020
  217.1  1943  193.7  1977  159.0  1905  140.0  1850  134.2  1969  135.4  2020  158.0  2008  169.4  1946  178.5  1876  222.2  1949  237.7  1963  250.6  1868   557.8  1869   330.6  1867   382.8  1852   517.6  1872  1487.1  2024
  215.6  2016  181.9  1925  157.0  1919  133.3  1871  134.1  1979  132.1  1971  158.0  2023  169.1  1997  176.9  1927  221.5  1976  233.1  2000  246.4  1914   554.7  2020   328.4  1983   379.2  1927   515.5  1875  1486.6  1903
  215.3  2026  179.9  1974  156.0  1979  124.1  1856  132.1  1981  129.3  1848  157.9  1882  168.9  1878  176.0  1869  218.3  2004  229.8  1970  243.5  2012   547.4  2021   328.0  1994   377.4  1888   506.6  1967  1478.7  2002
  212.8  1852  178.0  1997  155.8  1913  121.2  1907  130.9  1925  129.3  1997  153.4  1861  167.8  2008  176.0  1946  212.9  1909  226.1  1931  241.0  2020   535.4  1960   326.0  1903   376.1  1939   503.0  1984  1464.8  1877
  208.8  1877  175.1  1916  152.7  1982  119.8  2001  125.3  1932  128.0  1982  151.9  1871  160.9  1951  174.4  1885  211.9  2013  226.0  1951  234.2  2000   532.2  1937   320.5  2018   372.3  1985   493.7  1998  1457.7  1974
  207.7  1990  173.7  2026  150.5  1836  118.7  1858  122.0  1955  126.8  1872  142.2  1960  158.1  1877  174.1  1999  211.9  1907  223.3  1888  233.5  1979   530.9  1966   318.8  1862   371.9  1950   492.0  1903  1451.2  1994
  205.4  1999  171.2  1966  149.4  1851  118.6  1963  121.1  1924  125.6  1968  140.4  1924  155.5  1952  166.0  1883  207.2  1928  221.6  1960  229.4  2023   522.3  1974   317.5  1886   371.8  1848   491.7  1839  1438.2  1924
  198.5  1930  170.8  1883  146.2  1897  118.3  1999  119.6  1886  123.8  1863  138.6  1931  155.3  1910  163.6  2019  206.4  1870  221.5  2022  221.1  1994   508.8  1912   317.4  1972   369.1  1931   489.5  1944  1437.0  1954
  195.6  1971  167.6  2007  145.0  1998  117.7  1857  114.2  1843  121.9  1882  136.1  1914  154.3  1927  163.4  1957  200.1  2021  219.0  1944  217.0  2013   508.7  1916   314.9  1986   366.3  2020   485.5  1981  1435.2  1912
  194.9  1875  163.9  1900  144.4  2001  115.7  1877  114.0  1946  121.1  1991  135.2  1875  153.9  2020  162.8  1874  199.8  1875  218.9  1877  215.8  1986   505.2  1923   312.9  2000   358.6  2009   484.7  2025  1426.2  1841
  194.6  1906  163.6  1904  143.8  1994  115.0  2024  112.8  1993  120.6  1935  132.4  1918  153.2  1881  161.9  1859  199.7  1847  214.2  1959  215.6  1978   504.1  1930   312.8  1951   357.4  1910   483.5  1974  1419.3  1999
  192.9  1939  162.5  1995  142.7  1980  114.4  1897  111.7  1972  116.9  1955  131.5  2012  152.3  1903  161.4  1935  197.1  2019  213.8  1946  213.9  2015   502.0  2007   310.4  2006   355.2  1924   482.6  2023  1415.8  2014
  192.3  1970  159.2  1910  141.9  1988  114.3  1843  111.1  1898  116.9  1972  131.4  1922  151.6  1897  161.4  1839  196.3  2020  213.3  1838  208.4  1896   499.8  1925   310.3  1942   348.1  1891   481.7  1885  1411.1  1946
  191.9  1913  155.0  1848  140.4  1989  113.4  1983  111.0  1986  116.6  1954  130.9  1965  150.6  2012  160.5  2024  196.3  1843  212.9  1840  208.3  1919   478.8  1883   305.9  1897   344.9  1877   481.3  2022  1403.3  1860
  191.0  1899  154.1  1893  138.0  1951  113.3  1848  109.7  1943  116.6  1855  130.1  1950  150.1  1986  160.4  1967  195.4  1923  212.0  1992  208.0  1910   475.4  1910   304.1  2001   344.1  1946   477.4  1882  1400.0  2008
  189.9  1937  154.0  2000  133.7  1862  111.5  1991  107.0  1931  116.3  1945  129.8  1915  149.5  1865  159.1  1871  193.9  1882  209.1  1836  207.1  1872   473.8  2000   303.3  1877   344.1  1958   477.0  1982  1391.1  2019
  187.3  1975  153.8  1872  133.5  1920  110.9  1867  105.2  2014  114.3  1985  129.0  1894  146.6  1848  158.3  1956  193.8  1886  209.1  2025  200.2  1948   473.3  1980   301.8  1878   342.8  1954   475.4  1891  1389.6  1950
  186.0  1873  147.8  1958  132.8  1909  110.4  1899  104.7  1865  114.3  1838  126.8  1953  145.7  1941  157.8  1924  193.3  1981  206.1  1872  199.7  2025   473.1  1872   300.2  1966   339.0  1997   470.0  1930  1389.0  1839
  183.6  1866  146.7  1879  132.6  2008  107.3  1901  103.9  1860  111.6  2019  126.1  1877  145.1  2015  155.7  1960  191.9  1865  205.4  1997  198.4  1972   469.5  1984   299.9  2002   338.8  1875   463.3  1940  1371.9  1986
  180.8  2008  145.1  1994  131.2  2006  106.8  1959  103.1  1945  111.2  1946  125.1  1879  144.5  1905  154.2  2000  190.4  1872  205.1  1984  198.0  1897   467.0  1935   297.5  2008   336.0  1988   459.1  1836  1366.8  1910
  180.0  1994  144.9  1989  130.2  2019  103.0  2018  102.6  1906  110.9  1853  124.1  1893  144.2  1873  152.2  2025  189.7  1929  204.8  1986  197.2  1852   464.2  1943   295.6  1932   328.7  1960   456.8  1932  1364.4  1928
  179.7  1998  144.7  1885  125.8  1896  102.7  1924  101.2  2015  110.3  1843  123.7  1927  142.1  2004  146.6  1968  185.5  2001  199.1  1950  197.1  1989   463.6  1899   292.3  1857   326.0  1861   456.5  1950  1360.1  1876
  178.3  1993  144.4  1967  125.7  1978  102.4  1993  100.9  1958  109.1  1958  122.2  1846  139.7  1962  146.0  1930  185.0  1862  197.8  1938  193.9  1985   462.8  1873   289.8  1914   325.7  1881   454.2  1949  1358.6  1967
  176.3  1920  143.9  1957  125.0  1991  102.0  1972  100.6  1996  106.6  1987  122.0  1957  138.8  1924  146.0  1984  184.9  2005  194.7  1935  192.9  1900   461.2  1919   285.6  1969   324.6  1853   454.1  1883  1357.5  1875
  175.7  1983  141.9  1914  124.3  1867  101.6  1859   99.6  1877  105.1  1910  120.6  1872  137.1  1868  145.9  1983  182.4  2023  194.2  1982  190.6  1924   459.1  2001   282.3  1952   322.2  1872   453.4  2002  1356.9  1927
  175.0  1962  141.2  1978  124.1  1927  101.4  1922   98.4  1973  104.5  1907  118.3  1853  135.2  2014  144.4  1863  181.7  1961  194.0  1894  190.3  1901   458.6  1977   282.0  1988   321.6  1992   450.1  1876  1354.5  1982
  174.5  1869  140.9  2022  123.9  1876  100.7  1846   97.9  2000  104.2  2016  117.0  1978  134.7  1999  139.5  1993  181.0  1906  189.5  1841  185.5  1891   450.2  1904   281.4  1967   316.6  1878   447.3  1946  1353.4  1848
  174.0  1986  138.4  1881  123.3  1886   97.4  1862   97.6  1849  104.1  1931  116.0  1993  134.4  1956  138.8  2017  180.0  2002  185.0  2012  185.2  2019   449.4  2013   280.1  1924   314.8  1965   447.0  2024  1352.4  1981
  173.6  2021  138.0  1980  122.4  2017   97.2  2005   96.1  1929  103.9  1862  115.9  1895  134.0  1930  137.1  1932  178.8  1917  185.0  1895  184.4  1918   448.9  1970   278.7  1843   313.1  1903   442.7  1916  1346.4  1930
  173.3  1926  137.8  1876  122.1  1842   97.0  1905   95.7  1997  103.6  1875  115.3  2017  133.7  1874  135.8  1965  178.6  1863  182.9  1875  183.7  1912   441.2  1928   274.0  1937   312.6  1956   437.2  1924  1346.4  1951
  173.0  2023  137.3  1951  122.0  1959   96.9  1986   95.3  1867  103.1  2011  114.9  1867  131.7  1988  134.2  1954  178.0  1966  180.8  1839  183.6  2006   435.3  1946   273.8  1905   304.8  1938   436.4  1863  1344.9  1966
  172.9  2004  135.9  1972  121.0  1888   96.8  1992   95.1  1952  101.1  1927  114.6  2003  131.4  1948  134.1  1962  175.9  1898  180.6  2018  182.3  1886   434.9  1999   273.6  1882   304.5  1894   434.6  1987  1341.2  2009
  167.2  1961  135.4  1866  119.9  1957   96.8  1932   95.0  1891  101.1  1883  113.0  1940  130.5  1908  132.8  1875  174.2  1924  179.5  2023  182.0  1909   433.8  1920   269.7  2014   304.4  2017   432.9  2012  1339.9  1891
  167.1  1890  133.6  1922  119.4  1937   96.5  1994   94.7  2024  101.1  1881  112.0  1938  130.3  1958  132.5  1995  173.2  1885  177.8  2006  177.9  1955   432.3  1988   268.6  1959   302.1  1936   431.9  1886  1323.2  1958
  166.0  1919  133.1  2016  118.5  1872   96.4  1947   94.6  1966  101.0  1928  111.3  1954  129.3  1960  130.3  1975  168.4  2006  176.8  2019  177.5  1945   429.4  1961   267.1  1860   301.8  2015   430.0  1842  1321.0  1914
  165.3  2015  133.0  1880  117.0  1987   96.2  1985   92.7  2008  100.8  2017  110.4  1851  127.2  1841  129.6  1998  167.9  1855  175.8  1996  173.8  2018   428.5  1978   265.6  2021   301.3  1998   427.9  1918  1321.0  1979
  165.2  1867  132.8  2021  116.8  1928   94.9  1878   92.0  2013   98.0  1993  107.4  1956  126.4  1931  129.4  1897  167.7  1944  174.8  1882  173.6  1942   427.7  1913   265.4  1848   299.6  1980   425.8  1928  1319.4  1886
  165.1  1938  132.7  1869  116.5  1908   94.1  1951   91.2  1949   96.7  1990  106.7  1932  125.3  1971  127.8  1943  167.3  1980  172.2  2015  172.9  1847   427.2  1979   264.6  1999   299.5  1920   423.6  1938  1319.0  2007
  163.6  1936  132.6  1884  114.7  1954   94.1  1876   90.5  1913   96.2  1965  106.0  1904  124.6  1979  125.4  2008  167.2  1880  171.2  1928  171.5  1922   426.1  1957   264.1  1889   299.4  1971   422.1  1877  1317.0  1993
  163.0  2002  130.3  1960  113.1  1977   93.9  1960   89.2  1841   94.1  1900  105.8  2010  124.5  1859  124.7  1879  167.1  1935  168.9  1861  171.1  2011   426.1  1866   263.8  2012   299.0  1873   421.3  1874  1310.8  1920
  161.3  1932  130.3  1941  112.2  1873   93.8  1970   88.9  1968   93.2  1963  105.6  1883  123.4  1876  124.6  1903  166.6  1982  164.2  1930  170.5  2002   424.5  1967   263.7  1841   297.3  1890   421.1  1859  1307.9  1965
  160.0  1860  130.0  1970  110.8  1848   93.2  1885   88.7  1847   93.0  1888  105.4  1968  123.3  1974  123.7  1864  166.1  1938  163.7  1881  169.6  1966   423.8  2002   259.8  1909   296.7  1968   419.5  2009  1300.5  1866
  159.8  2025  129.2  1935  108.7  1857   93.2  1849   88.7  1885   92.8  1917  105.2  1884  122.3  1882  123.1  1953  164.5  1954  163.0  1910  167.9  1982   420.7  1900   259.8  1919   295.4  2023   417.5  2006  1298.9  1948
  157.9  1904  125.7  1837  108.6  1884   92.7  2014   88.6  1988   92.7  1861  104.8  1854  121.9  1938  122.4  1994  162.8  1878  163.0  1969  166.5  1882   416.5  1939   258.6  1872   292.7  1986   413.7  1894  1296.5  1894
  157.7  1969  125.4  1954  107.0  1986   90.4  1923   88.3  1903   91.3  1878  104.6  1958  121.3  1942  121.0  1872  162.3  1846  161.9  1883  162.7  1981   415.2  1948   257.7  1908   292.7  1914   411.9  1970  1294.7  1972
  157.6  1959  123.4  1945  106.9  1922   90.4  1989   87.7  1994   91.1  1948  104.4  1890  119.4  1863  120.8  1849  159.8  1989  161.0  2014  162.1  1841   404.7  1875   256.7  1964   292.7  1957   410.6  1923  1291.6  1939
  156.1  1991  123.3  1899  106.8  1881   90.3  1953   87.6  1862   90.2  2025  103.7  1886  118.7  1966  120.7  2023  159.7  1930  158.0  1974  161.6  1880   404.0  1885   254.6  1985   289.7  1953   409.3  2005  1290.4  1929
  156.0  1965  120.5  1897  106.7  1861   89.9  1937   87.5  1907   89.9  1902  102.7  2015  117.4  2019  119.6  1845  158.5  1867  156.9  1911  161.6  1848   400.9  1897   254.6  2007   288.4  1865   408.4  1866  1288.3  2015
  155.2  2009  119.8  1933  104.9  1933   89.8  1952   87.2  1854   88.8  1890  101.2  1855  116.7  1934  119.1  1868  158.1  1841  155.5  1972  160.9  1960   400.7  1848   253.5  1968   287.8  1846   404.4  1926  1278.0  1923
  153.9  2018  119.7  1996  104.8  1866   89.2  1987   86.8  2003   86.1  1966  100.7  1873  115.8  1963  118.0  1951  157.1  1874  152.1  1913  160.7  2017   400.4  1926   253.4  1996   287.2  1845   403.4  1880  1276.0  2025
  153.6  1927  118.8  1928  104.7  1860   88.2  1934   86.3  1838   85.4  1999   99.4  1912  115.6  1925  116.2  1982  155.3  2008  151.8  1949  160.5  1956   396.9  2004   252.1  1846   285.1  1945   400.2  1992  1275.7  2021
  153.2  1900  118.8  1940  104.6  1841   88.1  1931   85.6  1938   83.4  1936   99.4  2021  114.9  1954  116.0  2010  154.8  1894  148.1  1977  158.8  1983   396.6  1853   251.5  1856   284.8  1948   399.4  1958  1263.2  1988
  152.7  1978  114.1  1906  104.4  1844   87.6  1930   85.4  1894   83.1  1845   98.4  2001  114.8  1916  114.6  2016  153.9  2012  147.9  1865  157.3  2022   395.0  2008   250.3  1993   284.2  1871   394.9  1980  1262.6  1916
  152.7  1886  113.3  1844  103.9  1964   87.5  1968   85.1  1948   82.4  1920   98.3  1903  114.7  1977  113.9  1925  151.9  1984  147.6  2005  157.3  1964   384.8  1936   250.1  1907   282.1  1855   394.9  1927  1258.5  1980
  152.1  1972  112.5  1946  103.7  1972   86.9  2023   84.8  1954   82.1  1905   98.0  1889  114.0  1845  111.1  2022  150.9  2014  145.6  1965  156.9  1884   384.3  1867   250.0  1987   281.0  1897   389.2  2013  1258.0  1970
  150.8  2007  110.8  1919  102.5  1859   86.3  1925   82.4  1962   82.0  1911   97.7  1930  114.0  1866  110.6  1836  149.9  1959  145.2  2024  154.7  1907   384.0  1951   249.6  1869   280.2  1922   387.5  2008  1256.5  1935
  150.4  1884  110.0  1838  101.9  1895   85.8  1962   82.2  1889   81.9  1977   97.0  1910  113.9  1892  109.7  1861  149.7  1933  142.8  1916  153.5  2007   383.5  1983   248.7  1912   279.7  1862   387.1  1963  1255.6  1959
  146.5  1924  108.7  1861  101.6  2016   85.6  1939   81.8  1856   81.4  1836   95.9  1848  110.9  1957  109.7  1856  149.5  1839  142.1  1890  152.7  1869   379.8  2018   248.1  1989   279.2  1974   386.6  1994  1252.3  1925
  146.3  1868  107.1  1865  101.6  1921   84.7  1950   81.5  1953   81.2  1866   95.6  1991  110.9  1943  109.3  1848  149.1  1871  139.3  1914  151.2  1930   378.9  1851   247.1  1851   278.9  1841   384.4  1951  1249.0  1918
  145.3  1946  105.8  1927  101.6  1936   84.0  1909   81.1  1964   78.9  1944   95.5  1836  110.5  2010  108.7  1882  149.1  1852  138.8  1995  149.5  1860   377.9  1840   246.8  1991   278.5  1963   382.9  1870  1247.8  1977
  145.1  1960  104.8  2001  101.2  1941   83.6  2025   81.0  1879   78.7  2005   94.1  2024  110.1  1922  108.6  1887  148.9  1996  138.2  1845  149.4  1898   376.4  1894   245.8  1847   277.7  1863   382.7  1838  1245.1  2018
  144.8  1956  103.3  1931  100.7  1889   83.6  1910   80.9  1947   78.6  1939   93.7  1925  109.6  1894  107.5  1880  148.7  2022  138.0  1876  147.9  1998   374.1  1986   245.8  1925   276.7  1982   380.7  1939  1244.0  1897
  144.7  2013  102.7  1894  100.1  1965   82.9  1836   80.7  1951   77.5  1909   93.6  1908  106.7  1895  106.6  1886  147.3  1912  136.7  1905  146.4  1936   372.8  2025   245.2  1922   276.1  1966   379.3  1995  1240.5  1915
  143.7  1903  101.2  1961   97.8  1985   82.6  2004   80.5  1855   77.2  1854   93.5  1862  105.6  1844  105.9  1923  147.0  1952  135.3  1900  146.3  1874   371.6  1982   245.1  1859   275.6  2019   376.4  1996  1238.3  2004
  143.1  1846  100.8  1874   97.4  1952   82.2  1975   80.1  1875   76.8  1897   92.2  1865  105.5  1843  105.5  1952  146.8  1910  134.0  1885  145.5  1893   371.4  1958   244.8  1858   275.2  1843   374.6  1999  1233.9  1900
  142.5  1942   99.8  1987   97.1  1901   81.2  1889   79.2  1904   76.0  1880   91.3  1945  105.0  1900  105.3  1961  146.6  1925  132.4  1902  145.4  2021   370.0  1969   243.2  1836   273.6  2004   374.4  2004  1227.9  1878
  142.1  1840   99.2  1912   97.1  2007   81.1  1853   78.6  1965   75.9  1924   90.2  1845  104.8  1921  104.5  1862  143.8  1940  132.3  1936  141.8  1946   368.8  1991   242.7  1965   270.1  1943   374.4  1913  1227.7  1879
  141.5  1922   98.6  2025   94.2  1916   80.4  1949   78.1  1916   75.4  1947   89.7  1909  104.7  1889  104.2  1858  141.3  2024  131.5  1886  140.5  1997   367.7  1931   242.7  2019   268.4  1928   374.3  2018  1223.3  1931
  141.5  1883   98.4  1870   93.6  1934   79.7  1872   77.7  1920   75.0  1926   89.2  1970  104.1  1890  102.9  1973  139.4  1857  131.1  2010  138.8  1839   366.5  1922   242.5  1955   266.8  1952   372.8  1959  1223.2  2013
  140.1  1921   98.3  1867   92.4  1992   79.6  1940   76.1  1858   74.0  1943   88.4  1967  103.8  1846  102.7  1944  139.4  1836  130.9  1843  138.5  2003   363.7  1996   240.5  1931   266.7  1907   372.6  1952  1222.5  1883
  139.9  1951   98.0  2011   92.0  1940   79.1  1996   75.3  1852   73.7  1974   87.7  1998  103.2  1856  102.4  1992  139.1  1994  130.1  1859  137.1  2009   363.5  2015   240.3  1894   266.3  1930   369.6  1878  1217.7  1868
  139.9  1865   97.0  1840   91.9  1917   79.0  1979   75.3  1917   73.7  1841   87.4  1975  103.2  1888  102.2  1980  139.0  1853  129.8  1850  137.0  1856   358.1  1879   237.7  1901   264.5  1905   368.3  1986  1217.5  1913
  138.2  1874   95.8  1988   91.6  1868   78.9  1868   75.2  1974   71.8  1851   87.0  1992  102.8  1961   99.4  1934  137.8  1889  129.4  1971  134.9  1958   357.2  1975   237.1  1850   264.4  1993   367.4  1847  1214.4  1968
  136.4  1863   94.6  1926   91.1  2010   77.3  2019   75.1  1899   71.7  1986   86.7  1857  101.6  2023   99.4  1942  137.7  1991  128.7  1880  134.6  1977   354.9  1852   235.4  1934   260.4  1880   363.9  1869  1213.0  1932
  136.3  1977   94.6  1882   91.0  2020   76.5  2002   74.0  1915   71.6  1929   85.3  1969  101.6  1923   99.2  2011  137.2  1848  126.7  1979  134.5  1859   354.9  1972   235.3  1977   260.1  1883   363.8  1896  1209.9  1992
  134.8  1853   92.6  1877   91.0  2013   74.8  1879   73.7  2016   70.9  1938   85.2  1943  101.2  1898   98.3  2021  136.2  1895  126.7  1891  134.2  1938   353.6  1941   234.6  1962   259.0  2011   363.6  2020  1206.0  1859
  134.4  2011   92.4  1982   89.7  1847   74.8  2009   73.7  1890   70.8  1956   83.0  1942  100.9  1970   98.3  1850  133.6  1876  126.4  2003  134.1  1928   353.4  1950   234.2  1885   258.7  1895   361.9  1961  1204.6  1936
  134.1  1910   92.4  2017   89.4  1942   74.5  1886   71.9  2009   70.1  1901   82.5  1849  100.1  1875   97.5  1936  133.6  1986  125.7  1998  133.6  1888   352.4  1906   233.6  2016   257.2  1941   361.3  1840  1203.4  1984
  133.8  1912   92.3  1856   87.9  1877   74.5  1895   71.7  1923   69.9  1916   82.3  1944   99.8  1837   97.2  1842  132.7  1990  125.4  1980  133.0  1858   352.4  1881   231.3  1992   256.7  1851   361.0  1968  1202.5  1836
  133.4  1854   90.3  1936   87.5  1971   74.0  1936   71.5  1840   69.8  1847   82.2  1974   99.6  1928   96.6  1970  132.0  1900  125.1  1994  132.5  1925   351.2  2023   229.9  2013   255.8  1991   358.8  1861  1200.0  1952
  133.0  1918   90.3  2015   86.1  1969   73.4  1973   71.5  1941   69.4  1891   81.7  1985   99.5  1914   96.3  1892  130.2  1844  125.1  1844  132.1  1984   349.0  1842   229.7  1876   253.4  1908   354.2  1997  1199.1  1957
  132.0  1895   89.5  1979   85.5  1976   73.0  1908   70.1  1999   69.3  1885   81.4  1926   99.4  1996   95.3  1852  130.1  1988  124.8  2016  131.8  1920   347.4  1998   228.3  1930   253.1  1944   353.7  1925  1195.6  1997
  129.9  1952   89.4  1939   85.0  2004   72.2  2008   69.3  1850   69.1  2022   80.5  1937   98.7  1953   94.2  1948  129.9  1892  124.5  1976  131.0  1935   346.7  2022   227.4  1888   251.3  1918   352.3  1871  1195.2  1985
  128.6  2020   86.0  1984   84.7  1975   71.7  1964   69.2  1900   68.0  1871   80.2  1858   97.7  1973   94.1  1901  129.3  1913  123.1  1864  130.5  1881   346.3  1973   227.1  1935   250.5  2010   350.9  1843  1193.5  1874
  128.2  1894   85.5  2004   84.5  1846   70.9  1919   68.8  1910   67.6  1952   80.2  1891   97.4  2001   94.0  2012  129.0  1859  121.7  1927  130.4  1992   346.0  2003   227.0  1917   250.1  1838   350.2  1993  1193.3  1862
  127.3  1925   84.3  1969   84.1  1894   70.7  1894   68.2  1908   67.5  1969   79.3  1933   97.0  1982   93.9  2004  128.5  1893  121.5  1987  130.1  1951   345.9  1860   226.5  1868   249.6  1915   349.9  2001  1193.1  2006
  126.7  1996   83.4  1918   83.4  1995   70.7  1926   67.2  1902   65.8  1894   79.2  2005   95.4  1853   93.6  1922  128.5  1968  120.1  1952  129.9  1990   343.6  1987   226.2  1949   248.7  1970   348.6  1895  1187.5  1938
  126.5  1915   83.1  1903   82.1  1839   70.3  1948   66.9  2017   65.7  1933   78.8  1959   92.8  1994   93.0  1913  128.2  1915  119.3  1878  128.7  1903   343.1  1962   226.2  1849   245.7  1926   347.7  2021  1186.9  1865
  125.9  2024   82.9  1991   81.2  1970   70.1  1890   66.8  1846   65.5  1842   78.3  1973   92.4  1904   92.8  1891  127.8  1945  117.3  1991  128.6  1976   342.8  1870   225.9  1899   244.3  1866   347.6  1943  1186.1  1937
  125.5  1955   82.7  1955   81.1  1864   69.9  1841   65.9  1857   64.5  2004   78.0  1841   92.4  1919   90.1  1908  127.4  1896  117.0  1898  128.3  1974   341.7  1884   225.4  1953   243.0  1900   347.2  1865  1185.4  2017
  124.3  1934   82.5  1911   80.4  1967   68.3  1880   65.1  1842   64.2  2003   77.4  1840   91.9  1944   89.2  1920  126.2  1883  115.4  1887  128.2  1895   339.8  1837   225.3  1916   241.8  1951   347.1  1957  1181.1  1885
  123.9  1856   81.5  1999   79.6  1930   68.1  1911   64.7  1937   64.2  1953   77.0  2020   91.5  2000   89.2  1840  124.8  1943  114.5  1975  128.0  1968   337.6  1865   224.5  1891   241.3  1904   346.3  1911  1174.2  1943
  122.0  1843   81.4  1843   78.8  1983   67.6  1903   63.8  1995   64.1  1898   76.7  1947   91.0  1839   89.0  2018  124.7  1868  113.9  1870  127.2  1908   337.3  1911   223.9  1982   241.1  1902   345.6  2010  1172.8  2001
  122.0  1979   81.2  1871   78.5  1855   67.4  1847   63.2  1957   62.8  1864   76.7  1917   91.0  2018   88.7  1991  123.9  1948  113.8  1947  126.5  1969   337.3  1956   222.4  1978   240.9  1892   344.8  1907  1172.4  1922
  121.8  1958   79.9  1981   78.1  1902   67.2  1944   62.8  1984   62.8  2009   75.3  2011   90.7  1907   88.2  1945  123.8  1920  113.4  1863  126.1  1923   336.3  1892   222.1  1927   240.1  1999   343.7  1909  1172.3  1990
  121.7  1957   78.7  1850   77.1  1968   66.8  1874   62.7  1977   62.5  1903   74.3  1842   90.4  1980   88.1  1937  123.5  2025  112.9  1906  125.9  1849   333.9  1849   221.9  1954   239.8  1859   343.7  1991  1170.9  1881
  120.6  1947   78.6  1889   76.1  1999   65.7  1898   62.6  1926   61.9  1846   73.5  2002   89.7  1939   87.5  1878  121.9  1983  110.2  1955  124.2  1961   333.5  1901   221.6  2005   238.9  2014   340.9  1868  1163.2  1880
  120.0  2001   78.2  2010   74.6  1911   65.3  2003   61.2  1930   61.6  2008   71.6  1907   89.7  1906   87.5  1860  120.0  1858  109.2  1923  124.2  1954   333.3  1945   221.4  2004   238.3  2001   340.3  1862  1162.4  1961
  118.6  1968   78.0  1852   73.7  1996   65.3  1969   60.8  1976   61.2  1964   71.6  1980   89.3  1926   87.0  1877  119.2  1958  107.9  2020  123.6  1845   332.3  1955   221.1  1940   237.4  1969   337.4  1898  1162.1  1869
  118.5  1845   78.0  2019   73.5  1932   64.5  1978   60.6  1985   60.7  1877   71.4  1881   89.1  1929   86.7  1899  117.5  2009  106.9  2017  120.8  1980   329.6  1993   220.2  1946   233.1  1874   337.1  1989  1161.1  1989
  117.9  1879   76.8  1842   72.0  1960   64.1  1965   60.5  1872   60.3  2014   71.2  1966   88.3  2017   84.4  1988  116.4  1911  106.8  2008  120.7  1866   329.0  1903   218.0  1898   233.1  1977   334.7  1983  1161.0  1995
  116.6  1982   76.7  1892   71.8  2014   63.5  1845   60.5  1870   60.1  1884   71.2  2000   87.7  1965   84.1  1837  116.2  1877  106.4  1837  117.3  1995   325.8  1938   216.9  1960   231.7  1854   333.3  1966  1161.0  1983
  114.3  1941   76.5  1839   71.5  2002   62.7  1838   60.3  2012   59.9  1906   70.8  1986   86.9  2013   83.2  1909  115.9  1979  105.2  1924  115.2  1952   324.4  1882   216.1  1884   230.6  1893   329.4  1931  1152.2  2016
  113.9  1944   75.8  2006   69.1  1906   61.9  1891   60.2  1963   59.9  1857   70.7  1850   86.4  1902   83.1  1857  115.5  1838  105.1  1993  114.4  2024   323.9  2019   215.6  1923   229.8  1929   329.1  1846  1149.1  1940
  113.1  1931   75.4  1841   68.7  1870   60.9  1927   60.2  1873   59.9  1892   70.3  1860   85.7  1901   81.5  1873  115.0  1851  104.4  2013  113.6  1967   322.6  1898   215.4  2017   229.2  1884   327.9  1892  1148.5  1888
  113.1  1857   73.9  1859   67.6  1891   60.7  1904   59.1  1933   59.9  2002   70.3  1837   84.5  1969   81.0  1989  114.1  2011  103.8  1918  113.2  1836   321.7  1846   214.5  1941   228.9  1916   326.9  1848  1146.5  1963
  111.4  1862   73.5  1943   67.6  2015   60.4  1839   59.1  1914   59.7  1957   69.5  1963   83.3  1850   80.9  1884  112.0  1934  103.6  1907  112.6  1944   321.0  2012   213.7  1948   228.5  1909   326.7  1888  1145.1  1919
  110.5  1967   73.3  1973   67.5  2026   59.8  1917   59.0  2011   59.3  1856   69.1  1929   82.2  1862   80.3  1949  111.9  1837  103.3  1899  112.2  1916   320.0  1965   213.0  1871   227.5  2016   326.4  1906  1144.6  1867
  110.1  1842   72.5  1898   66.5  1962   59.7  1918   58.8  1882   58.6  1970   68.7  1964   81.6  2016   80.1  1987  110.8  1942  101.7  1892  111.4  1947   317.8  1857   211.8  1933   225.4  1837   325.1  2014  1143.8  1843
  108.0  1871   70.7  1908   66.4  1882   59.5  1977   58.8  1921   58.5  1932   67.8  1928   81.1  1967   77.6  1916  109.4  1957  101.7  2001  111.1  2005   314.0  1947   211.6  1838   225.4  1962   324.7  1917  1142.0  1969
  106.3  2003   69.6  1873   66.1  1950   59.2  1875   58.8  2005   57.2  1960   67.5  1923   80.7  2011   77.3  1847  109.3  1849  101.4  1874  110.8  1862   313.1  2010   209.6  1970   224.7  1973   323.3  2017  1136.5  1991
  105.8  1836   69.3  2003   65.7  2005   59.1  1902   57.5  1853   57.0  1914   67.2  1892   79.9  1861   77.2  1904  108.0  1995  101.2  1869  110.4  2004   312.6  1887   209.5  2009   224.3  1978   322.5  1864  1135.8  1871
  105.5  1849   69.1  1868   64.4  1880   59.1  1942   57.1  2022   56.1  1896   67.0  2004   77.9  1918   76.8  2005  107.5  1854  101.2  1846  110.3  1987   308.8  1933   208.3  1936   222.1  1889   322.3  2015  1134.8  1934
  104.0  2012   69.0  1992   63.8  2021   58.6  1860   57.0  1881   56.0  1981   65.1  1859   77.6  1945   75.0  1853  107.3  1977  100.2  1953  109.7  1937   308.0  1971   208.0  1866   221.7  1836   322.3  1965  1134.8  1847
  102.3  1885   68.0  1878   63.3  2022   58.3  1946   56.8  1950   55.3  1837   64.8  1902   77.0  2009   74.6  1893  107.3  1937  100.0  1853  108.9  1940   306.0  1902   207.6  1950   220.1  1972   320.1  1910  1134.7  1907
  101.9  1891   67.7  1857   62.8  2009   58.2  2016   56.5  1883   54.9  1978   63.4  1946   76.8  2007   74.6  1867  106.7  1926   99.9  1962  108.7  1904   305.5  1959   207.5  1906   219.2  1876   319.5  1881  1133.1  1863
  101.9  1985   67.5  1963   62.6  1955   57.9  1955   56.0  1868   54.2  1873   63.3  1961   75.0  1911   74.3  2015  105.6  1993   99.6  1860  108.0  2014   305.5  1861   206.1  2003   217.8  1942   318.5  1953  1130.9  2022
  101.8  1980   67.2  1976   62.5  1838   57.4  1866   55.1  1863   54.0  2015   62.9  1896   74.8  1872   73.0  1911  105.5  1964   99.3  1964  107.1  1894   303.3  1949   204.8  1973   215.3  2000   318.4  1849  1126.7  1945
  101.0  1837   66.8  1849   62.5  1865   55.8  1884   54.8  1893   53.1  1840   62.7  1941   74.5  1851   72.9  2013  104.8  2018   99.0  1873  107.1  1865   302.5  2009   204.4  1881   213.4  1856   317.5  1887  1125.8  1987
  100.9  1887   65.2  2018   61.6  1874   54.5  1888   54.5  1887   53.1  1913   62.3  1948   74.4  1838   72.8  1963  104.4  1873   98.8  1990  106.8  1950   301.3  1893   204.4  1902   211.8  1842   316.1  1900  1125.1  1842
   99.9  1933   64.9  1847   61.6  1869   53.9  1851   53.9  2004   52.7  2000   61.4  1838   73.1  2024   72.7  1990  104.3  1856   98.1  1966  106.6  1949   301.3  1924   204.2  1961   211.2  2005   314.9  1977  1124.9  1906
   99.3  1882   64.5  1853   61.5  1904   53.1  1916   53.6  1934   51.6  1950   61.0  1962   73.0  1858   72.6  1902  103.9  1939   97.5  1921  105.1  1850   299.8  1843   204.1  1890   211.0  1925   314.1  1845  1120.3  1944
   97.8  2010   63.5  1875   60.4  1890   52.9  1971   51.9  1888   51.4  1959   60.2  1987   72.4  1975   71.3  2006  103.6  1860   97.3  1999  103.6  1899   298.5  1859   203.3  1980   211.0  1990   313.9  1853  1119.2  1846
   97.3  1945   62.9  1953   60.3  1871   52.1  1900   51.7  1884   51.0  1915   59.4  1843   72.0  1842   70.0  1914  103.2  1999   97.2  1868  103.5  1973   296.6  1868   201.4  1904   210.7  2021   313.0  1844  1111.7  1911
   96.1  1847   62.4  1948   59.5  1918   51.6  1988   51.1  1960   50.9  1850   58.6  1981   71.1  1896   69.7  1917  102.7  1974   96.3  1989  103.3  1887   293.2  1952   200.1  1842   210.7  1901   306.4  1902  1110.6  1978
   95.8  2005   61.3  2009   58.3  1948   51.0  1869   50.0  2023   50.2  1859   57.8  1844   70.6  1840   66.4  1931  101.5  1899   95.1  1943  102.4  1838   293.1  1940   200.0  1975   209.1  1935   304.2  1990  1103.6  2005
   95.4  1901   61.1  2013   57.5  1878   50.0  1837   49.8  1918   50.1  2021   57.8  1852   69.6  1989   65.6  1846  101.4  1902   93.5  1912  102.1  1902   293.0  1856   198.8  1879   208.3  1932   302.4  1837  1102.3  1942
   95.3  1841   60.7  2008   57.1  1863   49.7  1914   49.5  1940   50.0  1876   57.6  1847   68.7  1915   65.0  1919   98.5  2010   93.2  1925  101.8  1957   290.7  1908   198.6  1873   206.4  1979   300.5  2011  1102.2  1861
   94.5  1966   59.5  1836   56.9  1974   49.2  1928   49.3  2018   49.3  2013   56.5  1878   67.4  1893   65.0  1894   97.0  1997   93.1  1866  101.3  1927   288.9  1968   198.5  1945   205.0  1857   300.4  1979  1101.8  1904
   91.6  1870   57.8  1907   56.3  1984   48.9  1863   48.9  1912   49.0  1934   55.5  1994   67.2  1935   64.6  1881   96.8  1971   92.0  1919   98.9  1941   288.6  1863   197.2  1865   204.9  1850   298.0  1858  1101.8  1926
   91.6  1859   57.8  1855   56.3  1924   47.8  1933   48.7  1971   48.8  1941   54.9  1990   66.9  1949   62.7  2001   96.3  1927   90.5  2007   97.7  1837   285.5  1890   196.1  1928   203.6  1961   296.9  1975  1098.0  1996
   90.2  1940   57.6  1864   56.2  1887   46.9  1981   48.3  1935   48.7  1973   54.9  1901   66.0  2006   62.6  1870   95.2  1953   90.4  1847   97.1  1871   285.3  1985   194.7  2015   203.1  1987   296.3  1948  1096.6  1884
   89.2  2017   57.2  1845   55.9  1939   46.9  2013   45.8  1866   48.1  1989   54.0  1874   65.7  1968   61.1  1969   93.4  1887   90.2  1958   96.6  1962   284.6  1914   192.0  1895   202.7  2024   294.1  1850  1096.4  1909
   85.6  1923   56.7  1968   54.6  1949   46.7  1945   45.5  2010   48.1  1983   53.5  1887   65.0  1849   60.9  1947   92.3  1918   90.1  1978   96.4  1842   282.6  1927   192.0  1957   202.6  1844   294.1  1936  1095.8  1838
   85.0  1839   55.1  1846   53.9  2003   46.7  1915   45.4  1880   46.7  1865   52.7  2018   64.4  1984   60.9  1955   91.2  1881   89.5  1932   95.1  1906   280.2  1921   190.3  1921   202.4  2003   291.8  1914  1082.5  1947
   84.5  1864   54.6  2005   53.6  1953   44.1  2020   45.3  1897   46.0  1988   52.6  1897   64.3  1855   60.2  1940   90.4  1901   88.8  1941   93.8  1861   278.9  2011   189.1  1971   202.1  1967   291.5  1899  1078.8  1856
   84.4  1844   53.9  1949   53.5  1923   44.1  1990   45.0  1911   45.9  1858   52.4  2006   64.3  1871   60.1  2007   88.0  1941   88.8  1915   93.5  1878   277.6  1874   188.0  1910   201.1  1840   290.7  1860  1076.9  1873
   80.6  1954   52.2  1913   53.2  1966   42.0  2006   44.7  1892   45.5  1874   51.8  1982   63.9  1884   59.7  1938   86.6  1869   88.3  1849   93.2  1877   271.9  1989   187.9  1995   199.1  1858   284.9  1873  1075.8  1853
   79.8  1893   51.7  1947   52.2  1885   41.9  1941   43.9  1987   45.4  1919   50.8  1856   63.9  1885   59.5  1977   85.8  1992   87.5  1967   91.4  1921   270.8  1981   187.6  1911   198.2  1867   284.8  2016  1069.1  2011
   78.4  1916   51.4  1860   50.2  1843   41.1  1967   43.8  1851   42.9  1904   50.4  1972   62.9  1870   59.4  2020   85.5  1970   87.2  1973   90.5  1864   268.4  1850   184.5  1853   194.9  1886   283.7  1893  1067.0  1899
   78.3  1878   51.4  1985   50.0  1858   40.8  1995   43.0  1909   42.5  2001   49.6  1995   61.3  1909   57.8  1979   83.0  2003   87.2  2011   89.1  1932   263.9  1839   184.0  1875   194.8  2025   283.7  1920  1065.5  1917
   74.5  1973   51.1  1851   48.7  2000   40.7  1881   42.4  1961   42.2  1994   49.5  1951   61.3  2021   57.7  1844   82.5  1914   86.5  1985   86.1  2008   261.5  1889   182.2  1943   194.2  1934   280.5  1857  1064.7  1895
   74.5  1989   51.0  1938   48.6  1945   40.5  1852   42.1  1992   41.1  1918   49.2  1866   61.2  2025   57.2  1966   82.3  1955   85.9  1981   85.0  1854   260.8  2005   180.6  1839   192.1  1923   280.0  1962  1061.6  1955
   74.0  1892   50.9  1902   48.2  1956   39.9  2010   42.0  1845   40.5  1899   48.8  1949   60.3  1847   57.0  1905   80.2  1861   85.9  1968   84.7  1889   260.3  1876   179.0  1855   190.4  1994   272.6  1912  1055.6  1962
   72.7  1848   50.3  1964   47.8  1946   39.5  1892   41.3  1848   40.2  1937   47.6  1870   59.8  1964   56.7  1889   78.9  1985   84.7  1897   84.2  1913   259.2  1871   178.1  1880   190.1  1896   271.1  1867  1051.8  1971
   72.1  2019   49.2  1920   46.0  1853   39.5  1887   40.9  1859   40.1  1979   46.7  2019   59.3  1990   55.7  1985   77.7  2017   83.3  1903   84.1  1939   256.5  1942   176.5  2010   189.8  1964   270.7  1972  1045.5  1851
   72.0  1897   49.0  1929   45.5  1856   39.3  1864   39.9  2001   39.1  1844   46.2  1919   58.4  1857   54.8  1933   76.6  1963   82.5  1904   83.6  1943   253.7  1918   175.2  1958   188.4  1933   270.6  1988  1043.6  1845
   70.1  1981   46.9  1971   45.4  1931   38.9  1956   39.8  1959   39.0  1893   45.8  1876   58.4  1886   53.9  1838   75.8  2015   80.5  1893   81.2  1867   249.7  1886   169.0  1918   187.9  1898   270.4  1956  1033.6  1890
   66.7  2000   45.9  2012   44.7  1875   38.5  1943   38.9  1982   38.7  1996   45.1  2013   58.0  1920   51.8  1997   75.7  1864   80.4  1848   80.1  1863   246.8  1838   168.4  1939   187.6  1847   269.4  1934  1024.5  1949
   65.3  1908   45.2  1901   44.2  1958   37.7  1883   38.9  1861   38.6  1922   44.4  1921   57.4  1887   51.8  1996   75.4  1890   78.2  1948   76.8  1855   245.8  1954   167.6  1861   187.2  1906   268.5  1890  1023.5  1976
   64.8  1902   44.4  1905   43.4  1900   36.9  2022   38.4  1944   38.0  2006   44.2  1916   53.5  1959   51.0  1890   71.5  1905   76.1  1917   69.9  1870   244.4  1895   166.4  1997   186.7  2002   266.7  1897  1020.1  1956
   63.8  1850   43.9  1962   43.1  1883   35.8  1906   38.4  1980   37.5  1961   44.0  1900   53.4  1883   48.9  1964   71.4  1908   75.0  1961   67.9  1931   242.4  1997   164.7  1900   184.3  1868   265.2  1905  1019.9  1849
   62.8  1976   42.7  1858   43.0  1879   32.3  1982   38.1  1839   36.0  1895   43.7  1952   53.3  2002   48.8  1900   71.3  1972   74.3  1957   67.3  1892   241.2  1929   161.1  1863   184.1  1919   261.7  1937  1017.5  1941
   62.5  1909   42.2  1854   41.4  1907   30.2  1958   37.8  2025   35.8  2023   43.5  2025   53.3  2005   48.4  1921   69.2  1866   73.8  1858   66.8  1971   239.6  1878   160.7  1976   183.7  1959   260.7  1856  1017.3  1898
   61.7  1876   41.6  1975   41.2  1898   30.1  1865   37.8  1998   35.7  1992   43.4  2014   52.7  1972   47.3  1928   69.1  1904   73.2  1854   65.4  1970   239.1  2017   160.6  1926   181.3  2013   259.9  1889  1013.0  1857
   60.5  1907   41.5  1863   40.9  1997   29.9  1921   37.5  1864   35.5  2024   42.0  1971   52.5  1867   46.6  1926   68.5  1950   71.5  1884   64.1  1851   237.6  1862   157.8  1864   179.7  1955   259.4  1915  1009.8  1901
   60.4  2022   40.1  1886   40.4  1899   29.8  1997   37.1  1927   34.6  1930   41.8  1989   52.5  1978   45.9  1854   66.6  1888   70.6  1920   63.0  1890   236.4  2006   157.3  2022   177.0  1849   253.9  1971   999.9  1908
   58.4  1914   39.9  1983   37.6  1845   29.4  1840   36.8  1922   34.3  2010   41.8  1979   52.4  1998   45.8  1978   66.2  1842   66.9  1983   60.9  1875   233.3  1844   155.8  1896   176.9  1947   253.7  1964   995.1  2010
   58.1  1929   39.6  1917   35.6  1910   26.2  1896   36.1  1837   32.8  1886   41.7  2016   51.6  1899   44.5  1898   66.1  1850   66.2  1937   58.6  1883   231.5  1944   153.8  1874   174.8  1996   253.6  1973   985.1  1896
   57.4  1992   34.0  1944   35.4  1849   26.2  1873   35.2  2019   32.7  1967   40.7  1997   51.3  1983   44.0  1972   64.3  1936   65.5  1889   58.4  1879   231.1  1932   151.5  1915   172.6  1975   253.3  1955   983.8  1850
   53.4  1888   33.7  1890   35.3  1935   26.1  2017   34.6  1970   31.4  1951   39.7  1899   50.4  1993   42.4  1915   64.1  1956   64.2  1908   58.0  1975   229.0  1854   150.2  1887   172.5  1911   250.6  1969   973.2  1893
   52.6  1905   33.1  1952   35.1  1993   25.9  2015   33.3  1901   30.9  1984   39.2  1955   49.7  1854   42.1  2009   63.4  1973   63.5  1922   57.5  2016   222.1  1864   147.9  1974   161.4  1885   244.9  1945   972.9  1953
   52.4  1881   32.4  1862   34.0  1943   25.3  1929   33.2  1975   30.7  1867   37.9  1905   47.5  1913   39.6  1855   59.2  1840   62.2  2004   56.8  1885   217.9  1880   147.3  2020   159.5  1989   243.0  1942   971.5  1837
   52.1  1898   32.0  1930   33.2  1837   24.7  1844   32.7  1936   29.5  1849   37.6  1906   47.2  1864   36.8  1888   59.2  1919   60.4  1851   55.6  2001   217.8  1845   145.7  1870   159.0  1921   239.0  1933   969.6  1902
   49.4  2006   29.9  1888   33.0  1973   22.3  1954   32.2  1978   29.3  1908   36.8  1996   44.8  1836   32.9  2002   59.0  1884   58.0  1934   54.4  1857   214.7  1953   143.1  1845   157.3  2018   236.9  1855   963.6  1858
   49.3  1889   29.4  1887   31.2  1892   22.2  1980   31.9  1919   24.7  1962   36.5  1977   43.5  1933   32.5  1906   57.5  1946   57.9  1857   53.4  1853   213.5  1907   139.3  1929   156.4  2006   236.6  2003   959.1  2003
   49.2  1949   28.7  1924   30.8  1915   22.0  1861   30.1  1956   23.0  1923   35.3  1984   43.1  1932   31.8  1912   56.3  1845   56.1  1988   52.6  1988   213.0  1847   139.1  1852   154.8  1937   230.5  1901   958.7  1889
   48.1  1917   27.2  1998   29.1  1854   20.1  1855   30.1  1928   22.9  1940   34.5  1863   39.0  1991   29.9  1986   54.4  2007   50.8  1862   52.1  1846   209.5  1909   138.4  2025   146.8  1940   228.8  1904   956.4  1975
   47.3  1861   26.6  1896   28.9  2012   19.2  2007   27.1  1990   21.6  1869   32.7  1864   37.3  1869   29.3  1907   53.1  1879   49.3  2021   51.4  1991   205.8  1905   137.3  1883   143.2  1981   226.6  1854   944.4  1905
   46.9  1911   21.0  2023   28.6  1925   19.1  2011   26.9  1939   21.4  1976   29.7  1869   36.3  1987   28.3  1851   52.6  1897   48.1  1956   47.8  1933   199.8  1917   132.4  1844   142.7  1864   225.7  1908   935.8  1964
   46.1  1858   20.8  1993   28.4  1990   16.5  1870   25.4  1874   20.3  1995   29.6  1976   35.3  2022   28.3  1939   52.0  1975   47.6  1909   47.0  1996   195.6  1841   128.8  1854   134.4  1949   221.2  1985   934.3  1973
   42.3  1950   19.9  1909   28.0  2011   15.8  1974   19.5  1871   19.4  1889   29.3  2022   34.2  1937   28.0  1929   50.6  1921   46.7  1856   46.5  2010   195.3  1896   127.0  1984   133.8  2022   216.2  1919   931.4  1840
   40.5  1896   15.1  1942   27.9  1850   14.4  1976   17.8  1905   19.1  1868   28.5  1934   28.5  1981   27.7  1971   46.0  1962   46.1  1901   46.3  1963   190.6  1963   119.3  1837   131.8  1899   212.1  1947   916.8  1870
   39.1  1838   14.5  1956   27.3  1926   13.4  2021   17.3  1989   18.8  1949   28.2  1885   27.2  1976   27.3  1895   45.4  2016   44.1  1871   43.8  1905   188.0  1976   117.3  1956   130.6  1984   211.4  1884   906.7  1933
   36.8  1935   13.0  1959   23.3  1852   12.9  1842   15.5  1895   17.7  1870   28.0  1868   25.8  1880   27.2  2003   43.3  1922   38.1  1896   42.2  1844   186.7  1888   117.2  1944   128.2  1870   205.1  2007   902.2  1892
   36.6  1953   10.6  1934   17.9  1929   12.4  1854   12.1  2020   14.6  1887   24.0  1983   24.8  1947   25.4  1941   41.0  1965   38.0  1867   39.8  1953   182.8  1934   115.3  1892   125.5  1887   203.7  1851   887.8  1844
   28.1  1964    8.2  1921   17.8  1938    9.9  1912   11.7  1876   13.7  2018   22.6  1898   23.6  1955   23.7  1843   40.4  1951   34.5  1933   38.7  1873   177.7  1992   108.8  1938   123.4  1983   202.2  1941   855.6  1864
   28.0  1987    6.8  1965   17.2  1893    8.9  1957   10.3  1991   13.5  1942   22.2  1913   23.5  2003   13.1  2014   37.3  1947   32.8  1942   37.3  1917   169.2  1891   106.1  2011   122.8  1913   200.4  1922   847.6  1854
   26.6  1880    6.2  1986   16.9  2025    7.9  1984    9.8  1836   12.8  1975   21.3  1935   23.3  1936   10.2  1910   36.9  1931   29.5  1855   35.6  1843   155.2  1855   105.1  1840    88.6  1869   198.4  1879   845.1  1855
   26.4  1963    5.3  1895   13.5  1961    7.5  1893    3.8  1896    9.8  1921   20.0  1999   13.4  1995    8.7  1959   26.5  1969   28.9  1945   24.9  1840   143.2  1858    99.5  1990    83.3  1995   196.5  1921   826.8  1887
   17.4  1997    4.4  1891   11.6  1944    5.4  1938    3.3  1844    1.7  1925   15.5  1911   10.9  1940    7.4  1865   18.3  1978   20.6  1879   23.1  1926   124.6  1964    79.6  1893    78.1  1976   154.2  1978   785.5  1921
   12.5  1855    1.9  1932    4.2  1840    ---  2026    ---  2026    ---  2026    ---  2026    ---  2026    ---  2026    ---  2026    ---  2026    ---  2026     ---  1836     ---  2026     ---  2026     ---  2026     ---  2026
