Areal values from HadUK-Grid 1km gridded climate data from land surface network
Source: Met Office National Climate Information Centre
Monthly, seasonal and annual mean air temperature for England SW and S Wales
Areal series, starting in 1884
Last updated 01-Apr-2026 11:35
    jan  year    feb  year    mar  year    apr  year    may  year    jun  year    jul  year    aug  year    sep  year    oct  year    nov  year    dec  year     win  year     spr  year     sum  year     aut  year     ann  year
    7.4  1916    7.8  2024    9.1  1957   11.4  2011   13.2  2008   16.8  2023   18.7  1983   18.7  1995   16.3  2023   12.9  2001   10.2  1994   10.0  2015    7.14  2016   10.41  1893   16.83  2025   12.31  2023   11.08  2023
    7.3  1921    7.4  2026    8.3  2012   11.2  2007   13.1  2025   16.1  2018   18.4  2006   18.0  1947   16.0  2006   12.9  1995    9.9  2011    8.2  1934    6.76  2024   10.31  2025   16.75  2018   12.29  2011   10.99  2025
    7.0  2007    7.4  1990    8.3  1948   10.8  1893   13.0  1989   16.0  2025   18.1  2018   18.0  1899   15.7  1949   12.9  1921    9.8  2015    7.8  2023    6.74  2007   10.00  2024   16.69  1995   12.28  2006   10.93  2022
    6.8  1990    7.0  1961    8.2  2017   10.6  2020   12.9  2024   15.7  1976   17.8  1921   17.9  2022   15.4  1895   12.8  2022    9.3  2022    7.7  1974    6.66  1989   10.00  2007   16.66  1976   12.08  2022   10.76  2014
    6.7  2008    7.0  2022    8.2  2026   10.4  2025   12.9  1893   15.6  1940   17.8  2013   17.7  1911   15.3  1929   12.7  2005    9.2  2002    7.6  1988    6.54  2022    9.92  2011   16.58  1899   11.95  2014   10.71  2024
    6.7  1975    7.0  1926    8.0  1938    9.9  1943   12.8  1998   15.5  1896   17.6  1989   17.7  1997   15.3  2021   12.7  2006    9.2  1938    7.6  2018    6.54  1975    9.88  2017   16.51  2006   11.70  2021   10.62  2020
    6.5  1983    6.9  1998    7.9  1990    9.8  1945   12.7  1992   15.4  1887   17.5  1934   17.6  2003   15.2  2016   12.5  2013    8.9  1939    7.6  1953    6.44  1990    9.81  2020   16.49  1983   11.55  1959   10.57  2011
    6.5  1884    6.9  2019    7.8  1981    9.7  1961   12.6  2017   15.2  1893   17.5  2025   17.6  1955   15.0  2014   12.5  1969    8.8  2009    7.5  1898    6.41  1943    9.66  2022   16.44  2022   11.54  1949   10.56  2006
    6.4  1898    6.9  2002    7.8  1998    9.6  2014   12.5  1990   15.2  2017   17.4  1995   17.1  1976   14.8  1898   12.5  2023    8.8  1997    7.5  1918    6.40  2020    9.57  2014   16.37  1911   11.36  2009   10.52  2007
    6.4  1944    6.7  1945    7.8  1997    9.5  1914   12.5  2023   15.2  1970   17.3  1911   17.1  1975   14.8  1933   12.4  2014    8.7  2025    7.4  2021    6.37  1995    9.49  1896   16.25  2003   11.32  2001   10.52  1921
    6.4  1932    6.7  1995    7.8  2024    9.5  1894   12.4  2018   15.2  2006   17.1  1976   17.0  1990   14.8  1959   12.4  1959    8.6  2020    7.3  1942    6.35  2019    9.44  1999   16.08  2023   11.30  2005   10.50  2017
    6.3  2020    6.7  2011    7.8  2019    9.5  2003   12.4  1999   15.2  1899   17.1  2021   17.0  2025   14.7  1999   12.3  2011    8.6  1899    7.2  1912    6.33  2026    9.44  1957   16.03  1893   11.30  1995   10.50  2018
    6.3  1993    6.6  2020    7.8  2022    9.5  1944   12.3  2022   15.0  1960   17.1  2022   16.9  1983   14.7  2005   12.3  1968    8.5  1913    7.2  2024    6.26  1935    9.43  1945   15.98  1955   11.22  1913   10.43  1949
    6.3  2005    6.6  1918    7.7  2003    9.5  1987   12.3  1952   15.0  1950   17.0  1901   16.8  2020   14.6  1926   12.2  1908    8.5  1978    7.1  1900    6.19  2014    9.42  2003   15.98  1975   11.22  1898   10.39  1990
    6.2  2002    6.6  1903    7.5  1893    9.4  2018   12.3  1911   15.0  1897   17.0  2014   16.8  1932   14.6  2011   12.2  2017    8.5  2014    7.1  1924    6.15  1899    9.42  2023   15.93  1933   11.21  1921   10.38  2019
    6.2  1989    6.5  1914    7.5  2002    9.3  2024   12.3  1919   14.9  2014   16.9  1955   16.8  1893   14.5  1961   12.1  2021    8.5  1953    7.0  1994    6.14  1925    9.38  1990   15.86  1989   11.19  1978   10.38  1989
    6.2  1974    6.4  2007    7.4  1991    9.2  2019   12.2  2020   14.9  2005   16.9  1949   16.8  1984   14.5  2004   12.0  1949    8.4  1963    6.9  1954    6.09  1998    9.34  1998   15.85  1949   11.16  2025   10.35  1995
    6.1  2012    6.4  1897    7.4  2025    9.2  2015   12.2  1896   14.8  2004   16.9  2019   16.7  1933   14.5  1991   11.7  1978    8.3  1946    6.8  2025    6.06  2008    9.34  1992   15.82  2013   11.16  2024   10.35  1999
    6.1  2016    6.4  1923    7.4  1950    9.2  1946   12.2  2016   14.8  1889   16.7  1999   16.5  2004   14.5  1958   11.7  1945    8.3  1948    6.7  1921    5.96  1920    9.33  1959   15.79  1947   11.14  2002   10.32  2002
    6.1  1890    6.4  1997    7.4  1961    9.2  1949   12.1  1960   14.8  1992   16.6  1900   16.4  2019   14.4  1971   11.7  1954    8.3  1951    6.7  2006    5.94  1923    9.30  2019   15.77  1921   11.12  1997   10.29  1959
    6.0  1943    6.3  2000    7.4  1994    9.2  1937   12.0  1918   14.8  2016   16.5  1887   16.3  1944   14.3  1947   11.7  1990    8.3  2003    6.7  1911    5.92  2017    9.29  1943   15.75  2019   11.08  2013   10.28  2003
    5.9  2014    6.3  1920    7.3  2014    9.1  1896   12.0  1959   14.8  2003   16.5  1933   16.2  1959   14.3  2000   11.6  2009    8.3  2024    6.6  1955    5.84  1916    9.28  1997   15.74  2021   11.06  2015   10.26  1997
    5.9  1938    6.3  1946    7.3  1933    9.1  1993   12.0  1964   14.7  2010   16.5  1899   16.2  2013   14.3  1998   11.6  1989    8.3  1970    6.6  2011    5.82  1949    9.26  1948   15.70  1887   11.02  1945   10.25  2004
    5.9  1925    6.2  2017    7.2  1989    9.1  2009   11.9  1917   14.7  1934   16.5  1897   16.2  2016   14.2  2019   11.6  2024    8.2  2018    6.6  1985    5.79  1937    9.23  1961   15.67  2016   11.00  1938   10.25  2021
    5.9  1999    6.2  1980    7.2  1945    9.0  1942   11.9  1940   14.7  2021   16.5  1923   16.2  1937   14.1  1884   11.6  1977    8.2  2006    6.6  2016    5.77  1999    9.22  1952   15.66  1897   10.98  1994   10.25  2005
    5.8  1949    6.2  1966    7.2  1912    9.0  1999   11.9  1953   14.7  2007   16.5  1975   16.2  2024   14.1  1890   11.5  1971    8.1  2023    6.6  2013    5.76  2012    9.15  1912   15.63  1984   10.98  1999   10.24  2015
    5.8  1988    6.2  1928    7.1  1992    8.9  2022   11.9  2001   14.6  1925   16.5  1935   16.1  1973   14.1  1921   11.4  1996    8.1  2004    6.4  1910    5.73  1913    9.10  2008   15.59  1997   10.97  2004   10.23  2016
    5.8  1969    6.1  1937    7.1  2007    8.9  2004   11.9  1922   14.6  2009   16.4  1971   16.1  1906   14.1  1941   11.3  2025    8.1  1908    6.4  1971    5.71  1957    9.09  2002   15.59  2005   10.97  1908   10.12  1998
    5.7  2018    6.1  2023    7.1  1959    8.9  1959   11.8  2014   14.6  1957   16.4  1926   16.1  2012   14.1  2022   11.3  1898    8.1  1895    6.4  1986    5.68  2002    9.06  2009   15.57  1934   10.96  2020   10.03  1893
    5.7  1948    6.0  1989    7.1  2000    8.8  1912   11.8  2007   14.6  1982   16.4  1990   16.1  1949   14.1  1980   11.3  1913    8.0  1917    6.3  1977    5.66  1974    9.04  1960   15.55  2014   10.93  2017   10.01  1994
    5.7  1906    6.0  2014    7.1  1896    8.8  1997   11.7  1895   14.6  1921   16.4  1994   16.1  1898   14.1  1936   11.1  1979    8.0  1888    6.3  2019    5.65  2025    9.00  2012   15.50  1959   10.91  1989    9.99  1898
    5.6  1976    6.0  1943    7.1  2023    8.8  1957   11.7  1947   14.6  1933   16.4  2003   16.1  1884   14.0  1911   11.1  1916    8.0  1928    6.3  1972    5.64  1921    8.96  1933   15.48  2017   10.90  1968    9.99  2000
    5.6  1930    6.0  1885    7.0  1927    8.7  2017   11.7  2004   14.5  1930   16.3  2005   16.0  2018   14.0  1989   11.0  2007    8.0  1982    6.2  1959    5.63  1898    8.93  2004   15.47  2004   10.86  1947    9.96  1899
    5.6  2004    5.8  1950    7.0  2021    8.7  2005   11.6  1970   14.5  1949   16.2  1905   16.0  1991   14.0  1985   11.0  1965    7.9  1931    6.2  1966    5.59  2005    8.87  2018   15.47  2020   10.86  1970    9.94  1957
    5.5  1994    5.8  2008    7.0  2005    8.7  2002   11.6  2011   14.4  2020   16.2  2010   16.0  1989   14.0  1970   11.0  1886    7.8  1992    6.2  1956    5.58  1922    8.82  1989   15.46  1990   10.83  2007    9.93  1911
    5.5  1928    5.7  1935    7.0  1999    8.7  1952   11.6  1889   14.3  1975   16.1  2017   16.0  1916   13.9  2003   11.0  1920    7.8  1947    6.2  1929    5.50  2000    8.82  2005   15.32  2010   10.79  1899    9.92  1945
    5.5  1937    5.7  1977    6.9  1977    8.7  2023   11.6  2000   14.3  1891   16.1  1904   16.0  2001   13.9  1945   10.8  1984    7.8  2007    6.2  1919    5.49  1912    8.80  1940   15.31  1935   10.71  1971    9.89  2008
    5.5  1923    5.7  1958    6.9  1921    8.6  1926   11.5  2012   14.3  1895   16.1  1893   16.0  1926   13.9  1973   10.8  1957    7.8  1995    6.2  1951    5.44  2004    8.77  1914   15.27  1896   10.70  2016    9.89  2009
    5.4  1920    5.7  1949    6.9  1902    8.6  1955   11.5  1901   14.2  1993   16.0  1984   15.9  2000   13.9  2013   10.8  2015    7.7  1981    6.2  1983    5.42  1988    8.77  1993   15.25  1999   10.70  1929    9.87  1948
    5.4  1995    5.6  1899    6.8  1903    8.5  2006   11.5  2006   14.2  2022   16.0  1959   15.9  2006   13.9  1964   10.8  1963    7.7  1964    6.2  1997    5.42  1950    8.75  1950   15.23  2009   10.66  1958    9.85  1983
    5.4  2023    5.6  1939    6.8  1936    8.5  2010   11.5  1908   14.2  1966   16.0  2016   15.9  1999   13.9  1982   10.8  1925    7.7  2021    6.1  2004    5.36  1967    8.72  1927   15.23  1901   10.65  2018    9.81  1943
    5.4  1924    5.6  1957    6.8  2011    8.5  1940   11.4  1912   14.2  1959   16.0  1896   15.9  2023   13.9  2020   10.8  1906    7.7  1999    6.1  2000    5.29  1926    8.70  2015   15.19  1932   10.63  1963    9.81  2001
    5.3  1957    5.5  1908    6.7  2009    8.4  1995   11.4  1927   14.1  1988   15.9  1952   15.8  1981   13.9  1981   10.8  1997    7.7  1894    6.1  1915    5.29  1903    8.67  2000   15.17  1925   10.63  1982    9.76  1913
    5.3  1998    5.5  2025    6.7  1943    8.4  1909   11.4  1933   14.1  2000   15.8  1941   15.8  2002   13.9  1955   10.7  1958    7.7  1986    6.0  1949    5.26  1946    8.64  1921   15.16  2001   10.62  1946    9.76  2012
    5.3  2015    5.5  1910    6.7  1952    8.4  1960   11.4  1937   14.1  1986   15.8  1991   15.8  1939   13.8  2002   10.7  1986    7.7  1897    6.0  1979    5.26  1948    8.62  1981   15.14  1957   10.62  1969    9.76  1975
    5.2  2022    5.5  1912    6.6  1905    8.4  1948   11.4  1945   14.1  1911   15.8  2001   15.7  1919   13.8  1907   10.7  1903    7.6  1984    6.0  1945    5.19  1993    8.62  1920   15.11  1982   10.62  1948    9.74  1938
    5.2  1899    5.5  1999    6.6  1920    8.3  1980   11.4  2009   14.1  1963   15.8  1982   15.6  2009   13.8  1997   10.7  1930    7.6  1983    6.0  2002    5.18  1994    8.59  1991   15.10  2024   10.61  1951    9.73  1961
    5.2  1913    5.4  1974    6.6  1972    8.3  1939   11.4  1890   14.1  1984   15.8  1992   15.6  1935   13.8  1956   10.7  1897    7.6  2001    6.0  1922    5.18  2023    8.56  1938   15.08  2000   10.60  1984    9.73  1934
    5.2  1926    5.4  1992    6.6  2020    8.2  1904   11.2  1997   14.0  1939   15.8  1957   15.6  1914   13.8  1913   10.6  1938    7.5  1959    6.0  1941    5.15  1973    8.51  2016   15.08  1940   10.57  1941    9.69  1914
    5.1  1902    5.4  1905    6.6  1967    8.2  1982   11.2  1943   14.0  1941   15.7  1925   15.5  2005   13.8  1939   10.6  1910    7.5  1898    6.0  1948    5.08  1932    8.51  1988   15.05  1992   10.57  1953    9.67  1982
    5.0  1981    5.4  1925    6.6  1960    8.1  1933   11.2  1915   14.0  1914   15.6  1943   15.5  1897   13.8  1899   10.6  1998    7.4  2008    5.9  1993    5.08  1914    8.48  1939   15.04  1926   10.56  1954    9.66  1926
    5.0  1927    5.3  2021    6.6  1923    8.1  1921   11.2  1950   13.9  1947   15.6  1997   15.5  1913   13.8  1934   10.6  1928    7.4  1945    5.9  1998    5.05  1972    8.47  1944   15.03  1900   10.55  1998    9.64  2013
    5.0  1900    5.3  1967    6.6  1894    8.1  1984   11.2  1988   13.9  1905   15.6  1996   15.4  1942   13.7  1966   10.6  1927    7.4  1960    5.8  1936    5.04  2015    8.41  1994   14.99  1994   10.48  1961    9.64  1953
    4.9  1971    5.3  1884    6.5  1897    8.1  1901   11.2  1936   13.9  2019   15.6  2023   15.4  1953   13.7  1891   10.5  1999    7.4  1954    5.8  1894    5.02  2003    8.41  2006   14.98  1944   10.48  2019    9.63  1988
    4.9  2017    5.2  1894    6.5  1988    8.1  1920   11.1  1948   13.9  1989   15.6  1951   15.4  2008   13.7  2007   10.5  1961    7.3  1889    5.7  1931    5.01  2001    8.41  1949   14.93  1937   10.48  1990    9.62  1971
    4.9  1968    5.2  1982    6.4  1966    8.1  1898   11.1  1978   13.9  1995   15.5  1969   15.4  1996   13.7  1951   10.5  1941    7.3  1920    5.7  2017    5.01  1939    8.41  1942   14.92  1973   10.45  1906    9.60  1897
    4.9  1996    5.2  1922    6.3  1993    8.1  1992   11.1  1920   13.9  1968   15.5  1977   15.4  1936   13.6  2009   10.5  1909    7.3  2017    5.7  2012    4.99  1911    8.37  1894   14.91  1898   10.45  2000    9.59  1984
    4.8  2026    5.2  2016    6.3  1914    8.1  1928   11.1  2002   13.8  1973   15.5  1886   15.4  1940   13.6  2024   10.5  1943    7.3  1940    5.7  2014    4.98  2021    8.35  1928   14.88  1914   10.44  2003    9.59  1928
    4.8  1935    5.1  1975    6.3  1926    8.0  1930   11.1  2003   13.8  1917   15.5  1912   15.4  1909   13.6  1930   10.5  2016    7.1  1892    5.7  1987    4.97  1961    8.32  1918   14.88  1970   10.40  1928    9.58  1992
    4.8  1896    5.1  1893    6.3  1983    8.0  1985   11.0  1939   13.8  1935   15.4  2024   15.4  1886   13.5  2010   10.5  1988    7.1  1979    5.7  2020    4.96  2018    8.32  2001   14.87  1952   10.39  1939    9.58  1976
    4.8  1922    5.1  2004    6.3  1978    8.0  1974   11.0  1928   13.8  1936   15.4  1898   15.3  2021   13.5  1917   10.5  1947    7.1  1906    5.7  1980    4.96  1976    8.29  1982   14.85  1884   10.39  1886    9.55  1939
    4.8  1962    5.0  1993    6.3  2008    8.0  1900   11.0  1956   13.8  1932   15.4  2008   15.3  1952   13.5  1901   10.4  2019    7.1  1989    5.7  2007    4.95  1966    8.28  1995   14.84  1996   10.38  1983    9.52  1918
    4.8  1939    5.0  1921    6.3  1956    8.0  1947   10.9  1971   13.8  1910   15.4  2009   15.3  1918   13.5  1935   10.4  1967    7.1  1973    5.6  2003    4.93  1960    8.28  1926   14.81  2008   10.37  1930    9.51  1935
    4.8  2024    4.9  2001    6.3  2004    8.0  1895   10.9  1995   13.7  1908   15.4  1967   15.3  1901   13.5  2018   10.4  1985    7.1  1907    5.6  1932    4.92  1906    8.26  1895   14.80  1950   10.37  1920    9.51  1920
    4.8  2000    4.8  1898    6.3  2015    8.0  1996   10.9  1910   13.7  1920   15.4  1944   15.3  1945   13.5  1969   10.4  2002    7.1  1902    5.6  1984    4.90  1905    8.26  1953   14.80  2007   10.33  1991    9.50  1884
    4.7  1973    4.8  1938    6.2  1907    8.0  1935   10.9  1976   13.7  1983   15.3  1885   15.2  1968   13.5  1968   10.4  2020    7.1  1929    5.5  1897    4.85  1980    8.26  2010   14.79  1905   10.31  1979    9.48  1933
    4.7  1903    4.7  1988    6.2  1929    7.9  1972   10.9  2019   13.7  2015   15.3  1908   15.2  1987   13.4  1906   10.4  1970    7.1  1941    5.5  1947    4.84  1930    8.26  1946   14.74  1906   10.31  1996    9.48  1960
    4.6  2019    4.7  1891    6.1  1913    7.9  1963   10.9  1921   13.7  2001   15.3  1947   15.2  1969   13.4  2025   10.4  2010    7.0  1924    5.5  1908    4.84  1984    8.24  1905   14.73  2012   10.29  1895    9.47  1937
    4.6  1967    4.7  1911    6.1  1939    7.8  1988   10.8  1993   13.6  1998   15.3  1987   15.2  1971   13.4  1987   10.4  1934    7.0  2000    5.5  1999    4.83  1928    8.21  1890   14.73  1886   10.28  1933    9.45  1973
    4.6  1936    4.7  1913    6.0  1910    7.8  2008   10.8  1892   13.6  2024   15.3  1979   15.2  1994   13.4  2001   10.3  1924    7.0  1974    5.4  1913    4.82  1958    8.18  1913   14.71  1969   10.25  1916    9.45  1944
    4.6  1970    4.7  1896    6.0  1954    7.8  1899   10.8  1991   13.6  1900   15.3  1928   15.2  1887   13.4  1942   10.3  2004    7.0  1949    5.4  1888    4.81  1954    8.16  1964   14.70  1930   10.22  1907    9.40  1908
    4.5  2003    4.6  1959    6.0  1935    7.8  1916   10.8  2005   13.6  1942   15.3  1917   15.2  1998   13.4  1914   10.3  2018    6.9  1932    5.4  1965    4.79  1938    8.14  1966   14.70  1941   10.17  1977    9.39  1930
    4.5  2013    4.6  1948    6.0  1940    7.8  1892   10.8  1913   13.6  1931   15.3  1985   15.2  1938   13.4  1983   10.3  1942    6.9  1903    5.4  1973    4.74  1896    8.13  1937   14.67  1943   10.14  1964    9.39  1966
    4.5  1904    4.6  1972    5.9  1928    7.8  1964   10.8  1982   13.6  1915   15.2  1927   15.2  1925   13.4  1953   10.3  1972    6.9  1900    5.4  1904    4.73  1992    8.12  1911   14.67  1939   10.13  1934    9.35  1967
    4.5  1956    4.5  1971    5.9  1942    7.8  1975   10.8  1934   13.6  1953   15.2  1964   15.1  2017   13.4  1984   10.3  1994    6.9  1968    5.3  1905    4.73  1885    8.08  1936   14.64  2002   10.13  1973    9.34  1993
    4.5  1934    4.5  1973    5.9  1982    7.8  1967   10.7  1916   13.5  2008   15.2  2000   15.1  2007   13.3  1978   10.3  1937    6.8  1990    5.3  1907    4.69  1981    8.06  1967   14.63  1960   10.12  2008    9.34  1977
    4.5  1960    4.4  2003    5.9  1968    7.7  1886   10.7  1924   13.5  1967   15.2  1929   15.1  1970   13.3  1946   10.3  1914    6.8  1930    5.2  1989    4.68  1944    8.05  1935   14.62  1895   10.11  1914    9.34  1896
    4.4  1950    4.4  2012    5.9  1918    7.7  1915   10.7  1944   13.5  1937   15.2  2015   15.0  1943   13.3  1900   10.2  1962    6.8  1955    5.2  1891    4.65  1910    8.05  1903   14.62  1953   10.10  1897    9.33  1900
    4.4  2006    4.4  1927    5.9  1884    7.7  1981   10.7  2010   13.4  1996   15.1  1884   15.0  1957   13.3  1948   10.2  1933    6.8  1886    5.2  1991    4.64  2013    8.04  1956   14.62  1917   10.10  1903    9.32  1970
    4.4  1951    4.4  1962    5.9  1890    7.7  1990   10.7  1973   13.4  1885   15.1  1945   15.0  1927   13.3  1886   10.2  1948    6.8  1987    5.1  1930    4.61  1919    7.99  1972   14.61  2015   10.08  1890    9.32  1912
    4.3  1912    4.4  1931    5.8  1973    7.7  1905   10.7  1903   13.4  1997   15.1  2020   15.0  1980   13.3  2017   10.2  1946    6.8  1991    5.0  1958    4.60  1908    7.99  1977   14.61  1971   10.08  1924    9.30  1950
    4.3  1984    4.3  1964    5.8  2016    7.7  1965   10.7  1980   13.4  2013   15.1  1914   15.0  1930   13.2  1932   10.2  1983    6.8  2012    5.0  1975    4.60  1927    7.99  1954   14.61  1923   10.06  1911    9.29  1936
    4.3  2025    4.3  2009    5.7  1963    7.7  1927   10.7  1965   13.4  1961   15.1  1937   15.0  1958   13.2  1995   10.1  1966    6.8  2019    5.0  1978    4.59  1894    7.98  1915   14.60  1889   10.06  1900    9.29  1955
    4.3  1915    4.2  2005    5.6  1949    7.6  1923   10.6  1961   13.4  1906   15.0  1956   15.0  2010   13.2  1938   10.1  1911    6.8  1958    5.0  1893    4.59  1924    7.97  1947   14.59  1945   10.04  1960    9.28  1894
    4.2  1918    4.2  1976    5.6  2010    7.6  1913   10.6  2015   13.3  1994   15.0  2004   15.0  1961   13.2  1996   10.1  1904    6.8  1975    5.0  1914    4.54  1971    7.97  1897   14.59  1942   10.00  1955    9.28  1947
    4.2  1986    4.2  1915    5.5  2001    7.6  1950   10.6  1954   13.3  1955   15.0  1894   14.9  2015   13.2  1915   10.1  2000    6.8  1998    5.0  2005    4.54  1983    7.96  1910   14.58  1967    9.96  1956    9.28  1991
    4.1  1972    4.1  1960    5.5  1953    7.5  1994   10.5  1929   13.3  2012   15.0  1918   14.9  1982   13.2  1916   10.0  1899    6.8  1943    4.9  1923    4.49  1915    7.95  1987   14.57  1908    9.95  1981    9.27  1958
    4.1  1910    4.0  2015    5.5  1995    7.5  2016   10.5  1914   13.3  1945   15.0  1932   14.9  1900   13.2  1967   10.0  1982    6.8  2013    4.9  1884    4.48  1931    7.93  1980   14.55  1968    9.94  1987    9.26  1906
    4.1  1961    4.0  1933    5.5  1974    7.5  1969   10.5  1958   13.3  1969   14.9  1950   14.9  1921   13.1  1937   10.0  1960    6.8  1944    4.9  1967    4.47  1901    7.91  1930   14.53  1936    9.93  1943    9.24  1932
    4.1  1958    4.0  1904    5.4  1899    7.5  2001   10.5  1884   13.3  1951   14.9  2002   14.9  1915   13.0  2008   10.0  1975    6.7  1912    4.8  1957    4.47  1952    7.91  2021   14.52  1991    9.93  1940    9.24  1946
    4.0  2001    4.0  1984    5.3  1930    7.5  1966   10.5  1985   13.3  1901   14.9  1981   14.8  1923   12.9  1896    9.9  1976    6.7  1914    4.8  1982    4.44  1918    7.90  1901   14.52  1998    9.91  1936    9.24  1927
    4.0  1905    4.0  1994    5.3  1941    7.5  1976   10.5  1909   13.3  1952   14.9  1958   14.8  1895   12.9  1990    9.9  2012    6.6  1921    4.7  1902    4.43  1978    7.89  1965   14.48  1981    9.88  1935    9.22  1974
    4.0  1909    4.0  1953    5.3  1965    7.5  1991   10.4  1949   13.3  1943   14.9  1986   14.8  1928   12.9  1893    9.9  1900    6.5  1927    4.7  1895    4.42  1890    7.87  1978   14.44  1913    9.87  1917    9.21  1978
    3.9  2021    4.0  1892    5.3  1944    7.5  1938   10.4  1966   13.3  1884   14.9  1946   14.8  1892   12.9  1988    9.9  1951    6.5  1935    4.7  1938    4.34  2006    7.86  1963   14.43  1904    9.87  1884    9.21  1910
    3.9  1907    4.0  1951    5.2  2006    7.4  1890   10.4  1946   13.3  1886   14.8  1889   14.8  1977   12.9  1924    9.9  1923    6.5  2005    4.5  1920    4.32  1909    7.86  1923   14.41  1964    9.85  2010    9.19  1951
    3.9  1931    4.0  1940    5.2  1946    7.4  1971   10.4  1925   13.3  1922   14.8  1948   14.8  1964   12.8  1889    9.9  1953    6.5  1916    4.5  1944    4.24  1959    7.84  1929   14.37  1961    9.85  1957    9.18  1925
    3.9  1978    3.9  1916    5.1  1911    7.4  1897   10.4  1930   13.3  2011   14.8  1953   14.8  1967   12.8  1992    9.9  1893    6.5  1885    4.4  1909    4.17  1962    7.81  1974   14.37  1918    9.84  1988    9.18  1923
    3.8  2011    3.9  1987    5.1  1895    7.4  1953   10.4  1957   13.3  1938   14.8  1916   14.7  2011   12.8  1940    9.9  2008    6.5  1976    4.4  1990    4.15  1889    7.80  1973   14.36  1919    9.83  1902    9.18  1964
    3.8  1911    3.8  1941    5.1  1934    7.4  1998   10.4  1969   13.3  1919   14.8  2011   14.7  1917   12.8  1920    9.8  1901    6.4  1956    4.4  1926    4.12  1904    7.79  1907   14.35  1966    9.83  2012    9.17  1903
    3.8  1982    3.8  1887    5.0  1906    7.3  2000   10.4  1931   13.2  1894   14.8  1972   14.7  2014   12.8  1960    9.8  1890    6.4  1972    4.3  1940    4.12  1955    7.75  1971   14.33  1951    9.82  1927    9.16  1940
    3.7  1901    3.7  1906    5.0  1986    7.3  1954   10.4  1905   13.2  1964   14.8  1895   14.6  1992   12.7  1976    9.8  1950    6.4  2016    4.3  1992    4.11  1933    7.75  1985   14.29  1993    9.81  1975    9.16  1981
    3.7  1964    3.7  1944    5.0  1915    7.3  1931   10.3  1981   13.2  1898   14.8  1913   14.6  1908   12.7  2012    9.7  1907    6.4  1961    4.2  1928    4.09  1897    7.74  1889   14.29  2011    9.79  1926    9.15  1968
    3.7  1965    3.7  1952    5.0  1925    7.3  1962   10.3  1994   13.2  1890   14.8  1973   14.6  1910   12.7  1963    9.7  1902    6.4  1918    4.2  1970    4.02  1968    7.73  1976   14.29  1987    9.76  1986    9.15  1924
    3.7  1992    3.6  2013    4.9  1922    7.3  1934   10.3  1942   13.2  1944   14.7  2012   14.5  1948   12.7  1950    9.7  1929    6.3  1977    4.2  2022    3.99  1945    7.72  1934   14.29  1958    9.76  1967    9.13  1969
    3.6  1889    3.5  2006    4.9  1971    7.3  1979   10.3  1886   13.1  1924   14.7  1961   14.5  1929   12.7  1979    9.7  1940    6.3  1996    4.1  1896    3.93  1970    7.72  1899   14.28  1928    9.75  1966    9.13  1954
    3.6  1894    3.5  1970    4.9  1975    7.3  1925   10.2  1888   13.1  2002   14.7  1998   14.5  1950   12.7  1919    9.7  1991    6.3  1890    4.1  1952    3.90  1892    7.69  1919   14.21  1927    9.72  1932    9.11  1942
    3.6  1946    3.5  2010    4.9  1996    7.2  1902   10.2  1977   13.1  1974   14.7  1942   14.5  1965   12.7  1902    9.7  1894    6.3  1934    4.1  2001    3.89  1936    7.66  1884   14.20  1885    9.72  1976    9.09  1980
    3.6  1991    3.4  1936    4.8  1980    7.1  1907   10.2  1935   13.1  1965   14.7  1906   14.5  1904   12.7  1975    9.7  1935    6.3  1926    4.0  1906    3.89  2009    7.56  1902   14.15  1938    9.71  1980    9.08  1952
    3.5  1955    3.4  1909    4.8  1932    7.1  2012   10.2  1898   13.1  1999   14.6  2007   14.5  1934   12.7  1957    9.6  1956    6.2  1971    4.0  1901    3.88  1997    7.55  1975   14.14  1915    9.70  1894    9.06  1916
    3.5  1919    3.4  1924    4.8  2018    7.0  1906   10.1  1938   13.1  1913   14.6  1993   14.4  1972   12.7  1903    9.6  1987    6.2  1980    4.0  2008    3.82  1969    7.55  1904   14.13  1891    9.69  1937    9.05  1905
    3.5  1952    3.3  1934    4.8  1976    7.0  1968   10.1  1986   13.0  1888   14.6  1930   14.4  1902   12.6  1928    9.5  1936    6.2  1936    4.0  1960    3.82  1987    7.55  1925   14.13  1894    9.67  1942    9.03  1901
    3.4  1954    3.3  1889    4.8  1924    7.0  1918   10.0  1975   13.0  1902   14.5  1968   14.4  1960   12.6  1910    9.5  1884    6.1  1950    3.9  1968    3.80  1953    7.52  1922   14.13  1948    9.66  1891    9.02  1904
    3.4  1885    3.3  1890    4.7  1985    7.0  1889   10.0  1904   13.0  1948   14.5  1966   14.4  1966   12.6  1954    9.4  1891    6.1  1988    3.9  1943    3.80  1900    7.47  1909   14.12  1910    9.66  1985    9.00  1996
    3.4  1914    3.3  1954    4.7  1964    7.0  1885   10.0  1897   12.9  1958   14.5  1960   14.3  1931   12.6  1908    9.4  1952    6.1  1911    3.9  1964    3.76  1977    7.47  1924   14.08  1929    9.60  1931    8.99  1929
    3.4  1966    3.3  2018    4.6  1889    6.9  1958   10.0  1907   12.9  1980   14.5  1903   14.3  1978   12.6  2015    9.4  1973    6.0  1957    3.9  1925    3.75  1902    7.46  1898   14.08  1963    9.57  1889    8.97  1987
    3.4  2009    3.2  1981    4.6  1984    6.9  1973   10.0  1899   12.9  1912   14.4  1936   14.3  1896   12.5  1977    9.4  1915    6.0  1884    3.9  1903    3.71  1956    7.46  1984   14.07  1979    9.56  1888    8.95  1941
    3.4  1953    3.2  1900    4.6  1885    6.9  2013   10.0  1974   12.9  1990   14.4  1962   14.3  1941   12.5  1943    9.3  1955    6.0  1922    3.8  1889    3.67  1996    7.43  1968   14.06  1977    9.54  1950    8.94  1915
    3.2  1888    3.1  1985    4.5  1979    6.9  1924   10.0  1963   12.9  1978   14.3  1891   14.2  1988   12.4  1994    9.2  1944    5.9  1891    3.7  1935    3.66  1982    7.40  1983   14.05  1931    9.48  1901    8.94  1931
    3.2  1977    3.0  1932    4.5  1987    6.9  1911    9.9  1926   12.9  1979   14.3  1970   14.2  1905   12.4  1904    9.2  1918    5.8  1904    3.7  1969    3.61  1907    7.38  1908   14.04  1988    9.45  1992    8.94  1972
    3.1  1959    2.9  1996    4.5  1951    6.9  1910    9.9  1987   12.8  1892   14.3  1924   14.2  1890   12.3  1927    9.2  1931    5.8  1969    3.7  2009    3.59  1893    7.37  1969   14.04  1916    9.44  1904    8.90  1889
    3.1  1908    2.9  1978    4.4  1904    6.8  1956    9.8  2021   12.8  1956   14.3  1902   14.2  1974   12.3  1944    9.1  2003    5.8  1933    3.6  1885    3.58  1964    7.35  1970   13.99  1892    9.42  1944    8.86  1907
    3.0  1887    2.8  1965    4.4  1908    6.8  2021    9.8  1967   12.8  1962   14.3  1963   14.2  1889   12.3  1962    9.0  1932    5.6  1937    3.6  1946    3.49  2011    7.34  1916   13.94  1986    9.41  1972    8.85  1902
    2.7  1947    2.8  1907    4.3  1931    6.8  1977    9.8  1906   12.8  1918   14.3  1892   14.1  1894   12.3  1922    8.9  1980    5.6  1967    3.6  1937    3.48  1965    7.33  1931   13.93  1980    9.39  1962    8.84  2010
    2.7  1933    2.7  1919    4.3  1947    6.8  1929    9.7  2013   12.7  1954   14.2  1974   14.1  1907   12.2  1888    8.8  1964    5.6  2010    3.5  1939    3.43  1951    7.29  1906   13.92  1902    9.38  1893    8.83  1956
    2.6  1942    2.5  1930    4.2  1969    6.7  1919    9.7  1984   12.7  1928   14.2  1931   14.1  1993   12.1  1993    8.6  1889    5.6  1962    3.3  1892    3.43  1986    7.24  1886   13.85  1974    9.34  1910    8.83  1890
    2.5  1892    2.3  1901    4.1  1898    6.7  1951    9.6  1900   12.7  1904   14.2  1940   14.1  1951   12.1  1923    8.5  1926    5.4  1966    3.3  1961    3.28  1991    7.17  1892   13.83  1985    9.26  1909    8.75  1965
    2.5  1893    2.1  1968    4.1  1901    6.6  1903    9.6  1932   12.7  1926   14.2  1909   14.0  1979   12.1  1918    8.5  1888    5.4  1893    3.3  1887    3.27  1985    7.17  1996   13.79  1909    9.25  1965    8.74  1985
    2.4  1997    2.1  1983    4.0  1919    6.6  1884    9.5  1983   12.6  1981   14.2  1939   13.9  1985   12.1  1909    8.5  1939    5.3  1993    3.2  1899    3.23  1887    7.14  1958   13.79  1890    9.23  1918    8.73  1922
    2.4  1980    1.9  1902    4.0  1970    6.5  1932    9.5  1887   12.5  1929   14.1  1907   13.9  1963   12.0  1892    8.5  1912    5.3  1942    3.1  1995    3.21  1942    7.04  1917   13.75  1965    8.87  1925    8.70  1886
    2.2  1886    1.8  1991    4.0  1891    6.5  1891    9.5  1951   12.4  1923   14.1  1919   13.8  1888   12.0  1905    8.4  1922    5.2  1965    3.1  1962    3.12  1941    7.04  1955   13.73  1978    8.86  1922    8.65  1909
    2.0  1897    1.7  1955    4.0  1958    6.4  1970    9.5  1972   12.3  1927   14.0  1910   13.8  1962   12.0  1897    8.3  1981    5.1  1909    3.1  1996    3.02  1934    6.99  1900   13.73  1956    8.81  1912    8.64  1895
    1.9  1929    1.7  1886    3.8  1937    6.3  1983    9.4  1962   12.3  1985   14.0  1978   13.8  1954   12.0  1885    8.1  1917    5.1  1901    3.0  1886    2.94  2010    6.98  1932   13.71  1924    8.72  1892    8.61  1919
    1.8  1891    1.6  1979    3.7  1886    6.3  1941    9.4  1955   12.2  1987   14.0  1890   13.8  1885   11.7  1894    8.1  1919    5.0  1905    2.9  1927    2.70  1888    6.88  1951   13.66  1962    8.69  1915    8.58  1891
    1.7  2010    1.5  1888    3.7  1917    6.2  1908    9.4  1968   12.2  1903   14.0  1938   13.8  1946   11.7  1931    8.0  1993    4.8  1952    2.8  1963    2.57  1929    6.84  1979   13.60  1920    8.69  1974    8.55  1979
    1.3  1917    1.5  1969    3.6  1887    6.2  1989    9.4  1923   12.1  1971   13.9  1915   13.7  1891   11.6  1925    7.7  1992    4.7  1910    2.7  1917    2.54  1886    6.79  1986   13.59  1912    8.67  1885    8.48  1986
    1.3  1941    1.4  1929    3.5  1909    6.2  1936    9.3  1891   11.9  1946   13.8  1980   13.7  1903   11.5  1972    7.7  1974    4.6  1887    2.6  1976    2.51  1979    6.76  1941   13.54  1946    8.59  1923    8.47  1885
    1.2  1987    1.3  1917    3.5  1916    6.2  1978    9.1  1894   11.8  1977   13.8  1988   13.7  1924   11.5  1965    7.6  1885    4.6  1985    2.4  1916    2.50  1940    6.64  2013   13.51  1888    8.45  1993    8.43  1962
    1.1  1985    0.8  1942    3.4  1900    6.2  1888    8.7  1979   11.8  1909   13.7  1965   13.5  1920   11.5  1887    7.6  1905    4.2  1925    2.2  1981    2.09  1891    6.62  1885   13.47  1903    8.41  1952    8.37  1917
    1.0  1945   -0.2  1963    3.3  2013    5.9  1887    8.7  1996   11.7  1907   13.6  1920   13.3  1956   11.4  1974    7.5  1895    4.1  1896    2.0  1950    1.73  1947    6.58  1891   13.32  1907    8.18  1905    8.31  1887
    0.8  1979   -0.3  1956    3.1  1888    5.7  1922    8.7  1902   11.7  1991   13.6  1888   13.1  1922   11.3  1912    7.2  1887    3.7  1923    1.3  1933    1.70  1917    6.52  1962   13.30  1972    8.10  1919    8.30  1892
    0.7  1895   -1.0  1986    3.1  1955    5.5  1917    8.7  1941   11.2  1916   13.4  1954   12.9  1986   11.0  1952    7.1  1892    3.5  1919    0.3  2010    1.60  1895    6.51  1888   13.30  1954    7.98  1896    8.26  1888
    0.2  1940   -1.4  1947    2.9  1892    5.2  1986    8.3  1885   10.6  1972   13.1  1922   12.4  1912   10.8  1986    7.0  1896    3.5  1915    0.0  1890    0.16  1963    6.34  1887   13.15  1922    7.77  1887    8.19  1963
   -2.4  1963   -1.9  1895    2.8  1962    ---  2026    ---  2026    ---  2026    ---  2026    ---  2026    ---  2026    ---  2026    ---  2026    ---  2026     ---  1884     ---  2026     ---  2026     ---  2026     ---  2026
