Areal values from HadUK-Grid 1km gridded climate data from land surface network
Source: Met Office National Climate Information Centre
Monthly, seasonal and annual mean of daily maximum air temperature for England SW and S Wales
Areal series, starting in 1884
Last updated 01-Apr-2026 11:35
    jan  year    feb  year    mar  year    apr  year    may  year    jun  year    jul  year    aug  year    sep  year    oct  year    nov  year    dec  year     win  year     spr  year     sum  year     aut  year     ann  year
    9.6  1916   10.8  2019   12.6  1948   16.7  1893   18.3  2025   21.9  2023   24.0  1983   24.3  1995   20.8  1895   17.1  1921   12.6  2011   12.1  2015    9.83  2016   15.65  1893   22.09  1899   15.76  2006   14.91  2022
    9.6  2007   10.3  2024   12.5  2012   16.5  2007   18.2  1896   21.2  1887   23.5  2006   23.8  1899   20.4  2023   16.2  2022   12.5  2015   10.3  1934    9.42  1989   15.26  2025   21.95  1976   15.64  2023   14.84  2025
    9.5  2008   10.2  1990   12.4  1893   16.5  2011   17.9  1989   21.1  2018   23.5  2018   23.5  1947   20.3  1959   16.0  1959   12.4  1994   10.1  2023    9.39  2022   14.63  2020   21.63  1995   15.59  1959   14.64  2023
    9.5  1921   10.1  1998   12.2  1957   15.8  2020   17.9  1893   21.0  1899   23.1  2013   23.3  2022   20.2  1929   15.9  1995   12.0  2022   10.1  1898    9.38  2007   14.44  2007   21.57  2018   15.49  2022   14.46  2014
    9.5  1990    9.9  2022   11.9  1938   15.6  2025   17.8  2020   20.8  1940   23.0  1921   22.9  1976   19.9  1898   15.9  1969   11.8  1938   10.0  2018    9.33  2024   14.32  2011   21.52  2022   15.46  2014   14.39  1921
    9.2  1975    9.8  2002   11.9  2025   14.2  1945   17.8  1895   20.8  1896   22.7  1989   22.5  1955   19.8  2006   15.8  2001   11.8  2002   10.0  1953    9.28  2019   14.01  1896   21.31  2025   15.41  2011   14.33  2020
    9.2  1993    9.7  2026   11.8  2003   14.2  1943   17.7  1990   20.8  1976   22.6  1911   22.3  2003   19.6  2014   15.7  2006   11.8  2006    9.9  1988    9.26  1990   13.97  2022   21.30  1983   15.12  1921   14.27  2018
    9.1  1983    9.6  2008   11.8  2022   14.2  2003   17.6  1992   20.7  1893   22.5  1934   22.3  1911   19.6  1949   15.7  2023   11.7  2020    9.9  1900    9.26  1995   13.95  1948   21.27  1887   15.11  2021   14.23  1949
    9.1  1989    9.6  1945   11.8  2026   14.1  2015   17.5  2008   20.3  1895   22.2  2022   22.0  1983   19.4  2021   15.6  1908   11.7  1997    9.9  1994    9.24  2008   13.89  2017   21.16  1911   14.93  1949   14.23  1989
    9.0  1932    9.4  2023   11.5  2017   14.0  1914   17.4  2023   20.2  2006   22.1  1976   21.7  2025   19.4  1933   15.6  2011   11.6  1939    9.8  1974    9.12  2014   13.77  1990   21.14  2006   14.91  1898   14.20  2007
    9.0  1944    9.4  1995   11.4  1961   13.9  1894   17.4  1998   20.1  1957   22.1  1955   21.6  1975   18.9  1991   15.5  2005   11.6  2025    9.8  1918    9.12  2020   13.65  2003   20.76  1989   14.82  2005   14.17  1995
    9.0  1890    9.4  1961   11.3  1929   13.8  1946   17.4  2018   20.1  2025   22.1  1901   21.4  1997   18.9  1971   15.4  1945   11.5  1978    9.8  2021    9.06  1943   13.63  1945   20.69  1975   14.75  1971   14.16  2011
    9.0  2005    9.4  2011   11.3  2014   13.6  2022   17.1  1911   20.1  1925   22.0  2025   21.4  1990   18.9  2003   15.4  2013   11.4  2014    9.8  1912    9.05  1998   13.57  2024   20.67  1949   14.68  1995   14.15  2003
    9.0  2002    9.4  1997   11.2  1933   13.6  1987   17.1  2024   20.0  1992   21.9  1995   21.3  1984   18.8  1999   15.3  2014   11.4  1913    9.7  2013    9.04  1975   13.54  1943   20.65  1893   14.68  2002   14.14  1893
    9.0  1999    9.4  2020   11.2  1990   13.6  1944   16.9  1959   20.0  2010   21.9  1949   21.2  1933   18.8  2005   15.3  1971   11.3  2009    9.7  1942    9.04  1899   13.53  1997   20.63  2003   14.67  2009   14.14  2006
    9.0  2016    9.4  1914   11.2  1997   13.6  1997   16.9  1901   19.9  1921   21.7  2014   21.2  1893   18.8  1911   15.3  1949   11.3  1899    9.6  2016    8.95  2026   13.48  2014   20.58  1955   14.64  1978   14.12  1959
    8.9  2020    9.3  1926   11.1  2019   13.6  2014   16.9  1917   19.8  1889   21.7  1887   21.0  1937   18.8  1921   15.2  1978   11.3  2003    9.5  1955    8.75  2017   13.43  2019   20.54  1921   14.62  2001   14.12  1990
    8.9  2014    9.3  2007   11.0  1945   13.5  2019   16.9  1918   19.8  1970   21.6  2019   20.8  1887   18.7  2016   15.1  2021   11.2  1948    9.5  1924    8.74  1999   13.33  2023   20.52  1984   14.61  1997   14.09  2024
    8.9  1974    9.3  2000   11.0  2011   13.5  1896   16.9  2017   19.7  1897   21.6  1900   20.8  1884   18.5  1890   15.1  2017   11.2  1963    9.4  2024    8.72  1949   13.32  1957   20.51  1933   14.57  2015   14.07  1899
    8.8  2012    9.2  1989   11.0  1950   13.4  2010   16.7  2016   19.7  1960   21.5  2021   20.8  1932   18.4  1947   15.1  2009   11.1  1970    9.4  1986    8.72  1925   13.22  1961   20.35  2013   14.52  1999   14.04  2019
    8.7  1898    9.2  1903   10.9  2007   13.4  2009   16.7  1919   19.7  1975   21.4  1899   20.8  1944   18.4  2002   14.9  2024   11.1  2024    9.3  1921    8.69  1920   13.21  2012   20.29  1947   14.51  1929   14.00  2017
    8.7  1884    9.1  1891   10.9  1894   13.3  2017   16.7  1922   19.6  2014   21.4  1999   20.7  1959   18.4  1907   14.8  1968   11.1  1953    9.3  2025    8.62  2002   13.18  1959   20.25  1897   14.49  1947   13.94  1999
    8.6  2018    9.0  1949   10.9  2024   13.2  1942   16.7  1952   19.5  1949   21.4  1984   20.6  1949   18.3  1961   14.8  1989   11.1  2007    9.3  2011    8.62  1935   13.18  2009   20.18  1934   14.48  1899   13.92  1997
    8.6  1943    9.0  1899   10.9  2002   13.2  1912   16.6  1940   19.4  1934   21.3  1897   20.6  1989   18.3  1900   14.6  1990   11.0  1951    9.2  2006    8.54  1974   13.14  1992   20.16  2023   14.45  1913   13.90  2021
    8.6  1928    9.0  1920   10.8  1998   13.1  1892   16.6  2001   19.3  2009   21.3  1990   20.5  2020   18.3  1964   14.6  1977   11.0  1995    9.2  1954    8.54  2012   13.10  1933   20.09  1896   14.43  2007   13.88  2005
    8.5  1995    9.0  1928   10.7  1991   13.1  1984   16.5  1960   19.3  1950   21.3  1971   20.4  1898   18.3  2020   14.6  1965   11.0  1908    9.2  1911    8.49  2000   13.05  1998   20.05  1959   14.39  2020   13.84  2016
    8.5  2022    8.9  1943   10.7  2021   13.0  1961   16.4  2022   19.3  1933   21.0  1994   20.4  2004   18.2  2022   14.5  1913   11.0  2001    9.1  1985    8.47  1957   13.02  1952   20.00  2014   14.38  2025   13.84  2015
    8.5  1949    8.9  1980   10.7  2009   13.0  1949   16.4  1948   19.2  2003   21.0  1896   20.4  1991   18.2  1906   14.5  2007   10.9  1986    9.1  2019    8.45  1937   13.00  1944   19.97  2021   14.38  2024   13.77  2002
    8.4  1938    8.9  1918   10.7  1943   12.9  2018   16.4  2004   19.2  2017   20.9  1933   20.4  1981   18.2  1926   14.5  1947   10.9  2018    9.1  1997    8.44  1913   12.98  2008   19.91  2019   14.37  2003   13.77  2004
    8.4  1925    8.9  2017   10.6  1989   12.9  1952   16.2  1953   19.2  2021   20.9  1935   20.4  1973   18.1  2004   14.5  1954   10.9  1992    9.1  1983    8.42  1898   12.98  1999   19.87  2005   14.34  2013   13.77  1898
    8.4  1988    8.8  1923   10.5  2000   12.9  1921   16.2  1999   19.2  2004   20.8  1975   20.3  2013   18.1  1941   14.4  2015   10.9  1895    9.0  1998    8.40  1923   12.95  1989   19.85  1901   14.31  1895   13.64  1911
    8.4  2023    8.8  1885   10.5  1907   12.9  2002   16.0  1915   19.1  1930   20.8  1959   20.3  2019   18.1  1955   14.4  1997   10.9  1946    9.0  1966    8.39  2005   12.95  2004   19.81  1990   14.29  1945   13.56  1998
    8.4  2004    8.8  1950   10.5  1972   12.8  1957   16.0  1964   19.1  2005   20.6  1898   20.3  2016   18.0  2011   14.4  1979   10.9  2023    9.0  2004    8.37  1916   12.90  1912   19.69  1900   14.27  1989   13.50  1957
    8.4  1906    8.7  2014   10.4  1981   12.8  1948   16.0  1944   19.0  2022   20.5  1941   20.3  1916   18.0  2019   14.4  1898   10.8  1931    8.9  1959    8.37  2004   12.88  2002   19.68  1898   14.23  1908   13.47  1945
    8.4  1930    8.7  1897   10.3  1896   12.7  2024   16.0  2012   19.0  1989   20.4  1926   20.2  1935   18.0  1989   14.4  1996   10.8  2021    8.9  1929    8.33  2023   12.86  1938   19.67  1940   14.23  1938   13.46  2000
    8.4  1948    8.6  1937   10.3  2020   12.7  1955   16.0  1927   18.9  1982   20.4  1905   20.2  2005   18.0  2000   14.3  1925   10.8  2004    8.9  1972    8.33  1922   12.85  1921   19.63  2010   14.22  2018   13.46  1943
    8.3  1994    8.6  1957   10.2  1902   12.7  1982   16.0  1970   18.8  1891   20.4  1923   20.1  1919   17.9  1899   14.3  1943   10.8  1928    8.9  1951    8.29  2025   12.82  1940   19.62  1935   14.18  2017   13.45  2009
    8.3  1920    8.6  1958   10.2  1920   12.6  1926   15.9  2007   18.8  1984   20.3  2003   20.1  1909   17.9  1981   14.3  1957   10.7  1897    8.8  1919    8.18  1921   12.79  1895   19.61  1997   14.15  2016   13.44  1948
    8.2  1969    8.6  1946   10.2  1999   12.6  2004   15.9  1947   18.8  1932   20.3  2005   20.1  2018   17.9  1982   14.2  1920   10.7  2017    8.8  1915    8.13  1950   12.78  1960   19.60  1925   14.11  2004   13.42  2001
    8.2  2015    8.5  1939   10.2  2005   12.6  2023   15.8  1997   18.7  1939   20.3  1885   20.1  2000   17.8  1958   14.2  2018   10.7  1999    8.8  1910    8.12  1912   12.78  2018   19.60  1999   14.11  1970   13.42  2008
    8.1  1937    8.5  1992   10.2  1959   12.6  2005   15.8  1943   18.7  1942   20.3  1997   20.0  2024   17.8  1884   14.2  1899   10.6  1981    8.8  1949    8.10  1967   12.76  1914   19.52  2016   14.10  1941   13.41  1975
    8.1  1923    8.4  1977   10.1  1921   12.6  1980   15.8  1978   18.7  1914   20.2  1996   20.0  1906   17.8  1914   14.2  2025   10.6  1964    8.8  2014    8.10  1988   12.76  2015   19.50  2004   14.04  1994   13.40  1984
    8.1  1957    8.4  1935   10.1  1994   12.6  1974   15.8  1889   18.6  1959   20.1  1904   19.9  2002   17.8  1997   14.2  1986   10.6  1954    8.8  1979    8.10  2015   12.75  2010   19.44  1996   14.02  1906   13.39  1994
    8.0  1998    8.4  1966   10.1  1992   12.5  1995   15.8  1956   18.6  1995   20.1  1951   19.9  1999   17.7  1973   14.2  1897   10.6  1982    8.7  1956    7.97  1994   12.68  2016   19.43  2017   13.98  1969   13.36  1934
    8.0  1899    8.4  1974   10.1  1953   12.5  1999   15.8  1936   18.6  2020   20.1  2017   19.9  1939   17.7  1939   14.2  2016   10.5  1947    8.7  1977    7.89  2018   12.66  1894   19.41  1957   13.93  1900   13.36  1976
    7.9  1981    8.3  2001   10.1  1973   12.5  1909   15.7  1890   18.6  1993   20.1  2001   19.9  1926   17.7  2013   14.1  1962   10.5  1917    8.7  1948    7.88  1946   12.62  2005   19.40  2020   13.93  1928   13.36  1914
    7.9  1976    8.3  1967   10.1  1912   12.5  1937   15.7  2000   18.6  1908   20.0  1893   19.8  1940   17.7  1985   14.1  1999   10.5  1920    8.7  1984    7.86  1993   12.60  1950   19.40  1895   13.92  1953   13.35  1983
    7.9  2026    8.3  2021   10.0  1927   12.5  1993   15.7  2019   18.6  1941   20.0  1952   19.8  2001   17.7  1934   14.1  2010   10.4  1894    8.7  1993    7.83  1948   12.60  1953   19.38  2001   13.87  1990   13.30  1971
    7.8  1913    8.3  1894   10.0  1956   12.5  1901   15.7  1933   18.5  1911   20.0  2010   19.8  1913   17.7  1998   14.1  1941   10.4  1898    8.7  2012    7.82  1958   12.55  1982   19.33  1932   13.84  1920   13.29  1961
    7.8  2000    8.3  1912   10.0  1899   12.5  1938   15.7  1980   18.5  2007   20.0  1943   19.7  1996   17.7  1915   14.0  1927   10.4  1959    8.6  1971    7.80  1984   12.48  1918   19.25  2024   13.83  1948   13.27  1933
    7.8  2017    8.3  2016    9.9  1905   12.5  1959   15.7  1937   18.5  1986   19.9  1925   19.7  1914   17.7  2007   14.0  1984   10.4  1984    8.6  1936    7.79  2001   12.48  2000   19.23  1992   13.83  1982   13.26  1896
    7.7  1924    8.2  1925    9.9  1966   12.4  1898   15.7  1945   18.5  1988   19.9  1982   19.7  1998   17.7  1966   14.0  1994   10.4  1888    8.6  1941    7.78  1973   12.47  1949   19.22  1994   13.83  1890   13.25  2012
    7.7  1926    8.2  1999    9.9  2023   12.4  1900   15.7  1909   18.4  1917   19.8  1929   19.7  1897   17.6  2009   13.9  1906   10.4  1960    8.6  2003    7.77  2021   12.47  1942   19.21  1973   13.82  1939   13.23  1982
    7.6  2024    8.1  1910    9.9  1977   12.4  2006   15.6  2014   18.4  2016   19.8  1886   19.6  1901   17.6  1891   13.9  2002   10.3  1979    8.6  1945    7.76  1903   12.47  1929   19.19  1937   13.81  1933   13.23  1897
    7.6  1922    8.1  1896    9.8  2015   12.4  1960   15.6  1971   18.4  1973   19.8  2016   19.6  2006   17.6  1970   13.9  1886   10.3  1929    8.6  1980    7.76  1932   12.44  1946   19.18  2000   13.80  1964   13.23  1938
    7.6  1962    8.1  2025    9.8  1903   12.3  1990   15.6  1988   18.3  1996   19.8  1969   19.6  1936   17.5  1936   13.9  1961   10.3  1945    8.6  2017    7.75  1926   12.41  1927   19.17  1884   13.80  1991   13.22  2013
    7.6  1968    8.1  1908    9.8  2004   12.3  1933   15.5  1921   18.3  2001   19.7  1977   19.6  1886   17.5  2018   13.8  1916   10.2  1973    8.6  2007    7.73  1960   12.39  1956   19.14  1886   13.79  1963   13.21  1953
    7.5  1934    8.0  2004    9.7  1936   12.3  1939   15.5  1950   18.2  1915   19.7  1928   19.5  2023   17.4  1996   13.8  1928   10.2  1940    8.5  1999    7.67  1980   12.38  1993   19.14  1926   13.79  1961   13.18  1900
    7.5  1956    8.0  1898    9.7  1940   12.1  1940   15.5  2011   18.2  2015   19.6  1979   19.5  1987   17.4  2010   13.8  1998   10.2  1983    8.5  1897    7.66  1906   12.38  1995   19.13  1982   13.78  1951   13.18  1928
    7.5  1900    8.0  1922    9.7  1967   12.1  1916   15.5  2009   18.2  1966   19.6  2024   19.5  1953   17.4  1940   13.8  1963   10.2  1941    8.4  1965    7.65  1961   12.35  1991   19.12  2009   13.78  1955   13.15  1913
    7.5  1927    8.0  1975    9.7  1923   12.0  2021   15.5  1939   18.1  1947   19.5  1992   19.5  1900   17.4  1980   13.7  1953   10.2  2005    8.4  1973    7.63  1981   12.30  1939   19.12  1914   13.78  1979   13.10  1944
    7.4  1902    7.9  1988    9.6  1910   12.0  1928   15.5  1928   18.1  1963   19.5  1908   19.5  2007   17.4  2025   13.7  1890   10.1  1989    8.4  2000    7.62  2003   12.25  1988   19.02  1889   13.77  1996   13.10  1992
    7.4  1971    7.9  1982    9.6  1897   12.0  1954   15.5  1995   18.1  2000   19.5  1967   19.4  2012   17.3  1913   13.7  1937   10.1  2008    8.3  1888    7.59  1914   12.23  1901   19.01  1941   13.76  1907   13.09  1973
    7.4  1970    7.9  1921    9.6  1993   11.9  1976   15.5  1982   18.1  1936   19.5  1917   19.4  1945   17.3  1893   13.7  1938   10.0  1955    8.3  2020    7.59  1894   12.17  1928   19.01  1906   13.75  1914   13.09  1926
    7.4  1984    7.9  1893    9.6  2016   11.9  1906   15.4  1912   18.1  2024   19.5  1987   19.4  1942   17.2  1937   13.7  2019   10.0  1892    8.3  1894    7.59  1939   12.16  2021   18.99  1885   13.75  1998   13.07  1955
    7.4  2025    7.7  1905    9.6  1935   11.9  1988   15.4  1908   18.1  1905   19.4  1991   19.2  2009   17.2  1990   13.7  1958   10.0  1906    8.3  1922    7.58  1896   12.15  1890   18.98  1908   13.73  1911   13.04  1939
    7.3  1896    7.7  1884    9.6  1918   11.9  2008   15.4  2010   18.1  1968   19.4  1957   19.2  2021   17.2  1978   13.7  1914   10.0  1930    8.2  1931    7.53  1930   12.15  2001   18.97  1970   13.72  2019   13.04  1918
    7.3  2003    7.7  1971    9.5  2008   11.8  1886   15.4  2006   18.0  1969   19.4  1985   19.1  1952   17.2  1945   13.7  1985   10.0  1907    8.2  1989    7.51  1992   12.10  1920   18.97  1969   13.71  1958   13.03  1988
    7.2  2019    7.7  1913    9.5  1982   11.8  1996   15.3  1934   18.0  1961   19.3  2000   19.1  1964   17.2  1886   13.7  1988   10.0  1971    8.1  1893    7.49  1972   12.04  1980   18.95  1952   13.70  2000   13.03  1935
    7.2  1960    7.6  1959    9.5  1952   11.8  1895   15.3  1892   18.0  1967   19.3  1918   19.1  1918   17.2  1938   13.6  1970    9.9  1975    8.1  1891    7.47  1911   12.03  1915   18.94  1944   13.69  1954   12.98  1937
    7.2  1939    7.5  2012    9.5  1944   11.8  1969   15.3  1910   18.0  1885   19.3  2008   19.1  1970   17.2  1928   13.6  1900    9.9  2012    8.1  2005    7.44  1928   12.02  1935   18.92  1942   13.68  1984   12.96  1940
    7.2  1935    7.5  1938    9.5  1960   11.7  1965   15.2  1961   18.0  1886   19.3  1916   19.1  1969   17.2  1987   13.6  1893    9.9  1949    8.1  2002    7.43  1954   12.01  2006   18.86  1905   13.66  1968   12.94  1960
    7.1  1973    7.5  2003    9.5  2010   11.7  1992   15.1  1929   18.0  1898   19.3  1964   19.1  1938   17.2  1901   13.6  1972    9.9  2013    8.0  1932    7.42  1905   12.00  1926   18.77  1967   13.62  1973   12.94  1894
    7.1  1936    7.4  1911    9.5  1913   11.7  1985   15.1  2005   17.9  1900   19.2  1947   19.0  1968   17.1  1942   13.6  1930    9.9  2000    7.9  1987    7.41  1966   11.95  1981   18.74  1919   13.61  1897   12.92  1906
    7.1  1958    7.4  1993    9.5  1978   11.7  1981   15.1  1949   17.9  1884   19.2  1912   19.0  1994   17.1  2001   13.6  1966    9.9  1889    7.9  1914    7.40  1890   11.94  1911   18.73  1930   13.58  1940   12.90  1884
    7.1  1904    7.3  1927    9.4  1914   11.6  2016   15.1  1991   17.9  1937   19.1  2011   19.0  2017   17.1  1917   13.6  1951    9.8  1900    7.9  1947    7.39  1976   11.93  1954   18.72  1971   13.54  1886   12.89  1908
    7.1  1967    7.3  2015    9.4  1942   11.6  1915   15.0  1905   17.8  1920   19.1  1906   19.0  1977   17.1  1995   13.5  1942    9.8  1944    7.9  1904    7.37  1938   11.87  1899   18.71  1939   13.51  1930   12.86  1901
    7.0  1903    7.3  1973    9.4  1968   11.6  1947   15.0  1920   17.8  1906   19.1  1889   19.0  1895   17.1  2024   13.5  1975    9.8  1914    7.9  1908    7.37  1952   11.87  1905   18.69  1918   13.51  1943   12.85  1929
    7.0  2006    7.2  1915    9.4  1949   11.6  1967   15.0  1884   17.8  1951   19.1  2023   18.9  2010   17.0  1889   13.5  1903    9.8  1988    7.9  1958    7.34  1944   11.84  1936   18.69  1950   13.48  1986   12.83  1920
    6.9  1951    7.2  1948    9.4  1926   11.5  1935   15.0  1976   17.8  2008   19.0  2020   18.9  1915   17.0  1902   13.5  1948    9.7  1943    7.9  1957    7.33  1910   11.83  1974   18.68  2007   13.42  2008   12.83  1947
    6.9  1912    7.1  1933    9.3  1890   11.5  1902   15.0  1993   17.8  1901   19.0  1961   18.8  1925   17.0  1953   13.5  1910    9.7  1902    7.9  1930    7.32  2013   11.82  1994   18.67  1960   13.41  2010   12.81  1993
    6.9  1950    7.1  1931    9.3  1988   11.5  1904   15.0  1888   17.8  1953   19.0  1894   18.8  1908   17.0  1930   13.4  1933    9.7  1998    7.8  1923    7.30  1983   11.81  1973   18.67  1943   13.41  1916   12.79  1970
    6.9  1961    7.1  1972    9.3  1983   11.5  1975   15.0  1977   17.7  1983   19.0  2015   18.8  1971   16.9  1969   13.4  1901    9.7  1990    7.8  1982    7.29  1971   11.81  1897   18.66  2015   13.41  1983   12.79  1942
    6.9  1918    7.1  1962    9.2  1954   11.5  1930   15.0  1957   17.7  2019   18.9  1914   18.8  1930   16.9  2008   13.4  1909    9.7  1974    7.8  1991    7.27  1924   11.78  1966   18.63  1968   13.40  1946   12.78  1991
    6.9  2013    7.1  2005    9.1  1995   11.4  1972   15.0  2003   17.7  1922   18.9  1895   18.8  2015   16.9  1916   13.4  2004    9.7  1991    7.7  1905    7.27  1927   11.78  1987   18.62  1917   13.38  1975   12.77  1966
    6.9  1986    7.1  2009    9.1  1939   11.4  1953   14.9  1897   17.7  1935   18.9  1945   18.8  1961   16.9  1935   13.4  1911    9.7  1924    7.6  1913    7.23  1901   11.77  1907   18.60  1961   13.32  1936   12.74  1936
    6.8  1996    7.1  1964    9.0  1965   11.4  1956   14.9  1916   17.7  1919   18.9  1972   18.8  1921   16.9  1948   13.4  1983    9.7  1972    7.6  1907    7.23  1915   11.77  1965   18.56  1913   13.28  1988   12.74  1977
    6.8  2001    7.0  1960    9.0  1963   11.4  1890   14.9  2002   17.7  1952   18.9  2004   18.7  1967   16.8  2015   13.3  2008    9.6  1958    7.6  1978    7.23  1931   11.77  1910   18.55  1953   13.28  1981   12.73  1930
    6.7  2021    7.0  1887    9.0  1928   11.3  1963   14.9  1935   17.7  1918   18.9  1973   18.7  1972   16.8  1920   13.3  2000    9.6  2016    7.5  1967    7.21  1885   11.76  1913   18.55  1904   13.28  1977   12.73  1895
    6.7  1910    6.9  1934    8.9  1941   11.3  1899   14.9  1914   17.7  1910   18.8  2002   18.7  1923   16.8  1956   13.3  2020    9.6  1903    7.5  1975    7.18  1959   11.75  1937   18.53  1951   13.26  1937   12.73  1967
    6.7  1905    6.9  1951    8.9  1974   11.3  1971   14.8  1913   17.6  1894   18.8  1902   18.7  1957   16.8  1951   13.3  1955    9.6  1976    7.4  1895    7.16  1908   11.74  1977   18.52  2002   13.26  1960   12.71  2010
    6.7  1972    6.9  1984    8.8  1895   11.3  1964   14.8  1903   17.6  1994   18.8  2009   18.7  1980   16.7  1968   13.2  1936    9.6  1935    7.3  1928    7.14  2006   11.72  1892   18.50  2008   13.22  1987   12.70  1925
    6.7  1931    6.9  1953    8.8  1884   11.3  1991   14.8  1942   17.6  2013   18.8  1944   18.7  1885   16.7  2017   13.2  1924    9.6  1886    7.3  1944    7.09  1919   11.72  1976   18.50  1945   13.21  1888   12.67  1964
    6.7  1909    6.9  1987    8.8  1946   11.2  1927   14.7  1946   17.5  2011   18.8  1946   18.7  1943   16.7  1910   13.2  1934    9.5  1987    7.3  1884    7.08  1909   11.70  1903   18.46  1964   13.21  2012   12.67  1969
    6.6  2011    6.9  1952    8.7  1934   11.2  1994   14.7  1985   17.4  1962   18.8  1956   18.7  2014   16.7  1932   13.2  1967    9.5  1996    7.2  2022    7.02  1918   11.69  1971   18.45  1981   13.20  1966   12.66  1950
    6.6  1978    6.8  1994    8.7  1932   11.2  1950   14.7  1886   17.4  1892   18.8  1968   18.6  1928   16.7  1919   13.2  1904    9.5  2019    7.2  2001    6.98  1889   11.69  1984   18.45  1923   13.20  1934   12.66  1912
    6.5  1915    6.8  1941    8.7  1924   11.2  2001   14.7  1966   17.4  1999   18.8  1948   18.6  1927   16.7  1888   13.2  1956    9.4  1918    7.2  1909    6.95  1962   11.68  1978   18.44  1936   13.19  1894   12.63  1978
    6.5  1946    6.8  1906    8.6  2001   11.2  1962   14.6  1954   17.3  1931   18.7  1884   18.6  1934   16.7  1984   13.2  1940    9.4  1916    7.2  1990    6.95  1978   11.68  1934   18.40  2011   13.19  1902   12.63  1951
    6.4  2009    6.7  1892    8.6  1930   11.2  1968   14.6  1965   17.3  1943   18.7  1942   18.6  1982   16.7  1975   13.1  2012    9.4  1926    7.2  1938    6.92  1933   11.64  1964   18.40  1929   13.16  1926   12.62  1932
    6.4  1901    6.7  1976    8.4  1906   11.1  1885   14.5  1975   17.3  1888   18.7  1913   18.6  1902   16.7  2012   13.1  1982    9.4  1921    7.2  1902    6.90  1945   11.63  1909   18.40  1993   13.14  1884   12.61  1946
    6.4  1894    6.7  1940    8.4  1915   11.1  2000   14.4  1973   17.2  1938   18.7  1986   18.5  2011   16.6  1983   13.1  1894    9.4  1932    7.1  1940    6.88  1970   11.62  1972   18.39  1991   13.14  1903   12.61  1915
    6.4  1965    6.6  1909    8.4  1986   11.1  1923   14.4  2015   17.2  1965   18.7  1937   18.5  1896   16.6  1979   13.1  1929    9.4  1968    7.1  1964    6.83  2009   11.57  1967   18.37  1966   13.09  1935   12.60  1974
    6.4  1907    6.6  1916    8.4  1925   11.1  2012   14.4  1899   17.2  1944   18.6  1981   18.5  1904   16.5  1967   13.1  1960    9.3  1927    7.1  1920    6.78  1956   11.57  1947   18.33  1987   13.09  1917   12.60  1958
    6.4  1992    6.5  1970    8.3  2006   11.0  1920   14.3  1958   17.2  1974   18.6  1950   18.5  1892   16.5  1943   13.1  1976    9.3  1922    7.0  2008    6.77  1968   11.55  1985   18.31  1998   13.09  1893   12.58  1996
    6.3  1952    6.4  2010    8.2  1985   11.0  1979   14.3  1924   17.2  1913   18.6  1958   18.5  1966   16.5  1904   13.0  1987    9.2  1890    7.0  1992    6.74  1892   11.54  1919   18.31  1916   13.09  1972   12.58  1941
    6.3  1991    6.4  1904    8.2  1976   11.0  1925   14.2  1987   17.1  1945   18.6  1927   18.4  1929   16.5  1946   13.0  2003    9.2  1912    7.0  1926    6.69  1955   11.49  1902   18.30  1928   13.07  1942   12.58  1952
    6.3  1982    6.3  1944    8.2  1911   11.0  1958   14.2  1930   17.1  1890   18.5  2012   18.4  1965   16.5  1976   12.9  1907    9.2  1936    6.9  1896    6.63  1987   11.48  1889   18.29  1915   13.06  1931   12.57  1910
    6.3  1889    6.3  2018    8.2  1885   11.0  1934   14.2  1984   17.1  1998   18.5  1966   18.4  2008   16.4  1963   12.9  1931    9.2  1956    6.9  1901    6.63  1900   11.45  1922   18.20  2012   13.05  1891   12.57  1981
    6.3  1911    6.3  2013    8.2  1971   11.0  1929   14.2  1938   17.0  1997   18.4  1903   18.3  1993   16.4  1988   12.9  1973    9.2  1977    6.8  1952    6.62  1997   11.42  1930   18.17  1977   13.05  1956   12.55  1916
    6.1  1955    6.3  1890    8.1  1889   11.0  1913   14.2  1900   17.0  1955   18.4  1932   18.3  1974   16.3  1960   12.9  1946    9.1  1950    6.8  1970    6.60  1897   11.41  1898   18.14  1894   13.04  1985   12.53  1968
    6.1  1959    6.3  1889    8.0  2018   10.9  1918   14.1  1969   17.0  1926   18.4  1919   18.2  1960   16.3  1903   12.9  1902    9.1  1904    6.8  1889    6.58  1953   11.39  1963   18.12  1891   13.04  1901   12.52  1980
    6.1  1919    6.2  1981    7.9  1922   10.9  1924   14.1  1974   17.0  1978   18.4  1953   18.2  1958   16.2  1944   12.8  1923    9.1  1961    6.8  1960    6.57  1904   11.37  1884   18.11  1902   13.03  1976   12.52  1889
    6.1  1964    6.2  1954    7.9  1931   10.9  1973   14.1  2013   17.0  1904   18.4  1892   18.2  1978   16.2  1896   12.8  1935    9.1  1969    6.8  1946    6.52  1936   11.33  1968   18.10  1892   12.99  1889   12.49  1905
    6.1  1953    6.2  1924    7.9  1996   10.9  1907   14.1  1931   16.9  1964   18.4  1940   18.2  1992   16.1  1992   12.8  1991    9.0  1911    6.7  1906    6.50  1977   11.29  1924   18.09  1979   12.96  1957   12.49  1923
    6.0  1954    6.2  2006    7.8  1898   10.9  1998   14.1  1994   16.9  1902   18.3  1891   18.1  1889   16.1  1885   12.8  1884    8.9  1891    6.7  1969    6.47  2011   11.28  1923   18.01  1938   12.95  1924   12.47  1927
    5.9  1914    6.1  1996    7.8  1980   10.8  1897   14.0  1926   16.9  1956   18.3  1993   18.1  1950   16.1  1894   12.8  1950    8.8  1967    6.6  2009    6.45  1969   11.25  1975   17.91  1958   12.95  1927   12.43  1887
    5.9  1887    6.1  1936    7.8  1984   10.8  2013   14.0  1898   16.9  1958   18.3  1963   18.1  1948   16.0  1908   12.8  1915    8.8  1937    6.6  1943    6.44  1902   11.23  1906   17.87  1963   12.94  1904   12.43  1903
    5.9  1908    6.1  1900    7.8  1975   10.7  1966   13.9  1925   16.9  1929   18.3  1962   18.1  1890   16.0  1954   12.7  1891    8.8  1884    6.6  1968    6.42  1982   11.20  1917   17.87  1909   12.87  1932   12.41  1904
    5.9  1977    5.9  1907    7.7  1908   10.7  1887   13.9  1904   16.9  1979   18.3  1930   18.1  1905   16.0  1993   12.6  1888    8.8  1885    6.6  1885    6.38  1887   11.18  1916   17.87  1986   12.85  1967   12.40  1972
    5.9  1888    5.9  1932    7.6  1964   10.7  1951   13.9  1907   16.8  1924   18.2  1907   18.0  1988   16.0  1977   12.6  1964    8.8  1957    6.4  1925    6.38  1965   11.12  1969   17.85  1927   12.85  1962   12.40  1890
    5.7  1885    5.9  1985    7.6  1987   10.7  1905   13.8  1963   16.7  2002   18.2  1998   18.0  1941   16.0  1972   12.5  1952    8.7  2010    6.3  1886    6.34  1907   11.12  1900   17.81  1910   12.81  1944   12.40  1987
    5.6  1942    5.6  1965    7.6  1979   10.7  1919   13.8  1981   16.7  1912   18.1  1924   18.0  1910   16.0  1897   12.5  1932    8.7  1934    6.3  1887    6.32  1893   11.11  1925   17.80  1948   12.74  1910   12.39  1956
    5.6  1933    5.4  1978    7.5  1904   10.6  1889   13.8  2021   16.6  1980   18.1  1960   17.9  1931   15.9  1924   12.4  1912    8.7  1980    6.3  1935    6.28  1985   11.09  1886   17.78  1988   12.74  1980   12.38  1954
    5.5  1966    5.2  1901    7.5  1969   10.5  1931   13.8  1891   16.6  1990   18.1  2007   17.9  1917   15.9  1923   12.4  1944    8.6  1933    6.2  1899    6.25  1991   11.05  1970   17.72  1974   12.70  1992   12.36  1902
    5.5  1980    5.2  1919    7.5  1951   10.4  1911   13.6  1887   16.6  2012   18.0  1970   17.8  1894   15.9  1909   12.3  1918    8.6  1962    6.2  1903    6.22  1996   11.04  1908   17.67  1965   12.69  1965   12.36  1924
    5.4  1947    5.1  1968    7.3  1970   10.4  1903   13.6  1986   16.6  1928   17.8  1910   17.7  1979   15.8  1962   12.2  1980    8.6  1942    6.2  1937    6.22  1964   11.00  1955   17.67  1962   12.60  1950   12.31  1907
    5.3  1892    5.1  1991    7.3  1887   10.4  1891   13.5  1967   16.5  1948   17.8  1915   17.7  1888   15.8  1950   12.2  1939    8.5  1901    6.2  1961    6.19  1942   10.97  1904   17.64  1980   12.55  1909   12.31  1886
    5.1  1886    5.0  1930    7.3  1901   10.4  1910   13.4  1968   16.3  1927   17.7  1890   17.7  1907   15.8  1957   12.1  1889    8.3  1966    6.1  1892    6.07  1934   10.87  1996   17.63  1890   12.49  1915   12.27  1891
    5.1  1893    4.8  1902    7.3  1958   10.3  1977   13.4  1951   16.3  1985   17.7  1938   17.7  1951   15.8  1922   12.1  1919    8.3  1909    6.1  1939    6.05  1951   10.86  1958   17.62  1931   12.36  1918   12.27  1965
    5.1  1997    4.8  1983    7.2  1891   10.3  1884   13.4  1906   16.3  1903   17.7  1909   17.3  1954   15.8  1892   12.0  1926    8.3  1905    5.9  1962    5.99  1986   10.85  1983   17.58  1985   12.32  1925   12.25  1909
    5.0  1891    4.6  1955    7.2  1947   10.2  1983   13.3  1955   16.3  1981   17.7  1974   17.3  1946   15.7  1994   11.7  1922    8.3  1893    5.8  1995    5.92  2010   10.81  1931   17.57  1956   12.26  1922   12.24  1931
    4.8  2010    4.5  1886    7.2  1919   10.2  1989   13.2  1894   16.2  1954   17.7  1936   17.3  1962   15.7  1905   11.7  1917    8.3  1993    5.7  1996    5.83  1941   10.72  1941   17.54  1978   12.15  1892   12.22  1919
    4.5  1929    4.5  1917    7.1  1917   10.2  1941   13.2  1962   16.2  1923   17.6  1931   17.3  1903   15.5  1887   11.4  1993    8.3  1965    5.5  1963    5.46  1888   10.56  1885   17.35  1888   12.15  1912   12.18  1985
    4.4  1897    4.4  1969    7.1  1955   10.1  1908   13.1  1923   16.0  1971   17.5  1980   17.3  1963   15.5  1927   11.4  1895    8.0  1910    5.5  1916    5.42  1886   10.55  1887   17.34  1903   11.94  1885   12.18  1922
    4.2  1985    4.3  1979    7.0  1937   10.0  1936   13.1  1941   15.9  1987   17.5  1939   17.2  1891   15.4  1931   11.4  1981    7.7  1985    5.5  1917    5.38  1940   10.54  1932   17.32  1924   11.91  1923   12.14  1885
    4.2  1979    4.1  1942    6.8  1900    9.8  1932   13.1  1932   15.8  1909   17.4  1978   17.2  1920   15.3  1918   11.4  1905    7.5  1896    5.4  1976    5.38  1979   10.52  1951   17.29  1972   11.89  1993   12.05  1979
    4.0  1945    4.1  1888    6.8  1892    9.8  1970   13.0  1983   15.7  1977   17.3  1965   17.1  1924   15.3  1925   11.3  1887    7.4  1887    5.2  1981    5.34  1891   10.48  1891   17.26  1946   11.77  1905   12.02  1892
    3.7  1941    4.1  1929    6.8  1886    9.7  1978   13.0  1996   15.6  1946   17.1  1888   17.0  1985   15.3  1986   11.1  1992    7.4  1952    4.9  1927    5.33  1929   10.43  1979   17.25  1920   11.73  1974   11.95  1962
    3.7  1987    3.1  1956    6.7  1909    9.6  1922   12.9  1972   15.3  1916   16.8  1988   17.0  1956   15.2  1965   10.9  1885    7.3  1925    4.4  1950    4.57  1895   10.43  2013   17.19  1912   11.72  1919   11.95  1986
    3.5  1895    2.6  1963    6.7  1962    9.6  1888   12.7  1979   15.2  1991   16.8  1920   16.5  1922   14.8  1912   10.8  1974    7.0  1915    3.8  1933    4.42  1947   10.32  1962   16.97  1907   11.58  1952   11.86  1917
    3.4  1940    1.6  1895    6.6  1916    9.5  1917   12.7  1902   15.0  1907   16.6  1922   16.4  1986   14.8  1952   10.7  1892    6.9  1923    3.7  2010    4.42  1917   10.32  1888   16.94  1922   11.43  1896   11.77  1888
    3.3  1917    1.5  1986    6.4  2013    8.8  1986   12.4  1885   14.1  1972   16.4  1954   15.8  1912   14.7  1974   10.7  1896    6.4  1919    2.3  1890    2.97  1963   10.28  1986   16.64  1954   11.39  1887   11.51  1963
    0.3  1963    0.7  1947    6.4  1888    ---  2026    ---  2026    ---  2026    ---  2026    ---  2026    ---  2026    ---  2026    ---  2026    ---  2026     ---  1884     ---  2026     ---  2026     ---  2026     ---  2026
