Areal values from HadUK-Grid 1km gridded climate data from land surface network
Source: Met Office National Climate Information Centre
Monthly, seasonal and annual total duration of bright sunshine for England SW and S Wales
Areal series, starting in 1910
Last updated 01-Apr-2026 11:35
    jan  year    feb  year    mar  year    apr  year    may  year    jun  year    jul  year    aug  year    sep  year    oct  year    nov  year    dec  year     win  year     spr  year     sum  year     aut  year     ann  year
   82.7  1933  114.0  2018  197.5  1929  243.9  2021  311.1  2020  317.4  1925  315.7  1911  282.4  1995  225.5  1959  140.4  1919   98.1  1923   83.3  2001   228.8  1963   695.5  2020   759.9  1911   403.2  1959  1769.8  1911
   80.6  2003  111.7  2008  173.5  1948  233.7  1984  280.0  1948  297.3  1957  297.7  2013  281.9  1947  189.0  1929  134.2  1921   94.5  1915   73.5  2008   219.0  1949   668.0  2025   750.2  1989   393.9  1971  1769.3  2025
   79.4  1940  108.8  2019  170.0  1955  229.2  1914  273.5  2025  284.2  1975  293.2  1955  280.9  1976  186.0  1914  133.5  1994   89.2  1988   69.2  1946   218.8  1934   654.3  1948   741.0  1976   361.1  1999  1767.5  1949
   78.3  1963  106.4  1988  169.3  2025  228.9  2020  267.2  1990  280.4  1940  289.6  1990  239.5  2022  185.0  1928  128.3  1971   89.0  1925   66.7  1944   218.4  1933   606.1  1990   726.3  1949   357.7  1911  1758.1  1959
   75.8  1959  105.7  1934  165.8  2012  225.3  1954  260.6  2023  266.8  1949  280.1  1989  236.8  1989  184.2  1940  128.3  2018   88.9  1971   65.4  1962   215.5  2018   587.9  1929   724.8  1995   355.7  1955  1737.7  1955
   74.8  1952  102.9  1996  163.9  2022  225.2  2025  256.8  1989  262.5  1962  269.1  1971  236.1  1983  183.3  1911  126.4  2010   88.1  2006   64.8  1917   212.4  1952   585.5  1956   696.9  1975   352.0  1929  1734.0  1929
   72.0  1931   99.5  1949  162.3  2003  224.2  1921  246.1  1956  261.4  2010  265.6  2006  232.3  2005  179.5  2015  124.8  1962   86.5  2005   64.3  2025   208.9  2015   568.8  2007   686.0  1959   350.0  1921  1719.2  1995
   70.4  2010   97.5  2004  159.7  1933  223.7  2015  245.0  1992  259.4  1969  263.6  1984  224.4  1998  179.0  1964  123.8  1993   83.4  1989   63.4  1948   207.0  2003   563.1  1955   683.4  2022   349.0  1928  1718.9  1990
   70.4  1979   94.7  1956  159.6  2007  220.4  2007  240.2  1997  257.7  1960  261.1  1983  224.3  1911  176.6  1971  123.4  1959   80.9  1999   63.4  2014   206.8  1998   559.8  1921   680.8  1940   345.2  2010  1716.9  1989
   70.0  2001   92.6  1970  159.1  1944  218.2  2011  239.0  1977  257.6  2018  261.0  1934  220.4  1955  174.9  1990  123.3  1999   80.9  1933   62.1  1960   206.3  2010   559.6  1997   679.7  1984   343.0  1964  1709.7  1933
   69.4  1945   91.7  2001  157.7  1910  216.7  1938  237.3  1949  256.4  2023  260.3  2018  216.5  1919  172.3  2002  123.0  2016   80.8  1977   61.3  2009   204.8  2001   553.4  2010   679.7  1996   341.9  1933  1707.8  1921
   67.4  1985   90.0  1933  157.0  1924  216.7  2010  237.1  1922  255.2  1921  254.4  1949  214.3  1937  171.9  1991  121.3  1955   80.1  1990   60.5  1970   202.2  2008   552.3  1953   679.4  2006   339.3  1990  1681.7  2022
   67.4  1965   87.8  1910  155.7  2009  210.9  1990  235.1  1966  251.2  1942  248.1  1921  214.1  1933  170.4  1915  120.2  1922   79.3  1998   60.5  1929   199.2  2023   549.1  2011   669.6  2013   338.5  1940  1671.7  2020
   67.3  2024   87.4  1952  155.4  2020  209.5  1945  231.4  1961  250.4  2006  246.0  2014  212.0  1940  170.0  1939  119.9  1997   77.8  2016   60.0  1997   197.4  1945   544.6  1944   667.1  2014   337.2  1915  1657.6  2010
   67.0  1980   86.7  2003  153.3  2011  204.2  1916  231.2  1959  244.2  1996  239.8  1935  210.0  2007  168.9  1933  118.8  2022   76.8  1967   59.5  1965   196.9  1988   542.9  2003   665.8  1934   337.0  1923  1651.2  2003
   65.6  2025   86.5  1951  152.7  1953  204.0  1912  230.6  1921  241.4  1918  238.4  1959  207.7  1944  166.4  1978  118.3  1947   76.8  1995   58.8  1961   194.7  2004   539.0  2021   665.8  1955   336.7  2003  1648.8  1940
   65.3  2023   85.8  1998  150.9  1973  201.2  1969  230.3  1957  240.1  1959  238.2  1999  207.5  1959  164.7  1996  116.8  1939   76.7  1969   58.1  1957   193.4  1985   534.6  1949   659.9  2018   334.6  1919  1642.1  1975
   65.2  1978   85.3  2014  150.7  1956  200.8  1948  230.0  2018  237.5  1932  234.7  1976  206.5  2025  163.0  2020  116.7  1965   75.7  1918   58.1  1952   192.3  2000   534.3  1995   656.7  1921   333.4  1988  1626.4  2018
   64.1  2017   85.2  1989  149.6  1967  198.8  1997  229.6  1944  236.8  2014  234.4  1997  205.3  1991  161.9  1921  115.2  1975   75.3  1996   57.9  1983   188.5  2002   533.1  2015   655.3  1983   331.9  2018  1624.9  2014
   63.4  2006   85.1  1967  143.1  1995  197.6  1951  228.3  1971  236.6  1984  231.6  1996  205.1  1949  159.2  1955  114.8  1931   75.1  1955   57.8  2010   188.1  2009   530.6  1943   655.2  1925   331.2  1914  1612.2  1984
   62.9  1991   85.0  1963  142.5  1972  195.9  1946  225.4  2001  236.4  1961  229.9  1928  204.6  2003  158.7  1972  114.0  1951   75.1  2010   56.8  1933   186.2  1959   530.5  2009   648.3  1933   330.9  1997  1597.6  1948
   62.6  1994   84.5  2000  142.5  1932  193.0  2003  224.8  1918  235.4  2015  227.5  1918  204.4  1923  158.7  1966  112.8  2008   74.7  2017   55.9  1914   185.7  1991   529.3  1982   631.9  1969   328.7  1925  1595.8  2007
   61.8  2009   84.3  1955  142.0  1982  191.4  1953  223.5  1911  234.1  1929  227.3  1929  204.0  1972  158.0  2019  112.3  2003   74.2  1910   55.8  1935   184.5  1915   529.0  1922   628.5  1918   328.1  2002  1595.4  2006
   61.7  1989   83.9  2015  141.5  2026  190.9  1982  220.7  1975  233.4  1989  222.5  1951  203.9  1996  157.0  1954  111.9  1943   73.6  1965   55.3  1925   183.9  1962   527.0  2016   625.9  1919   327.3  1966  1592.8  1976
   61.7  2015   83.5  1928  139.4  1943  188.7  1956  220.3  2004  233.1  1951  221.1  2022  202.8  1981  156.8  1999  111.6  1945   72.5  1986   55.2  1963   182.8  1930   512.9  1945   621.6  1929   326.9  1975  1589.5  1953
   61.4  1911   82.6  1983  138.2  2016  187.0  1939  219.7  1998  232.1  1930  220.4  2025  202.0  1953  155.3  2014  111.1  1956   72.4  1948   55.2  1916   181.5  1956   512.5  2022   617.4  1951   326.4  1939  1586.6  1996
   61.0  1998   82.3  1960  137.3  1938  185.9  2017  218.8  1995  230.5  1995  218.8  1933  200.5  1975  154.5  2009  110.9  1941   71.4  1972   53.5  2022   181.1  1951   512.3  1914   616.0  2025   326.1  1996  1585.7  1925
   60.8  1954   81.4  2016  137.2  1945  185.6  1980  218.5  1929  230.5  1939  218.4  2019  198.0  1990  154.1  2003  109.9  1953   71.3  1985   52.7  1964   180.8  2006   508.3  2012   615.3  1957   324.6  2007  1582.1  1919
   60.5  2026   81.0  1957  136.2  1949  183.6  2008  218.1  1940  230.1  1914  217.7  1941  194.7  2016  151.6  2025  109.0  1917   71.3  2025   52.6  2005   180.7  1931   507.6  1910   613.9  1947   324.5  2016  1574.8  1914
   59.8  1928   81.0  1968  133.1  1968  181.0  1960  217.6  1915  228.0  1950  215.7  2021  193.9  1936  151.4  1986  108.3  2007   71.1  1973   52.5  1996   178.9  2005   506.6  1938   613.3  1990   323.4  1995  1573.1  2015
   58.8  2000   80.7  2005  131.9  1965  180.5  1976  217.0  1934  226.5  1992  212.3  1975  192.4  1993  151.4  1997  107.9  1928   70.7  1911   52.4  1923   177.5  1953   505.9  1989   613.2  2005   322.7  2006  1570.6  2001
   58.5  2022   80.4  2023  131.5  2015  180.3  1942  215.0  1939  225.4  1976  212.2  1916  191.7  1964  150.5  1937  107.8  1912   70.6  1960   52.3  2012   177.4  1967   505.3  1954   606.8  1961   320.2  1993  1566.8  1934
   58.2  1918   79.3  1932  130.3  2010  178.5  1955  214.9  1980  224.5  1926  211.8  1995  191.5  1914  149.2  2007  107.8  1927   70.3  2003   51.6  1939   176.1  2014   501.7  1984   604.3  1935   319.6  2005  1566.2  2005
   58.0  2012   79.0  1939  128.9  2014  177.5  1917  214.8  1943  223.1  1934  211.2  1977  190.5  1935  148.1  2005  107.3  1936   69.8  1975   51.6  1984   176.1  1954   500.8  1946   596.7  1941   317.6  1972  1564.1  1997
   57.9  1946   78.9  1954  128.5  2000  177.1  2022  214.6  1955  222.8  2022  208.2  1994  189.9  1987  147.9  2006  106.4  1944   68.8  2013   51.6  1911   175.6  1970   500.0  1950   584.9  1928   316.7  1986  1560.6  1943
   57.8  1942   78.4  1943  127.9  1990  176.4  1943  213.6  2016  220.3  2004  205.6  1969  187.2  2019  147.6  1923  105.8  1969   68.2  1980   51.4  1938   175.5  1996   498.4  1918   583.7  1960   316.3  1947  1557.9  1957
   57.6  2011   77.8  1915  127.7  1966  176.2  1973  212.3  1910  219.9  1911  205.0  1953  184.3  2014  145.7  2004  105.8  1995   67.9  2001   51.1  1950   174.8  2019   496.2  2019   583.0  1926   314.8  1937  1555.4  1918
   57.5  1992   77.4  1944  126.9  1961  176.1  2002  211.8  2019  219.2  2008  204.3  1979  184.2  1966  145.3  1910  104.2  1966   67.7  1935   51.0  1976   174.2  1979   495.7  1957   582.3  1914   313.1  1943  1554.8  2013
   57.3  1919   77.0  1975  126.8  1918  175.2  2016  210.0  1978  215.9  1919  200.4  1968  183.1  1974  145.2  1988  104.1  1964   67.5  1937   51.0  1943   173.7  1989   490.5  1939   581.7  1999   311.3  1978  1550.1  1971
   56.6  1935   76.1  1930  125.9  1950  174.3  1974  208.2  1953  215.4  1933  200.0  1961  181.8  1934  144.9  1979  103.7  1911   67.4  1949   50.7  1973   173.4  2026   490.0  1933   581.5  1994   309.8  2015  1547.9  1956
   56.2  1934   76.0  1959  125.1  1940  172.4  1995  207.2  1950  214.6  2009  195.4  1943  181.5  2004  144.4  2023  102.3  1932   67.2  2007   50.5  1926   173.3  1984   488.8  2008   581.2  1953   308.2  1952  1538.9  2019
   56.1  1949   75.7  1925  124.3  1931  172.2  1957  206.7  2013  214.5  1970  195.1  1924  179.7  1916  143.7  2010  102.1  2024   67.0  1976   50.5  1967   172.4  1924   487.7  1980   580.6  1930   306.0  1949  1533.5  1928
   55.9  1984   74.8  1941  124.3  1962  171.9  2009  206.5  2012  214.3  1967  194.8  1917  179.6  1956  143.4  1949  102.0  1920   67.0  1942   50.5  1979   172.4  1917   481.6  1959   576.5  1950   305.6  2022  1533.2  2009
   55.9  1988   74.6  2010  121.6  2008  171.9  1922  206.4  2010  212.6  1917  194.7  1985  179.5  1984  142.0  1952  100.8  1913   66.8  2022   50.4  2007   171.2  1941   480.0  2017   571.4  1942   305.5  2001  1523.9  2004
   55.6  1999   74.5  1921  121.3  2019  171.8  1929  206.2  1987  211.3  1922  193.4  1919  177.9  1928  141.9  2012  100.3  1987   66.8  1952   50.2  1951   171.0  1940   479.9  1977   569.6  2001   303.6  1991  1522.9  1962
   55.3  1956   74.5  1985  120.7  1997  171.4  1965  203.5  2005  211.1  1994  193.3  1946  177.6  1926  141.9  1975  100.1  1983   66.1  1950   50.0  1936   170.8  1987   478.7  2004   564.7  1962   303.5  1979  1521.2  2016
   55.1  1987   74.4  1948  120.6  1985  171.0  1972  202.9  2009  209.2  2001  191.8  2000  177.3  2000  141.8  1944  100.1  1938   66.0  1943   49.8  1920   170.4  1942   478.1  1973   563.8  1993   303.4  2014  1520.2  1999
   55.0  1929   74.4  1991  120.1  1922  169.3  1962  200.4  2017  207.0  2024  189.5  2001  177.1  2013  140.8  1995   99.4  1929   65.7  2014   49.4  1986   170.2  1965   473.7  1911   563.3  1967   302.9  2009  1518.6  1915
   54.0  1947   74.2  1986  119.3  2004  169.1  1925  199.6  1952  205.8  2003  189.0  2005  175.8  1973  140.7  1934   99.4  1952   65.5  1931   49.2  2019   170.1  1918   473.6  1974   562.0  1916   302.1  1998  1518.0  1951
   53.1  2020   73.9  1962  118.3  1937  166.8  1950  199.0  1988  205.8  1973  188.5  1940  175.7  1939  140.6  1925   99.1  1925   65.4  2020   49.0  1999   169.6  2020   473.0  1987   559.6  2004   301.7  2008  1516.7  1939
   53.1  1941   72.5  1917  117.0  1935  166.8  1987  197.6  1937  205.2  1941  187.2  1987  175.5  1965  140.2  1981   98.9  1988   64.6  2021   48.5  2017   169.6  1939   472.3  1975   558.7  2003   301.6  1973  1512.9  1952
   53.0  2005   72.4  1924  116.8  2021  165.3  2006  197.2  1936  201.4  1938  184.5  2020  173.9  1941  139.5  1953   98.8  2001   64.5  1951   48.4  1990   168.2  2011   471.7  1915   557.7  2019   300.8  1965  1512.9  1935
   52.9  2018   71.5  1971  115.8  1934  164.3  1968  196.4  1982  199.7  1974  184.0  1925  173.4  1930  139.5  2018   98.7  1979   64.5  1966   47.7  1994   167.6  1971   471.4  1961   556.2  2010   300.2  1953  1510.6  1961
   52.7  1910   71.4  1922  115.2  1927  163.2  2019  195.9  1927  198.8  1913  183.8  1915  171.7  1978  138.8  2001   98.6  1977   64.4  1930   47.2  1980   167.3  1928   470.8  2023   555.5  2015   299.8  1922  1510.0  2021
   52.1  1967   70.9  1913  113.9  1915  163.0  1994  192.7  1974  196.0  1943  182.2  1964  170.9  2001  138.8  1919   98.5  2015   64.3  1913   46.9  1992   167.2  1955   470.6  1917   552.1  1973   299.7  2020  1505.1  2008
   51.6  2004   70.7  1981  113.1  1925  161.0  2013  192.6  1946  195.4  1915  181.3  1967  170.3  1961  138.6  1973   97.9  2021   64.1  2018   46.6  1913   166.8  2017   470.2  1962   549.5  1915   299.6  1948  1502.0  1960
   51.4  1923   70.3  1953  112.4  1946  161.0  1949  191.8  1985  195.3  1993  180.9  1926  170.3  1915  136.9  1947   97.9  1961   64.0  1957   46.4  1995   165.9  2013   468.5  1965   549.4  1971   297.5  1962  1498.7  1944
   51.1  1962   70.3  1974  111.8  1970  160.9  1988  191.4  1919  195.2  2011  180.6  1966  170.1  1950  136.2  1967   96.9  1937   63.7  1993   46.0  2016   165.0  1981   467.2  2002   548.0  1917   297.4  1977  1490.4  2011
   50.9  1915   70.0  1931  111.1  1920  160.7  1977  189.8  2002  194.8  2013  180.5  1942  169.6  1945  135.1  1943   96.6  2004   63.6  1929   45.7  1932   164.8  1936   466.9  1927   547.1  1943   297.3  2023  1487.6  1969
   50.7  2007   70.0  2007  110.7  1999  158.3  1936  189.6  1935  194.8  1952  179.4  2007  168.8  1952  133.2  1912   96.1  1998   63.3  2012   45.6  1954   164.7  1980   466.7  1940   546.9  2024   297.1  2012  1487.0  1967
   50.4  1920   69.8  2002  110.2  1978  158.2  1952  188.8  1996  191.9  2005  178.4  1950  168.3  2002  133.0  2008   96.0  1948   62.9  2002   45.5  2003   164.6  1977   466.4  1971   545.2  1970   295.2  1985  1485.3  1950
   50.3  2016   69.6  1920  109.9  1919  157.9  1989  188.8  2007  190.3  1963  177.2  2024  167.7  1967  132.9  1960   95.5  2011   62.8  1987   45.2  2004   163.8  1920   463.1  1934   543.5  1968   294.9  1987  1481.5  2023
   50.1  1977   68.9  1942  109.5  1963  157.6  1933  188.2  1970  189.1  2025  176.8  2015  167.2  1977  132.7  1993   95.3  1980   62.8  2011   45.1  1937   163.5  1968   463.0  1976   542.3  1956   294.7  2021  1478.0  1973
   50.1  1958   68.7  2013  108.4  1986  156.2  2014  187.6  2003  188.7  1986  176.6  1972  166.8  1969  132.3  1963   95.2  1949   62.4  1922   45.1  1949   163.5  2007   462.5  1924   541.1  2023   294.4  1910  1477.4  1922
   49.0  1953   68.7  2012  108.2  1958  155.9  1944  186.1  1914  188.4  1956  176.1  1993  165.9  1979  132.1  2021   94.9  1992   61.5  1940   45.0  1924   162.5  1960   462.3  2013   539.2  2021   292.4  1931  1472.0  1917
   49.0  1997   68.4  2021  108.0  1954  155.8  1919  185.9  1917  185.9  1968  175.4  2017  165.2  1932  131.7  1987   94.6  1926   61.0  1947   44.5  2013   162.3  1944   460.9  1968   538.3  2000   291.3  2004  1467.8  1941
   47.6  1924   68.4  2025  107.2  1917  155.7  1927  185.2  1942  185.4  1920  175.2  1930  164.5  1927  131.2  1948   94.3  2023   61.0  1961   43.8  1919   162.0  2012   460.9  1966   535.5  1977   289.5  1941  1467.7  1942
   47.2  1957   68.2  1936  107.0  1975  155.7  1999  185.2  1958  185.1  2021  174.3  1956  163.5  2006  131.0  1985   93.1  1930   60.6  1963   43.7  1941   161.8  1911   460.0  1972   535.1  1966   289.0  1967  1460.6  1910
   47.2  1981   68.2  2022  106.6  1974  153.9  2005  184.9  1923  183.5  1937  173.8  2011  162.8  2024  130.8  1935   92.9  2002   60.5  1920   43.5  2020   161.3  1994   459.5  2014   534.2  1952   287.7  1980  1458.9  1977
   46.4  1927   67.8  1990  105.3  1930  153.4  1983  183.7  2008  182.1  2017  172.2  1970  162.5  1960  129.1  1930   92.8  1985   60.0  1979   43.4  1969   161.0  1974   458.9  1951   532.3  1974   287.2  2011  1444.3  1985
   46.3  2014   67.4  2020  105.0  1921  152.6  1979  183.5  1920  182.1  1927  171.7  1948  162.2  1994  128.8  2011   92.8  1986   59.9  1964   43.4  1940   160.9  2016   458.2  1942   532.1  1932   287.0  2025  1443.3  1923
   46.2  1930   67.3  1969  104.7  1959  151.8  1924  183.0  1984  181.8  1999  170.7  1952  161.8  1951  128.7  1942   92.8  1940   59.8  1982   43.2  1981   160.6  2025   457.0  1919   531.3  2007   286.6  1930  1440.8  2000
   45.4  1950   67.2  1973  104.6  1976  149.5  1991  182.7  1979  179.4  2020  170.5  1973  161.7  1999  127.3  1938   92.4  1974   59.7  1997   43.1  2000   160.4  1932   456.5  1978   530.0  1939   285.5  1961  1439.7  1988
   45.3  1922   66.3  1987  103.6  1913  149.5  1911  182.5  1960  179.0  1988  169.3  2008  160.3  1929  126.8  1998   92.1  1958   59.6  1927   42.8  2006   160.1  1919   453.6  2000   529.7  1923   284.1  1912  1439.1  1983
   44.9  2013   65.6  1911  103.1  1993  148.8  2001  182.2  1963  177.6  1910  169.2  1963  159.9  1913  126.7  1970   92.0  1933   59.3  1945   42.2  1978   159.0  1997   453.5  1985   529.6  1979   283.9  1918  1438.7  2017
   44.8  1960   65.6  1916  103.1  1923  148.4  1947  181.2  1913  177.3  1978  166.7  2016  159.9  1957  126.6  1961   91.9  1973   59.0  1978   42.0  1968   158.9  1999   452.5  1916   525.7  1937   283.9  2019  1438.7  1970
   44.7  1912   64.8  2006  101.2  2002  148.0  1928  180.6  2024  177.1  1928  166.1  2012  159.6  1918  126.5  1962   91.8  2012   58.7  2023   42.0  1972   158.5  1946   452.0  1935   523.9  2009   283.7  1944  1438.6  1945
   44.7  1972   64.5  1938  100.7  1911  147.0  1958  178.6  2000  174.2  1953  166.1  2002  158.5  1970  125.7  1941   91.3  1923   58.7  2009   41.5  1928   157.9  1927   451.1  1988   523.8  1964   283.4  1989  1436.2  1998
   44.6  1917   63.9  1923  100.0  1987  146.8  1918  178.2  2021  174.1  1944  165.2  1922  157.8  2017  125.5  1984   89.8  2009   58.4  1914   40.7  1998   156.5  1986   450.5  2001   522.9  1913   282.2  1935  1434.9  1966
   44.4  1986   63.5  1977   99.7  1991  146.5  2000  177.9  2015  174.1  1935  165.2  1923  157.2  1968  125.4  1918   89.8  1950   57.8  1974   40.2  1966   156.4  2022   450.2  1952   518.4  1998   280.9  1960  1434.2  1965
   44.0  1990   63.5  1919   99.5  1971  145.8  1959  177.8  1976  173.4  1965  164.2  1958  155.7  1943  124.6  1989   89.5  1970   57.5  1924   39.6  2002   156.0  1925   448.2  1960   517.3  1992   280.4  1920  1433.8  1979
   43.4  1951   62.6  1946   99.2  1941  145.3  1935  177.6  2011  172.3  1982  164.2  1913  155.5  1997  124.2  1980   89.2  2000   56.5  1926   39.3  1918   156.0  1947   447.2  2005   515.8  1985   280.2  1938  1431.5  1987
   43.0  2019   62.6  1999   98.8  1994  145.0  1986  176.8  1928  172.1  1985  163.5  1960  154.7  1931  123.9  1968   88.6  2013   56.1  1956   38.7  1930   155.1  1957   447.0  1967   515.3  2017   278.0  1942  1429.9  1994
   42.8  1932   61.9  1935   97.8  2024  144.7  1975  176.7  1962  171.7  1947  163.0  1982  154.4  1988  123.9  1982   87.4  1972   56.1  1928   38.3  1931   154.8  1922   444.6  2018   512.6  2020   277.6  1936  1423.9  1947
   42.7  1926   61.6  1979   97.0  1914  144.0  2023  176.0  1986  171.5  1945  160.7  1914  153.8  1925  123.9  1958   86.7  1914   55.8  2008   38.1  1921   154.5  1958   444.2  1992   508.5  2011   276.3  1954  1422.8  1938
   42.6  1976   61.4  1994   94.6  2013  143.3  1926  174.4  2014  170.3  1966  160.3  1947  153.3  1921  123.8  2016   86.7  2006   55.6  2000   38.0  1945   153.6  1929   441.0  1912   507.6  1987   274.1  2017  1422.6  2002
   41.3  1982   61.3  1945   93.7  2017  142.4  1930  174.4  1951  170.2  1916  158.5  1910  152.5  2009  120.0  2022   86.1  1996   55.5  1919   37.9  1985   153.5  1978   440.5  1958   507.0  1997   273.1  1969  1421.2  1974
   40.8  1936   61.1  1914   93.3  2006  141.1  1985  172.7  1933  169.2  2000  158.1  1991  150.0  1962  119.9  1917   86.0  1978   55.4  1936   37.3  1993   153.2  1921   435.4  1925   505.8  1972   272.1  1927  1418.7  1972
   40.8  1938   61.0  1927   93.2  1957  140.2  1915  172.4  1941  168.4  1958  158.1  1957  149.5  2010  119.4  1974   85.9  1984   54.3  1959   37.0  1922   152.3  1983   435.1  1969   498.7  1991   271.5  1917  1411.9  1978
   40.8  1916   59.6  1984   92.6  1942  139.1  2004  172.2  1991  163.8  1912  157.7  2004  149.0  1985  118.0  1920   85.0  2005   53.9  1921   36.4  1953   152.3  1923   432.7  1936   496.0  1945   270.9  1913  1410.0  1930
   40.4  1943   58.6  1964   92.4  1952  138.6  1981  171.9  1954  162.2  1946  157.5  1980  148.6  2020  117.9  1977   84.3  1990   52.9  1938   36.0  1991   152.1  1943   432.4  1970   495.3  1981   270.3  1994  1407.7  1916
   40.1  2008   57.5  1997   91.3  1989  138.5  1971  171.8  1926  161.0  1931  156.8  2009  147.0  1910  117.7  2000   83.8  2017   52.8  1941   35.5  1959   151.7  1912   430.4  1937   494.8  1922   269.6  1974  1406.3  2012
   40.0  1974   57.1  1929   91.2  1988  138.4  1941  171.5  2022  160.1  1923  156.1  1986  146.1  1938  117.1  1922   83.7  1935   52.5  1984   35.4  1974   150.9  2021   429.4  1986   493.0  1924   268.4  1970  1404.0  1946
   39.6  1970   56.8  2017   89.9  1928  137.6  1910  168.6  1993  159.4  1979  154.9  1945  145.5  1948  115.6  2017   83.4  1991   52.2  1970   35.4  2011   150.4  1938   428.1  1998   492.4  1944   265.9  1932  1403.3  1937
   39.5  1995   56.3  1982   89.8  2005  136.9  1996  167.3  1964  158.1  1983  152.1  1962  145.3  2012  115.2  1957   82.9  1918   51.0  1932   35.1  1982   150.2  1961   422.3  2006   492.1  2016   265.6  1981  1397.0  1991
   39.2  1939   55.9  1978   88.5  1939  136.3  1978  166.2  1945  157.0  1977  150.4  1992  145.1  1920  115.0  1936   82.8  1981   50.8  1968   34.9  1910   149.7  1964   421.4  1991   491.2  1963   264.8  2013  1394.0  1964
   38.9  1948   55.7  1992   87.4  2018  135.9  2012  165.6  1916  156.7  1924  149.5  1974  143.3  2015  114.7  2024   82.4  1942   50.7  1953   34.6  1987   149.2  1992   418.3  1979   489.3  2008   263.8  1984  1391.0  1993
   38.9  2021   55.5  1912   87.2  1980  135.2  1967  165.2  1965  155.6  1980  148.2  2003  142.0  2018  114.3  1916   82.3  2014   49.0  2004   34.4  1958   149.0  1975   414.8  1928   488.6  1946   263.6  2024  1390.3  1980
   37.6  1961   53.4  1937   86.9  1951  133.6  1932  163.7  2006  155.3  1936  145.3  2010  141.3  1924  112.7  1932   81.4  1957   48.6  1992   33.8  1947   147.1  1935   412.6  1963   487.9  1965   262.5  2000  1387.6  1982
   37.2  1955   52.8  2011   86.8  1912  132.9  1998  163.5  1968  153.0  1954  144.9  1981  140.7  1954  112.1  1931   79.4  2019   48.3  1991   33.4  1971   147.1  1948   410.3  1999   483.2  1910   262.1  1958  1387.5  1986
   36.9  1969   52.8  2009   85.5  1926  132.4  1970  162.2  1967  152.2  1955  144.5  2023  140.6  1917  110.5  1965   78.5  1946   48.1  1946   33.4  1942   146.2  1969   410.0  1941   482.5  2002   261.7  1950  1385.8  1954
   36.6  1913   50.8  1995   85.1  1969  130.3  1934  153.7  1924  152.1  2019  142.3  1998  140.4  1980  108.8  1924   77.4  1960   48.0  1954   32.4  1977   142.2  1990   409.0  1923   480.7  1978   261.6  1951  1382.6  1968
   36.6  1975   50.6  1950   85.0  1984  128.6  1964  153.6  1947  151.8  1998  139.1  1912  140.4  1992  107.4  2013   76.5  1924   46.8  2024   32.4  1975   141.0  1950   406.3  1994   479.3  1938   261.1  1945  1380.6  1963
   35.8  1964   50.5  1961   84.7  1960  128.2  1992  153.3  1925  149.9  1948  139.0  1965  140.2  2023  107.0  1926   76.0  1967   46.6  2019   31.6  1915   140.7  1982   400.6  1926   478.2  1936   260.5  1957  1376.8  1926
   35.6  1966   50.2  1976   84.1  1964  127.1  2018  152.6  1938  149.9  1964  136.4  1931  140.1  1982  106.4  1994   75.4  1989   46.2  1962   31.5  1955   139.9  1926   400.5  2024   476.3  1927   258.3  1963  1367.9  1992
   35.6  1971   50.1  1965   82.9  1979  123.4  1940  150.9  1973  149.3  1971  132.6  1988  139.7  1942  105.9  1950   74.9  1910   46.1  1958   30.4  1989   139.8  1914   399.2  1996   475.4  1982   258.1  1926  1363.5  1924
   35.5  2002   48.7  1972   82.7  1916  122.1  2024  150.2  1912  148.1  2002  131.9  1938  139.6  2011  105.8  1913   72.3  1934   46.1  1916   29.8  2021   138.1  1995   391.4  1993   473.4  1986   250.2  1982  1354.8  1932
   35.3  1925   48.6  2026   80.2  1977  121.0  1923  148.8  1969  147.6  1981  131.7  1978  138.4  2021  105.8  1976   72.3  1915   44.0  1983   29.2  2015   137.9  1916   390.4  1913   467.0  1948   247.4  1934  1348.4  2024
   34.7  1983   48.2  1993   78.0  1983  120.9  1963  147.4  1931  141.9  2007  130.4  1920  133.1  1946  104.7  1927   72.1  1976   43.1  1912   28.6  1934   137.6  1973   388.9  1932   466.0  1988   246.3  1992  1347.5  1936
   34.0  1937   47.2  1980   77.2  1936  119.7  1993  146.4  1972  135.2  1991  129.7  1927  131.6  1963  102.8  1992   71.3  1954   42.6  1981   28.5  1912   137.4  1937   386.2  1920   460.9  1920   245.8  1983  1346.8  1927
   33.8  1944   47.2  1918   76.2  2001  114.4  1937  144.6  1994  130.7  2016  129.5  1932  130.9  1971  101.8  1983   71.3  1916   42.6  1917   26.8  1956   137.2  2024   381.7  1930   453.5  1980   244.9  1976  1338.4  1913
   32.1  1968   46.3  1958   75.6  1998  113.0  1961  143.8  1999  130.6  1987  129.0  1936  128.6  1986   98.3  1946   71.2  2020   39.6  1939   26.8  1988   136.1  1913   380.7  1931   452.2  1931   243.3  1956  1305.6  1931
   32.0  1914   43.3  2024   73.5  1996  109.0  1931  134.0  1930  125.6  1990  127.8  1937  118.3  1922   90.6  1969   66.5  1982   35.4  1944   26.6  2024   131.0  1966   380.0  1964   446.4  1958   242.9  1924  1297.4  1920
   30.1  1993   41.9  1926   71.1  1947  105.6  1913  131.5  1983  125.2  1972  125.2  1954  113.8  1958   90.2  1945   65.4  1963   34.4  1934   26.6  2023   126.8  1972   373.2  1947   421.9  2012   231.6  1916  1279.8  1958
   28.8  1921   40.1  1940   71.1  1992   98.0  1966  117.4  1981  117.1  1997  123.8  1939  100.8  2008   83.0  1951   64.0  2025   31.8  2015   24.0  1927   125.3  1976   362.9  1983   418.9  1954   224.9  1946  1247.7  1981
   28.3  1973   35.8  1966   69.8  1981   91.6  1920  112.9  1932  110.6  2012  110.5  1944   83.1  1912   76.1  1956   48.4  1968   30.4  1994   23.0  2018   125.1  1993   325.8  1981   386.0  1912   223.1  1968  1239.9  1912
   26.2  1996   32.8  1947   66.2  2023    ---  2026    ---  2026    ---  2026    ---  2026    ---  2026    ---  2026    ---  2026    ---  2026    ---  2026     ---  1910     ---  2026     ---  2026     ---  2026     ---  2026
