Areal values from HadUK-Grid 1km gridded climate data from land surface network
Source: Met Office National Climate Information Centre
Monthly, seasonal and annual mean of daily maximum air temperature for Northern Ireland
Areal series, starting in 1884
Last updated 01-Apr-2026 11:35
    jan  year    feb  year    mar  year    apr  year    may  year    jun  year    jul  year    aug  year    sep  year    oct  year    nov  year    dec  year     win  year     spr  year     sum  year     aut  year     ann  year
    9.6  1916   10.4  1998   12.0  1938   15.5  2011   17.5  2025   21.4  1887   21.8  2013   22.1  1995   18.2  1895   15.1  1969   11.7  1994    9.9  2015    9.03  1989   14.49  2025   20.05  1995   14.19  2006   13.67  2023
    9.3  1932   10.1  2019   12.0  2012   15.2  2007   17.2  2008   21.0  2023   21.7  2006   22.0  1947   18.0  2023   14.7  1959   11.7  2011    9.6  1898    8.72  1998   13.46  1893   19.56  1976   14.08  2021   13.67  2025
    9.3  1921    9.8  1891   11.9  1948   14.6  2025   17.1  2017   20.1  2018   21.4  1983   21.0  1899   18.0  1959   14.7  2006   11.1  2015    9.6  1988    8.70  2008   13.45  2007   19.53  2006   13.96  1959   13.45  2007
    9.3  1989    9.7  1945   11.7  1961   13.9  2020   16.8  1896   19.7  1940   21.3  1989   20.8  1976   17.8  1949   14.6  1995   11.0  2022    9.5  1934    8.65  2019   13.30  2017   19.46  1887   13.93  2014   13.39  2022
    9.1  1898    9.6  1961   11.5  1929   13.8  1893   16.7  2024   19.2  1893   21.1  2021   20.4  1955   17.8  2006   14.6  2007   10.9  1899    9.5  1921    8.60  1943   13.29  2011   19.44  1899   13.92  2023   13.28  2006
    9.0  2002    9.4  2024   11.5  2003   13.8  2014   16.6  1959   19.0  1899   20.7  1955   20.2  2022   17.8  1898   14.5  1921   10.9  1908    9.4  1974    8.59  2007   13.01  2020   19.37  1983   13.89  2022   13.18  1921
    8.9  2007    9.4  2023   11.4  2025   13.5  2003   16.6  2018   18.9  1970   20.6  1921   20.2  1983   17.8  2014   14.4  2001   10.8  2007    9.3  2016    8.50  2024   12.99  2022   19.36  2018   13.85  2007   13.17  2014
    8.6  1890    9.3  2008   11.2  2022   13.3  1944   16.5  1960   18.9  1895   20.6  1934   20.1  1997   17.8  2021   14.2  1968   10.8  1948    9.3  1942    8.49  2017   12.98  2003   19.35  2013   13.83  2011   13.16  2003
    8.6  2005    9.2  2011   11.2  1945   13.2  1955   16.4  2023   18.9  2010   20.1  2018   20.1  2003   17.7  1941   14.1  2021   10.7  1920    9.1  1953    8.44  2022   12.89  2023   19.28  1975   13.76  1995   13.09  1959
    8.6  1944    9.2  1903   11.0  2017   13.0  2010   16.4  2001   18.9  1896   20.1  2014   20.1  1975   17.6  1971   14.1  1971   10.6  2001    9.0  1924    8.42  1975   12.88  1948   19.26  2025   13.74  1971   13.08  2021
    8.4  1923    9.1  1943   11.0  1957   12.9  1943   16.2  1901   18.8  1949   20.0  1995   19.9  2025   17.4  1991   14.0  1908   10.6  1997    9.0  2024    8.36  2002   12.87  2024   19.17  2021   13.70  2001   13.04  1997
    8.4  1974    9.0  1914   10.9  1950   12.9  1914   16.0  1919   18.8  2006   19.8  2025   19.6  1984   17.4  1929   14.0  2005   10.5  2002    9.0  1971    8.35  1935   12.86  2014   19.14  2023   13.58  1945   13.03  2024
    8.3  1949    8.8  1920   10.8  2026   12.9  1974   16.0  1990   18.7  1976   19.8  1999   19.5  1911   17.3  1890   14.0  1947   10.5  1978    9.0  1900    8.33  1932   12.82  1945   19.12  1893   13.54  1941   13.01  1949
    8.2  1884    8.8  1997   10.8  1893   12.8  1945   16.0  1895   18.7  1891   19.7  1887   19.3  2000   17.1  2016   14.0  2022   10.5  1913    8.9  1912    8.31  2016   12.80  1959   19.00  2003   13.51  1949   13.00  1995
    8.2  1990    8.8  2012   10.7  1997   12.8  2015   16.0  2016   18.7  2009   19.5  1975   19.3  1893   17.1  1933   13.9  2013   10.4  1939    8.9  2023    8.29  2005   12.78  1896   18.93  2022   13.49  2005   12.99  2017
    8.2  1975    8.7  2002   10.6  2002   12.7  2009   15.9  2020   18.7  1957   19.3  1897   19.3  1916   16.9  2005   13.9  1978   10.4  2020    8.9  1983    8.24  1922   12.65  1997   18.87  1955   13.44  1921   12.99  2005
    8.2  1983    8.7  1918   10.5  1894   12.5  1960   15.9  1953   18.6  1889   19.3  2022   19.2  1933   16.9  1906   13.9  2023   10.4  2003    8.9  1918    8.16  1949   12.65  2008   18.76  1947   13.43  1978   12.96  2011
    8.2  2020    8.7  1926   10.5  1990   12.5  1952   15.7  1893   18.6  1960   19.3  2019   19.1  1959   16.9  1996   13.9  2017   10.3  2021    8.9  2018    8.15  2012   12.65  1990   18.72  1989   13.41  2015   12.88  1893
    8.2  2022    8.7  2022   10.5  2005   12.5  1946   15.7  1992   18.4  1992   19.2  1933   19.1  1944   16.9  2002   13.9  1945   10.3  1995    8.8  2004    8.11  1898   12.55  2012   18.68  1984   13.37  1898   12.87  2004
    8.1  2008    8.7  1896   10.3  2011   12.5  2023   15.6  2000   18.4  1905   19.2  1984   18.9  1991   16.8  1958   13.9  2009   10.3  1917    8.8  2007    8.07  1921   12.53  1960   18.56  1959   13.34  2009   12.86  2016
    8.1  1993    8.6  1939   10.3  1998   12.5  1987   15.5  1952   18.3  1975   19.2  1926   18.9  2004   16.8  1999   13.8  2014   10.3  1938    8.7  2013    8.03  1923   12.50  2009   18.56  1949   13.30  1890   12.83  2002
    8.1  2012    8.5  2000   10.3  2000   12.4  1896   15.5  1922   18.2  1950   19.2  1991   18.9  2002   16.8  1945   13.7  1977   10.2  2014    8.7  1998    8.01  2025   12.50  1961   18.51  1933   13.27  1947   12.83  2020
    8.0  1934    8.5  1894   10.2  2009   12.4  1997   15.5  1989   18.2  2016   19.2  1976   18.9  2019   16.8  1955   13.7  2015   10.2  2024    8.7  2025    7.99  1899   12.48  1943   18.44  1921   13.25  1999   12.81  1945
    8.0  1981    8.5  1949   10.1  1959   12.3  1984   15.4  2022   18.2  1921   19.2  2003   18.9  2012   16.7  1926   13.6  2024   10.2  1897    8.6  1997    7.99  1974   12.47  2002   18.39  2014   13.25  1920   12.79  2018
    8.0  1938    8.5  1959   10.0  2021   12.3  1982   15.4  1940   18.0  2025   19.2  1911   18.8  1936   16.7  2003   13.6  1941   10.2  1924    8.5  2021    7.93  2020   12.46  1938   18.38  1911   13.24  2024   12.76  2019
    7.9  1928    8.5  2007   10.0  1907   12.3  1894   15.4  2004   17.9  2014   19.1  1982   18.7  1968   16.7  2022   13.6  2011   10.2  1983    8.5  1954    7.93  1920   12.45  1999   18.38  2016   13.24  1997   12.76  1898
    7.9  1957    8.4  1887   10.0  2019   12.3  2022   15.4  1978   17.9  1995   19.1  1901   18.7  1914   16.7  2000   13.5  1927   10.2  2004    8.5  1994    7.93  1925   12.45  2004   18.37  2009   13.20  1908   12.74  1999
    7.9  1896    8.4  1885   10.0  1999   12.3  1942   15.4  1964   17.9  1988   19.1  1977   18.7  1937   16.7  1891   13.5  1949   10.1  1953    8.4  1972    7.90  2004   12.44  1952   18.34  1934   13.17  1958   12.71  1975
    7.8  2017    8.4  1992   10.0  2007   12.2  1999   15.3  2007   17.9  1932   19.0  1885   18.7  2013   16.6  1884   13.4  1996   10.1  2018    8.4  1945    7.90  1999   12.28  2010   18.31  1997   13.11  1994   12.71  2009
    7.8  1925    8.3  1993    9.9  1943   12.2  1926   15.2  1911   17.9  1959   19.0  1990   18.7  1926   16.5  1998   13.4  1920   10.1  1945    8.4  1905    7.89  1913   12.25  1957   18.30  2010   13.10  2002   12.71  2008
    7.7  1926    8.3  2017    9.9  1991   12.2  2019   15.2  1947   17.9  1939   19.0  1905   18.6  1919   16.5  2019   13.3  1989   10.1  2006    8.4  1931    7.87  1992   12.23  1944   18.29  1940   13.06  1899   12.70  1989
    7.7  2023    8.3  1923    9.9  1981   12.2  1933   15.2  1908   17.8  2005   19.0  1997   18.6  2023   16.4  2020   13.3  1979   10.0  2025    8.3  2006    7.84  2014   12.10  2019   18.28  2005   13.05  1938   12.67  1990
    7.7  1976    8.3  1897    9.9  2014   12.2  1949   15.1  1889   17.8  2004   19.0  1943   18.6  2021   16.4  1947   13.3  2016   10.0  1964    8.2  1941    7.83  1890   12.05  2000   18.27  2000   13.05  1913   12.66  1943
    7.6  2016    8.3  1908    9.9  2004   12.1  2024   15.1  1980   17.8  2021   18.9  1935   18.6  2016   16.4  2009   13.3  2010   10.0  1931    8.2  1991    7.81  1995   12.04  2005   18.26  2019   13.03  2013   12.65  1998
    7.6  2000    8.2  1928    9.8  1966   12.1  1995   15.1  1999   17.8  1930   18.8  1971   18.6  1939   16.4  1900   13.3  1890    9.9  1981    8.2  1987    7.79  2006   12.04  1890   18.11  1926   13.02  2020   12.65  2000
    7.6  1888    8.2  1935    9.8  2023   12.1  2002   15.1  1890   17.7  1934   18.8  1893   18.6  2020   16.4  2010   13.2  1972    9.9  1999    8.2  1980    7.78  1957   12.03  1946   18.10  2004   13.01  2003   12.64  1899
    7.6  2006    8.2  1953    9.8  1933   12.1  1912   15.1  1998   17.7  1968   18.7  1959   18.5  1990   16.4  1953   13.1  1943    9.9  1955    8.1  1956    7.72  2026   12.02  1929   18.02  2017   13.00  1953   12.58  1953
    7.5  1920    8.2  1927    9.8  2024   12.1  1980   15.1  1950   17.7  1900   18.7  1917   18.5  1945   16.4  2004   13.1  1963    9.8  2023    8.1  1891    7.71  2023   11.99  2016   17.98  1914   12.96  1948   12.57  1971
    7.5  1937    8.2  1989    9.7  2016   12.0  2004   15.0  2012   17.7  2003   18.7  1900   18.5  1981   16.3  1966   13.1  1914    9.8  1894    8.1  2003    7.69  1976   11.97  1950   17.95  1982   12.94  1968   12.57  1983
    7.5  1950    8.2  1922    9.6  1953   12.0  1898   15.0  1918   17.7  1941   18.7  1949   18.4  1935   16.3  1938   13.1  1954    9.8  1889    8.1  1932    7.68  1944   11.96  1953   17.94  1968   12.94  2025   12.55  2015
    7.5  2004    8.2  1990    9.6  1927   12.0  1938   15.0  1937   17.6  2017   18.7  2005   18.4  1970   16.3  1985   13.1  1962    9.8  1928    8.1  1889    7.66  1911   11.95  1982   17.91  1970   12.91  2016   12.54  1938
    7.4  1971    8.2  2025    9.6  1918   12.0  1948   14.9  1970   17.5  1914   18.7  1923   18.4  2001   16.3  1995   13.1  1985    9.8  1888    8.1  2005    7.65  2000   11.94  1933   17.89  1905   12.89  1998   12.45  2013
    7.4  1924    8.1  1921    9.6  1890   11.9  1993   14.9  2014   17.5  1973   18.6  2017   18.4  1906   16.3  1961   13.1  1925    9.8  1951    8.0  1985    7.61  1993   11.93  1912   17.89  1897   12.88  1906   12.44  2001
    7.4  1964    8.1  2004    9.6  1899   11.9  1921   14.9  1997   17.5  2013   18.6  1969   18.4  1940   16.3  1973   13.1  1997    9.8  1986    8.0  1888    7.60  1981   11.93  1992   17.89  1900   12.88  1951   12.41  2012
    7.4  1943    8.1  1938    9.6  1956   11.9  1892   14.8  1939   17.4  2007   18.5  2000   18.3  2005   16.3  1921   13.0  1913    9.8  1958    8.0  2019    7.58  1937   11.87  1998   17.89  1999   12.84  1955   12.40  1934
    7.4  1998    8.1  1995    9.5  1963   11.8  1957   14.7  1905   17.4  1925   18.5  2010   18.3  1884   16.3  2013   13.0  1951    9.7  2009    8.0  1894    7.57  1990   11.85  1981   17.87  1969   12.83  1996   12.39  1914
    7.3  1889    8.0  1911    9.5  1973   11.8  1961   14.7  1988   17.4  2020   18.4  2009   18.2  1973   16.2  1907   13.0  1965    9.7  1946    8.0  1910    7.52  1916   11.84  1939   17.83  1990   12.78  1914   12.37  1948
    7.3  1968    8.0  1934    9.5  1992   11.8  1981   14.7  1956   17.3  1982   18.4  1994   18.2  1949   16.2  2011   13.0  1999    9.7  1892    7.9  1975    7.50  1973   11.83  2018   17.83  1935   12.75  1983   12.37  1926
    7.3  1973    8.0  2026    9.5  1935   11.7  1988   14.7  2002   17.3  1963   18.4  2016   18.2  1898   16.2  1911   13.0  1910    9.6  1886    7.9  1936    7.49  1896   11.81  1940   17.82  1895   12.75  2004   12.37  1933
    7.3  1935    7.9  1999    9.5  1989   11.7  2005   14.7  1948   17.2  1986   18.3  1899   18.1  2024   16.2  1964   13.0  1975    9.6  1971    7.9  1897    7.47  1914   11.81  1956   17.81  1939   12.72  1886   12.36  1911
    7.3  1906    7.8  1971    9.5  2015   11.7  1996   14.6  1943   17.2  1984   18.3  2008   18.1  1977   16.1  1981   12.9  1899    9.5  2005    7.9  1984    7.47  1967   11.78  1895   17.80  1973   12.70  1979   12.34  1957
    7.2  1967    7.8  1982    9.4  1923   11.7  2017   14.6  2009   17.2  2022   18.3  1952   18.1  2006   16.1  2007   12.9  1898    9.5  1906    7.9  1977    7.47  1926   11.76  1921   17.80  1925   12.70  2017   12.33  1982
    7.2  2024    7.8  2006    9.3  2010   11.7  1900   14.6  1935   17.2  1989   18.2  1898   18.0  2009   16.1  1997   12.9  1958    9.5  1902    7.9  1955    7.47  1971   11.75  1949   17.79  1932   12.70  1969   12.31  1984
    7.2  1996    7.8  1974    9.3  1912   11.7  1976   14.6  1887   17.2  2008   18.2  2001   18.0  1909   16.1  1917   12.9  1990    9.5  1979    7.8  1959    7.44  1946   11.73  1988   17.76  1977   12.69  1929   12.30  1939
    7.2  2014    7.7  1980    9.3  1921   11.7  1939   14.5  2010   17.2  1936   18.1  1987   18.0  1925   16.1  1980   12.9  2025    9.5  1921    7.8  1973    7.44  1934   11.70  1942   17.76  1950   12.69  1991   12.29  1890
    7.2  1905    7.7  1913    9.3  1983   11.6  2018   14.5  1946   17.2  1969   18.1  1972   17.9  1917   16.1  1936   12.9  1897    9.5  1963    7.8  1908    7.42  1950   11.69  1914   17.74  2008   12.67  1897   12.26  1976
    7.2  2003    7.7  2021    9.3  2020   11.6  2008   14.5  2006   17.1  1906   18.1  1996   17.9  1886   16.0  2001   12.9  1984    9.4  1998    7.8  1948    7.40  1903   11.67  2015   17.74  1917   12.63  1933   12.25  1960
    7.1  1994    7.7  1899    9.3  1952   11.6  1959   14.4  1945   17.1  1943   18.1  1945   17.9  1897   15.9  1939   12.9  1886    9.4  1890    7.7  1986    7.37  1889   11.67  2021   17.72  1884   12.62  1939   12.25  1944
    7.1  1999    7.7  1884    9.2  1944   11.5  1964   14.4  1991   17.1  1915   18.1  1925   17.9  1938   15.9  1969   12.8  1936    9.4  1947    7.7  1893    7.36  1909   11.66  1894   17.72  1898   12.62  1964   12.22  1884
    7.1  2019    7.7  1946    9.2  1994   11.5  2006   14.4  1929   17.1  1966   18.0  1884   17.9  1998   15.9  1978   12.8  1986    9.4  1898    7.7  2011    7.33  1927   11.65  1991   17.72  1960   12.61  2018   12.21  1896
    7.1  1992    7.7  1910    9.2  1946   11.5  1962   14.4  1888   17.1  1933   18.0  1929   17.9  2018   15.9  2025   12.7  1916    9.4  1941    7.6  1951    7.29  1894   11.61  1935   17.72  1991   12.60  1963   12.20  1887
    7.0  1911    7.6  1962    9.2  1977   11.4  1954   14.4  1912   17.1  1942   18.0  1894   17.9  1999   15.9  2024   12.7  1998    9.4  1918    7.6  1911    7.28  1972   11.58  1993   17.71  1943   12.53  1916   12.19  1991
    7.0  1927    7.6  1967    9.1  1982   11.4  1919   14.4  1982   17.0  1967   18.0  1992   17.9  1918   15.9  1951   12.7  1983    9.4  1914    7.6  1949    7.27  1988   11.58  2001   17.67  1992   12.52  1989   12.16  1961
    7.0  1922    7.6  2020    9.1  1896   11.4  1890   14.4  1942   17.0  1996   18.0  1958   17.9  1969   15.8  1915   12.6  1948    9.3  1975    7.5  1966    7.27  1938   11.58  1927   17.66  2007   12.49  1986   12.16  1973
    7.0  1962    7.6  1975    9.1  1949   11.4  1909   14.3  1984   16.9  1951   17.9  2011   17.9  2017   15.8  1914   12.6  1994    9.2  1992    7.5  1919    7.24  1908   11.56  1918   17.65  1896   12.46  1970   12.14  1955
    7.0  1913    7.6  2014    9.1  1993   11.4  1990   14.3  1930   16.9  2000   17.9  2024   17.8  1980   15.8  1968   12.6  1938    9.2  1916    7.4  1922    7.23  1906   11.53  1974   17.65  1906   12.46  2000   12.14  1988
    7.0  1960    7.5  2009    9.1  1902   11.4  1915   14.3  1927   16.8  1953   17.9  1944   17.8  2008   15.8  2008   12.6  1970    9.2  1922    7.4  1957    7.23  1901   11.51  1989   17.64  2020   12.44  1975   12.09  1889
    7.0  1900    7.5  1905    9.1  1936   11.4  1972   14.3  1928   16.8  1884   17.9  1904   17.8  1932   15.8  1934   12.5  1953    9.2  2008    7.4  2014    7.22  1961   11.51  1980   17.62  1944   12.43  1943   12.09  1894
    6.9  1995    7.4  1976    9.1  1939   11.3  1975   14.2  1917   16.8  1965   17.9  2023   17.7  1927   15.8  1970   12.5  2018    9.2  1940    7.4  2017    7.22  1928   11.45  1901   17.62  1945   12.43  2010   12.08  1932
    6.9  1909    7.4  1958    9.0  2008   11.3  1967   14.2  1977   16.7  1918   17.9  2007   17.7  1913   15.7  1902   12.5  1933    9.2  1949    7.3  2001    7.18  1905   11.45  1964   17.61  1936   12.42  1928   12.08  1994
    6.9  2025    7.4  1909    9.0  1920   11.3  1985   14.2  1944   16.7  1947   17.8  1950   17.7  2007   15.7  1920   12.5  1960    9.2  1959    7.3  1943    7.18  2003   11.42  1926   17.58  1891   12.41  1894   12.07  1935
    6.8  1969    7.4  2001    9.0  1926   11.3  2021   14.2  1971   16.7  1888   17.8  1941   17.6  1953   15.7  1886   12.4  1957    9.2  1960    7.2  2000    7.16  1924   11.40  2006   17.57  1996   12.39  1961   12.06  1920
    6.8  2013    7.4  1912    9.0  1968   11.2  1940   14.2  1966   16.7  1898   17.8  1886   17.6  1989   15.7  1893   12.4  1982    9.1  1956    7.2  2012    7.14  1984   11.40  1919   17.55  1885   12.37  1902   12.06  1908
    6.8  1907    7.3  2005    8.8  1905   11.2  1901   14.2  1892   16.7  1993   17.7  1932   17.6  1996   15.7  1913   12.4  1988    9.1  1943    7.2  1885    7.12  1885   11.38  1984   17.54  1889   12.37  1960   12.06  1992
    6.7  1953    7.3  1932    8.8  1940   11.2  1895   14.1  2011   16.7  2015   17.7  1967   17.6  2015   15.6  1989   12.4  1961    9.1  1932    7.2  1970    7.11  1912   11.37  1887   17.54  2001   12.36  1884   12.03  1942
    6.7  1901    7.3  2003    8.8  1884   11.2  1965   14.1  1921   16.6  1904   17.7  1951   17.6  1952   15.6  1916   12.3  1931    9.1  1970    7.2  1929    7.07  1939   11.32  1995   17.52  1957   12.36  1973   12.03  1918
    6.7  1988    7.3  1957    8.8  1988   11.1  1956   14.1  2019   16.6  1890   17.7  1979   17.6  1942   15.6  1956   12.3  1906    9.0  1957    7.1  1902    7.06  1960   11.32  1971   17.44  1941   12.35  1936   12.03  1897
    6.7  2015    7.3  1948    8.8  1972   11.1  1968   14.1  1884   16.6  2019   17.7  1889   17.5  2010   15.6  1982   12.3  2020    9.0  1980    7.1  1923    7.04  1958   11.31  1911   17.43  1901   12.35  1888   12.02  1940
    6.7  1887    7.3  2016    8.7  1932   11.1  1971   14.1  1936   16.6  1920   17.7  1973   17.5  1987   15.6  1967   12.3  2000    8.9  1895    7.1  2002    7.03  2015   11.27  1978   17.42  2024   12.35  1990   12.00  1968
    6.6  1961    7.3  1987    8.7  1978   11.0  1887   14.0  1949   16.6  1917   17.7  1914   17.5  1974   15.6  1919   12.2  1924    8.9  1990    7.1  1947    7.01  2013   11.22  1884   17.41  2002   12.34  1895   11.98  1964
    6.6  1904    7.3  1898    8.7  1915   11.0  1969   14.0  1909   16.4  1911   17.6  1928   17.4  1895   15.5  1940   12.2  1904    8.9  1929    7.0  1982    7.00  1954   11.16  1898   17.39  1918   12.31  1972   11.95  1891
    6.6  1899    7.3  1937    8.7  1910   11.0  1937   14.0  1961   16.4  1961   17.6  1918   17.4  1982   15.5  2017   12.2  1928    8.9  1988    7.0  1967    7.00  2009   11.14  1954   17.38  1937   12.31  1924   11.95  1900
    6.6  2018    7.2  1984    8.7  1971   11.0  1916   14.0  1934   16.4  1979   17.6  1947   17.4  1901   15.5  1901   12.2  1894    8.9  1991    7.0  2008    6.98  1997   11.14  1889   17.32  1919   12.31  1984   11.95  1974
    6.6  1908    7.2  1950    8.6  1889   11.0  1963   14.0  2003   16.4  1885   17.5  2004   17.3  1960   15.5  2015   12.2  1884    8.9  1987    7.0  1913    6.97  1953   11.14  1963   17.30  1952   12.31  1956   11.90  1946
    6.6  1914    7.1  1893    8.6  1967   11.0  1947   14.0  1995   16.4  1908   17.5  1891   17.3  1887   15.5  1960   12.2  1956    8.9  2013    7.0  1930    6.94  1983   11.13  1976   17.29  1967   12.28  2008   11.90  1977
    6.5  2009    7.0  2015    8.6  1960   10.9  1930   14.0  1920   16.4  1897   17.5  1908   17.3  1915   15.5  1930   12.1  1893    8.9  1885    7.0  1938    6.88  1918   11.10  1930   17.29  1942   12.27  1946   11.89  1929
    6.5  2026    7.0  1944    8.5  1887   10.9  1902   13.9  2005   16.4  1926   17.5  1946   17.3  1964   15.4  1948   12.1  1888    8.9  1937    7.0  2020    6.85  1891   11.10  1899   17.29  1886   12.26  1982   11.89  1905
    6.5  1942    7.0  2013    8.5  1974   10.8  1884   13.9  1957   16.4  1983   17.5  1956   17.3  1900   15.4  1937   12.1  1942    8.9  1903    7.0  1940    6.82  1933   11.09  1977   17.23  1953   12.24  2019   11.88  1928
    6.5  1930    7.0  1964    8.5  1942   10.8  1886   13.9  1975   16.3  1910   17.4  1906   17.2  1950   15.4  1983   12.1  1923    8.8  1973    7.0  1965    6.81  1948   11.08  1987   17.21  2012   12.24  1900   11.87  1947
    6.5  1885    7.0  1924    8.5  1903   10.8  1885   13.9  1914   16.3  1974   17.4  1916   17.2  2011   15.4  1889   12.1  1915    8.8  1912    6.9  1907    6.80  1942   11.08  1973   17.13  1915   12.19  1931   11.87  1906
    6.4  1902    6.9  1988    8.4  1897   10.8  1927   13.9  1965   16.3  2002   17.4  1948   17.2  1885   15.4  1972   12.0  1935    8.8  1968    6.9  1904    6.80  2001   11.08  1955   17.12  1951   12.19  1985   11.87  1970
    6.4  1982    6.9  1972    8.4  1922   10.7  1911   13.9  1981   16.3  1945   17.4  1985   17.1  1994   15.4  2012   12.0  1973    8.8  1984    6.9  1944    6.77  2021   11.08  1975   17.10  2015   12.19  1889   11.86  1967
    6.4  1912    6.9  1933    8.3  1954   10.7  1935   13.9  1933   16.2  1894   17.4  1964   17.1  1967   15.4  1976   12.0  2003    8.8  1954    6.9  1990    6.77  1892   11.07  1994   17.07  1904   12.17  1977   11.86  2010
    6.3  1997    6.8  1925    8.3  1914   10.7  1958   13.8  1993   16.2  2024   17.4  1968   17.1  2014   15.3  1946   12.0  2019    8.7  1982    6.9  1928    6.76  1964   11.07  1936   17.05  1916   12.16  1926   11.85  1936
    6.3  1958    6.8  1931    8.3  2006   10.7  1994   13.7  2021   16.2  1962   17.3  1896   17.1  1971   15.3  1979   12.0  1930    8.7  1934    6.9  1999    6.73  2018   11.06  1915   17.05  1966   12.15  1891   11.85  1996
    6.3  1946    6.7  1952    8.3  1986   10.7  1906   13.7  1924   16.2  1931   17.3  1937   17.1  1958   15.3  1899   12.0  1891    8.7  1927    6.8  1926    6.71  1987   11.06  1905   17.04  2011   12.15  1940   11.85  1980
    6.2  1970    6.7  1892    8.2  1898   10.6  2001   13.7  1976   16.2  1919   17.2  1907   17.1  1928   15.3  1928   12.0  2002    8.7  1967    6.8  1979    6.70  1919   11.04  1965   17.04  1971   12.14  1917   11.81  1941
    6.2  1910    6.7  1966    8.2  1925   10.6  1904   13.7  1954   16.1  1935   17.2  1942   17.0  1910   15.3  1987   11.9  1909    8.7  1900    6.8  1958    6.65  1962   10.96  1966   17.02  1998   12.14  1927   11.80  1913
    6.2  1918    6.7  1889    8.2  1906   10.6  2012   13.6  1958   16.1  1937   17.2  1953   17.0  1943   15.3  1894   11.9  1966    8.7  2017    6.8  1920    6.62  1931   10.93  1972   16.99  1994   12.13  1934   11.80  1993
    6.1  1948    6.7  1941    8.2  1895   10.6  1991   13.6  1903   16.1  1998   17.2  1890   17.0  1957   15.2  2018   11.9  1955    8.6  1989    6.8  1962    6.61  1980   10.91  1920   16.96  1979   12.11  1980   11.79  1950
    6.1  1931    6.7  1973    8.1  1941   10.6  1992   13.6  1910   16.1  1886   17.2  1960   17.0  1961   15.2  1984   11.9  1911    8.6  1907    6.7  1993    6.60  1945   10.89  1922   16.95  1988   12.11  1907   11.78  1981
    6.1  1903    6.7  1890    8.1  1930   10.5  2013   13.6  1931   16.1  1977   17.2  1966   16.9  1888   15.2  1935   11.9  1902    8.6  1901    6.7  1884    6.60  1887   10.83  1892   16.93  1930   12.10  1911   11.77  1958
    6.1  1954    6.6  1981    8.1  1976   10.4  1928   13.5  1897   16.0  1929   17.2  1927   16.9  1948   15.2  1990   11.9  2008    8.5  2012    6.6  1969    6.59  1959   10.81  1928   16.93  1981   12.08  1988   11.77  1978
    6.0  2011    6.5  1996    8.1  1965   10.4  1931   13.5  1973   16.0  1892   17.2  2012   16.8  1941   15.2  1963   11.9  1934    8.5  1904    6.6  1915    6.55  1910   10.78  1907   16.91  1958   12.07  1954   11.77  1927
    5.9  1972    6.4  1907    8.0  1885   10.4  1913   13.5  1962   16.0  1952   17.2  1963   16.8  1966   15.2  1904   11.9  1967    8.5  1942    6.6  1964    6.50  1968   10.78  1968   16.90  1938   12.05  1937   11.76  1937
    5.9  1986    6.4  1915    8.0  1975   10.3  1953   13.5  2013   16.0  2001   17.2  1895   16.8  1896   15.2  1888   11.9  1937    8.5  1926    6.5  1992    6.49  1907   10.78  1985   16.89  1929   12.05  1967   11.76  1925
    5.8  2001    6.4  1965    7.9  1911   10.3  2016   13.5  1899   16.0  2011   17.1  1903   16.8  1978   15.1  1993   11.8  1976    8.5  1961    6.4  1933    6.43  1994   10.73  1910   16.89  1923   11.99  1981   11.75  1901
    5.8  1939    6.4  1960    7.9  1891   10.2  1899   13.4  1900   15.9  1999   17.1  1919   16.7  1934   15.1  1903   11.8  1929    8.5  1930    6.4  1968    6.42  1888   10.70  1967   16.86  1890   11.97  1966   11.70  1924
    5.8  1894    6.3  1916    7.9  1913   10.2  2000   13.4  1985   15.9  1990   17.0  2002   16.7  1890   15.1  1977   11.8  1946    8.4  1974    6.4  1989    6.41  1978   10.66  1970   16.85  1963   11.97  1904   11.67  1966
    5.8  1915    6.3  1940    7.9  1995   10.2  1998   13.4  1969   15.9  1938   17.0  2015   16.7  1979   15.1  1910   11.8  1991    8.4  2000    6.3  1946    6.40  1966   10.63  1937   16.85  1908   11.96  1930   11.67  1969
    5.8  1891    6.3  1977    7.8  1934   10.2  1973   13.4  1987   15.9  1903   17.0  1998   16.7  1892   15.1  1975   11.7  2004    8.4  1976    6.3  1906    6.39  1952   10.63  1908   16.81  1964   11.96  1957   11.65  1956
    5.8  1893    6.2  2018    7.7  2001   10.1  1918   13.3  1938   15.8  1924   17.0  1939   16.7  1988   15.0  1943   11.7  1940    8.4  1944    6.3  1896    6.37  1897   10.60  1932   16.80  1894   11.96  1893   11.65  1972
    5.7  1991    6.2  1985    7.7  1928   10.1  1925   13.3  1994   15.8  1922   17.0  2020   16.7  1923   15.0  1994   11.7  1964    8.4  1884    6.3  1978    6.37  1996   10.59  1900   16.79  1974   11.89  1962   11.64  1910
    5.7  2021    6.2  1917    7.6  1985   10.0  1936   13.3  1974   15.8  1944   17.0  1915   16.7  1931   15.0  1942   11.7  1950    8.4  1909    6.3  1899    6.30  1893   10.58  1909   16.73  1987   11.87  1976   11.63  1987
    5.7  1951    6.1  1936    7.6  1908   10.0  1929   13.3  1904   15.8  1901   16.9  1957   16.7  1951   14.9  1988   11.6  1900    8.3  1962    6.2  2022    6.17  1930   10.54  1947   16.70  1910   11.87  1942   11.63  1916
    5.7  1978    5.9  1901    7.5  1984   10.0  1924   13.2  1898   15.8  1997   16.9  1936   16.7  1904   14.9  1896   11.6  1903    8.3  1972    6.2  1925    6.14  1991   10.53  1934   16.64  1980   11.86  1901   11.61  1952
    5.6  1919    5.9  1906    7.5  1964    9.9  1907   13.2  1932   15.7  1978   16.9  1940   16.6  1992   14.9  1897   11.6  1919    8.3  2016    6.2  1939    6.13  1970   10.53  1897   16.63  1993   11.85  1903   11.58  1885
    5.6  1966    5.8  1886    7.5  1955    9.9  1910   13.1  1915   15.7  1946   16.8  1938   16.6  1908   14.9  1986   11.6  2012    8.3  2019    6.1  1887    6.12  1965   10.48  1903   16.58  1888   11.83  2012   11.57  1919
    5.5  1933    5.7  1991    7.5  1987    9.9  1950   13.0  1913   15.7  1964   16.8  1986   16.6  1993   14.8  1944   11.5  1939    8.3  1933    6.1  1892    6.08  1982   10.47  1983   16.57  1928   11.82  1935   11.57  1912
    5.5  1956    5.7  1954    7.4  1980    9.8  1888   13.0  1941   15.7  1956   16.8  1924   16.6  1929   14.8  1887   11.5  1952    8.2  1935    6.1  1895    6.08  1956   10.45  1962   16.55  1948   11.82  1925   11.56  1931
    5.5  1947    5.6  1978    7.3  1970    9.8  1977   13.0  1926   15.6  1980   16.7  1910   16.6  1965   14.8  1923   11.5  1901    8.2  1996    6.1  1952    6.06  1900   10.45  1902   16.54  1961   11.79  1910   11.56  1923
    5.5  1892    5.5  1919    7.3  1904    9.8  1932   12.9  1886   15.6  1958   16.7  1981   16.6  1891   14.8  1909   11.5  1907    8.2  1896    6.0  1996    6.00  1886   10.44  1913   16.52  1931   11.76  1987   11.56  1930
    5.4  1965    5.5  1888    7.3  1924    9.8  1934   12.9  1963   15.6  1902   16.7  1978   16.5  1921   14.7  1885   11.4  1944    8.2  1911    5.9  1963    5.96  1985   10.38  1996   16.48  1946   11.69  1909   11.55  1888
    5.3  1984    5.5  1942    7.3  2018    9.7  1920   12.9  1891   15.6  1912   16.7  1931   16.5  1907   14.7  1908   11.4  1889    8.1  1936    5.9  1917    5.94  1915   10.38  1904   16.44  1962   11.64  1915   11.55  1915
    5.3  1980    5.4  1970    7.2  1886    9.7  1970   12.9  1951   15.5  2012   16.7  1962   16.5  1962   14.6  1905   11.4  1932    8.1  1925    5.9  1909    5.90  2011   10.36  1925   16.43  1978   11.62  1932   11.54  1895
    5.2  1929    5.4  1983    7.1  1931    9.7  1978   12.9  1986   15.5  1981   16.6  1930   16.5  1930   14.5  1924   11.4  1912    8.0  1893    5.8  1937    5.87  1904   10.35  1931   16.43  1965   11.55  1944   11.52  1951
    5.2  1977    5.4  2010    7.1  1996    9.6  1891   12.8  1916   15.4  1985   16.6  1993   16.4  1972   14.4  1950   11.4  1922    8.0  1993    5.7  1901    5.85  1955   10.33  1906   16.40  1909   11.53  1922   11.50  1962
    5.2  1987    5.3  1904    7.0  1901    9.6  1897   12.8  2015   15.4  1994   16.6  1974   16.3  1902   14.4  1957   11.3  1980    7.8  1891    5.7  1960    5.75  1929   10.33  1924   16.40  1913   11.35  1912   11.45  1954
    5.0  1886    5.3  1951    6.9  1917    9.6  1889   12.8  1925   15.4  1955   16.4  1980   16.3  1889   14.4  1992   11.3  1918    7.7  1977    5.7  1914    5.74  1986   10.32  1923   16.37  1927   11.28  1992   11.45  1904
    5.0  1936    5.3  1994    6.9  1951    9.6  1905   12.6  1972   15.3  1948   16.4  1970   16.3  1905   14.4  1932   11.3  1926    7.7  1966    5.6  1903    5.66  1969   10.31  1886   16.36  1920   11.27  1965   11.42  1903
    4.8  1952    5.1  1968    6.8  1979    9.5  1979   12.6  1955   15.3  1913   16.4  1902   16.3  1924   14.3  1931   11.1  1987    7.6  2010    5.5  1927    5.63  1941   10.24  1969   16.36  1903   11.25  1892   11.41  1907
    4.8  1955    5.0  1929    6.7  1919    9.5  1983   12.6  1983   15.3  1923   16.3  1909   16.3  1954   14.3  1954   10.5  1993    7.6  1950    5.5  2009    5.62  1902   10.23  1885   16.34  1986   11.24  1950   11.41  1886
    4.8  1897    4.9  1900    6.7  1900    9.5  1989   12.4  1996   15.3  1954   16.3  1988   16.2  1946   14.3  1925   10.5  1974    7.6  1905    5.4  1961    5.47  1940   10.18  1888   16.31  1924   11.23  1919   11.37  1922
    4.7  1959    4.8  1956    6.5  1892    9.5  1923   12.4  1907   15.1  1971   16.3  1920   16.2  1920   14.2  1965   10.4  1887    7.3  1887    5.4  1995    5.46  1936   10.14  1891   16.26  1956   11.20  1993   11.37  1909
    4.7  2010    4.7  1930    6.4  1962    9.4  1951   12.2  1968   15.0  1928   16.2  1961   16.1  1894   14.2  1962   10.3  1905    7.3  1952    5.4  1935    5.20  1977   10.10  1958   16.23  1892   11.18  1918   11.33  1917
    4.2  1917    4.6  1979    6.3  1909    9.3  1903   12.2  1967   14.9  1991   16.2  1912   16.1  1963   14.1  1892   10.2  1992    7.3  1910    5.2  1890    5.18  2010   10.07  1941   16.22  1972   11.13  1885   11.32  1985
    4.0  1940    4.6  1902    6.3  1969    9.1  1908   12.2  1894   14.8  1909   16.1  1888   16.0  1903   14.1  1927   10.1  1917    7.1  1985    5.2  1916    5.16  1917    9.94  1986   16.19  1985   11.04  1923   11.28  1902
    3.8  1985    4.1  1955    6.3  1888    9.0  1941   12.1  1906   14.5  1987   16.1  1913   15.7  1985   14.0  1922   10.0  1892    7.1  1969    4.9  1886    4.86  1951    9.93  1917   16.11  1902   10.88  1974   11.27  1965
    3.6  1979    3.6  1969    6.0  1937    8.8  1966   12.0  1923   14.4  1916   16.0  1965   15.6  1956   13.8  1912    9.9  1981    7.0  1915    4.2  1981    4.84  1979    9.87  1916   15.95  1907   10.84  1887   11.17  1963
    3.5  1945    3.5  1963    5.9  1958    8.7  1922   11.9  1885   14.1  1907   15.9  1892   15.1  1922   13.8  1974    9.9  1895    6.5  1919    4.2  1976    4.74  1895    9.82  2013   15.72  1954   10.81  1905   11.13  1986
    3.3  1941    3.0  1986    5.8  1916    8.7  1986   11.9  1979   14.1  1927   15.6  1954   15.0  1986   13.5  1952    9.8  1885    6.5  1965    3.6  1950    4.51  1947    9.74  1951   15.45  1922   10.78  1896   11.11  1892
    3.2  1895    2.9  1895    5.5  2013    8.6  1917   11.4  1902   14.1  1972   15.4  1922   14.4  1912   12.9  1918    9.3  1896    6.2  1923    2.8  2010    4.22  1963    9.39  1979   15.39  1912   10.77  1952   11.05  1979
    2.3  1963    1.5  1947    5.5  1947    ---  2026    ---  2026    ---  2026    ---  2026    ---  2026    ---  2026    ---  2026    ---  2026    ---  2026     ---  1884     ---  2026     ---  2026     ---  2026     ---  2026
