Areal values from HadUK-Grid 1km gridded climate data from land surface network
Source: Met Office National Climate Information Centre
Monthly, seasonal and annual total duration of bright sunshine for Northern Ireland
Areal series, starting in 1910
Last updated 01-Apr-2026 11:35
    jan  year    feb  year    mar  year    apr  year    may  year    jun  year    jul  year    aug  year    sep  year    oct  year    nov  year    dec  year     win  year     spr  year     sum  year     aut  year     ann  year
   75.0  1959  102.3  2004  187.5  2022  216.2  2021  283.9  2025  258.6  1940  246.9  1955  262.4  1947  165.2  1991  113.7  1939   87.7  1925   61.9  2001   201.7  2011   614.3  2025   611.0  1995   334.8  1986  1515.2  1911
   71.2  2011  101.0  1960  161.7  1929  215.7  2025  272.5  1946  258.6  1957  234.3  1989  254.0  1976  160.9  1933  111.4  1987   82.6  1918   61.4  2010   186.8  2001   559.0  2020   588.3  1911   313.5  1987  1461.3  1975
   66.0  1928   98.1  1996  160.8  1924  209.3  2015  256.4  1975  253.9  1949  222.8  2013  236.3  1995  159.8  1986  110.7  1952   81.6  1910   58.9  1935   185.5  1957   541.5  1975   560.2  1968   298.2  2010  1442.5  1955
   65.9  2001   96.9  2018  154.1  2003  208.1  1922  252.4  2017  244.9  1925  210.3  1990  195.8  1968  153.1  1987  109.3  1923   79.4  1950   57.7  1960   181.1  1960   539.3  2007   557.9  1976   295.7  1919  1432.1  1919
   65.5  1957   96.3  1968  146.0  1982  207.6  1942  245.3  2000  237.7  1939  207.3  2006  191.5  1911  148.0  1996  108.8  1929   76.7  1915   53.3  1916   180.7  2018   529.8  1962   550.2  1977   295.6  1915  1426.3  1959
   65.1  1939   94.6  1957  144.9  1923  207.3  1962  239.5  1935  231.5  2009  201.7  1934  190.0  2022  147.2  1928  107.2  1922   76.5  2010   52.7  1946   179.6  1961   527.3  2008   541.6  1989   295.0  1959  1414.9  1995
   63.3  2025   93.4  1970  143.2  1975  207.0  2020  238.2  1927  229.2  1930  200.1  1910  186.9  1977  144.7  1911  106.2  2019   76.3  2016   52.5  1929   178.9  1919   522.0  1948   533.0  1975   294.5  1911  1410.6  2010
   62.5  1922   87.9  2001  142.0  1955  204.6  1974  237.2  1984  227.4  1960  195.7  1943  183.4  1997  142.2  1949  106.1  1926   75.7  1927   51.1  1938   178.1  2004   521.8  1955   531.1  1926   292.0  1923  1386.5  2025
   60.7  1943   86.2  1916  140.2  1922  201.5  1918  235.8  2008  226.6  1975  191.4  1911  182.5  2003  138.6  1959  105.3  1986   75.0  1935   50.3  2022   176.3  2003   511.0  1929   522.0  1917   291.8  1991  1378.4  2006
   60.5  1991   85.6  2006  134.0  1911  195.1  2011  235.4  1977  226.5  2018  191.2  1935  176.0  1914  137.0  1915  105.0  2010   74.3  1974   49.6  2012   173.6  2002   506.7  1946   519.3  1947   288.7  1927  1375.6  1989
   59.9  1961   83.0  2003  133.0  2015  193.7  2007  234.7  1928  225.8  2023  185.7  1917  173.5  1931  135.8  1971  103.8  1998   73.4  1947   48.3  2009   172.4  1946   494.4  2015   513.1  1925   282.3  1952  1374.9  1977
   58.7  2003   82.3  1941  129.6  2010  189.0  1938  232.9  1948  219.2  1995  182.5  1984  170.6  1919  134.0  2024  102.7  1931   73.3  1923   47.0  1963   172.4  1968   491.8  1922   512.0  1960   279.3  1929  1362.8  1968
   58.6  1965   82.2  2008  128.6  2020  187.9  1957  225.1  2007  215.3  1921  181.2  2021  169.7  2000  133.6  1997  100.9  2015   73.0  1948   46.5  1918   170.7  1936   489.9  2022   511.0  2018   279.2  1971  1362.1  1935
   58.6  1933   81.7  1989  125.7  1948  187.2  1914  224.2  1989  207.9  1926  179.4  1919  164.8  1944  133.3  1914  100.8  1966   72.8  2005   46.1  1990   169.9  1963   487.9  1928   508.3  2006   278.1  1974  1361.6  1960
   58.6  2015   80.1  2013  124.5  2004  184.4  1969  223.3  2020  207.3  1959  178.6  1977  164.5  2010  132.7  1955   98.0  1994   72.0  1976   46.1  1948   169.3  1928   486.1  1984   505.7  1919   277.5  2019  1361.0  2018
   58.4  1978   78.9  2019  122.8  1918  177.3  1955  221.1  1980  207.2  1968  178.5  1982  157.8  1926  131.8  1972   97.6  1919   70.2  1964   46.0  1923   167.4  1916   485.7  2010   505.0  1969   276.7  1910  1358.4  2003
   58.3  1963   78.7  1944  121.7  1937  175.6  1984  220.0  1911  206.0  1951  177.2  1983  156.7  1974  131.0  1921   97.1  1927   70.0  1977   46.0  1920   166.8  1951   485.3  2011   497.9  1934   276.4  1933  1354.0  2009
   57.5  1985   77.5  1932  120.9  1962  174.9  1954  218.3  2016  205.5  1911  177.1  1999  156.0  1913  128.4  1919   96.9  1961   69.8  1919   45.2  2025   165.7  1959   484.4  1959   497.2  2013   275.3  1996  1353.8  1928
   57.1  1946   77.1  1955  120.8  1999  174.6  2008  218.3  1943  205.2  1969  174.4  2018  154.6  1945  127.9  1995   95.9  2020   69.7  1986   45.2  2019   165.5  2015   484.2  1911   497.0  1949   273.6  1949  1351.4  1949
   56.9  1971   77.1  1967  120.5  2007  172.4  1936  216.0  2018  202.8  1932  170.1  1971  154.0  1975  127.7  1964   95.5  2003   69.1  2013   44.9  1932   162.1  2010   482.8  2021   494.0  2009   273.2  1998  1348.1  1927
   56.7  1919   76.7  1951  119.8  2011  170.4  2003  215.6  1959  201.9  1915  166.0  2017  153.8  1938  125.4  2015   95.4  1981   68.5  2003   44.9  1945   162.0  1996   481.0  2016   493.8  1955   271.3  1926  1341.0  2015
   56.3  2024   75.7  1919  118.9  1933  166.4  1925  214.5  1950  196.2  1970  165.4  1926  153.7  1928  125.2  1954   95.4  1956   68.3  1911   44.1  1965   161.7  1991   480.6  1942   492.3  1940   271.1  1928  1334.5  1915
   55.4  1931   75.4  1949  118.8  2017  166.4  2013  208.9  1997  194.4  1917  163.0  1969  152.9  1991  124.3  2020   94.8  2008   68.1  1930   43.9  2006   161.7  2007   478.6  1927   483.4  1921   270.6  1972  1328.1  1950
   55.3  1958   75.4  1963  117.6  1950  166.1  1945  204.7  1937  194.4  1934  161.2  1918  152.4  2019  124.0  1929   94.7  1912   67.6  1965   43.8  2014   161.3  2020   477.9  1982   480.6  1910   269.8  2012  1321.3  2007
   55.3  2021   75.2  1975  117.4  2012  165.8  1981  203.7  1929  190.4  1989  158.5  1972  151.8  1916  123.3  2002   94.7  2013   67.6  2022   43.5  1970   160.4  1967   477.8  1935   475.8  1939   268.7  1966  1317.6  1910
   53.9  1988   74.1  2020  117.1  2002  165.6  1951  202.7  1966  189.8  2006  158.3  1966  150.8  2014  122.7  2023   94.1  1932   67.4  1942   43.0  1967   160.0  1979   475.5  2017   475.6  1959   267.8  1994  1317.1  1984
   53.8  2010   73.4  1986  117.0  2008  165.1  1968  202.5  2001  188.6  1918  157.2  1968  150.5  1960  122.1  2009   94.0  2000   67.3  1990   42.3  1952   158.6  1943   468.0  1953   473.5  2014   267.2  2014  1315.9  1929
   52.8  1977   73.1  1910  116.6  1970  164.0  1930  202.5  1955  188.3  1936  156.5  1921  150.2  2012  121.6  1930   93.8  1920   67.2  2006   41.9  1995   158.4  1939   466.6  2012   472.0  1914   266.8  2023  1311.3  2022
   51.5  1990   72.6  1936  116.5  1932  163.9  2006  202.0  1951  187.6  2010  156.4  1963  149.7  1962  121.4  1934   93.6  1974   66.4  1959   41.8  1957   157.6  1989   465.1  1918   470.1  1984   266.6  1925  1310.7  1957
   51.3  1951   71.6  1915  116.2  1986  163.4  2014  201.7  1962  187.4  1996  156.3  1913  149.4  1992  120.5  1960   93.3  2012   66.1  2011   41.3  2016   157.4  2006   464.9  1951   463.9  1950   266.0  2015  1308.0  1974
   51.2  1955   71.3  1978  115.2  2026  163.4  1948  201.2  1915  184.9  1929  155.5  2014  148.9  1970  120.4  1918   93.2  1984   66.1  1966   41.3  1978   157.2  1949   463.2  1989   462.3  1935   265.9  2003  1307.4  1918
   50.2  1942   71.3  2016  115.1  1949  163.2  1994  199.3  1942  184.6  1977  155.5  1995  147.5  1925  119.9  2022   93.1  2018   65.8  1996   41.0  2003   156.6  1930   462.5  1977   461.8  1997   265.8  1918  1305.6  1951
   49.8  2009   71.2  1943  114.8  2025  162.6  1932  198.5  2010  184.2  1950  153.9  1948  147.2  2001  119.7  2019   92.4  1936   65.0  1967   40.8  1994   156.5  2013   462.0  1980   461.6  1918   265.1  1914  1304.4  1948
   49.4  2023   70.5  1946  114.7  1959  162.5  2022  195.7  2012  181.0  1956  152.9  1958  146.5  1939  117.9  2012   92.2  1988   65.0  1928   40.7  1919   155.6  1971   459.7  1950   459.9  1974   264.8  1967  1301.0  1962
   49.4  2018   69.7  1937  114.3  1963  162.1  1912  195.6  1919  178.7  1974  152.5  1975  143.9  1927  117.3  1963   92.0  1993   64.4  2009   39.9  1925   155.5  1970   458.3  2003   457.9  1957   264.7  1955  1298.9  2013
   49.4  1962   69.6  1979  114.1  1953  161.8  1976  194.9  2021  177.9  1963  150.1  2007  143.5  1955  117.3  1952   91.7  2014   64.2  1932   39.9  1982   155.4  1917   457.6  1919   457.5  1951   264.1  1961  1296.1  1982
   49.1  1979   69.6  2007  114.1  2001  160.4  1953  194.3  1990  177.8  2015  149.7  1912  142.8  1959  116.7  2014   91.4  1971   64.2  1970   39.6  1979   154.7  2021   457.4  1915   454.5  1943   263.2  2016  1293.3  1925
   48.9  1920   69.5  2002  113.2  2016  160.3  1990  193.7  2009  177.5  1988  146.7  2009  142.5  1984  116.7  2010   90.7  1962   63.1  2023   39.3  1959   154.3  1933   455.5  1923   452.0  2023   262.8  2022  1290.2  1926
   48.2  2007   69.5  1988  112.7  1919  159.8  1960  193.6  1953  175.8  1916  146.4  1942  142.1  1966  115.9  1927   90.6  2016   62.4  1949   39.2  1951   153.9  1915   454.9  2000   451.7  2010   262.7  1995  1288.8  2020
   48.1  1911   69.4  1956  112.6  1931  159.2  2002  193.1  1949  174.1  1976  145.3  1927  141.9  1917  115.6  2001   90.5  1948   62.2  1988   38.8  1950   153.5  1988   452.6  2009   451.5  2003   262.2  1964  1288.5  1939
   47.1  1967   69.3  2014  111.7  1956  159.1  1926  190.3  1960  174.0  1967  145.3  1950  140.8  1937  115.4  1973   90.1  1959   61.1  1998   38.4  2013   153.2  2025   449.8  1974   450.9  2000   262.0  1935  1287.5  1976
   46.9  1982   69.1  2011  110.9  1973  158.0  1956  189.8  1957  173.2  1962  145.2  2011  138.7  2025  115.0  1994   89.7  1995   60.7  1960   38.2  1973   151.3  1955   447.2  1924   450.7  1990   261.8  2020  1286.5  1963
   46.9  1987   68.5  2005  110.9  2009  157.6  2010  187.9  1936  171.9  1928  144.7  2000  138.7  1964  114.3  1920   89.6  1924   60.6  1979   38.2  1964   151.3  1920   445.8  2001   450.2  1913   260.4  2006  1285.8  2001
   46.6  2017   67.6  1935  110.3  1927  156.2  1982  187.7  1958  171.6  1920  141.4  1933  138.0  1983  114.3  1967   89.0  1944   60.1  2017   38.1  1927   150.9  1941   445.0  2002   447.0  1970   260.1  2013  1285.0  1990
   46.6  1910   66.8  2000  109.9  1965  154.2  1995  186.4  1992  170.4  1942  141.4  1996  137.6  1993  113.5  2004   88.5  1978   60.0  2018   38.1  1985   150.3  1985   443.7  2004   443.9  1956   259.0  2024  1280.2  2000
   46.4  1989   66.4  1983  109.3  1941  154.0  1959  185.6  2006  169.7  1943  137.5  1953  136.9  1969  112.1  1935   88.5  2021   59.4  1985   38.0  1996   149.8  1986   440.4  1932   439.8  1982   258.5  1948  1274.3  1932
   46.3  1927   66.4  2025  109.2  1952  153.8  1983  184.8  1996  168.4  1985  136.9  1923  135.5  2004  111.8  1926   88.3  1941   58.8  2014   38.0  1911   149.8  1975   440.0  2006   439.2  1927   258.4  1931  1272.3  1947
   46.3  1994   66.0  1987  109.1  1967  153.5  2012  183.6  1910  167.2  2014  136.6  1914  135.3  2015  111.3  1961   88.0  2024   58.7  1969   37.9  2008   149.2  1958   439.9  1957   438.7  1992   258.0  1950  1272.1  1914
   46.1  1915   65.7  1985  108.6  1989  153.4  1928  183.3  2004  166.5  1953  135.5  1929  134.5  1950  111.1  2025   87.1  1955   58.5  2012   37.7  2004   149.0  1978   439.8  1956   438.4  1936   257.8  1932  1270.2  1946
   45.7  1980   65.7  1972  108.3  1914  152.3  1915  182.6  2005  163.6  1972  134.4  2004  134.1  1936  111.0  1937   86.9  1972   58.4  1931   37.5  1924   148.3  1965   439.5  1914   437.9  1971   257.2  1988  1266.0  2021
   45.7  1998   65.4  1930  108.1  1944  151.5  1986  180.9  1988  161.9  1992  134.3  1991  133.4  1979  110.9  1990   86.5  2007   58.1  1913   37.4  2020   147.8  2008   439.1  1949   437.8  1983   257.0  1922  1265.7  1986
   45.6  1975   65.3  1997  108.0  1934  149.5  2016  178.8  1987  161.7  2013  134.1  1960  132.6  1998  110.6  1968   86.3  1979   58.0  1993   37.4  1915   147.1  1987   435.6  1990   437.3  2021   256.2  2009  1265.1  2016
   45.1  1952   65.2  1928  106.7  1979  149.3  1919  178.4  1963  159.4  1914  133.1  1956  130.9  1951  110.2  1974   85.5  2006   57.8  1975   36.8  1917   146.5  1983   435.0  1954   437.3  1963   255.1  1979  1263.5  1936
   44.7  2022   65.0  1973  105.8  1913  148.9  1939  175.7  1982  158.7  1933  132.5  2025  130.6  2024  110.2  1925   85.5  1967   57.8  1946   36.7  1972   146.0  2024   432.7  1936   437.2  2019   253.9  1930  1262.5  2011
   44.5  1940   64.5  1950  105.5  1972  148.8  1965  174.8  1961  158.6  1910  132.1  2019  130.6  2016  110.0  1981   85.5  1938   57.3  2025   36.3  1962   145.8  2014   429.3  2018   437.1  1928   253.9  1939  1259.9  1942
   43.9  1984   64.3  1923  105.1  1966  148.6  1935  173.9  1947  158.2  1986  132.0  2001  130.1  1946  109.9  1944   85.4  1947   57.2  1914   36.2  1966   145.4  1962   427.4  1943   433.9  1916   251.8  1947  1259.1  1943
   43.8  1916   63.9  2024  103.9  1915  148.0  2009  173.3  1939  157.5  1973  131.5  1922  129.7  1956  109.8  1910   85.4  1910   57.0  1954   36.2  1914   144.7  1952   426.5  1968   430.2  1930   251.7  1981  1257.2  2014
   43.5  2026   63.3  1969  103.4  1954  147.4  1999  172.4  2023  157.2  2008  131.3  1997  129.5  1967  109.4  1923   84.6  1917   56.8  1933   35.8  1922   144.6  1956   426.3  1930   430.0  1953   250.6  2018  1256.9  2008
   43.2  1950   63.2  2015  102.9  1974  145.9  1980  172.1  1930  155.8  1919  129.8  1976  128.8  1982  108.9  1912   84.5  1973   56.6  1941   35.6  1976   144.3  1947   424.9  1952   429.5  1962   249.1  1993  1252.0  1969
   43.1  1925   62.1  1911  101.8  1920  145.6  1929  172.0  1952  154.8  2003  129.0  1978  127.7  1961  108.7  1936   84.2  1983   56.5  1957   35.0  1999   144.2  1922   424.8  1986   428.4  1996   248.9  1936  1251.9  2004
   42.7  2012   62.0  1961  100.2  1939  145.3  1977  170.4  2011  153.3  1971  127.3  1992  127.5  2005  108.3  1975   84.0  1943   56.0  1961   34.8  1961   143.5  1911   422.6  1963   427.8  2015   248.5  1944  1244.7  1930
   42.2  2002   62.0  2021   99.8  1928  144.2  1972  170.0  1956  152.7  2019  126.5  1949  127.3  2002  108.3  1998   83.4  1985   54.8  1994   34.5  2002   142.1  2005   422.3  1939   426.5  1915   247.8  1976  1242.9  1967
   42.0  2020   61.7  1920   98.7  1968  143.7  1991  169.9  1978  152.6  2021  126.0  1994  126.0  1935  108.2  1979   82.2  1999   54.3  1952   34.4  2017   141.8  1990   421.1  1938   425.6  1972   246.2  1942  1242.6  1956
   41.9  1945   61.2  1962   98.6  1978  143.7  1952  169.0  1940  151.3  1941  125.5  1965  125.9  1981  108.1  1982   82.2  1992   54.3  1963   34.4  1992   141.4  1953   417.7  1994   424.3  1933   246.0  1997  1241.1  1971
   41.7  1941   61.0  1938   98.4  1912  142.8  1923  168.7  2002  149.9  1927  125.5  1959  125.9  1953  107.7  2006   81.9  1915   53.8  1991   34.2  1986   141.2  1931   414.6  1969   423.6  1932   245.9  1963  1238.7  1952
   41.4  1956   60.8  1917   97.9  1943  142.7  1970  167.8  1923  147.2  2011  124.9  1945  125.1  1965  107.2  1942   81.7  1980   53.4  1926   34.0  1993   140.8  2009   414.2  1912   418.4  1999   245.3  2002  1237.9  1953
   41.3  1917   60.5  1934   97.3  1951  142.7  1973  167.6  1931  147.2  1997  124.6  1974  124.8  2017  107.1  2000   81.6  1951   53.2  1980   33.8  1955   140.4  1937   412.6  2005   417.0  1966   245.2  1977  1237.7  1922
   41.1  1947   60.4  1952   97.1  1917  141.9  1975  167.1  1971  145.8  1979  124.0  1915  124.2  1933  106.7  2017   81.5  1911   53.0  1940   33.8  1968   139.9  2023   409.6  1967   413.0  1945   244.2  1941  1232.0  2017
   40.9  1960   60.3  1912   96.7  1994  141.8  1910  165.0  1964  145.1  1935  123.7  1940  123.4  1973  106.4  2007   81.1  1913   52.3  1921   33.7  1958   139.1  2016   409.4  1958   411.7  1929   243.9  1990  1230.7  1934
   40.5  1999   60.0  2010   96.4  1946  140.6  1913  164.7  2013  145.1  1984  123.1  1946  122.3  2023  105.8  1922   81.0  2023   52.0  1971   33.6  1937   139.1  1925   409.3  1995   410.7  1991   243.6  1984  1230.6  2019
   40.4  1948   59.5  1982   95.0  1980  140.4  2005  164.2  1995  144.9  1952  120.7  1925  121.8  1910  102.8  1988   81.0  2004   51.9  1972   33.3  1910   138.8  2000   408.3  1999   409.5  2022   243.5  1960  1225.8  1972
   40.1  1983   59.3  1945   93.8  2014  140.2  1967  163.7  1924  142.4  1998  120.5  1951  121.4  1941  101.9  1966   81.0  1950   51.8  1924   33.1  1989   138.6  2019   407.3  1910   408.8  1988   242.4  1920  1225.1  2023
   40.1  2006   59.2  1953   91.7  1925  138.3  1916  163.0  1934  142.2  1946  118.7  2008  120.6  1952  101.8  2003   78.7  1953   51.6  2019   33.0  2000   138.4  1950   406.5  1960   408.3  2007   240.9  1973  1220.7  1991
   39.9  1953   58.5  1925   91.0  1916  138.2  1988  162.7  1968  141.7  2007  118.3  1952  120.3  1994  101.7  1999   78.4  1982   51.3  1999   32.7  2007   138.2  1980   406.1  1945   405.8  2017   240.2  1954  1218.9  2012
   39.5  1926   57.4  1995   90.8  1995  137.8  1946  162.5  1926  140.1  1965  117.7  2005  120.0  1954  101.1  1940   78.2  1997   50.2  1984   32.1  1997   134.9  1924   399.7  1913   404.2  2004   238.6  1975  1218.3  1988
   39.2  1936   57.3  1974   90.6  2006  137.1  1958  162.4  1979  139.8  1947  117.1  1947  119.2  1986  100.7  1977   77.6  1976   49.7  1943   32.0  1969   134.6  1972   399.4  1988   401.3  1967   238.5  2005  1215.1  1917
   38.8  1937   57.2  1942   90.2  1930  136.8  1998  161.3  1932  137.9  1913  116.0  1936  117.9  1999  100.4  2005   77.3  1958   49.6  1944   31.8  1936   134.1  2017   397.5  1966   399.0  1942   237.6  2000  1214.1  1996
   38.7  1930   57.2  1948   89.7  1935  135.9  2004  160.4  1967  136.5  2000  115.9  1973  116.8  1989  100.2  1984   77.1  1937   49.0  1987   31.7  1913   134.0  1982   396.1  1979   398.2  2011   235.3  1913  1207.3  1970
   38.4  1986   57.2  1927   89.6  2005  134.4  2023  159.7  1941  136.1  1990  115.8  1988  116.5  1920   99.5  1932   76.3  2002   47.9  1978   31.7  2005   133.8  1927   396.1  2013   397.8  1920   235.2  1999  1206.7  1997
   38.3  1934   57.2  1990   88.2  1961  134.4  2000  157.8  1994  135.7  1961  114.7  2015  116.5  2007   99.3  1941   75.3  2022   47.8  1936   31.4  1971   133.3  1977   395.8  1931   397.3  2001   234.1  1912  1194.6  1913
   38.2  1976   57.0  1959   88.1  1938  131.7  1971  157.4  1998  134.3  2004  114.2  2003  116.5  1949   99.0  1939   74.9  1935   47.5  1989   31.0  1921   132.2  1912   392.0  1965   396.9  1973   234.1  1937  1193.2  1999
   38.1  2014   56.1  1924   87.9  1997  130.8  1949  157.1  1986  133.8  1964  113.8  1932  115.8  2009   99.0  1993   74.6  1914   47.5  1934   31.0  2015   132.1  1942   391.0  2023   395.4  1946   232.1  1982  1190.3  2002
   37.5  1972   55.7  1931   87.0  2024  130.5  1947  156.7  1954  133.5  1945  112.4  1980  115.5  1988   98.3  1938   74.5  1977   46.6  1953   30.7  1949   131.0  1964   389.7  1972   394.0  2025   230.3  2008  1188.2  1979
   37.0  2000   55.7  1999   86.5  1945  130.4  1989  156.1  1944  132.6  1982  112.4  1987  114.4  1971   98.2  1976   74.4  1963   46.5  1929   30.4  1926   130.8  1995   388.6  1978   390.7  1965   229.8  1938  1184.2  1966
   36.8  1981   55.6  1964   85.9  2019  130.2  1911  154.1  1920  130.7  2016  112.0  2012  113.5  2020   97.6  1950   73.9  1945   46.3  1992   30.1  1987   130.0  1944   388.1  1981   389.3  1931   229.3  2004  1183.8  1923
   36.8  2016   55.2  1971   85.7  1985  130.1  1927  154.0  1985  130.1  1937  111.5  1928  112.8  1957   97.6  1957   72.9  1991   46.2  1981   30.1  1930   129.4  1974   387.5  1941   386.2  1938   228.7  1924  1179.1  1933
   36.0  2019   55.1  1991   85.6  1969  129.9  1963  153.7  1912  128.6  1931  110.2  2024  112.8  1987   97.5  2018   72.8  2001   46.1  1938   29.5  1988   129.2  1921   386.9  1926   383.8  1952   227.9  1978  1178.8  1945
   35.9  2005   54.3  1981   84.8  2018  129.8  1985  153.5  1945  128.4  1981  110.1  2016  112.7  2013   97.3  1931   72.5  1975   46.0  1937   29.1  1953   129.1  1969   386.4  1947   381.3  1998   227.4  1934  1173.8  1938
   35.7  1949   54.2  2022   84.6  1958  129.3  2001  153.4  1991  128.0  1978  109.7  1920  111.7  1918   96.4  2013   71.6  1942   45.9  2008   29.1  1939   128.5  1998   384.7  1973   380.1  1948   227.0  2001  1173.7  1931
   34.8  1913   53.1  2009   84.2  2023  128.5  2018  153.3  1913  127.4  1954  107.9  1938  111.6  1921   96.3  2016   69.6  2009   45.7  2002   29.0  1974   128.5  1945   381.5  1934   379.9  1941   226.5  1980  1170.8  1940
   34.8  1954   52.9  1980   83.5  1981  127.6  1950  152.1  2015  124.8  2005  107.1  1941  111.2  2006   96.1  1913   68.9  1949   45.7  1945   28.5  1980   126.8  1932   380.6  1971   378.7  1979   226.2  1985  1169.6  1916
   34.7  2004   52.1  1958   83.1  1993  127.0  1979  151.7  2019  124.5  1938  106.7  1962  110.1  2018   95.9  1989   68.7  1925   45.6  1982   28.2  2011   126.6  1997   380.4  1916   377.9  1985   223.6  2017  1165.2  1920
   34.4  1993   52.1  1992   82.0  1947  126.4  1964  151.7  1921  123.5  1991  106.3  1998  110.0  1940   95.5  1951   66.3  1989   45.6  2021   27.6  1981   126.4  1934   379.3  1970   374.8  1964   223.2  2007  1162.1  1994
   34.0  1974   51.5  1965   82.0  1910  122.9  2024  151.1  1916  123.4  1999  106.2  1916  108.2  1948   95.1  1948   65.8  1990   45.2  1995   27.6  1933   126.3  1935   378.7  1991   372.4  1937   223.1  1992  1160.1  1941
   33.8  1912   51.2  1921   81.8  1971  122.6  1924  144.7  1969  122.7  2025  104.3  2002  107.0  1932   94.7  1992   65.2  2005   44.9  1955   27.4  1975   123.5  1973   378.2  1997   371.4  2016   222.7  1956  1157.1  2005
   33.5  1935   50.8  1998   81.8  1977  120.0  1978  144.0  1938  122.6  1983  103.9  2023  107.0  1985   94.1  1958   64.8  1969   44.6  1956   27.3  1944   122.7  1999   377.1  1944   369.9  2005   221.5  1943  1148.1  1921
   33.4  1929   50.8  1933   81.6  1921  118.5  1941  144.0  1914  122.1  2002  102.6  1985  105.8  2011   94.1  1945   64.3  1964   44.0  1922   27.0  1984   122.5  2026   372.1  1925   369.4  1958   216.0  1951  1147.4  1973
   33.1  1968   50.7  1922   81.5  1991  118.4  2019  143.5  1922  121.1  1924  102.3  1964  104.9  1980   92.9  1947   64.2  1930   43.9  1958   26.9  1940   120.9  1948   369.5  1985   364.4  1944   215.3  1958  1147.0  1987
   32.9  2008   50.5  1947   81.0  1990  117.9  1996  142.3  1974  119.6  1912  102.0  1981  104.3  1990   92.8  1917   62.8  1918   43.7  1968   26.7  1942   120.2  2022   368.8  1937   362.6  1961   214.3  1921  1146.3  1961
   32.8  1924   49.1  1976   80.4  1940  116.9  1917  140.9  1918  119.4  2022  101.9  1970  103.8  1930   91.6  1980   62.5  1965   41.6  2020   26.5  1983   119.5  1981   368.4  1920   360.2  1986   214.0  1970  1145.2  1965
   32.6  1995   46.3  1984   80.3  1988  115.7  1931  140.0  1999  118.0  2001  101.5  1937  103.6  1972   91.4  1978   62.3  1960   41.1  1939   26.5  1998   119.2  1938   365.3  2014   357.0  2012   213.6  1945  1137.1  1978
   32.1  1921   46.1  2017   79.2  1987  115.4  1993  140.0  1972  118.0  1948  100.1  2022  103.4  2021   91.3  2011   61.6  1996   40.9  1973   26.4  1928   118.3  1994   362.8  1961   356.6  2024   212.9  1968  1135.1  1958
   32.0  1969   45.0  1977   75.3  2000  112.9  1940  139.8  2022  118.0  2020   99.6  1993  103.2  1958   89.6  2008   61.1  1970   40.4  1916   25.8  2023   117.5  1923   362.2  1940   356.4  1981   211.6  1953  1134.9  1985
   30.1  1970   43.2  1914   75.0  1976  112.9  1944  139.0  2024  116.6  1966   99.5  2010  103.0  1963   88.7  1970   58.9  1928   39.7  2015   25.4  1956   116.7  1984   359.4  1987   353.7  2002   211.0  1957  1127.1  1980
   30.1  1932   42.7  1913   73.7  1942  112.6  1920  138.8  1981  115.8  2024   99.5  1979  101.9  1922   87.9  1943   58.7  1933   38.9  1951   25.2  1934   114.6  1976   358.9  1976   351.5  1994   210.7  1940  1124.5  1998
   29.7  1918   42.2  1939   73.2  1984  111.1  1943  137.1  1993  115.0  2017   99.2  1961  101.8  1934   87.3  1924   58.6  1968   38.6  2001   24.6  1941   110.4  1926   356.0  2019   349.6  1978   210.5  2011  1123.5  1944
   28.5  1966   41.5  1954   72.3  1936  110.5  1934  133.8  2003  113.3  1958   98.8  1924  100.6  1915   86.3  1953   58.5  1934   37.0  2024   23.9  1991   109.0  1966   354.5  1964   346.4  2008   210.0  1917  1117.5  1937
   28.4  1964   40.1  2023   71.7  2021  107.3  1933  133.3  1965  111.2  1944   97.8  1967   99.6  1996   84.9  1916   58.0  1954   36.5  2000   23.8  1943   107.8  1940   352.3  1996   343.2  1912   209.7  1989  1115.5  1924
   28.3  1992   38.6  1918   67.1  1992  104.2  2017  131.1  1973  106.5  1922   97.2  1930   93.3  1924   83.5  1985   56.9  1957   34.8  2004   23.8  2018   105.4  1954   348.9  2024   340.9  1993   208.3  1965  1114.9  1981
   27.4  1944   38.0  1994   65.3  1926  102.8  1921  130.3  1917  105.9  1987   91.6  1939   92.6  1978   82.7  1956   56.8  2017   34.3  1983   23.6  2024   105.1  1918   347.1  1998   340.0  1922   207.4  2021  1113.7  1964
   26.8  2013   36.3  1966   65.0  2013  101.4  1987  122.9  1983  105.2  1994   90.0  1954   91.3  1929   81.6  1969   56.6  1940   34.3  1997   23.3  1947   104.3  1992   344.2  1917   337.5  1954   205.1  1969  1112.1  1992
   24.6  1938   34.1  1940   63.1  1964   99.8  1961  122.1  1976  103.7  1993   88.4  1944   89.1  1943   79.2  1983   56.1  1946   34.3  1920   23.0  1954   104.2  2012   341.4  1933   331.1  1987   203.3  2025  1111.9  1954
   23.3  1997   33.7  2026   62.3  1957   89.8  1966  120.0  1970  103.5  1955   87.2  1931   82.1  1942   78.2  1965   53.0  2011   32.7  1917   21.3  2021    94.7  1913   336.1  1921   314.5  2020   197.7  1983  1108.3  2024
   22.0  1996   33.4  2012   58.8  1983   82.0  1992  115.2  1933   94.8  2012   86.4  1957   80.1  1923   73.8  1946   46.7  1916   31.4  1962   19.2  1977    93.4  1993   335.7  1993   313.2  1924   194.8  1962  1104.0  1983
   21.8  1973   31.0  1926   56.4  1960   81.4  1997  113.9  1925   94.2  1980   83.1  2020   73.9  1912   73.3  2021   34.9  2025   30.5  1912   19.2  1931    91.1  1914   335.5  1992   311.5  1980   187.8  1946  1102.8  1912
   17.4  1923   28.0  1929   52.9  1998   42.4  1937  108.1  2014   91.6  1923   82.8  1986   70.5  2008   72.7  1962   31.0  1921   30.3  2007   17.1  1912    87.9  1929   335.4  1983   308.6  1923   172.0  1916  1018.7  1993
   16.1  1914   24.6  1993   49.6  1996    ---  2026    ---  2026    ---  2026    ---  2026    ---  2026    ---  2026    ---  2026    ---  2026    ---  2026     ---  1910     ---  2026     ---  2026     ---  2026     ---  2026
