Areal values from HadUK-Grid 1km gridded climate data from land surface network
Source: Met Office National Climate Information Centre
Monthly, seasonal and annual total precipitation amount for Northern Ireland
Areal series, starting in 1836
Last updated 01-Apr-2026 11:35
    jan  year    feb  year    mar  year    apr  year    may  year    jun  year    jul  year    aug  year    sep  year    oct  year    nov  year    dec  year     win  year     spr  year     sum  year     aut  year     ann  year
  197.1  1877  231.8  2020  160.7  2019  143.9  1961  156.4  1916  179.3  1897  185.3  1936  205.7  2008  197.3  1950  247.9  1870  237.2  1852  232.6  1876   527.8  1877   353.1  1986   419.8  1912   471.9  2000  1417.9  1872
  195.6  2026  194.9  1990  154.4  1903  127.8  1858  144.9  1981  178.2  2012  181.0  2023  191.2  1985  180.8  1946  210.1  2011  217.8  1890  222.8  1999   504.6  2016   350.0  1947   405.2  2008   463.0  2011  1410.8  2002
  186.8  1928  178.5  1848  148.8  1897  124.8  1993  136.6  1843  168.1  1860  170.9  1896  191.1  1930  179.4  1999  205.2  1990  216.3  2009  219.6  2015   488.3  2014   329.0  2006   404.3  1879   449.2  2025  1379.5  2023
  186.7  2008  170.1  2014  144.9  1992  119.9  1950  136.5  1993  153.9  1912  165.8  1950  178.4  1889  177.8  1962  200.9  2002  192.2  2002  203.8  1919   485.0  1994   328.2  1993   398.5  1958   449.1  1954  1343.4  1928
  183.1  1984  165.4  2002  142.7  2023  119.2  1867  135.6  2002  147.2  2007  164.1  1882  176.8  1956  174.4  1981  188.1  1976  189.9  2015  203.0  1929   437.2  1984   327.1  1916   397.2  2020   438.8  1872  1319.0  2020
  179.4  1988  161.7  1966  142.7  2006  119.0  1916  133.6  1924  145.3  1852  163.8  1867  171.9  1992  162.0  2010  183.9  2023  180.0  1963  197.9  1978   434.6  1848   321.1  1981   395.3  2012   435.3  2002  1317.7  2015
  179.3  2018  161.5  1977  139.8  1988  119.0  1850  133.0  1925  143.2  1907  163.0  1960  169.7  1943  159.6  1934  183.2  1938  179.1  1882  196.9  1993   426.5  1995   315.9  1972   391.4  1861   433.9  1944  1315.4  1877
  176.2  1942  160.2  1923  137.7  1947  118.9  1991  129.5  1986  142.2  1958  159.5  1879  169.2  1923  159.2  1918  182.2  1998  176.9  2014  191.5  1914   422.1  1850   311.4  2002   391.2  1897   422.2  1938  1312.8  1903
  175.7  2016  151.2  2022  135.5  2008  115.5  1857  127.9  2003  139.9  1879  152.1  1888  167.7  1910  157.7  1872  180.9  2000  170.8  1951  188.5  1852   415.9  2026   311.2  1907   388.6  1956   422.0  2022  1302.8  1954
  173.2  2014  150.3  1910  131.0  1981  115.3  1899  124.0  1892  138.4  1931  151.6  1871  166.3  1929  156.5  1985  172.9  1903  166.8  1979  182.2  1847   414.7  1915   302.3  1992   385.4  1950   418.7  1981  1287.7  2014
  172.9  1948  142.1  1997  130.6  1994  114.0  1940  123.4  2015  136.2  1928  142.1  1880  165.1  2009  154.6  1924  172.8  1917  165.0  1842  178.6  2023   413.7  1920   299.6  1913   383.7  1985   415.0  2023  1275.6  2008
  165.4  1851  136.0  2011  129.9  1908  112.7  1880  122.7  1878  127.6  1990  139.1  1836  164.6  1891  152.6  1974  172.3  1916  164.7  1900  175.0  1966   412.9  1990   296.6  1925   382.5  1888   408.6  1995  1269.5  1852
  165.3  1926  135.7  1914  129.9  1861  112.6  1996  121.3  1967  124.6  1872  138.6  1938  162.3  1861  147.7  1861  172.0  2022  163.1  1982  171.1  1911   412.2  2020   293.6  2019   381.2  2007   408.1  1935  1268.4  1990
  164.8  1903  135.5  1937  129.3  1914  110.6  1909  117.3  1976  123.9  1966  138.3  1873  161.4  1905  146.2  1944  170.4  1995  161.7  1931  167.0  1915   407.8  1937   291.2  1897   375.9  1910   407.9  1967  1266.2  1966
  163.1  1974  133.0  1850  128.0  1912  110.1  2009  117.1  1972  122.5  2020  137.5  1953  159.5  1873  145.7  2017  165.3  1967  159.8  1938  166.6  1959   401.3  2000   288.5  1966   370.8  1960   407.8  1875  1265.6  1998
  158.6  1986  132.8  1994  127.6  1940  110.0  1925  115.2  1906  119.6  2002  136.3  2010  155.3  1950  145.2  1883  164.7  1867  158.2  2000  163.7  1986   387.8  1894   283.9  1920   367.5  2023   401.5  1998  1261.6  2011
  158.1  1872  130.8  1894  124.9  1989  109.8  1898  115.1  1945  119.2  1955  135.6  1861  154.1  1892  144.6  1967  164.5  1954  155.9  1939  162.6  1948   384.9  1966   283.2  2015   364.9  1930   395.1  2006  1256.1  2009
  157.6  1866  130.4  1970  121.9  1848  109.0  1992  113.9  2006  118.6  1982  134.0  1988  153.8  1917  144.6  2025  164.5  1863  153.2  1995  159.9  1899   379.5  1869   282.9  1899   361.7  1924   394.4  1918  1254.8  1999
  157.4  1975  128.4  1869  121.6  1978  107.0  1871  113.7  1842  118.1  1888  133.6  2009  153.6  2020  143.9  1885  161.9  1930  152.7  1954  158.8  1872   378.2  2018   282.3  1908   358.2  2009   393.6  1928  1249.3  1950
  156.9  1937  127.2  1918  121.6  1907  106.7  1989  112.9  1907  118.0  1945  133.5  1854  153.2  1912  143.2  1942  160.5  2020  151.0  1877  157.3  1934   378.0  1974   281.2  2023   357.6  1882   392.5  1968  1249.0  1923
  156.3  1884  124.0  1844  119.8  1896  106.4  1947  112.9  1902  117.2  1998  130.2  1958  152.5  2019  142.5  1968  156.7  2013  150.3  1944  155.9  2011   375.8  1960   280.8  1963   350.7  1860   392.3  1963  1242.2  1988
  155.4  1994  123.5  1876  119.2  1905  106.4  1922  111.7  1954  117.1  1900  130.0  1924  150.9  1942  141.1  1896  156.5  1928  149.2  2025  152.6  2000   375.3  1912   280.4  1867   349.5  2017   387.7  1950  1235.9  2000
  152.7  1995  122.0  1928  119.1  2024  105.8  1986  108.5  1931  116.1  1935  129.4  1939  150.6  1928  138.5  1908  156.1  1843  148.9  1947  152.4  1868   375.1  2002   280.3  1862   347.9  1928   386.9  1982  1229.8  1882
  152.5  1849  121.9  1925  118.8  1876  105.2  1913  107.7  2021  116.0  1938  128.9  1845  150.2  1904  137.4  2006  155.5  2025  147.7  1928  152.1  1994   374.9  1883   279.8  1903   347.5  1873   385.6  1870  1227.0  1924
  150.7  1852  121.8  1915  117.9  1868  103.0  2000  107.1  1886  114.1  1980  128.8  2007  150.0  1903  136.8  1927  150.8  1981  145.9  1917  150.8  1932   373.8  1958   279.8  1909   346.8  1946   384.2  1970  1225.8  1900
  149.4  1850  121.7  1995  117.8  1986  102.2  2002  106.9  2011  112.8  1881  128.7  1957  146.5  1897  135.8  2023  150.6  1855  145.7  2010  150.2  1965   373.8  1916   279.5  1979   343.4  1896   381.6  1890  1225.4  1981
  146.8  1999  119.4  2026  116.4  1983  101.4  2024  105.9  1947  111.8  1863  127.7  1903  145.5  1924  135.6  1879  150.5  1845  144.2  2018  150.1  1949   372.1  2021   278.9  1940   342.0  2019   380.9  1863  1217.4  1912
  144.7  1894  119.0  1883  114.5  1963  101.4  1998  105.8  1899  111.7  1845  127.4  1843  144.2  1934  135.3  1849  149.6  1865  144.1  1991  145.6  1858   372.0  1923   274.1  2009   340.1  1936   380.9  1883  1209.2  2019
  143.3  1883  118.6  1922  114.0  1972   97.7  1966  105.4  2013  109.2  2004  126.6  1932  144.2  1895  133.6  1957  149.6  1875  141.6  1869  145.6  1886   371.0  1977   271.2  2005   338.8  1900   378.8  1976  1204.7  1938
  142.8  1860  118.0  1954  114.0  1982   97.0  1999  105.2  1969  106.6  2019  125.5  1998  143.6  1946  132.7  2000  149.5  1996  140.4  1872  144.9  2013   368.8  1928   270.9  2013   337.4  1843   378.5  1979  1200.6  1967
  142.6  1840  117.2  1958  113.5  1980   94.7  1932  105.2  1997  105.7  1947  124.1  1915  143.5  1986  131.9  1954  149.1  1968  139.6  1969  144.9  1982   368.1  2015   270.4  1843   335.1  1931   377.8  1917  1199.9  1960
  142.2  1993  117.2  1916  112.7  1991   93.8  1923  103.6  1943  105.6  1910  122.6  2008  138.9  1893  131.5  2022  146.3  1853  139.5  1992  143.9  2014   365.8  1840   268.7  2024   333.8  1998   375.3  1852  1198.6  1986
  141.7  2015  115.7  1935  111.3  1842   92.4  1862  102.9  1879  103.9  2025  122.5  2017  138.7  1979  130.2  1935  146.0  1935  138.5  1888  143.8  1912   363.8  1988   268.4  1967   328.6  1907   374.0  1900  1194.8  1876
  140.8  2013  114.9  1881  110.7  1909   92.2  2005  102.5  2005  103.9  1844  122.1  1940  137.6  2014  130.0  1923  145.8  1929  137.6  1970  143.1  1980   362.9  1900   266.1  1906   327.5  1903   373.7  2009  1194.1  1958
  140.4  1990  114.5  1904  109.5  1841   92.0  1920  102.3  1942  103.8  2017  121.2  2020  135.0  1952  128.8  1980  145.7  1989  137.5  1940  140.8  1983   360.3  2008   264.2  1989   327.4  1929   372.9  1930  1182.3  1942
  139.9  1978  113.9  1988  108.4  1995   91.1  1924  101.2  1860  103.1  1854  120.8  1956  133.8  1960  127.7  1936  144.9  1988  136.7  1845  139.8  1849   359.4  1926   260.3  1857   325.7  1892   372.3  2010  1180.3  1897
  139.7  1943  113.6  1872  107.7  1881   90.9  1877  100.2  1865  103.0  2011  120.0  1846  131.5  1860  126.4  1970  144.4  1920  136.5  1941  139.6  1957   356.8  1970   259.2  1965   325.6  1943   370.7  1882  1178.0  2012
  138.5  1913  113.5  2000  107.3  1987   89.6  2023   99.8  2009  103.0  1882  119.7  2015  131.0  1988  125.3  1975  143.0  1934  136.4  1864  139.0  2006   356.1  1922   258.5  1994   324.6  1938   364.8  1923  1178.0  1992
  137.1  1873  113.3  1984  107.3  2010   89.3  1994   97.9  1917  102.9  1896  119.6  1945  128.4  1951  123.4  1875  142.9  1980  136.0  1998  137.9  1956   355.1  2007   255.6  1942   316.2  1877   363.7  2017  1177.2  1920
  136.7  1952  111.5  2021  106.6  1857   88.3  1970   97.8  1920  101.7  1948  119.2  1937  128.1  1868  122.9  2011  142.9  1949  134.8  1875  137.9  1942   354.9  2024   255.3  1877   313.1  1988   362.7  1876  1176.3  1980
  136.6  1875  109.3  2016  106.0  2017   87.7  1882   97.8  1898  100.5  1965  117.0  1942  128.1  2024  121.9  1859  142.7  2008  133.7  1840  137.5  1951   354.5  1999   255.2  1996   313.0  1895   360.8  1980  1171.2  1930
  135.3  2005  108.2  1885  105.9  1895   87.2  1872   96.4  1913  100.0  1851  116.0  1954  127.2  1900  121.4  1866  141.0  1846  133.4  1986  137.0  1997   353.4  1967   254.5  1917   310.6  1872   359.4  1839  1168.5  1931
  135.2  1965  107.8  1852  104.0  1928   87.0  1971   96.4  1856   99.5  1927  115.9  1985  126.3  1883  120.8  1978  140.8  1872  131.8  1935  137.0  1891   352.5  1853   254.5  1983   304.7  1854   359.3  1845  1166.5  1982
  135.2  1938  106.4  1898  102.1  1939   86.9  1889   96.0  1966   99.1  1963  115.7  1931  126.1  1958  118.9  1876  140.4  1909  131.6  1929  136.5  2020   351.2  1957   254.2  1924   302.1  1992   359.1  2020  1165.5  1965
  135.1  1921  106.2  1893   99.1  1954   86.7  1959   95.5  1979   98.9  1841  115.6  1895  125.8  1865  118.9  1842  140.2  1900  131.5  2006  136.1  1954   351.2  1943   254.0  1961   300.9  1881   358.9  1940  1164.5  1948
  135.0  1920  105.7  1961   98.9  2015   86.6  1849   94.5  1867   98.9  1987  114.8  1947  123.1  2017  118.6  2008  139.9  1987  130.1  2011  135.8  1958   350.8  1910   252.1  1902   300.2  1851   356.0  1846  1159.3  1994
  134.8  1862  104.9  1865   98.8  1979   85.7  1965   92.7  1963   98.8  1878  114.7  1848  122.9  1906  118.5  1976  139.4  1862  130.0  1926  135.0  1869   350.4  1903   251.1  1858   299.3  1891   355.6  1842  1156.6  2006
  134.4  1969  102.4  1989   98.0  1913   85.2  1979   91.4  1847   97.7  1991  114.3  1877  122.1  1962  118.5  1869  139.3  1964  129.1  1971  134.8  1940   350.1  1930   250.6  1886   298.7  1852   355.1  1874  1156.5  1940
  134.3  2009  102.1  1884   97.9  1965   85.2  1908   90.7  1862   95.4  1946  114.2  1850  120.5  1866  117.2  1863  137.4  1944  128.4  1996  134.8  1896   349.5  2013   249.8  1898   298.2  1904   354.1  1903  1156.3  1849
  134.1  1957  101.8  1974   97.7  1919   84.8  2025   89.2  2014   95.2  1943  112.9  1862  120.1  2015  116.8  1898  137.4  1940  127.8  1883  134.3  2021   344.6  1866   248.4  1882   296.1  1948   352.1  1999  1155.9  1979
  133.2  1886  100.6  1945   97.3  1862   84.8  1972   88.5  2022   94.7  1843  112.7  1912  120.0  1957  116.0  1958  136.9  1894  127.8  1914  134.1  2012   343.8  1925   247.4  1860   295.9  1927   345.6  1836  1155.7  1993
  132.6  1976  100.2  1960   96.2  1884   83.3  1934   88.1  1996   94.6  1997  111.9  1921  119.7  1987  115.6  1961  136.1  1983  127.1  1977  132.8  1955   343.5  1955   243.2  1985   294.8  1957   343.8  1946  1152.5  1916
  132.2  2004   99.6  1996   96.2  1941   82.7  1859   87.0  1889   94.3  1892  111.9  1930  119.6  1941  115.3  1836  133.8  2014  127.0  1997  132.0  1839   342.4  2022   242.0  1991   293.2  1951   343.6  1927  1149.4  1883
  131.2  1968   98.7  1950   96.2  1888   82.6  1935   85.9  1926   94.2  1971  110.5  1853  118.8  2023  112.1  1988  133.5  1876  126.4  1892  131.4  1895   342.1  1872   239.5  1889   292.8  1980   342.0  2008  1145.7  2017
  130.9  1972   98.5  1980   95.9  1864   81.9  1931   85.8  1891   93.5  1861  109.8  1925  117.9  1877  112.0  1874  133.4  2004  126.4  1866  130.7  1946   339.8  1980   238.2  1868   291.0  1965   341.0  1990  1145.3  1918
  130.3  1936   98.1  1877   95.6  1860   81.7  1901   85.1  1858   93.1  1875  108.4  1851  117.5  1872  112.0  1899  133.1  1906  125.6  1839  130.6  1944   337.0  2012   238.2  1872   290.2  1987   340.3  1901  1141.3  1970
  129.1  2007   97.7  1931   95.3  1921   81.1  1949   85.0  1900   92.4  1839  107.8  1946  117.0  1989  111.6  1983  132.3  1979  124.3  1846  130.4  1897   336.3  1884   237.1  1934   289.0  1845   339.8  1936  1138.4  1944
  127.1  2002   97.5  1955   94.8  1966   80.7  2018   84.9  1938   91.0  1956  107.1  1993  115.9  1898  110.3  2019  131.0  2021  123.4  1959  130.2  1854   333.7  1949   236.7  1931   288.8  1953   338.6  1849  1137.4  1946
  126.4  1847   97.1  1911   94.1  1920   79.6  1977   84.8  1934   90.1  1972  106.7  1922  115.3  1843  109.9  1948  129.7  2005  122.9  1978  129.8  1845   329.2  1945   235.7  1998   286.8  1905   338.1  1934  1136.5  1848
  125.8  1946   95.3  1951   92.9  1853   79.5  1843   83.7  1955   88.9  2016  105.7  1894  115.0  1863  109.8  1965  129.3  1839  122.3  1946  129.4  1918   328.1  1913   235.0  1976   286.4  1871   338.1  1984  1134.4  2013
  125.5  1927   95.2  1912   92.5  1846   78.9  2004   82.6  1973   88.3  1864  105.1  1842  114.8  1901  109.4  1882  129.3  1895  122.2  1880  129.1  1924   326.8  1935   234.9  1954   286.3  1844   336.5  1974  1133.7  1985
  124.4  1906   93.3  1992   92.3  1882   78.6  1848   81.7  1983   88.0  1901  105.1  2002  114.1  2004  108.5  2012  129.1  1941  121.6  1901  128.3  1964   323.9  1981   234.5  1878   286.2  1923   335.4  1892  1133.1  1936
  124.4  1845   93.1  1866   92.2  1967   78.5  1900   81.3  1974   87.8  1862  104.7  1918  113.6  1874  108.2  1913  127.9  1963  121.5  1865  128.2  1979   323.0  1961   234.2  1932   285.5  2004   333.7  1920  1131.9  1917
  124.1  2021   92.9  1900   91.9  1942   78.3  2016   81.0  1884   87.4  1898  104.5  2012  112.6  2012  107.3  1993  126.8  1959  120.4  2020  127.3  1862   323.0  1873   234.2  1905   285.2  2015   331.5  1877  1128.4  1910
  123.0  1865   92.8  1941   91.9  1859   78.3  1845   79.5  1849   86.9  1890  104.3  1849  112.4  1888  106.5  1955  126.2  2006  120.2  1930  123.7  1974   322.8  1939   232.7  1848   283.3  1889   329.3  2019  1125.7  1886
  122.2  1890   92.0  1926   91.3  1866   77.4  1847   78.8  1968   86.5  1913  103.9  1837  112.1  1996  106.4  1901  125.6  1982  120.1  1838  123.3  1910   322.7  1933   230.6  1842   283.2  1942   328.4  1861  1124.2  1843
  122.1  1998   91.6  1903   90.9  1957   76.8  1960   78.6  1840   86.4  2003  103.4  1902  112.0  1964  106.3  1984  125.1  1952  120.1  1911  123.1  1938   321.2  1948   228.6  2003   283.1  1990   326.1  1898  1118.7  1974
  121.5  1962   91.3  1840   90.5  1927   76.7  1907   78.3  1903   86.4  1981  103.1  1904  111.7  1881  105.6  2004  125.1  1874  120.0  1918  123.0  1991   320.4  1979   228.1  1914   282.7  1945   325.1  1916  1116.0  1978
  121.4  1930   90.5  1982   89.9  1964   76.6  2013   77.8  1958   86.1  1924  102.5  1910  110.7  2001  104.4  1839  124.8  1961  119.6  2019  122.4  1923   319.3  1946   227.7  1988   282.4  1917   321.5  1885  1116.0  2025
  121.0  1983   90.3  1967   89.5  1886   76.6  1985   77.7  1877   84.8  1919  101.2  1944  110.7  1878  103.7  1878  124.7  1966  119.3  1965  121.8  1837   319.2  1904   227.6  2000   281.9  2002   320.1  2014  1115.3  1862
  120.5  1924   90.0  1933   89.3  1985   76.3  1897   77.4  1985   84.6  2013  100.5  1838  109.8  1970  102.5  1902  124.7  1886  119.1  1936  121.0  1998   318.6  1870   227.2  1999   281.7  1848   317.0  1960  1114.5  1899
  120.0  1996   89.6  1870   88.9  2013   75.3  1902   76.3  1855   84.4  2022   99.8  1909  108.5  1971  101.8  1932  124.6  1960  119.0  1916  120.3  1990   318.2  1867   226.2  1888   279.4  1839   316.8  1866  1114.2  1934
  119.8  1919   88.2  1939   88.3  1901   75.3  1846   75.7  1888   84.0  1877   99.3  1920  108.5  1948  100.0  1903  121.4  1923  118.4  2022  120.2  1866   317.2  1978   226.2  1901   279.4  1915   316.5  1949  1112.2  1957
  119.6  1878   87.4  2024   87.3  1844   74.6  2001   75.6  1965   83.7  1969   98.6  1959  108.1  1922   99.9  1956  121.1  1891  118.0  1881  120.1  1984   316.4  1975   225.9  1968   279.4  1922   315.6  1964  1111.2  1866
  119.5  1922   87.3  1929   86.8  2004   74.4  1906   73.0  1932   83.1  1880   97.9  2016  108.0  2021   99.2  1880  120.9  1836  118.0  1874  119.0  1962   316.3  1852   225.4  1879   279.3  1963   315.6  1996  1109.2  1845
  119.3  1867   87.0  2007   86.7  1877   74.0  1990   72.6  1872   83.1  1944   97.8  1839  107.8  1926   98.2  1982  120.6  2012  117.7  1972  118.5  1900   315.1  1931   224.1  1969   277.9  1867   315.5  1988  1107.2  1907
  119.1  1944   86.9  1871   86.5  1970   73.7  1917   71.8  1961   82.0  1936   97.0  1941  106.9  1963   98.0  1887  120.2  1970  116.3  1984  118.5  1969   314.2  1950   223.0  1849   277.1  1954   314.9  1924  1101.8  2022
  117.6  1846   86.7  1999   86.2  2014   73.6  1963   71.8  1929   79.2  1954   96.5  1997  105.6  1965   97.6  1892  119.7  1877  116.2  1902  118.0  1921   314.0  1983   222.9  1884   276.6  1893   314.9  1965  1101.8  1961
  117.2  1961   85.6  1940   85.6  1998   73.5  1894   71.7  1863   78.6  1894   96.0  1926  105.1  2007   97.0  1953  119.5  1878  116.0  1853  117.5  1874   314.0  1952   221.9  1912   274.9  1926   313.7  1992  1101.5  1850
  117.0  1958   85.5  1897   85.5  1968   73.4  2019   71.3  2007   78.5  1964   95.7  1974  105.1  1967   96.6  2016  118.7  1844  115.6  1973  117.3  1920   312.9  1849   221.6  1891   274.1  1937   313.2  1991  1101.5  1943
  116.7  1973   85.1  1899   85.5  1977   72.8  1904   70.2  1854   76.9  2008   94.5  1900  105.0  1879   96.0  1925  117.2  2009  115.6  2003  117.2  1877   310.5  1998   221.6  1881   272.3  1875   313.1  1966  1099.7  1947
  116.0  1842   84.3  1906   84.6  1976   72.5  2006   70.1  1962   76.6  1985   94.0  2003  105.0  2000   95.1  1890  116.5  1907  114.8  1927  117.0  1952   308.2  1969   219.1  2014   271.7  1944   312.8  1987  1098.8  1929
  115.0  1853   83.0  2018   84.1  1959   72.1  1915   69.4  1894   75.3  1968   93.7  1970  104.9  1890   94.7  1904  115.5  1984  114.3  1999  115.8  2017   306.3  1859   216.7  1964   271.5  1971   312.5  1886  1096.2  1951
  114.0  1868   82.5  2015   82.9  1917   72.0  1969   68.9  1904   74.8  1993   93.7  1951  104.8  1907   93.8  1919  115.2  1918  113.4  1923  115.4  1936   306.0  1918   216.7  1846   271.2  1883   312.4  2012  1091.0  2007
  114.0  2012   82.5  1969   82.0  1951   71.1  1937   68.5  1933   73.9  1960   93.5  1884  104.2  1927   91.7  1864  113.4  1889  112.6  1868  115.4  1884   304.2  1846   216.0  2018   270.9  1890   311.7  1869  1089.5  2004
  113.1  1980   82.5  1946   81.9  2026   70.2  1955   68.5  1882   72.9  1952   92.6  1889  102.8  1921   91.1  1886  112.6  2001  112.6  1974  113.0  1973   302.5  2005   215.5  1864   270.7  1846   311.4  1961  1087.7  1861
  111.5  1939   81.8  1973   81.5  2018   70.0  2022   68.2  1870   72.2  1933   92.3  1908  101.2  1918   90.9  1945  112.3  1901  112.5  2017  112.9  1901   302.0  1842   215.4  1850   267.5  1880   309.3  1929  1083.7  1884
  110.2  1900   81.5  1842   81.2  1855   69.3  2012   67.2  1908   72.0  1929   92.1  1927  101.0  1914   90.9  1930  112.0  1848  112.0  1843  112.7  2007   298.7  1954   214.1  2004   264.8  1986   307.9  1926  1083.5  1963
  109.8  1955   81.1  1868   80.2  2007   68.6  1885   67.0  2000   71.2  1951   91.9  1844   98.9  2018   90.7  1846  111.4  1892  111.9  1960  112.6  1882   297.5  1973   211.9  1880   264.4  1862   306.2  1977  1081.4  1867
  109.7  1904   79.9  1908   78.3  1872   68.5  1891   66.4  1982   71.1  1926   91.6  1980   98.7  1973   90.1  1992  111.2  1945  111.3  1905  112.5  2005   297.2  1851   211.7  1950   264.2  2024   305.5  2015  1080.6  1996
  109.7  1863   79.6  1889   78.1  1890   68.3  1943   66.2  1897   71.1  1838   90.0  1992   98.5  1953   89.3  1928  110.9  1885  110.3  1876  112.2  1893   296.5  1992   211.5  1970   264.0  1934   304.1  1939  1080.4  1908
  109.4  1932   79.3  1849   77.7  1851   68.3  1869   66.2  1910   70.5  1899   89.1  1929   98.1  1876   89.3  2005  110.4  1986  109.6  1895  111.1  1906   295.8  1885   210.4  1847   263.9  1970   302.0  1962  1078.8  1842
  109.0  1912   79.2  1972   77.7  2021   67.2  1911   65.7  1918   70.4  1908   89.1  1886   97.8  1848   89.2  1850  110.2  1932  109.4  1836  111.1  1967   294.8  1951   210.2  1941   262.6  1997   301.7  2005  1078.8  1926
  109.0  1960   79.1  1957   77.2  1838   67.1  1905   65.3  1999   69.1  1848   89.0  1858   97.1  1846   89.1  1840  109.2  1991  108.8  1884  111.0  1945   293.3  1941   209.7  1943   261.3  2014   301.3  1931  1078.4  1968
  108.9  1899   79.0  1971   76.6  2005   66.9  1874   65.1  1881   68.8  1999   88.6  1883   97.0  1999   89.1  1964  107.9  1883  108.7  1849  110.9  1840   293.2  1878   209.4  2016   258.8  1918   300.4  1941  1078.0  2018
  108.9  1947   78.6  2019   76.4  1906   66.8  1910   64.9  1921   68.7  1994   88.5  1967   96.6  1875   88.6  1884  107.4  1841  108.7  1966  110.5  2019   292.8  1942   209.2  1904   258.2  1952   300.2  1878  1076.1  1896
  108.3  1931   78.6  1867   75.7  1865   66.5  1975   64.8  1964   68.6  1905   87.5  1840   95.4  1937   88.3  1856  107.2  1873  108.6  1920  109.1  1930   292.5  1875   208.7  1949   255.4  1894   300.0  1975  1074.7  1906
  108.0  1970   77.9  1949   75.2  1937   66.2  1876   64.7  1971   68.4  1876   87.4  1911   94.6  1961   87.2  1871  105.4  2017  107.5  1921  108.9  2018   292.1  1844   208.6  2021   254.9  1966   299.8  2004  1074.0  2005
  107.5  2003   77.4  1886   74.8  1984   64.7  1864   63.3  1869   67.8  2023   85.9  1948   94.1  1919   86.4  1987  105.1  1977  104.8  1898  107.6  1881   291.7  1914   208.6  1841   254.3  2016   299.1  1978  1073.8  1927
  107.5  1923   77.0  1880   74.0  1930   63.3  1944   62.2  1885   67.5  1939   84.9  1965   93.8  1856   85.0  1995  104.5  1898  104.0  1949  107.1  2004   291.7  1982   208.6  1922   250.6  2025   298.4  1913  1073.6  1977
  107.5  1981   76.4  1843   73.7  2002   62.1  1964   61.7  1953   65.5  1866   84.8  1887   93.7  1977   84.8  1848  104.4  1896  103.6  1861  105.0  1909   289.5  1924   208.4  1945   249.6  1993   298.0  1843  1070.8  1995
  107.2  1977   75.2  1882   73.5  1948   62.1  1939   61.2  1875   65.4  2001   84.4  1893   93.5  1982   84.4  1963  103.8  1950  103.3  1913  104.5  1841   289.4  1898   207.8  1923   248.9  1850   297.7  1864  1069.4  1901
  106.4  1982   74.9  1920   72.1  2016   61.5  1968   61.0  1868   64.7  1920   84.3  1841   92.0  1990   84.4  1943  103.0  1926  102.8  1850  104.2  1922   289.4  1936   207.4  1959   247.9  1866   295.9  1985  1068.3  1984
  106.4  1934   74.7  1837   71.9  1936   61.5  1942   60.4  1941   64.6  1922   82.9  2019   91.7  1851   84.0  1940  102.6  1943  102.7  1953  104.0  1894   288.9  1860   207.4  2022   247.2  1979   295.9  1891  1067.6  1894
  105.9  1940   74.7  1978   71.7  1933   61.4  1853   60.4  1960   64.5  1915   82.7  1875   91.3  1994   83.8  2021  102.2  1942  102.4  1910  103.5  1888   286.2  2001   207.3  1894   246.3  1841   293.8  1959  1066.0  1846
  105.0  1871   74.7  2013   69.7  2020   60.9  2015   60.3  1873   64.3  1950   82.5  1933   91.1  1998   83.5  1947  101.7  1851  102.2  1912  103.3  1908   286.0  1899   207.2  2010   246.0  1908   292.3  1853  1064.8  1925
  102.3  1854   74.3  2017   69.0  1934   60.4  1879   60.3  2012   63.3  1917   81.8  1973   91.1  2006   83.5  1870  101.4  1957  100.9  1968  103.2  1928   285.5  1968   207.1  1855   246.0  1964   291.4  1947  1055.9  2021
  102.2  2023   73.6  1943   68.5  1949   60.2  1948   59.5  1883   62.5  1959   81.6  1874   91.0  2005   83.4  1998   99.4  2019   99.2  1863  102.6  1977   284.7  1906   204.6  1982   245.6  1939   291.0  2013  1052.7  1881
  101.5  1915   73.3  1907   68.5  2001   59.7  1852   59.5  2019   61.9  1930   81.3  1981   90.8  1915   83.2  1937   98.4  1921   98.5  1841  102.3  1976   284.5  1996   203.6  1997   244.0  2010   290.5  1884  1052.4  1863
  101.3  1844   73.3  1981   67.5  1904   59.4  1838   59.1  1949   61.7  1916   80.6  1899   90.6  1859   81.9  1847   97.5  1850   97.9  1967  102.2  1925   284.5  1940   202.7  1960   243.9  1863   289.4  1850  1049.5  2016
  100.5  1991   72.3  1838   67.3  1891   59.3  1868   59.0  2016   60.8  1978   80.6  1907   90.5  1844   81.7  1891   97.5  1881   96.6  1886  101.0  2025   283.7  1865   202.6  1865   243.9  2011   288.6  1848  1047.7  1904
  100.1  1857   71.7  1902   67.2  1880   59.3  1863   58.5  1909   60.8  1902   79.9  2025   90.5  1882   80.7  1838   95.9  1893   95.3  2023  100.8  1907   282.6  1919   202.0  1876   243.7  1853   288.5  1983  1047.4  1935
   99.0  1951   71.2  2025   66.9  1993   59.2  1878   57.7  1944   60.4  1970   79.4  1923   89.9  1855   80.7  1920   94.6  1849   94.4  1994  100.5  1950   282.3  1921   201.9  1971   242.6  1902   287.3  1932  1046.1  1898
   98.7  1869   70.9  1905   66.8  1885   58.6  1973   56.7  2025   60.3  2000   79.2  1890   89.2  1839   80.6  1922   93.2  1854   93.6  1906  100.2  1960   281.7  1871   201.6  2008   242.3  1838   286.8  1865  1045.0  1976
   98.5  1901   69.3  1855   66.7  1867   56.7  2010   56.4  2017   60.1  1853   78.4  1995   88.1  1949   80.4  1960   93.1  1884   93.5  1981   99.0  1972   279.0  2004   201.3  1919   242.2  1901   284.7  2021  1044.6  1997
   97.9  1945   69.0  1841   66.5  1932   56.4  1983   56.1  1901   59.7  1871   77.3  1892   87.4  1944   79.7  1966   93.0  1936   93.1  1891   98.9  1985   278.7  1965   199.0  1995   241.4  1874   283.5  1908  1044.2  1937
   95.6  1910   68.8  2003   65.6  1889   55.7  1962   55.3  1957   59.7  1857   76.4  2024   87.1  1980   79.4  1873   92.4  1925   92.8  1847   97.7  1856   278.6  1938   197.7  1885   238.8  2001   282.6  1881  1043.9  1913
   94.1  1870   68.7  1896   65.6  1962   55.3  1926   55.2  1850   59.7  2024   76.3  1881   86.6  1887   79.4  1979   92.3  1948   92.7  1904   97.7  1913   278.0  1991   196.7  2011   237.3  1932   282.6  1951  1043.7  1892
   93.7  1889   68.3  2001   65.5  1960   54.8  1967   54.9  1864   59.6  1937   75.6  1891   84.7  1840   79.2  1938   92.0  1927   92.3  1899   96.9  1935   277.7  1897   196.5  1987   234.9  1967   282.5  1896  1042.8  1875
   93.7  1956   67.6  1859   64.9  1999   54.7  1953   54.4  1911   59.4  2009   73.9  1986   83.3  1908   78.1  2020   91.6  1975   91.9  1848   95.9  2003   277.0  1863   196.3  1921   233.1  1982   282.2  1841  1042.3  1889
   93.3  1949   67.5  1948   64.6  1990   54.4  1888   53.9  1951   59.4  1984   73.9  1978   82.6  1974   77.5  1889   90.8  1912   91.2  1985   95.6  1961   276.7  1889   196.0  1926   233.0  1878   281.5  1948  1041.0  1860
   93.1  1909   67.2  2012   64.4  1894   54.1  1919   53.9  1923   59.1  1891   73.8  1975   81.9  1954   76.6  1951   88.9  1911   90.6  1859   95.0  1903   276.7  1987   194.6  1939   232.9  1947   278.5  1957  1040.8  2010
   93.0  1859   66.4  1851   64.1  2009   54.0  1886   53.8  2018   58.9  1856   73.4  1972   81.7  1842   76.4  1841   86.9  1913   90.5  1943   94.7  1981   276.0  1887   194.0  1977   232.5  1920   277.8  1902  1039.8  1914
   92.8  1925   64.3  1987   63.9  1902   53.6  1941   53.3  1995   58.9  1976   73.3  1963   81.2  1978   76.3  1973   86.5  1933   89.6  1908   94.1  1889   275.3  1947   193.9  2001   232.3  1941   277.5  1943  1038.8  1879
   91.4  1979   63.9  1909   62.7  1873   53.4  1895   51.7  1887   58.3  1989   73.1  1852   81.0  1931   74.9  1926   85.7  1965   89.1  1980   94.0  1902   275.3  1962   192.9  1937   231.4  1962   274.6  1840  1038.3  1956
   91.1  1918   63.8  1963   62.1  1879   53.1  1930   51.4  1922   56.8  2014   72.7  1855   80.6  1850   74.3  1851   84.2  1992   89.0  1919   93.9  1865   270.9  1956   192.2  1910   229.9  1842   274.2  1942  1036.9  1939
   89.6  1916   62.8  1917   61.9  1899   52.9  1927   51.2  1841   56.7  1909   72.6  1961   80.2  1852   74.1  1893   83.6  2024   88.0  1990   93.2  1953   270.4  1892   192.2  1863   228.7  1840   271.3  1862  1036.3  1972
   88.9  2024   62.2  2010   61.2  1863   52.5  1951   50.8  2001   56.5  1840   72.3  2013   78.4  1968   74.1  1994   83.3  1860   87.3  1964   92.9  1939   269.8  1989   191.8  1896   228.1  1994   269.5  2018  1035.4  1949
   88.1  1967   62.2  1936   60.3  1975   52.4  2003   50.2  1948   56.3  1883   71.9  2018   78.4  1902   74.0  1977   83.0  1997   87.2  2007   92.5  1988   269.4  2011   191.5  1900   228.0  1974   269.4  1859  1034.9  1991
   87.9  2010   61.3  1856   60.1  1923   52.1  1928   50.2  1930   56.0  2005   71.7  1987   76.9  1916   72.0  1845   82.4  1897   86.6  1950   92.1  1880   268.8  1911   191.4  1962   227.9  1996   267.5  1997  1031.7  1890
   87.6  1954   60.9  2008   59.9  1871   51.5  1912   50.2  1990   55.1  1979   70.2  1916   76.7  1884   69.7  1949   82.3  1868   86.5  1987   92.0  1898   266.4  1901   190.2  1927   225.5  1921   266.3  1906  1031.7  2024
   86.9  1895   60.1  2005   59.2  1910   50.5  1860   49.5  1890   54.3  1977   70.0  1996   76.6  1867   69.1  1900   82.2  1882   85.5  1924   91.3  1968   266.3  1886   190.0  1869   224.7  1973   265.2  1899  1031.5  1888
   85.3  1908   60.0  1879   58.9  1839   50.3  1896   49.4  1919   54.3  1934   69.6  2011   76.5  1858   68.6  2013   80.7  1958   85.1  1907   90.0  1937   266.0  1908   189.9  1928   223.9  1909   265.0  1952  1030.4  1945
   81.8  1933   59.4  1861   58.4  1869   50.3  1887   49.0  1846   54.1  1850   69.0  1949   75.6  1849   68.3  1909   80.6  1939   85.1  2024   89.9  1870   266.0  2003   188.7  1990   223.5  1972   262.9  1953  1024.3  1878
   81.7  1892   59.2  1857   57.6  2000   49.9  1914   48.9  1914   53.6  1846   68.8  1971   75.1  1871   67.7  1931   79.8  1956   83.2  2012   89.6  2002   263.9  1868   188.6  1978   223.1  1849   262.9  1873  1024.0  1932
   80.8  1971   58.6  1927   56.9  1849   49.6  1855   48.9  2023   53.4  1893   68.5  1872   74.6  1966   67.7  1939   78.2  1955   83.1  1975   89.5  1887   262.8  1986   188.5  1951   222.5  1906   262.3  1880  1023.6  1962
   80.2  1992   58.3  1874   56.3  1974   49.2  1945   48.8  1998   53.3  1886   68.1  2006   73.1  1853   67.1  1881   77.7  1915   82.7  2005   89.3  1931   260.3  1909   187.5  2017   221.4  2018   257.1  1895  1020.6  1909
   79.7  1893   58.2  1962   54.8  1926   48.9  1881   48.4  1992   53.2  1895   68.0  1994   72.8  1936   66.5  1852   77.6  1871   82.0  1894   88.4  2022   260.0  1902   187.1  1871   219.9  1876   256.4  1867  1016.2  1891
   78.2  1856   57.7  1860   54.6  1950   48.0  1856   48.3  2004   52.9  1918   66.8  2014   72.5  1984   65.8  2024   77.2  1861   81.2  1903   88.4  1859   259.7  1993   186.1  1957   219.6  1935   255.5  1955  1016.0  1865
   75.9  1887   57.2  1991   54.5  1996   47.8  1841   48.1  2024   52.8  1953   66.1  1914   71.5  1997   65.5  2003   74.8  1924   81.1  2016   88.1  2024   258.7  1893   185.7  1955   219.2  1999   255.0  1909  1013.7  1902
   75.5  2025   56.8  1846   54.3  1843   47.5  1987   47.8  1905   52.3  1911   66.1  1906   71.3  2011   64.2  1844   74.3  1847   81.0  1952   87.7  1917   257.0  1857   184.9  1933   219.1  1989   255.0  1925  1006.6  1922
   75.4  1902   56.3  1878   53.6  2011   47.4  1883   47.1  1988   51.2  1983   65.5  1859   71.1  1894   63.3  1855   73.2  1858   80.6  2008   86.3  1992   255.0  1896   184.0  1948   219.1  1898   254.4  1844  1004.0  1869
   75.3  1843   55.3  1976   53.6  1874   47.1  2008   46.9  1927   50.8  1961   65.5  1897   70.7  1838   63.2  1897   71.9  1931   79.4  1862   85.7  1863   253.0  1841   183.4  1859   218.9  1933   253.9  1958  1002.1  1868
   74.9  1989   55.1  1942   53.5  1925   47.1  1903   46.5  1937   50.6  2018   65.4  1934   70.0  1938   61.1  1858   71.8  1842   79.3  1948   84.8  1916   251.2  2009   180.3  2007   218.0  1961   252.9  1986   999.1  1964
   74.6  1985   54.5  1887   53.3  1836   47.0  1997   46.2  1936   49.8  1873   65.3  1917   69.6  1896   60.8  1877   71.6  1852   79.1  1897   82.6  2001   250.0  1890   177.3  1930   216.9  1836   252.1  1889   998.9  1874
   73.9  1848   54.1  1847   53.2  1938   46.3  1866   46.0  1851   49.7  1903   64.7  1976   68.6  1920   60.0  1991   71.3  1974   78.2  2001   81.1  1848   248.2  1882   176.5  1892   215.9  1978   251.5  1989   996.2  1915
   73.8  1905   53.4  1938   52.5  1878   45.7  1884   43.2  1837   49.6  1974   63.5  1990   68.3  1932   59.1  1917   69.7  2018   77.6  1887   80.8  1947   247.3  1876   175.6  1866   212.5  1899   251.3  1911   994.4  1969
   73.1  1841   51.7  1892   52.0  1956   45.2  1981   43.2  2010   49.2  1847   62.7  2001   68.1  1854   59.0  1952   69.7  2015   77.0  1878   80.6  1878   244.1  1972   174.7  1973   212.1  2013   250.5  1973   992.0  1919
   73.0  1966   51.4  1998   51.7  1916   45.1  1958   42.4  1912   48.1  1988   62.6  1991   67.7  1993   58.0  2001   69.5  1864   76.2  1873   79.2  2008   242.7  2019   174.4  1895   212.0  1856   249.0  1847   989.9  1989
   72.9  1861   50.9  2004   51.4  1997   44.8  1870   41.7  1987   47.9  1962   62.2  2004   67.6  2016   57.7  1857   69.0  1866   75.3  1932   78.4  2016   242.6  1838   172.4  1861   210.0  1981   248.9  2001   983.7  1841
   72.2  1885   50.3  1858   51.3  1952   44.8  1933   41.5  1852   47.4  1986   61.9  1866   67.4  1909   57.6  1867   68.7  1890   74.5  1962   78.1  2009   242.3  1907   171.6  1958   208.8  1916   246.2  1921   983.1  1987
   69.9  2020   49.4  1901   50.8  1922   43.7  1952   41.2  1952   46.1  1874   61.4  1962   67.0  1935   57.5  1997   64.6  2010   74.3  1871   78.0  1883   241.6  1929   169.4  1853   206.4  1886   245.2  1956   983.1  1895
   69.1  1879   49.0  1853   50.3  1883   43.6  2014   39.1  1956   46.1  1957   61.2  1865   66.8  2025   57.0  2007   64.0  1994   73.0  1837   77.6  1989   237.0  1959   168.6  2025   205.2  2000   242.2  1969   982.4  1851
   68.6  1959   48.8  1864   50.2  1971   43.1  1837   39.0  1874   45.8  1996   61.1  1928   66.0  1857   55.5  2018   63.1  1953   72.9  1915   77.3  1904   236.2  1997   168.5  1856   204.7  1865   241.8  1868   975.0  1871
   67.3  1888   48.5  1845   48.9  2022   40.8  1988   38.6  1893   45.6  2010   60.7  1943   64.3  1911   55.5  1905   62.6  1971   72.3  1857   76.0  1905   235.1  1862   168.0  1980   204.6  1914   241.6  1855   970.1  1955
   67.1  1874   48.1  1983   48.7  1958   40.1  1918   38.6  1994   45.5  2015   59.3  1856   64.2  1933   54.7  1989   62.5  1937   72.2  1976   75.4  1943   234.7  2025   167.3  1890   203.9  1911   239.2  1871   966.4  1905
   66.8  1917   46.7  2006   48.3  2003   39.9  1957   38.2  1857   44.8  1904   58.5  1857   64.1  1886   52.5  1862   62.3  1969   71.5  1844   73.0  1855   232.3  1944   165.5  1974   203.3  2003   238.9  1904   963.9  1959
   66.1  2011   46.6  1924   48.3  1845   39.7  1890   38.0  1866   44.2  1973   57.2  1885   63.7  1925   51.8  1854   61.0  1899   71.0  1961   72.8  1892   232.1  1985   165.5  1911   202.2  1977   235.9  1893   963.7  1840
   66.1  1836   45.8  1913   47.6  1852   37.3  1995   37.3  1940   43.3  1836   56.8  1905   63.7  1862   47.8  1990   59.2  1902   70.8  1955   70.4  1987   232.0  1881   164.5  1838   201.8  1858   235.5  1907   962.8  1941
   65.6  1941   45.0  1854   46.9  1969   37.3  1956   37.2  1950   43.2  1849   56.8  1869   63.1  1841   47.2  1914   59.1  1887   70.7  1854   70.4  1871   228.7  1976   159.5  1874   199.7  1919   234.7  1887   961.5  1983
   65.4  1882   44.5  1956   46.4  1931   37.3  1893   36.7  1970   43.0  1842   56.4  1966   62.0  2010   46.9  1868   59.0  1947   69.9  2021   69.8  1875   228.6  1847   158.8  1851   199.0  1991   234.4  2024   961.4  1973
   65.4  1950   43.2  1968   45.8  1946   37.1  1839   36.6  1959   42.4  1932   55.6  1964   61.7  1864   45.9  2015   58.5  1973   66.8  1885   68.7  1867   228.2  2010   158.2  1845   198.1  1859   234.1  1919   958.0  1880
   65.3  2001   40.1  1863   44.2  1945   36.4  1844   34.7  1980   42.0  1859   54.2  1977   61.4  1899   45.3  1837   58.3  1999   66.6  1925   68.5  1860   226.8  1927   157.2  1883   196.6  1884   233.8  1851   956.2  1839
   65.1  2000   39.8  1952   43.8  1911   36.1  2011   33.8  1928   41.3  1967   53.8  1984   60.2  1969   43.6  1959   57.9  1905   65.9  1893   68.3  1838   225.5  2023   155.2  2012   196.4  1925   233.0  2003   954.2  1870
   62.7  1864   39.6  1953   42.6  1875   36.1  1921   33.0  1946   40.4  1870   53.4  1999   60.0  1972   42.3  1911   56.9  1859   65.7  2013   67.3  2010   222.1  1905   153.3  1935   196.1  1864   232.5  1994   953.4  1873
   61.7  1858   38.5  1875   42.2  1898   36.0  1929   32.7  1915   40.2  1992   53.4  1876   57.8  1870   42.3  2002   56.5  2007   65.6  1956   66.8  1843   221.4  1963   148.7  1852   195.5  2006   231.6  1971   953.0  1952
   60.7  1837   37.9  1964   41.7  1847   35.1  1978   32.7  1989   38.7  2021   53.3  1979   57.8  1885   40.9  1860   55.8  1972   61.2  1889   65.4  1850   216.9  1843   148.0  1870   194.8  1959   229.8  1945   951.1  1921
   58.4  1914   37.8  1944   41.2  1850   35.0  1851   32.2  1848   38.5  1940   51.2  1860   57.1  2002   40.4  1921   55.4  1908   60.7  2004   65.2  1842   216.7  1855   147.3  1975   194.6  1855   229.1  1838   941.0  1847
   57.8  1907   37.7  2009   40.7  1893   34.5  1836   32.0  1880   37.6  1923   50.3  1952   55.2  2013   40.3  2009   55.4  1978   60.0  1993   64.9  1995   214.3  1917   146.2  1938   194.3  1968   227.7  1912   937.2  1911
   57.3  1897   37.4  1985   40.2  1935   33.1  1976   31.9  1978   37.4  1914   49.0  1870   54.5  1975   40.3  1969   53.3  1910   58.5  1988   63.1  1861   212.5  1856   145.4  1936   193.2  2005   225.3  1894   937.0  2003
   57.0  2022   37.2  1862   38.6  1854   30.7  1984   31.6  1845   37.4  1867   48.9  1969   48.7  1939   39.9  1971   51.9  2003   57.8  1851   62.3  1996   211.1  1895   145.2  1944   192.7  1969   224.7  1879   927.2  1893
   55.1  2019   35.7  1947   38.5  1918   29.0  1946   30.9  2020   36.8  1869   47.6  2022   48.4  1845   39.7  1906   51.8  1840   57.2  1958   61.8  1933   210.5  2006   144.3  1918   192.7  2021   224.7  1905   921.0  1844
   54.9  2017   35.3  1975   38.3  1961   28.8  2007   30.5  1939   36.3  1858   46.2  1864   46.7  1869   38.9  1888   51.7  1869   55.5  1922   61.5  1941   209.7  1879   141.8  1873   192.2  1940   224.7  1897   915.8  1854
   54.8  1896   34.9  2023   38.2  1858   27.9  1974   30.5  1935   36.2  2006   46.1  2005   46.0  1837   37.7  1996   51.5  1904   54.2  1870   59.9  1927   207.7  2017   140.0  1887   191.7  1887   224.5  1888   915.5  1853
   54.5  1964   33.7  1890   38.1  1887   27.7  1892   28.8  1977   33.5  1906   46.0  2021   45.2  1945   37.3  1915   51.2  1919   51.2  1989   58.9  1857   203.7  1932   138.6  1915   188.9  1949   222.3  2016   899.9  1859
   54.0  1876   33.4  1919   37.8  1943   27.4  1936   27.9  1838   32.6  1837   43.8  1989   43.9  2022   35.5  1910   51.2  1857   49.6  1860   57.8  1851   203.1  1971   136.2  1952   188.7  1955   221.6  1914   898.8  1971
   53.8  1935   32.6  1959   35.0  1870   26.7  1865   27.5  1839   32.2  1995   43.5  1913   42.3  1981   34.9  1941   51.0  1879   49.2  1856   56.1  1890   200.8  1861   132.5  1953   185.7  1984   215.6  1854   897.8  2001
   52.7  1891   31.7  1839   33.7  1915   25.1  2017   22.6  1984   32.1  1855   40.6  1968   42.3  1880   34.7  1912   49.8  1962   49.1  1937   55.7  1864   197.1  1864   132.1  1844   184.2  1857   207.6  1993   889.6  1885
   52.6  1898   31.2  1993   33.4  1973   24.2  1982   21.7  1896   31.8  1949   39.9  2000   38.7  1991   33.8  1907   48.3  1985   46.3  1909   55.6  1885   195.9  1845   128.4  1956   182.5  1837   200.7  2007   883.8  1858
   51.3  2006   31.2  1979   31.8  1955   24.1  1954   20.5  1975   31.5  1975   39.3  1901   34.5  1983   33.8  1916   47.1  1888   44.5  1933   55.3  1879   195.3  1953   128.1  1984   175.9  2022   194.8  1937   876.5  1864
   51.1  1929   30.0  1921   29.5  1924   23.9  2020   20.3  1871   26.4  1884   38.1  1955   34.4  1836   31.9  1929   46.7  1914   43.5  1957   48.2  1846   193.5  1854   124.5  2020   174.5  1868   191.2  1910   855.7  1953
   48.7  1987   27.4  1888   28.0  1900   23.3  2021   20.2  1861   26.2  1868   36.9  1847   33.8  1913   30.0  1853   44.6  2016   40.9  1983   46.2  1853   184.2  1888   123.5  1839   163.9  1913   187.9  1915   843.9  1857
   48.5  1838   27.2  1873   27.0  2025   22.3  1861   19.0  2008   22.9  1925   36.4  1935   33.8  1959   29.9  1843   44.4  1856   39.1  1858   43.4  1970   179.5  1934   120.8  1929   159.8  1975   187.8  1972   840.5  1975
   48.4  1911   25.7  1836   25.5  2012   20.8  1840   17.0  1876   20.3  1887   23.5  1878   32.7  1847   19.8  1933   40.9  1880   38.2  1879   42.7  1926   179.4  1880   118.0  1854   147.2  1870   181.8  1856   825.1  1838
   47.1  1880   25.6  1930   24.8  1892   19.9  1980   15.2  1853   19.3  1885   22.9  1983   31.7  1940   18.2  1895   40.7  1946   36.9  1896   40.7  1975   170.9  1858   117.9  1875   141.0  1976   181.1  1857   802.9  1855
   38.6  1953   20.3  1895   24.2  1944   18.8  1873   15.1  1895   17.6  1865   21.1  1982   31.4  1955   15.7  1865   40.3  1993   35.5  1934   36.9  1873   162.3  1874   116.5  1893   140.2  1869   176.3  1922   799.6  1856
   38.5  1963   15.1  1965   24.1  1856   14.1  1875   11.0  1836   15.7  1941   20.9  1919   22.8  2003   14.3  1972   40.2  1922   34.1  1867   34.0  1971   159.5  1837   115.5  1840   134.3  1885   173.8  1860   788.3  1933
   31.8  1997   11.3  1934   16.1  1953    9.3  1854   10.5  1991   15.4  1942   20.2  1868   17.5  1976    9.4  2014   35.2  1951   28.8  1942   28.8  1963   130.3  1839   107.8  1946   123.9  1995   173.4  1858   786.4  1887
   30.2  1839    9.9  1891   16.1  1840    8.0  1938    8.9  1859   12.2  1889   17.1  1863   13.4  1995    9.1  1986   31.1  1837   27.7  1945   24.1  1836   121.2  1964    98.8  1836   118.8  1847   150.8  1933   777.2  1836
   25.0  1881    5.4  1986   13.1  1929    5.5  1842    8.4  1844   10.8  1921   15.8  1898   12.4  1947    6.3  1894   28.3  1838   27.7  1855   23.0  1844   118.6  1891    98.3  1837   108.6  1983   149.4  1837   687.3  1837
   17.3  1855    5.0  1932   12.0  1837    ---  2026    ---  2026    ---  2026    ---  2026    ---  2026    ---  2026    ---  2026    ---  2026    ---  2026     ---  1836     ---  2026     ---  2026     ---  2026     ---  2026
