Areal values from HadUK-Grid 1km gridded climate data from land surface network
Source: Met Office National Climate Information Centre
Monthly, seasonal and annual mean of daily minimum air temperature for Northern Ireland
Areal series, starting in 1884
Last updated 01-Apr-2026 11:35
    jan  year    feb  year    mar  year    apr  year    may  year    jun  year    jul  year    aug  year    sep  year    oct  year    nov  year    dec  year     win  year     spr  year     sum  year     aut  year     ann  year
    4.3  1898    4.8  1998    5.4  1957    5.7  2011    9.0  2024   10.9  2023   12.2  2013   12.1  1997   10.7  2021    9.0  2001    5.9  1994    5.1  1934    3.47  1989    5.67  2024   11.47  2025    7.82  2011    6.67  2023
    3.8  1944    3.9  2023    5.1  1938    5.5  2014    8.4  1893   10.3  2025   12.1  2025   11.9  2025   10.5  2006    8.7  1969    5.8  1899    4.8  1988    3.28  2019    5.44  1945   11.04  2023    7.77  2021    6.55  2025
    3.6  1989    3.8  1993    5.0  1945    5.5  1943    8.1  2022   10.3  2005   12.0  2003   11.9  1995   10.4  2023    8.6  1968    5.7  2004    4.5  1953    3.22  1998    5.43  1893   10.91  2003    7.75  2001    6.30  2024
    3.6  1996    3.8  1945    4.7  1961    5.4  2007    7.6  2014   10.2  2016   11.9  1991   11.8  1955   10.4  1958    8.5  1978    5.7  2011    4.4  1954    3.14  2022    5.27  2014   10.88  1893    7.57  2022    6.27  2022
    3.3  1932    3.7  2012    4.6  1990    5.2  1944    7.5  1970   10.1  1966   11.9  2019   11.7  2004   10.2  2016    8.3  1995    5.4  2007    4.2  1931    3.06  1935    5.13  2025   10.87  2021    7.55  1978    6.18  2005
    3.1  2002    3.7  1961    4.3  2012    5.2  1894    7.5  1889   10.1  1893   11.9  2021   11.7  1893   10.1  1953    8.2  2006    5.1  2022    4.1  2023    2.97  2012    5.06  2017   10.84  2016    7.45  1958    6.13  1945
    3.1  2005    3.6  1903    4.2  1998    5.2  1949    7.4  2008   10.1  1970   11.8  1995   11.7  1990   10.1  1941    8.2  2005    5.1  1955    4.1  1905    2.90  1949    4.96  1992   10.83  1995    7.40  2006    6.11  2007
    3.1  1950    3.3  2024    4.0  2005    5.1  1945    7.4  1999   10.0  2004   11.7  1933   11.5  2008   10.0  2004    8.0  2025    5.0  1997    4.1  2018    2.88  1943    4.95  1999   10.78  2005    7.32  2007    6.11  1949
    3.0  2007    3.3  1896    3.8  1948    5.0  2025    7.4  1953   10.0  2017   11.7  2022   11.5  2016   10.0  1999    8.0  1959    5.0  1897    4.0  1956    2.86  2024    4.95  1961   10.75  2006    7.30  2023    6.03  1997
    3.0  1949    3.3  1926    3.7  1997    4.9  1937    7.2  2011   10.0  1887   11.7  1901   11.4  1983    9.9  2011    7.9  1921    5.0  2002    4.0  1898    2.83  1975    4.88  1960   10.72  2013    7.23  1995    6.02  2021
    3.0  1916    3.3  1918    3.7  2000    4.9  2019    7.2  1964    9.9  1976   11.6  1976   11.3  2021    9.9  1898    7.9  2022    5.0  2001    4.0  1921    2.81  2017    4.87  1998   10.71  2022    7.16  1945    6.01  2004
    3.0  2022    3.2  2019    3.7  1992    4.8  2017    7.2  1960    9.9  1960   11.6  2006   11.3  2013    9.9  1980    7.9  1977    5.0  1938    4.0  1974    2.76  1932    4.87  2023   10.63  1899    7.10  1953    6.00  1998
    2.9  2012    3.1  1943    3.7  2021    4.8  1896    7.2  1998    9.9  1992   11.5  1983   11.3  2012    9.9  1890    7.8  2011    4.9  1953    4.0  2024    2.73  2025    4.86  1952   10.60  2019    7.09  2025    6.00  2006
    2.9  1884    3.1  2025    3.6  2025    4.7  2023    7.2  2023    9.7  1950   11.4  1989   11.3  2019    9.8  2005    7.8  2023    4.9  2021    3.9  2015    2.62  1923    4.85  2011   10.58  1933    7.03  1999    5.99  2017
    2.9  1976    3.0  2026    3.5  1991    4.7  1893    7.0  1992    9.7  2010   11.3  2014   11.2  2023    9.8  1949    7.7  2021    4.9  2020    3.9  1971    2.57  2026    4.73  1990   10.58  2018    6.97  1949    5.98  2002
    2.9  1921    3.0  1946    3.5  1959    4.7  1987    7.0  2018    9.7  2018   11.3  2005   11.2  2020    9.7  1998    7.7  2017    4.9  1948    3.7  2021    2.57  2007    4.72  1997   10.58  2004    6.95  1968    5.98  2014
    2.8  1973    3.0  1939    3.5  2024    4.7  2004    6.9  1952    9.6  1891   11.3  2018   11.2  1906    9.7  1955    7.7  2013    4.9  1958    3.6  2016    2.53  2005    4.67  2022   10.52  1983    6.95  2004    5.94  2019
    2.7  1925    2.9  1897    3.4  2017    4.7  1999    6.9  2017    9.6  2014   11.3  1887   11.2  1947    9.6  2022    7.6  1971    4.9  2015    3.5  1983    2.50  1976    4.65  1957   10.41  1997    6.92  2005    5.91  1999
    2.6  1905    2.9  1949    3.4  2019    4.7  2009    6.8  1947    9.6  2003   11.2  1899   11.2  1959    9.6  1946    7.6  1908    4.9  1945    3.5  1900    2.48  1898    4.60  1943   10.39  1976    6.89  1946    5.82  1953
    2.6  2019    2.8  1923    3.3  1902    4.7  1993    6.8  2025    9.5  2020   11.2  1944   11.2  1975    9.6  1895    7.6  1949    4.8  1995    3.4  1945    2.45  1946    4.60  1959   10.37  1947    6.89  2024    5.79  2016
    2.6  1896    2.7  2022    3.3  1966    4.6  1997    6.8  2001    9.5  2022   11.2  1952   11.2  1991    9.5  1978    7.6  1989    4.8  1924    3.3  1924    2.41  1944    4.59  2019   10.35  2020    6.85  1951    5.77  2011
    2.5  1975    2.4  2002    3.3  1950    4.6  1933    6.7  1890    9.5  1993   11.2  2010   11.2  1899    9.5  1956    7.5  2007    4.7  2024    3.2  1977    2.40  1954    4.58  1991   10.31  1887    6.82  1947    5.75  2020
    2.5  2020    2.4  1953    3.3  1956    4.6  1926    6.6  1990    9.5  2007   11.2  1900   11.1  2006    9.5  1929    7.5  1990    4.6  1978    3.2  1997    2.40  2016    4.53  2002   10.30  1949    6.80  1898    5.73  1893
    2.5  1974    2.4  1928    3.2  1983    4.5  1952    6.6  1896    9.5  1896   11.2  1999   11.1  2003    9.4  2000    7.4  1947    4.6  1920    3.1  1918    2.38  1922    4.52  2007   10.30  1955    6.78  1948    5.73  1995
    2.5  2017    2.4  1966    3.2  1960    4.5  2003    6.6  1956    9.5  1947   11.1  2008   11.0  1949    9.4  1985    7.4  2024    4.5  2025    3.1  2013    2.35  1992    4.48  2009   10.25  1959    6.73  1921    5.72  1898
    2.5  1943    2.4  2011    3.2  1981    4.5  2024    6.6  1965    9.5  2006   11.1  1949   11.0  1916    9.4  1945    7.4  2009    4.4  1956    3.1  2025    2.33  1903    4.47  2004   10.24  2008    6.71  1956    5.71  1943
    2.5  1990    2.4  1921    3.2  1952    4.4  1961    6.5  1919    9.5  1905   11.0  1945   10.9  2002    9.3  2010    7.3  1996    4.4  1939    3.1  1942    2.30  2020    4.47  2005   10.22  1945    6.69  1994    5.69  1990
    2.4  1983    2.3  1999    3.1  1893    4.3  1940    6.5  1954    9.5  1899   11.0  1921   10.9  1984    9.3  2013    7.3  1954    4.4  1951    3.0  1991    2.25  1925    4.42  1896   10.21  2014    6.68  1997    5.65  2003
    2.4  2016    2.3  2017    3.1  1977    4.3  2018    6.5  2003    9.3  1933   11.0  2023   10.9  2009    9.3  1891    7.3  1965    4.4  1917    2.9  2006    2.25  2008    4.39  1964   10.16  1984    6.65  1955    5.63  1948
    2.4  1923    2.3  2021    3.1  1936    4.3  1955    6.5  1918    9.3  2021   10.9  1934   10.8  2022    9.2  1951    7.2  1945    4.4  2018    2.9  1948    2.24  2014    4.38  1933   10.14  2002    6.62  2009    5.60  1921
    2.3  1924    2.2  1908    3.1  1923    4.3  1964    6.5  1940    9.3  2002   10.9  1923   10.8  1969    9.2  2001    7.1  1979    4.4  1888    2.8  1975    2.22  1896    4.35  1889   10.14  1990    6.60  2014    5.59  2018
    2.3  2008    2.2  1995    3.0  1927    4.2  1948    6.4  2002    9.2  1984   10.9  1925   10.7  2018    9.2  1966    7.1  1958    4.3  1946    2.8  1987    2.19  1993    4.32  1949   10.13  2010    6.59  2013    5.53  1983
    2.3  1935    2.1  2000    3.0  1943    4.2  1960    6.4  2016    9.2  1940   10.9  1905   10.7  2024    9.2  1948    7.0  1999    4.2  2014    2.8  1947    2.18  1950    4.31  1993   10.12  2017    6.57  2020    5.53  2013
    2.2  2023    2.0  1990    3.0  1935    4.2  2002    6.4  2006    9.2  1982   10.9  2016   10.7  1918    9.2  1916    6.9  1963    4.2  1922    2.8  1910    2.18  2023    4.29  2003   10.12  2009    6.54  1938    5.52  1989
    2.2  1964    2.0  1920    3.0  2002    4.1  2020    6.4  1991    9.1  1988   10.9  2009   10.7  2005    9.1  1936    6.9  1951    4.2  1902    2.8  2019    2.17  1957    4.25  2008   10.09  1944    6.52  1971    5.50  1988
    2.2  1967    2.0  1971    2.9  1994    4.1  1898    6.3  1944    9.0  1897   10.8  1893   10.7  1945    9.0  2019    6.9  1898    4.2  1983    2.8  2002    2.12  2002    4.24  1944   10.09  1952    6.51  1989    5.49  1959
    2.2  1968    2.0  1959    2.9  2026    4.1  1946    6.3  1959    9.0  1941   10.8  1997   10.7  1999    9.0  1901    6.8  1985    4.1  1999    2.7  1932    2.10  1973    4.21  1948   10.07  1991    6.50  1920    5.47  1957
    2.2  1981    2.0  1992    2.8  1933    4.1  1992    6.3  2004    9.0  1890   10.8  1994   10.7  1996    9.0  1981    6.8  1962    4.0  1913    2.7  2004    2.02  1999    4.20  1981   10.06  1989    6.45  1908    5.47  1944
    2.2  2004    1.9  1914    2.8  1988    4.1  1988    6.3  2009    9.0  1900   10.8  1894   10.7  1958    9.0  2007    6.8  1920    4.0  1889    2.7  1955    2.00  1906    4.18  2012   10.06  2007    6.43  1916    5.46  2009
    2.2  1934    1.9  1967    2.8  1967    4.0  1995    6.3  1908    8.9  1986   10.7  1987   10.6  1936    9.0  1947    6.8  1975    4.0  1906    2.7  2007    1.99  1974    4.18  1988   10.01  1900    6.43  1941    5.43  2012
    2.1  1906    1.9  2009    2.8  1999    4.0  1985    6.2  1945    8.9  1889   10.7  1957   10.6  1933    8.9  2002    6.7  1946    4.0  1947    2.7  1922    1.99  1967    4.17  1940   10.01  1891    6.42  2002    5.43  1933
    2.1  1992    1.9  1948    2.7  2014    4.0  1959    6.2  1917    8.9  1945   10.7  1951   10.6  1884    8.8  2014    6.7  1970    3.9  1908    2.7  1902    1.97  1899    4.14  1956    9.99  1950    6.42  1913    5.43  1971
    2.0  1890    1.9  1913    2.7  2023    3.9  1996    6.2  1911    8.9  1963   10.7  1904   10.6  1944    8.8  1970    6.7  2014    3.9  2003    2.6  1941    1.94  2006    4.11  1950    9.98  1958    6.41  1959    5.42  2000
    2.0  2000    1.8  1891    2.6  1993    3.9  1912    6.2  1892    8.9  2000   10.7  1959   10.6  2007    8.8  1917    6.7  1910    3.9  1987    2.6  1994    1.89  1921    4.11  1912    9.93  1999    6.40  2017    5.42  2008
    1.9  2013    1.8  1975    2.6  1912    3.8  2005    6.1  2020    8.8  1953   10.7  1975   10.6  1942    8.8  1973    6.7  1913    3.9  1921    2.6  2005    1.87  1995    4.11  1938    9.93  1905    6.35  1970    5.40  1994
    1.9  1993    1.8  1997    2.6  1926    3.8  1980    6.1  1922    8.8  1934   10.7  1977   10.6  1998    8.8  1961    6.6  1972    3.8  2008    2.6  1951    1.86  1971    4.09  2020    9.88  1925    6.33  1998    5.39  2001
    1.9  2006    1.8  1929    2.6  1954    3.8  1991    6.1  1981    8.8  1959   10.6  1926   10.6  1989    8.8  1938    6.6  2016    3.8  1980    2.6  1985    1.85  1981    4.03  1954    9.88  1897    6.32  2015    5.39  1958
    1.9  1926    1.8  2014    2.6  1884    3.8  2022    6.1  2007    8.8  1949   10.6  1958   10.5  1957    8.8  1889    6.6  1897    3.8  1894    2.5  1949    1.84  1990    3.98  2018    9.85  1992    6.26  2016    5.37  1954
    1.9  1954    1.8  1989    2.4  2009    3.8  1904    6.1  1903    8.7  1935   10.6  1932   10.5  1952    8.7  2025    6.5  1941    3.7  1943    2.4  1998    1.84  1948    3.98  2000    9.84  1953    6.25  1983    5.33  1964
    1.8  1888    1.8  1922    2.4  1949    3.8  1914    6.0  1989    8.7  1924   10.6  1941   10.4  1973    8.7  2003    6.5  1916    3.7  2009    2.4  1957    1.84  1905    3.97  1939    9.84  2012    6.24  1980    5.31  1992
    1.8  1953    1.7  1974    2.4  2016    3.7  1982    6.0  1931    8.7  1931   10.5  1969   10.4  1981    8.7  2009    6.4  1997    3.7  1981    2.3  1980    1.84  1934    3.95  1966    9.83  1975    6.19  1897    5.31  1991
    1.8  1971    1.7  1976    2.4  2004    3.7  1975    6.0  1937    8.7  1995   10.5  1990   10.4  1980    8.7  1964    6.4  1914    3.7  1916    2.3  1894    1.81  1926    3.95  1926    9.82  1970    6.18  1890    5.28  1899
    1.8  1998    1.7  1909    2.3  1939    3.7  1963    6.0  1895    8.7  1965   10.5  1973   10.4  1978    8.7  1939    6.4  1928    3.6  2023    2.3  1972    1.81  2000    3.89  1890    9.82  1998    6.16  1902    5.26  1978
    1.8  1902    1.7  1962    2.3  1890    3.7  1900    6.0  1995    8.7  1943   10.5  1884   10.4  1937    8.7  1933    6.3  1994    3.6  1898    2.3  2011    1.81  1901    3.86  1895    9.81  2024    6.13  1899    5.25  1956
    1.7  2014    1.7  2008    2.2  1928    3.6  1939    5.9  1939    8.7  1925   10.5  1911   10.4  1917    8.7  1996    6.3  1890    3.6  1989    2.3  1943    1.80  1890    3.75  2016    9.79  1973    6.10  1943    5.24  1975
    1.7  1889    1.7  2007    2.2  1978    3.6  1942    5.8  2012    8.7  1955   10.4  1986   10.4  1948    8.7  1968    6.3  1957    3.5  1968    2.2  1967    1.79  2004    3.73  1894    9.78  1901    6.09  1963    5.24  1961
    1.7  1909    1.6  2005    2.2  1996    3.6  1930    5.8  1950    8.7  1958   10.4  1956   10.4  1911    8.6  2020    6.3  1943    3.5  2006    2.2  1889    1.78  1972    3.71  2006    9.78  1884    6.07  1979    5.23  1934
    1.6  2026    1.6  1982    2.2  1897    3.5  1976    5.8  1980    8.6  1906   10.4  1955   10.4  1927    8.6  1997    6.3  1925    3.5  1949    2.1  1986    1.76  1913    3.71  1994    9.78  2000    6.02  1969    5.23  1889
    1.6  1937    1.6  1935    2.2  1889    3.5  1972    5.8  1974    8.6  1964   10.4  1930   10.3  1953    8.6  1988    6.3  1948    3.5  1931    2.1  2017    1.76  1988    3.70  1987    9.77  1932    6.01  2018    5.23  1938
    1.6  1901    1.6  1894    2.2  1907    3.5  1915    5.8  1912    8.6  2013   10.4  1964   10.3  1987    8.6  1902    6.3  1953    3.5  1970    2.1  1928    1.75  1928    3.68  1995    9.73  1996    5.99  1996    5.22  1947
    1.6  1997    1.6  1964    2.2  2007    3.5  1947    5.8  1898    8.6  2009   10.4  1998   10.3  1898    8.6  1971    6.2  1960    3.5  1964    2.0  2003    1.74  2003    3.68  1976    9.72  1957    5.98  1990    5.21  1946
    1.5  1900    1.6  1927    2.1  1895    3.5  1899    5.8  1986    8.6  1932   10.4  1947   10.3  2001    8.5  1983    6.2  1956    3.5  1901    2.0  1912    1.71  1924    3.64  1965    9.71  1934    5.94  1962    5.18  1966
    1.5  1927    1.6  2020    2.1  1963    3.5  1967    5.8  1997    8.6  2024   10.4  1985   10.2  2000    8.5  1913    6.2  2020    3.4  1892    2.0  1897    1.67  1914    3.62  1935    9.69  1988    5.88  1960    5.17  1976
    1.5  1938    1.6  1980    2.0  2022    3.4  1895    5.8  1978    8.6  1920   10.4  2001   10.2  1897    8.5  1967    6.2  1886    3.4  1937    2.0  1888    1.61  1909    3.60  1898    9.69  2001    5.86  1924    5.17  1884
    1.5  1969    1.5  1893    2.0  1989    3.4  2008    5.7  1933    8.6  1952   10.4  1950   10.2  1895    8.5  1995    6.2  1988    3.4  1963    2.0  1984    1.60  1953    3.60  1963    9.69  1941    5.85  1954    5.15  1993
    1.5  1904    1.5  1934    2.0  2020    3.4  1958    5.7  1905    8.6  1910   10.4  1891   10.2  1935    8.5  2024    6.1  1986    3.3  1960    2.0  2000    1.60  1927    3.60  1931    9.67  1982    5.85  1961    5.14  1973
    1.4  1914    1.5  1905    2.0  1968    3.4  1957    5.7  1961    8.5  2019   10.3  1979   10.1  1971    8.5  1976    6.1  1927    3.3  1971    1.9  1893    1.52  1964    3.59  1927    9.67  1981    5.84  1933    5.14  1926
    1.4  1913    1.4  1884    1.9  1921    3.4  1889    5.7  2013    8.5  1954   10.3  1984   10.1  1932    8.5  1915    6.1  1933    3.3  1928    1.9  1966    1.50  1911    3.59  1967    9.66  1936    5.84  2000    5.13  1960
    1.3  1893    1.4  1912    1.9  1896    3.3  1931    5.7  1976    8.5  1983   10.3  1953   10.1  1926    8.5  1969    6.1  1983    3.3  1904    1.8  1944    1.50  1958    3.58  1928    9.65  1994    5.83  1964    5.13  1905
    1.3  1999    1.4  1938    1.9  2003    3.3  2006    5.7  1932    8.5  1912   10.3  1897   10.1  1930    8.5  1884    6.0  1998    3.3  1886    1.8  1970    1.49  1997    3.58  2001    9.65  1906    5.83  2003    5.11  2015
    1.3  2003    1.3  1899    1.9  2008    3.3  2010    5.7  1988    8.5  1961   10.3  1996   10.1  1970    8.4  2017    6.0  2015    3.3  1895    1.8  1933    1.46  1966    3.53  1946    9.65  1960    5.83  1957    5.10  1980
    1.3  1957    1.3  1940    1.8  1894    3.2  1981    5.6  1900    8.5  1904   10.3  1931   10.1  2017    8.4  1903    5.9  1991    3.3  1932    1.8  1936    1.45  1929    3.50  1982    9.64  1969    5.79  1903    5.10  1955
    1.3  1922    1.3  1924    1.8  1976    3.2  1965    5.6  1993    8.5  1980   10.3  1992   10.0  1943    8.4  1984    5.9  1961    3.3  1912    1.8  2020    1.42  1889    3.50  1970    9.63  1948    5.79  1975    5.09  1967
    1.3  1912    1.3  1958    1.8  1946    3.2  1950    5.6  1966    8.5  1937   10.3  2017   10.0  1891    8.4  1926    5.9  1903    3.3  1998    1.8  1959    1.41  1937    3.49  1980    9.63  1942    5.74  1939    5.09  1970
    1.2  2018    1.3  1988    1.8  1940    3.2  1923    5.6  2000    8.4  1902   10.2  1927   10.0  1910    8.4  1921    5.9  1950    3.3  1992    1.8  1927    1.40  2013    3.49  1884    9.61  1894    5.71  1929    5.09  1996
    1.2  1907    1.3  1887    1.7  1925    3.2  1998    5.6  1971    8.4  1998   10.2  2020   10.0  1925    8.4  1989    5.9  1938    3.2  1986    1.7  1891    1.38  1912    3.45  1978    9.61  1904    5.69  1991    5.09  1939
    1.2  1994    1.2  1984    1.7  1964    3.2  1984    5.6  1913    8.4  1948   10.2  1981   10.0  1940    8.3  1930    5.9  1930    3.1  1959    1.7  1973    1.37  1984    3.44  1937    9.58  1964    5.68  1889    5.08  1950
    1.2  1966    1.2  2006    1.7  1905    3.1  2001    5.5  1973    8.4  1944   10.2  1914   10.0  1988    8.3  2008    5.9  2018    3.1  1962    1.7  1926    1.34  2021    3.44  1902    9.57  1926    5.67  2019    5.07  1890
    1.2  2025    1.1  1892    1.7  1903    3.0  1935    5.5  1901    8.4  2012   10.2  2000   10.0  1914    8.3  1943    5.7  1902    3.1  1990    1.7  2014    1.31  1919    3.42  1977    9.56  1966    5.66  1988    5.04  1896
    1.2  1988    1.1  2004    1.7  1942    3.0  1971    5.5  1928    8.4  1973   10.1  2002   10.0  1929    8.2  2012    5.6  1940    3.1  1903    1.7  1913    1.28  1961    3.41  1942    9.56  1937    5.65  1977    5.03  1897
    1.1  2024    1.1  1890    1.6  2015    3.0  1954    5.5  1925    8.4  2001   10.1  1967   10.0  1939    8.2  1934    5.5  1967    3.1  1979    1.7  1979    1.27  1918    3.41  1903    9.52  1980    5.61  2008    5.01  1952
    1.1  1928    1.1  2003    1.6  1973    3.0  1977    5.5  1936    8.3  1942   10.1  1908    9.9  1892    8.2  1991    5.5  2000    3.1  1957    1.6  1885    1.25  1978    3.40  1971    9.50  1921    5.60  1886    4.99  1924
    1.1  1911    1.1  1973    1.6  1910    3.0  1928    5.5  1969    8.3  1923   10.1  1946    9.9  1894    8.2  1982    5.5  1982    3.1  2017    1.6  1930    1.24  1894    3.40  1918    9.49  1930    5.59  1901    4.98  1951
    1.0  1885    1.1  1885    1.6  2011    3.0  1885    5.5  1920    8.3  1898   10.1  2024    9.9  1951    8.2  1907    5.5  1952    3.0  1884    1.6  1929    1.24  1920    3.39  1972    9.49  1987    5.57  1884    4.97  1903
    1.0  1951    1.1  1957    1.6  1971    2.9  1927    5.5  2019    8.3  1981   10.1  1936    9.9  1950    8.1  1942    5.5  1904    3.0  1975    1.5  1958    1.23  1908    3.39  1953    9.49  1943    5.56  1914    4.96  1981
    1.0  1946    1.0  1944    1.6  1899    2.9  1994    5.5  1930    8.3  1921   10.1  1917    9.9  1994    8.1  1920    5.4  2010    3.0  1934    1.5  1911    1.16  1939    3.38  1905    9.48  1935    5.56  1904    4.95  1913
    0.9  1942    1.0  1972    1.6  1982    2.9  1911    5.5  2005    8.3  1994   10.1  1948    9.8  1982    8.1  1957    5.4  2002    3.0  1927    1.5  1923    1.15  1916    3.38  1911    9.48  1993    5.56  1906    4.93  1932
    0.9  1948    1.0  1898    1.5  1918    2.9  1990    5.5  1904    8.2  1997   10.1  1971    9.8  1900    8.1  2015    5.4  1984    2.9  1991    1.4  1993    1.14  1942    3.36  1985    9.48  1923    5.55  1888    4.92  1894
    0.9  1995    1.0  1952    1.5  2006    2.9  1966    5.4  1987    8.2  1938   10.1  1939    9.8  1889    8.1  1950    5.4  1942    2.9  1929    1.4  2012    1.14  1933    3.35  2021    9.48  1951    5.55  1985    4.92  1902
    0.8  1903    0.9  1981    1.5  1974    2.8  1968    5.4  1910    8.2  1884   10.0  2007    9.7  2015    8.1  1959    5.3  1936    2.8  1982    1.4  1906    1.12  1996    3.35  1904    9.46  1911    5.50  1928    4.91  1942
    0.8  1958    0.8  1950    1.4  1931    2.8  1973    5.4  1934    8.2  1936   10.0  1982    9.7  1901    8.1  1960    5.3  1964    2.8  1961    1.4  1908    1.10  1994    3.32  1930    9.44  1914    5.50  1934    4.91  1982
    0.8  1960    0.8  2016    1.4  1941    2.8  1913    5.4  2010    8.2  1996   10.0  2004    9.7  1964    8.0  1935    5.3  1944    2.8  1954    1.4  1978    1.09  1893    3.32  1973    9.44  1917    5.49  1984    4.90  1931
    0.7  1956    0.8  2013    1.4  1972    2.7  1884    5.4  1943    8.2  1989   10.0  1993    9.7  1967    8.0  1893    5.3  1934    2.8  1900    1.4  1904    1.08  1945    3.29  1936    9.40  1896    5.49  1982    4.90  1904
    0.7  1970    0.8  2015    1.3  1906    2.7  1890    5.3  1949    8.2  1979    9.9  1988    9.7  2014    8.0  1979    5.2  2019    2.8  1944    1.3  1962    1.07  1952    3.29  1899    9.39  1931    5.49  1927    4.90  1927
    0.6  1919    0.8  1937    1.3  1929    2.7  1905    5.3  2015    8.2  1968    9.9  1896    9.7  1887    8.0  1896    5.2  1955    2.7  1933    1.3  1999    1.04  1885    3.28  1989    9.39  1940    5.48  1973    4.87  1928
    0.6  2015    0.7  1932    1.2  1920    2.7  1919    5.3  1924    8.1  1990    9.9  1928    9.7  1963    7.9  1900    5.2  1976    2.7  2019    1.2  1919    1.03  2015    3.27  1923    9.37  1924    5.48  1930    4.87  1900
    0.6  1930    0.7  1954    1.2  1913    2.7  1979    5.3  1983    8.1  1894    9.9  1942    9.6  1924    7.9  1963    5.2  1884    2.7  2005    1.2  1968    1.03  2018    3.27  1947    9.36  1978    5.46  1922    4.85  1987
    0.6  1887    0.6  1977    1.2  1984    2.6  1901    5.3  1906    8.1  2008    9.9  1960    9.6  1886    7.9  1962    5.2  2004    2.7  2013    1.2  1907    1.01  1983    3.26  1983    9.34  1889    5.41  1967    4.85  1901
    0.6  1918    0.6  1985    1.2  1944    2.6  1909    5.3  1972    8.1  1978    9.8  1929    9.6  1976    7.9  1904    5.2  1973    2.7  1941    1.1  1899    1.00  1955    3.23  1974    9.29  1939    5.39  1917    4.82  1914
    0.5  1920    0.6  1911    1.2  1986    2.6  1920    5.2  1994    8.1  1914    9.8  1937    9.6  1904    7.8  1994    5.2  1924    2.7  1885    1.1  1996    0.99  1938    3.21  1996    9.28  1918    5.34  1965    4.82  1935
    0.5  1929    0.6  1925    1.1  1887    2.6  2015    5.2  1887    8.0  1926    9.8  2012    9.5  2011    7.8  1906    5.1  1907    2.7  1984    1.0  1989    0.95  1968    3.21  1900    9.28  1963    5.32  1966    4.81  1908
    0.5  1947    0.6  1994    1.1  1901    2.5  2000    5.2  1982    7.9  1888    9.8  1903    9.5  1909    7.8  2018    5.1  1923    2.6  2000    1.0  1992    0.93  2009    3.19  2015    9.26  1898    5.31  1976    4.81  1968
    0.5  1982    0.5  1933    1.1  1965    2.5  2013    5.2  1955    7.9  1930    9.7  1924    9.5  2010    7.8  1914    5.0  1980    2.6  2012    1.0  1884    0.88  1904    3.18  1913    9.21  1967    5.26  1936    4.80  1977
    0.5  1899    0.4  1889    1.1  1995    2.5  1956    5.2  1884    7.9  2015    9.7  1943    9.5  1941    7.8  1908    5.0  1966    2.5  1940    1.0  1990    0.88  1980    3.13  1914    9.19  1979    5.26  1895    4.80  1925
    0.4  1972    0.3  1965    1.1  1985    2.5  1907    5.1  1916    7.9  1918    9.7  1916    9.4  1965    7.7  1899    4.9  1906    2.5  1914    1.0  1940    0.85  2001    3.12  1920    9.17  1954    5.24  2010    4.80  1918
    0.4  1962    0.2  1931    1.0  1987    2.5  1902    5.1  1957    7.9  1915    9.7  1886    9.4  1954    7.7  1910    4.9  1911    2.5  1973    1.0  1915    0.79  1892    3.11  1901    9.17  1971    5.24  1987    4.80  1984
    0.4  2009    0.2  2001    1.0  1911    2.5  1921    5.1  1929    7.9  1901    9.6  1980    9.4  1905    7.7  1924    4.9  1922    2.4  1972    1.0  1969    0.77  1956    3.05  1925    9.16  1910    5.24  1944    4.79  1906
    0.4  1978    0.2  1904    0.9  1915    2.5  1888    5.1  1985    7.9  1999    9.6  2015    9.4  1938    7.7  1977    4.9  2003    2.3  1890    0.9  1939    0.74  1907    3.05  2010    9.15  1895    5.24  1942    4.76  1937
    0.4  1961    0.2  1901    0.9  1932    2.5  1916    5.1  1888    7.9  1946    9.6  1978    9.4  1961    7.7  1987    4.9  1915    2.3  1918    0.9  1903    0.68  1931    3.03  1907    9.10  1929    5.22  1986    4.75  1929
    0.4  1908    0.0  1919    0.9  1930    2.5  2016    5.1  1914    7.9  1895    9.5  1966    9.4  1992    7.6  1944    4.9  1888    2.2  1911    0.9  1895    0.66  1960    3.02  1921    9.09  1986    5.22  1981    4.75  1974
    0.3  1910   -0.1  1978    0.9  1975    2.4  1903    5.0  1938    7.9  1957    9.5  2011    9.3  1985    7.6  1905    4.9  1899    2.2  1926    0.9  2001    0.65  1888    2.97  1910    9.09  2015    5.13  1937    4.75  1941
    0.3  1894   -0.1  1910    0.9  1898    2.4  1974    5.0  1963    7.8  1917    9.5  1954    9.3  1934    7.6  1937    4.8  1893    2.2  1896    0.8  1965    0.65  1987    2.96  1968    9.07  1961    5.11  1972    4.74  1920
    0.2  2001   -0.1  1886    0.8  2001    2.4  2012    4.9  1942    7.8  1939    9.5  1935    9.3  1974    7.5  1975    4.8  1929    2.2  1930    0.8  1963    0.65  1891    2.96  1915    9.05  1892    5.09  1950    4.74  1923
    0.2  1917   -0.1  1917    0.8  1980    2.3  1978    4.9  1962    7.8  1903    9.5  1972    9.2  1915    7.5  1993    4.8  1894    2.2  1976    0.7  1964    0.61  1897    2.92  1955    9.04  1938    5.09  1891    4.73  1940
    0.2  1931   -0.1  1983    0.8  1904    2.3  1970    4.8  1935    7.8  1913    9.5  1974    9.2  1977    7.5  1888    4.7  2008    2.2  1993    0.7  1901    0.53  1959    2.87  1958    9.02  1946    5.04  1900    4.72  1930
    0.2  1933   -0.1  1987    0.8  1886    2.3  1962    4.8  1927    7.8  1967    9.5  1938    9.2  1921    7.4  1954    4.7  1909    2.2  1988    0.7  1952    0.50  1930    2.86  1975    9.02  1886    5.04  1940    4.70  1916
    0.1  1955   -0.2  1888    0.8  1922    2.2  1941    4.8  1899    7.8  1951    9.4  1902    9.2  1968    7.4  1992    4.6  1935    2.2  1942    0.6  1982    0.50  1887    2.85  1929    9.02  1890    4.99  2012    4.69  1911
    0.1  1986   -0.2  1936    0.8  1958    2.2  1951    4.7  1946    7.7  1886    9.4  1892    9.2  1919    7.4  1927    4.5  1919    2.2  1967    0.6  1938    0.43  1962    2.82  1906    9.01  1916    4.97  1931    4.69  1936
    0.1  1915   -0.3  1942    0.7  1953    2.2  1918    4.7  1926    7.7  1892    9.4  1885    9.2  1960    7.4  1922    4.4  1900    2.0  2016    0.6  2022    0.38  1969    2.74  1897    8.95  1977    4.95  1907    4.61  1912
    0.1  1939   -0.4  2018    0.7  1934    2.2  1929    4.6  1921    7.7  1956    9.4  1890    9.1  1923    7.3  1990    4.4  1937    2.0  1952    0.5  2008    0.37  1902    2.74  2013    8.94  1902    4.95  1925    4.61  1969
    0.1  2021   -0.4  1951    0.6  1951    2.1  1938    4.6  2021    7.7  1908    9.3  1970    9.1  1931    7.3  1965    4.4  1889    1.9  1893    0.5  1920    0.37  1986    2.71  1932    8.94  1985    4.93  1893    4.60  1891
    0.0  1991   -0.5  1906    0.6  2018    2.0  1953    4.6  1948    7.7  1919    9.3  1895    9.1  1962    7.3  1886    4.3  1931    1.9  1935    0.4  1892    0.35  1900    2.70  1934    8.92  1965    4.92  1932    4.58  1965
   -0.0  1891   -0.6  1941    0.6  1914    2.0  1934    4.5  1909    7.6  1922    9.3  1889    9.1  1903    7.2  1911    4.3  1918    1.9  1891    0.4  1925    0.32  1970    2.69  1986    8.89  1956    4.87  1894    4.55  1985
   -0.1  1987   -0.6  1907    0.6  1970    1.9  1969    4.5  1967    7.5  1975    9.3  1962    9.0  1979    7.2  1932    4.3  1901    1.9  1996    0.3  1995    0.29  1982    2.65  1984    8.88  1903    4.86  1935    4.51  1972
   -0.2  1936   -0.6  1916    0.5  1908    1.9  1886    4.5  1958    7.5  1911    9.3  1961    9.0  1946    7.1  1931    4.3  1974    1.8  1974    0.3  1946    0.27  1965    2.62  1941    8.88  2011    4.80  1911    4.50  1910
   -0.2  2011   -0.6  1960    0.5  2010    1.9  1925    4.5  1902    7.5  2011    9.3  1963    9.0  1966    7.1  1892    4.3  1887    1.7  1966    0.2  1890    0.26  1940    2.62  1919    8.88  1908    4.78  1915    4.45  1888
   -0.2  1965   -0.6  1996    0.5  1917    1.9  1892    4.4  1886    7.5  1969    9.2  1918    9.0  1972    7.0  1940    4.2  1932    1.6  1905    0.2  1887    0.23  1886    2.58  1908    8.82  1927    4.77  1910    4.45  1962
   -0.3  1952   -0.8  1979    0.4  1900    1.9  1910    4.4  1915    7.4  1929    9.1  1898    8.9  1993    7.0  1925    4.2  2012    1.6  1907    0.2  1917    0.11  1991    2.57  1887    8.72  1974    4.71  1992    4.44  1887
   -0.5  1892   -0.8  1991    0.2  1979    1.8  1906    4.4  1951    7.4  1962    9.1  1906    8.9  1902    6.9  1897    4.2  1987    1.6  1925    0.1  1896    0.09  1910    2.54  1916    8.70  1915    4.70  1926    4.43  1922
   -0.5  1980   -0.8  1915    0.2  1924    1.8  1891    4.4  1891    7.3  1974    9.1  1907    8.8  1888    6.9  1912    4.1  1939    1.4  1965    0.1  1937    0.07  1985    2.43  1951    8.68  1968    4.68  1912    4.42  1963
   -0.5  1977   -0.8  1930    0.1  1885    1.8  1989    4.4  1907    7.3  1987    9.1  1909    8.8  1913    6.8  1923    4.1  1891    1.3  1936    0.0  1960    0.03  1917    2.41  1969    8.62  1962    4.63  1952    4.33  1917
   -0.7  1984   -0.8  1970    0.0  1916    1.7  2021    4.3  1897    7.2  1971    9.0  1888    8.8  1922    6.8  1928    3.9  1912    1.3  1887    0.0  1909   -0.08  1951    2.40  1886    8.60  1888    4.39  1993    4.32  1986
   -0.9  1886   -1.3  1956   -0.0  2013    1.7  1897    4.2  1941    7.1  1909    8.9  1940    8.8  1896    6.7  1887    3.8  1905    1.3  1977   -0.0  1914   -0.18  1936    2.38  1924    8.58  1909    4.37  1892    4.22  1979
   -1.0  1897   -1.3  2010   -0.0  1891    1.6  1924    4.2  1894    7.0  1885    8.9  1915    8.7  1928    6.7  1885    3.5  1926    1.2  1950   -0.1  1916   -0.21  1915    2.38  1892    8.54  1928    4.34  1905    4.18  1907
   -1.2  2010   -1.5  1902   -0.2  1969    1.5  1932    4.2  1977    7.0  1985    8.9  1910    8.7  1908    6.6  1909    3.5  1993    1.0  1915   -0.2  1935   -0.24  1977    2.37  1888    8.49  1913    4.30  1896    4.17  1895
   -1.4  1940   -1.7  1968   -0.4  1909    1.3  1887    4.1  1968    7.0  1991    8.9  1913    8.7  1890    6.5  1974    3.5  1992    0.9  2010   -0.3  1886   -0.41  1941    2.33  1917    8.39  1919    4.23  1885    4.17  1886
   -1.6  1941   -1.8  1969   -0.4  1888    1.2  1936    4.0  1975    6.9  1977    8.7  1968    8.6  1885    6.5  1919    3.3  1885    0.8  1969   -0.7  2009   -0.54  1947    2.25  1909    8.35  1885    4.20  1974    4.16  1915
   -1.7  1959   -1.8  1955   -0.5  1947    1.2  1983    3.6  1984    6.9  1928    8.6  1965    8.5  1956    6.4  1952    3.1  1917    0.3  1985   -0.7  1976   -0.72  1979    2.19  1885    8.34  1920    4.16  1918    4.06  2010
   -2.0  1895   -1.8  1986   -0.5  1937    1.0  1986    3.6  1979    6.8  1907    8.5  1912    8.2  1907    6.3  1972    3.0  1981   -0.1  1923   -0.7  1961   -0.80  2011    2.18  1922    8.25  1972    4.11  1887    4.04  1892
   -2.1  1945   -1.8  1900   -0.7  1955    0.9  1908    3.6  1923    6.3  1916    8.3  1919    8.2  1920    6.3  1986    3.0  1895   -0.2  1910   -0.8  1950   -1.05  2010    2.16  1979    8.13  1922    3.94  1923    4.02  1885
   -2.3  1985   -2.2  1963   -0.9  1892    0.2  1917    3.5  1996    6.2  1972    8.3  1920    7.9  1986    6.0  1894    2.8  1896   -0.5  1909   -1.1  1981   -1.19  1895    2.04  1891    8.05  1912    3.61  1909    3.91  1909
   -2.8  1963   -2.6  1947   -1.1  1962   -0.5  1922    3.5  1885    5.8  1927    8.0  1922    7.2  1912    5.8  1918    2.7  1892   -1.1  1919   -4.3  2010   -1.20  1963    2.03  1962    8.03  1907    3.31  1919    3.76  1919
   -2.8  1979   -4.2  1895   -1.3  1919    ---  2026    ---  2026    ---  2026    ---  2026    ---  2026    ---  2026    ---  2026    ---  2026    ---  2026     ---  1884     ---  2026     ---  2026     ---  2026     ---  2026
