Areal values from HadUK-Grid 1km gridded climate data from land surface network
Source: Met Office National Climate Information Centre
Monthly, seasonal and annual total duration of bright sunshine for Scotland E
Areal series, starting in 1910
Last updated 01-Apr-2026 11:34
    jan  year    feb  year    mar  year    apr  year    may  year    jun  year    jul  year    aug  year    sep  year    oct  year    nov  year    dec  year     win  year     spr  year     sum  year     aut  year     ann  year
   68.1  1959  102.4  1970  159.3  2022  223.1  2021  267.7  2025  255.6  1940  253.7  1955  235.1  1947  152.1  1997  114.7  2003   80.9  2013   54.7  2006   193.9  2015   585.5  2025   632.3  1995   303.3  1986  1504.7  1955
   61.7  2023   96.0  2018  156.2  1929  214.6  2015  230.2  2001  230.0  1949  230.6  1989  226.5  1995  148.2  1959  113.1  1998   78.4  1996   49.6  1967   188.3  2018   542.2  2020   589.6  1955   300.1  2003  1485.4  2025
   61.4  2022   94.7  1973  155.3  2003  200.8  2020  228.5  2018  229.8  1957  218.6  1976  205.0  1976  147.2  1987  106.8  1986   75.4  2017   49.4  2014   184.3  2019   512.9  2015   583.2  1976   294.2  1959  1472.0  2003
   61.1  2019   93.7  1999  146.0  2012  199.9  1942  225.4  2020  218.2  1925  214.9  2006  192.0  2003  144.9  1991  106.7  2007   74.9  2016   48.4  2004   182.6  2000   495.1  2009   571.6  1911   293.9  1996  1471.6  2018
   60.8  2000   93.2  1960  143.9  1953  192.8  1914  223.8  2000  213.5  1930  214.6  1935  184.7  1975  138.3  1979  106.5  1997   71.4  1947   46.8  1957   179.4  2022   494.7  2007   553.9  2018   288.8  1997  1446.6  1995
   59.9  2012   92.8  2003  142.7  2026  189.3  2007  223.3  2009  213.3  1995  211.8  2013  178.7  2025  137.9  1986  103.8  1981   71.2  1925   46.7  1999   175.3  1999   492.3  1955   552.2  1989   287.0  1923  1410.9  1989
   59.2  1992   91.8  2004  139.2  2009  186.9  2011  221.8  1980  213.3  1970  208.0  2014  173.5  1933  136.5  1928  103.0  1926   71.1  1988   46.3  2001   175.3  2001   488.8  1948   548.1  1933   285.4  1971  1392.5  2015
   59.1  2017   89.8  2020  139.0  1933  186.6  2025  220.1  1992  212.9  1921  207.9  1990  172.8  1911  135.9  1996  102.3  1923   70.7  1976   46.0  1976   170.5  1949   485.1  2011   547.8  1975   284.5  1926  1385.0  1911
   58.7  1932   89.8  2022  131.2  2025  184.5  2006  217.6  1975  212.8  1996  202.5  2018  172.7  2022  135.5  1911  101.8  1985   70.6  2006   45.4  1975   170.4  1952   481.8  2017   528.0  1996   278.0  2012  1381.7  1975
   58.3  2015   88.2  1946  128.8  2007  182.5  1981  211.4  1971  212.6  1975  196.4  1911  168.7  1919  135.0  1955  101.0  2008   70.6  1973   45.3  1951   170.2  1963   477.8  1982   528.0  1969   276.5  1955  1380.6  2022
   57.2  2025   86.6  1950  128.6  1973  177.6  1921  209.7  1948  212.5  2018  193.8  1972  166.6  1984  134.8  1933   99.9  1958   70.6  1989   44.8  1994   168.8  2020   477.4  1942   527.1  2006   274.6  1998  1375.1  2006
   55.1  1962   86.2  2015  127.3  1970  175.2  1990  208.4  1946  212.4  2023  192.7  1982  165.5  1977  134.6  1919   99.5  1959   68.4  2008   43.8  1974   167.6  2004   475.7  2001   523.1  1977   274.3  1919  1361.0  1949
   53.2  1965   86.2  1963  125.7  1948  175.0  1984  207.3  1935  211.7  1933  192.5  1995  164.8  2015  133.6  1934   99.2  1967   65.5  1998   43.8  2010   167.2  1995   472.1  2003   522.1  1919   273.3  1915  1357.3  2009
   53.1  2001   86.1  1989  123.7  1967  173.5  1962  206.4  1911  208.8  1920  191.4  1971  163.3  1983  133.2  1971   98.6  1956   65.3  2005   43.4  2018   167.1  2007   471.4  1921   521.9  2003   273.2  1981  1353.8  1921
   52.4  1931   85.6  1949  123.4  2017  171.6  1954  205.8  2017  207.9  1915  190.5  1984  162.9  1997  132.3  1963   98.5  1931   64.4  2000   42.5  2017   166.3  1973   465.0  1929   513.8  1949   272.2  2007  1350.3  2019
   52.4  1991   84.5  2008  123.0  2019  171.1  1955  205.0  1955  207.5  1917  190.5  1917  162.7  1955  130.6  2023   97.9  1971   64.1  1969   42.1  1970   165.7  1968   464.1  1990   513.3  1947   270.0  2016  1344.8  2020
   52.0  2021   83.7  2024  122.8  1982  170.5  1912  204.0  1982  207.4  1936  188.7  1943  161.8  1938  130.3  2012   95.4  2019   63.9  1910   42.0  1960   165.7  1989   463.8  2018   513.1  1984   269.9  1972  1327.3  1959
   51.9  2009   83.1  2001  121.6  2008  167.5  2003  203.0  1989  206.7  1960  186.9  1934  161.4  1926  130.1  1988   92.5  1922   63.0  1977   41.4  1953   164.8  1962   463.5  2021   506.9  2025   269.3  1928  1320.1  1981
   51.7  2024   81.7  2013  118.8  1986  166.7  1965  201.8  1994  206.1  1939  186.5  1919  160.5  1968  129.2  2004   92.4  2018   62.8  1942   41.2  1966   164.6  1959   457.5  1980   503.7  1940   269.3  1929  1318.2  2021
   49.9  2018   81.2  1937  117.7  1997  166.1  1974  201.6  1942  202.4  1911  185.7  1952  160.3  1991  129.2  1914   91.7  1972   62.8  1922   40.8  1948   163.8  1930   455.6  1956   502.4  1926   268.6  2024  1317.6  1929
   48.4  1933   80.1  1957  117.3  1966  165.6  2019  197.6  2016  202.1  1967  180.3  1977  160.0  2024  128.7  1915   90.2  1925   62.4  1967   40.4  1961   163.6  2024   455.3  2008   501.9  1925   268.0  1987  1307.2  2023
   48.2  2007   79.8  2019  117.2  1995  165.5  1980  197.1  1984  197.8  1969  175.6  1983  158.8  1973  128.2  2020   89.8  1929   62.1  1961   40.2  1935   162.2  1950   453.5  1994   500.2  1972   267.7  1925  1307.2  1977
   48.0  1956   79.7  2016  116.2  1955  165.2  1952  195.8  1921  196.3  1986  174.2  1969  158.6  1981  127.3  2015   89.7  1993   62.0  2003   40.1  1929   161.9  2005   452.7  2019   500.0  2022   266.5  1988  1306.6  1990
   47.9  1938   79.1  1995  116.0  2020  161.9  1936  194.0  1915  194.2  1914  173.7  1966  155.9  1969  127.3  1951   89.6  1936   61.6  1923   39.7  2003   160.6  1946   450.2  1946   496.3  1921   264.7  1942  1300.8  1919
   47.6  1978   79.1  1943  116.0  2014  161.0  2013  192.5  1949  192.3  1968  172.3  1926  154.9  1936  127.1  2025   89.6  2015   61.1  2012   39.6  2007   158.7  1992   449.8  1981   495.1  1917   264.7  2018  1298.3  2017
   47.6  1952   79.0  1996  115.8  1931  160.5  1956  192.5  2005  191.1  1974  169.0  1996  154.2  2005  127.1  1924   89.3  2000   60.5  1930   39.0  2000   157.3  1970   449.0  2010   494.6  1983   264.2  1948  1297.8  1994
   47.5  2011   78.3  1968  115.3  2015  159.2  1991  192.3  2010  188.4  1950  168.4  2021  152.2  1945  126.8  1942   88.7  1939   60.5  1992   38.9  1962   157.3  1932   448.5  1953   494.3  1950   263.7  1934  1296.6  2000
   47.0  1981   77.5  1952  114.6  1910  157.3  1945  192.0  1978  188.1  1918  165.4  1999  151.3  2016  125.7  1929   88.5  1945   60.5  2024   38.9  1952   156.8  1985   447.5  1915   493.4  1934   263.3  1958  1295.9  1973
   46.8  1990   77.5  1930  114.5  1994  155.7  2010  191.7  2004  185.5  1988  164.2  1921  150.6  1914  124.0  1940   88.3  1917   60.1  1926   38.5  1920   156.8  2012   445.8  2016   493.0  2013   261.6  2015  1291.1  1950
   46.3  1979   77.2  1920  113.5  1934  154.3  1951  191.4  2012  184.8  1910  163.2  1948  150.1  1972  124.0  1954   88.3  1948   60.1  1915   38.3  1936   155.7  1920   443.1  2000   491.9  2023   261.5  1991  1288.2  2007
   46.2  1930   76.7  1934  113.5  1989  153.4  1948  191.2  1966  184.4  1929  163.1  1997  147.6  2007  123.4  2003   88.0  1952   59.7  1975   38.0  1926   155.5  2003   442.9  2022   487.9  1974   260.8  2023  1287.3  1933
   46.1  1916   76.2  1928  111.5  1915  153.3  1968  190.4  2011  184.2  1994  162.9  1933  146.8  1959  123.2  1923   87.3  1913   59.2  1965   38.0  1973   153.6  1937   442.3  2006   484.5  1959   260.4  1911  1287.0  2010
   46.0  1999   75.9  1985  110.2  1913  153.3  1977  187.9  2008  182.7  1941  162.0  2009  146.4  1962  123.1  2018   87.1  1955   58.5  1986   37.8  1949   153.3  2008   441.0  1975   484.4  1936   260.1  1963  1286.0  1915
   45.6  1923   75.1  1981  110.1  1950  152.5  2017  187.4  2006  180.8  1934  161.9  1918  146.2  1996  122.9  1937   86.7  1980   57.9  1972   37.7  1938   153.0  1960   440.3  2012   482.3  1914   259.0  2019  1285.6  1926
   45.6  1953   75.0  2000  109.9  2002  152.5  1957  187.2  1956  179.9  2021  161.3  2005  145.9  2014  122.0  2024   86.6  2012   56.9  1948   37.6  1946   152.9  1967   440.1  1949   480.5  2009   258.5  1973  1284.5  1997
   45.4  1967   74.9  1945  109.9  1949  152.4  1969  186.8  1977  179.5  1932  160.8  1959  145.8  2017  121.5  1921   86.4  1963   56.6  1950   37.0  1917   152.4  1953   438.9  1989   480.1  1994   258.1  2006  1279.8  1986
   45.4  1977   74.8  1979  109.3  1990  151.7  1946  184.9  1959  178.5  1951  160.6  1950  145.3  1950  121.4  1926   86.3  1995   56.4  1974   36.9  1955   152.2  1977   438.5  1984   479.0  2021   257.3  1910  1279.4  1925
   45.3  2003   73.9  1997  109.1  1999  151.2  1927  184.9  1960  178.1  2022  160.5  2025  145.3  1999  121.1  1964   86.2  2024   56.2  1918   36.8  1958   152.0  2023   433.9  1962   477.3  1935   255.6  1989  1278.8  2013
   45.2  1963   71.7  1990  108.5  1961  150.9  1982  184.3  1951  177.9  2003  159.8  1949  144.9  1992  120.2  1972   86.0  1938   56.0  2020   36.5  1965   151.8  1990   432.2  1914   475.7  2014   255.5  1979  1278.4  1974
   44.9  1957   71.5  1910  108.3  1930  150.2  2018  183.0  2015  177.5  1962  159.3  1956  144.7  2019  119.6  2019   85.1  1930   55.9  1979   36.5  1925   151.2  1981   428.0  1922   472.4  1967   255.3  2013  1277.5  1952
   44.8  1985   70.9  1932  108.3  2004  150.2  1918  182.6  1963  177.3  1989  158.9  1964  144.3  1989  119.4  1949   85.0  2016   55.8  1964   36.4  1964   149.2  1961   427.9  2005   472.1  1930   254.8  1969  1276.1  1967
   44.7  1989   70.8  1955  107.9  1956  149.9  2005  182.2  1940  177.3  1977  158.4  1974  144.1  1982  119.2  2006   85.0  1919   55.2  1913   36.3  1921   148.8  1975   427.7  1971   470.3  1990   254.7  2008  1275.5  1934
   44.7  1910   70.8  1961  107.8  2011  148.8  1925  182.2  1957  177.0  2006  156.9  1951  144.0  1953  119.1  1948   84.8  1927   55.1  1978   36.0  1984   148.3  2002   427.7  1943   468.4  1960   254.2  1967  1275.4  1999
   44.7  1958   70.3  2005  107.5  1943  147.3  2023  181.6  1988  177.0  1959  156.9  1947  143.4  1961  118.8  1958   84.7  1961   55.0  1952   36.0  1941   148.2  2021   424.2  1995   465.0  1945   252.6  2022  1275.0  1971
   44.3  1946   69.3  1962  106.9  2021  146.0  1922  181.2  1943  175.8  2009  156.5  1994  143.1  1965  118.4  1960   84.6  1915   55.0  2021   35.7  1963   147.0  1931   423.2  1974   464.5  1915   252.4  2000  1274.7  1984
   44.2  1964   68.6  1988  106.8  2001  145.7  2008  180.8  1919  173.5  1992  156.4  1942  142.8  2009  117.5  1918   84.6  1973   55.0  1943   35.6  1998   146.8  1964   423.2  1912   462.3  2019   252.4  1921  1269.5  1996
   44.1  1949   67.9  1953  106.7  1993  144.7  1953  179.6  1990  173.2  1955  155.6  2011  140.5  1923  116.4  1910   84.4  2022   54.7  1919   35.4  1919   146.6  1934   420.8  1935   461.7  1986   251.7  1951  1268.8  2016
   43.8  1951   67.7  1917  106.6  1975  144.1  2016  179.0  1922  172.5  1928  155.0  1925  140.2  2010  115.6  2009   84.0  1950   54.4  2011   35.4  2019   146.5  1957   418.9  1952   461.4  2005   251.5  2025  1268.2  1914
   43.6  2020   67.5  1916  106.0  1962  143.6  1970  176.6  2007  172.2  2019  152.6  1928  139.5  1994  115.6  1981   83.8  1969   54.4  2009   35.4  2008   145.6  1997   416.1  1977   460.4  1997   251.3  1954  1264.9  2005
   43.4  1983   67.1  2021  105.4  1979  143.4  1973  176.1  1926  170.7  1943  152.0  2003  139.3  2004  115.3  2022   82.9  2010   54.3  1955   35.3  2011   144.8  1945   415.1  1951   459.3  1943   250.9  2010  1264.4  2001
   43.2  1995   66.9  1964  104.2  2016  143.2  1967  174.1  1958  170.3  1922  151.8  1958  139.0  1988  114.5  2013   82.8  1983   54.3  1971   35.3  1913   144.0  1927   414.1  1966   459.2  1918   250.5  1961  1264.1  1982
   43.2  2005   66.8  1911  103.8  1917  142.0  1915  173.9  1920  169.2  1964  151.5  1929  138.9  1987  113.7  2010   82.5  1951   54.3  2010   34.9  1988   143.6  1933   413.6  1911   458.2  1952   249.6  2009  1261.6  1948
   43.0  1920   66.2  1967  103.5  1987  140.0  1972  173.6  1961  168.9  1979  150.5  1975  138.9  2018  113.3  2007   82.0  1924   54.1  1921   34.8  1979   143.5  2017   411.8  1973   458.1  1970   249.2  1924  1260.5  1976
   42.2  1927   65.8  1933  103.3  1925  139.1  1943  173.2  1929  168.6  1926  149.6  1963  138.5  1940  112.0  1935   82.0  1994   53.9  1970   34.7  1923   142.0  1955   409.5  1945   457.1  1962   248.0  2020  1260.3  1943
   42.0  1994   65.5  1992  103.0  1924  138.7  2001  172.1  1981  168.5  1978  149.2  2022  138.4  1974  111.6  2005   81.4  1928   53.9  1999   34.7  1972   142.0  1991   408.8  1963   457.0  1929   247.0  2004  1260.2  1951
   42.0  1934   65.2  1944  103.0  1922  137.7  1949  171.6  1937  167.8  1956  146.0  1993  138.0  1970  111.1  2021   80.9  1934   53.8  1981   34.5  1995   141.7  1965   408.3  2023   456.3  1964   246.9  1964  1257.5  1970
   41.8  1984   64.4  2002  102.0  1927  137.6  1938  171.5  1995  167.6  2025  146.0  2020  137.5  2023  111.1  1974   79.8  1989   53.7  1929   34.5  1928   141.3  1911   404.2  1999   456.0  1973   246.5  1947  1257.3  1969
   41.3  1988   64.3  1975  102.0  2023  137.2  2022  170.0  1936  167.2  1945  145.6  1945  137.4  1993  110.7  2011   79.7  1970   53.4  2004   34.4  1993   141.2  1936   404.0  1910   455.6  1999   246.2  1914  1254.5  1988
   41.2  1911   64.3  2010  101.7  1988  137.1  1994  169.7  1974  166.9  1919  145.5  2019  137.3  1927  110.1  2016   79.6  1996   53.2  1927   34.0  1991   141.1  1958   400.7  2004   453.8  1992   245.6  2017  1251.6  1935
   40.7  1975   64.2  2007  101.3  1940  135.9  1932  167.9  1996  166.7  1924  145.4  2017  137.0  2002  109.8  1943   79.6  1984   53.0  1936   33.9  2022   140.5  2025   400.5  1954   453.0  1920   245.6  1993  1249.1  1910
   40.7  2010   63.8  1927  101.2  1911  135.7  1916  167.9  1931  165.9  1927  144.6  1986  136.3  1990  109.2  2002   79.5  2009   52.9  2022   33.4  1989   140.0  2013   399.9  1959   452.6  2024   244.2  1950  1244.8  2024
   40.6  1936   63.7  1969  101.1  2010  135.6  1929  167.2  1930  164.4  2024  144.0  2000  136.2  1937  108.5  1916   79.5  1978   52.5  1960   33.3  1910   139.7  2011   399.3  1970   451.1  1971   242.5  1975  1242.2  2011
   40.6  1928   62.9  1987  101.0  1965  135.5  1995  165.8  1987  162.6  2010  143.1  1979  135.2  2000  108.3  1999   79.1  2002   52.3  2025   33.0  1950   139.7  1943   399.2  1957   449.6  1982   242.5  1931  1240.9  1956
   40.3  1997   62.8  1971  100.9  1935  135.2  1924  165.8  1910  160.2  1937  143.0  1915  135.2  2006  108.1  1932   79.1  1920   52.2  2007   32.8  1992   139.2  2009   398.2  1987   449.1  1951   242.0  1922  1237.1  1936
   39.8  1969   62.3  1931  100.3  1972  134.6  2002  164.1  2019  159.7  1976  142.9  1923  135.1  1930  108.0  1990   78.8  2023   52.1  2001   32.6  1986   138.6  1979   397.6  1997   448.3  1988   239.5  1949  1237.1  2008
   39.8  1935   61.6  2012  100.0  1914  134.2  1939  163.5  1997  159.0  1913  142.1  2023  134.7  1998  107.6  1993   78.1  1941   52.1  1983   32.6  1954   137.3  1956   396.3  1958   447.5  2015   239.4  1985  1236.2  1945
   39.1  1974   60.8  1921   99.8  1939  133.6  1958  163.4  1986  157.9  1938  139.5  1973  134.2  1913  107.5  1982   77.9  1962   51.8  1944   32.5  1918   136.3  1928   395.6  2002   445.4  1981   238.8  1933  1235.9  1957
   39.1  1960   60.8  1977   99.6  1919  132.6  2009  163.3  1999  157.7  1973  139.5  1981  132.6  2012  107.2  1957   77.0  1910   51.4  1928   32.5  1977   136.1  1978   395.2  1950   444.9  1957   237.1  1939  1235.8  1962
   38.7  1955   60.4  1936   99.4  2000  132.0  2014  162.8  1964  156.3  1972  139.5  1967  132.3  2013  106.9  1969   76.8  1965   51.4  2023   32.3  1930   136.0  1921   395.0  1992   444.0  1968   236.4  1952  1235.4  1942
   38.3  1945   60.0  1983   99.2  1978  131.7  1999  162.6  1998  156.0  1984  139.4  1910  131.3  1944  106.2  1925   76.8  1921   51.3  1982   32.1  2012   135.3  1983   395.0  1988   443.0  1941   236.1  1943  1235.3  1930
   37.9  1968   59.9  1942   98.5  1947  130.5  1971  162.5  1934  155.8  1983  139.2  1913  130.9  1916  106.2  1975   76.6  1975   51.3  1938   32.1  2005   135.0  1938   394.9  1931   440.9  1928   236.1  1918  1235.1  1972
   37.8  1950   59.9  1991   98.1  1923  130.4  1959  160.9  1979  153.8  2008  138.4  2008  130.9  1967  106.0  1994   76.3  1954   51.0  1954   32.0  1914   133.3  2010   393.9  1939   439.5  1927   235.9  1917  1234.6  1960
   37.6  2002   59.8  1959   98.1  1921  130.2  1963  159.9  1953  152.4  1946  138.2  1924  130.8  1985  105.8  1939   76.1  1911   49.7  1987   31.9  1982   132.8  1987   392.9  2013   439.2  1956   235.8  1937  1234.5  1992
   37.5  1976   59.7  2006   96.3  1944  129.7  1950  159.8  1939  151.8  1961  137.5  1914  130.7  2021  105.3  1989   75.8  1977   49.3  1934   31.8  1924   132.4  1988   390.3  1938   438.4  1938   235.0  1994  1233.7  2004
   37.3  1987   59.7  2014   95.9  1963  128.9  1987  159.4  2013  151.2  1985  136.3  1927  130.2  1935  103.7  1961   75.5  1949   49.2  1932   31.6  1944   132.0  1951   390.3  1965   438.4  2010   234.7  1938  1229.4  1947
   37.0  1973   59.4  2017   95.6  1912  128.1  1960  159.0  2023  150.6  1963  135.6  2010  129.7  1932  103.6  1931   75.1  1942   49.2  2018   31.4  1996   131.6  1916   389.8  1978   438.3  1910   234.2  1978  1225.3  1963
   36.8  1986   58.3  1948   95.2  1981  124.4  2024  158.6  1952  150.2  1952  135.4  1992  129.0  1960  103.6  1917   74.3  1992   49.0  1966   31.3  1911   130.8  1974   389.5  1986   433.4  1939   233.3  1995  1224.6  1946
   36.7  1925   57.9  1982   95.1  1952  123.7  1910  158.3  1938  149.7  2015  134.8  2016  128.8  2001  103.5  1950   73.8  1957   48.9  1990   31.3  1937   129.9  1954   388.3  1967   432.5  1913   232.6  2002  1213.0  1991
   36.6  1921   57.1  2025   94.8  1945  122.4  1989  157.4  1945  148.9  2013  134.6  2004  128.7  1925  103.5  1944   72.7  1947   48.8  1911   30.7  1942   129.3  2016   387.4  1936   427.5  1932   231.0  1983  1210.9  1979
   36.6  1940   56.7  1935   94.4  1938  119.9  2000  157.1  1912  147.3  1981  133.5  1941  128.1  1964  103.2  1973   72.7  1953   48.8  1991   30.2  1922   129.1  1969   386.6  1927   426.2  2000   230.5  1974  1210.9  1940
   36.4  1961   56.3  2023   94.1  1941  119.7  1926  155.3  1950  147.0  2000  133.2  1962  127.0  1931  102.3  1947   72.1  2025   48.2  1993   29.8  2013   128.7  1971   385.9  1919   426.0  1979   230.1  2005  1209.6  1917
   36.1  2004   56.2  1925   93.0  1920  119.3  1913  154.4  1962  145.9  2005  133.0  2015  126.8  1941  100.9  1912   71.8  2001   48.1  1985   29.7  1990   128.3  1976   385.6  1930   424.5  2016   229.3  1977  1209.4  1953
   36.0  1993   55.9  1978   92.8  2024  119.0  1944  152.4  1991  144.9  1999  132.9  1978  126.4  1946  100.5  1995   71.5  1914   47.9  1935   29.7  1981   128.1  1939   384.5  1934   420.8  1991   229.3  1970  1207.6  1920
   35.9  1939   55.9  1986   92.7  1976  118.2  1976  151.1  2002  142.7  1942  132.8  1991  125.8  1934  100.4  1920   71.4  1943   47.1  1994   29.5  1932   126.5  1996   384.4  1991   420.6  1922   229.2  1999  1204.9  1938
   35.2  1954   55.8  1938   92.2  1937  117.2  1917  149.4  2003  141.1  1965  132.7  1960  125.2  1971  100.2  2017   71.2  1987   46.6  1959   29.2  2020   125.0  2006   384.1  1960   418.0  1923   228.5  2021  1203.4  1922
   34.9  1982   55.1  1951   91.8  1985  116.8  1975  148.7  1985  140.7  2001  132.1  2007  124.0  1949   99.6  1978   70.8  1946   46.5  1995   29.1  1980   124.7  1925   383.3  1926   410.5  1937   228.2  1992  1196.6  2012
   34.2  1941   54.5  1939   91.2  1968  116.4  1997  147.4  1947  139.4  2011  131.5  1946  123.6  1920   99.1  1953   70.8  1944   45.8  1953   28.5  1969   123.3  1944   382.9  1940   410.4  1946   227.0  1927  1188.9  1961
   34.1  1998   53.7  1974   90.1  1946  115.8  1947  146.4  1954  138.4  2016  128.3  2024  122.5  1922   98.7  2000   70.3  1966   45.7  1956   28.4  2009   122.5  1982   381.0  1961   410.0  2017   226.8  2011  1185.1  2014
   34.1  1937   53.3  1954   88.5  1958  115.2  1964  146.4  2022  136.2  1948  127.8  1922  122.2  1952   98.3  2014   69.9  1964   45.5  1914   28.2  2021   120.8  1929   380.4  1925   409.8  1961   226.4  1932  1178.6  1927
   33.3  1929   53.3  1941   87.5  1926  114.9  1998  144.7  2024  135.9  2004  127.2  1954  121.8  1939   97.8  1945   69.9  2017   44.7  1958   28.2  2023   120.4  1986   373.6  1979   409.8  2004   226.1  1944  1178.3  1939
   33.3  2026   53.0  1915   87.4  1974  114.7  1983  142.2  1918  134.7  1980  123.7  1988  121.1  1929   97.4  1938   69.6  1916   44.7  2015   28.1  1945   119.9  1918   372.3  1920   408.9  1978   226.1  1936  1176.2  1964
   33.2  2006   53.0  1929   85.8  1971  114.2  1985  141.3  1941  134.6  1923  123.5  1930  120.8  1986   97.0  1966   69.0  1932   44.6  1949   28.0  1943   119.7  1947   372.3  2014   405.6  1993   224.1  1956  1175.3  1918
   33.0  1924   52.4  1956   85.5  2005  112.7  1935  140.7  1923  134.5  1971  122.1  1936  119.3  1921   96.0  1998   68.7  1912   44.4  1937   27.9  1933   118.9  1922   370.5  1968   399.1  2011   224.0  1990  1166.1  1958
   32.9  1947   52.2  1912   85.0  2018  111.7  1988  140.1  1928  134.4  1944  120.6  1920  117.6  2020   96.0  1983   68.5  1937   44.2  2002   27.8  1985   118.7  1994   367.0  1972   399.0  1965   223.4  1920  1159.6  1928
   32.7  1922   52.1  1965   84.7  1959  111.3  1931  139.9  1973  134.4  1997  119.8  1987  116.3  1966   95.7  1970   68.2  2006   43.9  2019   27.7  1931   116.3  2014   365.4  1913   397.1  1924   221.6  1930  1158.9  1923
   32.4  1918   51.9  2009   82.7  1998  110.3  1928  139.7  1916  134.0  1998  118.8  1938  115.7  1928   94.4  2001   67.9  1991   43.9  1920   27.2  2025   115.9  1924   364.5  1918   396.1  1985   220.8  1913  1154.6  1932
   31.8  1919   51.4  1914   82.5  1954  110.1  1930  139.4  1914  133.4  1953  118.4  2001  114.0  1910   93.4  1952   67.1  1999   43.9  1917   26.2  2024   115.6  1919   361.8  2024   392.0  2020   220.4  1945  1153.9  1978
   30.5  1948   51.2  1919   82.4  1969  108.4  1934  135.9  1913  132.5  1935  118.3  1932  114.0  1979   93.4  1992   67.1  1990   43.6  1980   25.9  2015   115.3  1984   361.6  1947   389.3  1963   220.0  1957  1149.5  1987
   30.0  1944   51.0  1998   82.2  1932  107.3  1986  133.5  2021  131.3  2002  115.9  1912  113.7  1951   92.6  1967   65.8  1976   42.7  1939   25.9  1947   114.8  1915   360.2  1998   388.3  1953   219.0  1940  1142.5  1968
   30.0  1943   50.5  1918   77.5  1992  107.3  1979  133.4  1927  130.7  1931  115.7  1998  113.6  1915   90.5  1977   65.3  1988   42.0  1940   25.6  1968   114.6  1948   358.4  1933   387.9  2001   218.3  2001  1140.5  1937
   29.7  1915   50.2  1984   76.6  1951  106.0  1911  132.2  1917  128.4  2020  114.8  1965  112.7  1957   90.2  1946   64.5  2014   42.0  1951   25.6  1916   114.4  1942   354.7  1985   385.2  1966   217.7  1953  1140.1  1998
   29.2  2008   50.0  1922   76.0  1977  105.6  1966  128.4  1970  127.8  1991  114.7  1916  112.1  1956   89.5  1985   64.3  2004   41.4  1963   25.5  1940   113.9  1917   353.7  1924   384.4  1998   216.7  1935  1138.7  1985
   29.0  1926   49.6  1958   75.9  1942  105.5  1920  128.3  1925  127.2  1954  114.6  1961  109.9  1980   89.1  1927   63.7  2020   41.4  1933   25.0  2016   113.8  1926   353.3  1917   384.2  1942   216.6  1916  1137.4  1965
   28.6  1980   49.2  1947   75.5  1983  105.4  1919  126.6  1972  126.0  1990  114.1  1937  109.9  1958   86.8  1922   63.1  1974   41.2  1912   24.2  1971   113.8  1993   349.4  1916   379.0  1948   216.3  1966  1122.7  1983
   28.3  1972   48.4  2011   74.0  1916  104.2  1933  126.1  1976  122.2  1993  114.1  1985  109.1  1918   86.0  1968   62.9  1968   40.3  1931   23.5  1939   112.9  1941   347.5  1937   378.0  2008   214.0  1980  1121.2  1954
   28.2  1912   48.4  1926   72.8  1991  104.1  1923  126.0  1968  121.8  2014  110.9  1953  107.5  1978   85.2  2008   62.6  1933   40.1  1924   23.4  1997   111.7  1912   343.0  1923   375.4  1958   211.9  1982  1119.6  1931
   26.8  2014   48.1  1924   72.5  2013  102.9  2012  124.3  2014  121.3  1947  109.6  1940  104.1  2011   85.0  1984   62.4  2021   39.4  1962   23.3  1983   111.6  1935   342.5  1969   371.4  2002   211.3  1976  1119.3  1966
   26.3  1970   45.5  1976   72.1  1918  101.2  1993  123.6  1932  118.8  2017  106.9  1970   99.8  1943   84.7  1941   62.4  1918   39.0  1957   22.5  1987   110.8  1914   341.7  1932   369.3  2007   210.8  1912  1118.9  2002
   26.2  2013   45.0  1993   71.1  1960  101.0  1996  123.1  1993  113.7  1958  105.5  1939   97.1  1917   83.6  1980   61.6  2011   38.6  1916   21.6  1956   108.6  1998   337.0  1976   368.0  1944   207.9  1960  1115.0  1913
   25.3  1966   43.1  1940   70.5  2006  100.7  2004  122.6  1965  112.9  1982  103.0  2002   93.9  1954   83.5  1936   61.3  1979   38.3  2014   20.7  1959   106.4  1923   333.5  1944   360.5  1987   206.3  1965  1114.4  1980
   24.2  1914   42.3  1994   70.2  1980   99.5  1940  121.4  1967  112.4  1916  102.6  1980   92.1  1924   79.9  1956   59.9  2013   37.4  1968   19.5  1927   103.2  1940   331.0  1993   358.0  1916   201.2  2014  1113.0  1924
   23.8  1971   41.7  1913   66.3  1984   98.9  1961  118.2  1944  101.8  1987  102.4  1957   89.1  1963   78.4  1913   56.9  1935   34.5  1941   18.0  1915   101.4  1980   325.5  1964   348.3  1954   197.3  1941  1097.5  1993
   23.7  2016   40.1  2026   64.5  1957   98.6  1978  115.6  1924   99.6  2012  102.3  1944   85.8  2008   76.0  1930   53.1  2005   34.1  1945   17.5  1978   100.6  2026   324.1  1996   347.2  1980   195.1  1984  1085.2  1941
   20.6  1917   38.0  1980   55.4  1936   97.4  1992  115.2  1933   95.2  1966   92.4  2012   85.1  1942   74.9  1976   53.1  1982   33.1  1946   17.4  2002    99.1  1966   321.6  1941   339.8  1931   194.0  1946  1063.3  1916
   19.2  1913   37.3  1966   55.2  1996   86.2  1941  107.7  1969   89.6  2007   91.2  1968   79.6  1948   70.2  1965   53.0  1940   30.5  1984   16.0  1912    87.6  1972   298.3  1928   324.6  2012   186.2  1968  1054.6  1944
   18.5  1942   35.1  1972   47.9  1928   83.7  1937   80.2  1983   73.4  1912   82.1  1931   56.0  1912   64.2  1962   37.0  1960   30.3  1997   15.1  1934    77.0  1913   270.3  1983   245.3  1912   181.5  1962   975.7  1912
   13.0  1996   30.5  1923   47.5  1964    ---  2026    ---  2026    ---  2026    ---  2026    ---  2026    ---  2026    ---  2026    ---  2026    ---  2026     ---  1910     ---  2026     ---  2026     ---  2026     ---  2026
