Areal values from HadUK-Grid 1km gridded climate data from land surface network
Source: Met Office National Climate Information Centre
Monthly, seasonal and annual mean of daily maximum air temperature for Scotland E
Areal series, starting in 1884
Last updated 01-Apr-2026 11:34
    jan  year    feb  year    mar  year    apr  year    may  year    jun  year    jul  year    aug  year    sep  year    oct  year    nov  year    dec  year     win  year     spr  year     sum  year     aut  year     ann  year
    8.2  1989    8.9  1998   11.7  2012   14.1  2011   16.1  2024   19.5  1940   21.4  2006   20.9  1995   17.3  1895   13.7  1969   10.3  2011    8.3  2015    7.64  1989   13.00  2025   18.95  1976   13.02  2006   12.41  2025
    7.9  1916    8.5  2019   10.5  1938   13.8  2007   16.0  2025   19.1  2023   20.7  2013   20.6  1947   17.3  2006   13.5  1908    9.8  1994    8.2  1988    6.86  2017   11.89  2011   18.94  2006   12.68  1959   12.10  2022
    7.6  1932    8.0  1891   10.1  2003   13.1  2025   16.0  2018   18.9  1887   20.4  1955   20.0  1975   17.1  2023   13.3  1959    9.5  1899    8.2  2016    6.79  1932   11.84  1893   18.83  1995   12.66  2011   12.03  2003
    7.5  1898    7.8  2023   10.1  1948   12.5  1914   15.8  1896   18.1  1933   20.3  2018   19.6  1997   16.8  2021   13.3  1995    9.2  2022    8.0  1971    6.78  1998   11.83  2003   18.79  2025   12.56  2021   11.83  2006
    7.2  2020    7.6  2008   10.0  1961   12.1  2003   15.4  2017   18.1  2018   20.0  1989   19.5  1955   16.7  1959   13.2  2001    9.2  2020    7.6  1924    6.72  2007   11.83  2017   18.74  1933   12.45  2022   11.78  2023
    7.2  2007    7.4  1943    9.9  1945   12.0  1955   15.3  2001   17.9  1889   20.0  1901   19.4  2025   16.7  1890   13.2  1921    9.2  2003    7.5  2024    6.54  2019   11.73  2007   18.65  2003   12.44  2014   11.77  2014
    7.1  2005    7.4  1934    9.9  2025   12.0  1893   15.1  1911   17.9  1960   19.9  1983   19.3  1976   16.6  1898   13.1  2006    8.9  1978    7.5  1921    6.50  2005   11.47  2022   18.59  2022   12.21  1945   11.65  2007
    6.9  2022    7.1  2024    9.9  1929   11.9  1946   15.0  2020   17.7  2006   19.8  1976   19.3  2003   16.5  2016   12.9  1945    8.8  1953    7.4  1974    6.45  2020   11.47  2020   18.49  2018   12.12  1999   11.59  2024
    6.9  1923    7.1  1945    9.7  2026   11.9  2009   14.9  1895   17.7  1899   19.7  2014   19.3  1983   16.5  1906   12.8  2007    8.8  2021    7.4  1898    6.38  1975   11.46  2009   18.43  1955   12.01  2007   11.56  1997
    6.5  1921    7.1  1914    9.6  2022   11.8  2020   14.9  1960   17.7  1950   19.6  2021   19.1  1899   16.4  1949   12.8  2017    8.8  2014    7.3  2013    6.33  2022   11.44  2024   18.37  2013   12.01  1995   11.53  2004
    6.5  1975    7.1  1961    9.5  1997   11.6  2015   14.8  1940   17.6  1976   19.6  1933   19.0  2022   16.4  1999   12.6  2022    8.8  2001    7.2  1900    6.33  2008   11.42  1896   18.35  1887   11.98  2001   11.52  2005
    6.5  1983    7.0  1993    9.3  2017   11.5  1943   14.7  2023   17.6  1970   19.6  1934   19.0  1984   16.3  1933   12.4  1978    8.7  2006    7.2  1975    6.26  2014   11.33  1948   18.30  2021   11.94  2015   11.52  2011
    6.5  1990    7.0  1903    9.2  1893   11.4  1952   14.7  1992   17.6  1992   19.5  2022   18.6  1959   16.3  2014   12.4  2005    8.6  2004    7.1  1942    6.26  1949   11.29  1945   18.26  1975   11.93  2005   11.50  2020
    6.5  1890    7.0  2012    9.2  1953   11.4  2014   14.6  2004   17.5  1893   19.5  2025   18.5  1933   16.1  2003   12.3  1971    8.6  1913    7.0  2004    6.22  1943   11.27  2014   18.22  1899   11.93  1906   11.49  1959
    6.4  1974    6.9  1920    9.1  1990   11.4  1987   14.6  1889   17.5  2021   19.3  1984   18.4  1991   16.1  1941   12.3  2014    8.6  2015    7.0  1934    6.17  2016   11.22  2004   18.12  1984   11.93  2003   11.43  2017
    6.4  1944    6.7  1949    9.1  1957   11.3  1912   14.6  2008   17.5  2010   19.2  2003   18.4  1893   16.0  1958   12.3  2015    8.6  2018    6.9  2025    6.11  1976   11.16  1990   18.08  1983   11.91  1958   11.43  1949
    6.4  2002    6.7  1918    9.1  1894   11.2  2019   14.5  1919   17.4  2025   19.2  1995   18.3  1911   15.9  2005   12.3  2011    8.6  1997    6.9  1953    6.11  1992   11.07  1997   18.05  2023   11.91  1949   11.37  1921
    6.3  2000    6.6  1992    9.0  1933   11.2  1949   14.4  1901   17.4  2003   19.1  2019   18.1  1996   15.9  1955   12.2  1977    8.5  1999    6.8  1983    6.09  1935   11.07  1938   18.03  1911   11.86  1898   11.36  1945
    6.3  1957    6.6  1997    8.9  2000   11.2  2010   14.4  1959   17.2  1939   19.1  1911   18.1  2002   15.9  1971   12.2  1972    8.5  1948    6.8  1905    6.04  2025   11.00  2012   17.98  1947   11.86  2025   11.34  2021
    6.2  1934    6.6  1939    8.9  1950   11.1  1896   14.4  1893   17.2  1930   18.9  1887   18.1  2013   15.8  1929   12.2  1996    8.5  1917    6.7  1956    6.01  2024   10.98  1943   17.75  1959   11.83  1978   11.34  2019
    6.1  1949    6.6  2007    8.9  1973   11.1  1960   14.4  1952   17.1  2022   18.9  1905   18.1  1935   15.7  1907   12.1  1968    8.5  1986    6.7  1931    5.99  2012   10.96  1961   17.67  1989   11.82  2009   11.31  2018
    5.9  1993    6.6  2022    8.8  2021   11.1  1997   14.2  1978   17.1  2014   18.5  1999   18.1  1884   15.7  2002   12.1  2025    8.4  2007    6.6  1998    5.97  1925   10.93  1959   17.67  1997   11.79  2023   11.30  2009
    5.9  2008    6.5  1990    8.7  2009   11.1  1944   14.2  2022   17.0  1906   18.5  1982   18.0  2004   15.5  2022   12.1  1985    8.4  1938    6.5  1954    5.93  1957   10.91  1952   17.63  2014   11.77  1953   11.28  1953
    5.8  2017    6.5  2017    8.7  2014   11.0  1945   14.2  1956   17.0  1914   18.5  1997   17.9  1936   15.5  1945   12.1  2021    8.4  1955    6.5  1941    5.90  1934   10.86  2002   17.62  2019   11.77  1908   11.27  2015
    5.8  1938    6.5  1896    8.6  2007   11.0  1980   14.1  2016   17.0  1988   18.5  1935   17.9  1990   15.5  2009   12.0  2013    8.4  1951    6.4  2018    5.87  2004   10.75  1912   17.61  1901   11.73  1971   11.27  1989
    5.8  1889    6.4  1989    8.5  1907   10.9  2004   14.1  1990   17.0  1957   18.4  1921   17.9  1981   15.5  2011   12.0  1989    8.3  1995    6.4  2019    5.86  1898   10.73  2019   17.58  1893   11.70  1997   11.23  1933
    5.7  1976    6.3  1921    8.5  1991   10.9  1894   14.1  1918   17.0  1925   18.4  1994   17.9  2019   15.4  1961   12.0  1949    8.3  1920    6.4  2006    5.85  1974   10.72  1933   17.57  2005   11.67  2020   11.22  1990
    5.7  1896    6.3  2002    8.4  2002   10.8  1942   14.0  1989   16.9  1895   18.4  1925   17.8  1969   15.4  1991   12.0  1958    8.3  1894    6.3  1980    5.84  2002   10.71  2023   17.50  1934   11.53  2024   11.21  2016
    5.7  1964    6.3  2000    8.3  1998   10.8  2017   14.0  1953   16.9  1905   18.3  1926   17.8  2021   15.4  1981   12.0  1947    8.2  2024    6.3  1932    5.80  1921   10.70  1999   17.47  1969   11.52  2004   11.21  2002
    5.7  1905    6.3  1887    8.3  2019   10.8  1921   14.0  2000   16.9  2005   18.3  1945   17.7  1897   15.4  2004   11.9  2024    8.2  1906    6.2  1994    5.75  1911   10.69  1960   17.40  1925   11.51  1913   11.19  1995
    5.6  2023    6.2  1908    8.3  1943   10.8  1982   14.0  1998   16.9  1936   18.2  1969   17.7  2000   15.3  2025   11.9  2009    8.2  1897    6.2  1912    5.70  1999   10.69  1957   17.39  1996   11.51  1955   11.18  1999
    5.6  1925    6.1  1953    8.2  2005   10.8  2002   13.9  1980   16.8  1975   18.2  1991   17.7  2005   15.3  1934   11.8  1898    8.2  2025    6.2  1984    5.70  2023   10.61  2000   17.39  1940   11.50  1899   11.13  1938
    5.6  1992    6.1  2004    8.1  2011   10.8  1999   13.9  2009   16.8  1973   18.2  1959   17.7  2023   15.3  1996   11.7  1963    8.2  1945    6.2  1910    5.69  1923   10.59  1953   17.36  1949   11.49  1890   11.13  1898
    5.6  1935    6.1  2011    8.1  2004   10.6  2022   13.8  1964   16.7  1921   18.1  2009   17.7  2006   15.2  1953   11.6  2016    8.1  1908    6.2  1997    5.68  1990   10.56  1921   17.35  1914   11.49  1951   11.12  1914
    5.6  1884    6.1  1971    8.0  2016   10.6  1957   13.8  2014   16.7  1968   18.1  2005   17.6  1913   15.2  1947   11.6  1957    8.1  2002    6.1  1991    5.68  1993   10.53  2010   17.35  2009   11.47  1938   11.10  1934
    5.5  2006    6.1  1932    8.0  1966   10.6  1948   13.7  1971   16.7  1911   18.1  1949   17.5  2016   15.2  1939   11.6  1943    8.0  2009    6.1  1977    5.64  2006   10.53  1946   17.30  1936   11.47  2018   11.07  1893
    5.5  1953    6.1  2014    7.9  1999   10.6  1984   13.7  1937   16.6  2020   18.1  1897   17.5  1939   15.1  1998   11.6  1962    8.0  1959    6.0  1948    5.60  1914   10.51  1992   17.29  1935   11.43  2016   11.07  1975
    5.5  1906    6.1  2025    7.9  1927   10.6  1933   13.5  1981   16.5  1949   18.0  1885   17.5  2012   15.1  1997   11.6  1914    8.0  1902    6.0  2023    5.58  2000   10.51  1982   17.27  2010   11.42  1947   11.06  1971
    5.5  2012    6.1  1928    7.9  1910   10.6  1926   13.5  1939   16.5  1934   18.0  1917   17.5  2009   15.1  2020   11.6  1954    7.9  1983    6.0  2003    5.57  1899   10.50  1914   17.24  1950   11.40  1941   11.04  2008
    5.5  1998    6.0  1938    7.9  1959   10.6  1938   13.5  1908   16.5  1915   18.0  2008   17.5  1944   15.1  2019   11.6  1913    7.9  1889    6.0  1972    5.53  1890   10.41  1981   17.22  1905   11.39  1994   11.03  2000
    5.5  2004    5.9  1946    7.9  1935   10.5  1974   13.5  1921   16.4  1941   18.0  1975   17.5  1926   15.1  1884   11.6  1897    7.9  1939    6.0  1893    5.52  1995   10.41  2015   17.15  1906   11.34  2013   10.99  1911
    5.4  1928    5.9  1982    7.8  2024   10.5  1959   13.5  2011   16.4  1995   18.0  1971   17.5  1937   15.1  1914   11.5  1984    7.9  1931    6.0  1987    5.52  1972   10.35  2005   17.12  2004   11.31  1914   10.96  2013
    5.4  1981    5.9  1926    7.8  2015   10.4  1906   13.5  1890   16.4  2004   17.9  1952   17.4  2024   15.0  1938   11.5  2018    7.8  1964    5.9  1936    5.50  1973   10.34  1991   17.11  1945   11.26  1921   10.90  1998
    5.4  2014    5.9  1974    7.7  1912   10.3  2024   13.5  1982   16.4  2009   17.9  1941   17.4  1949   15.0  2013   11.5  1997    7.8  1916    5.9  1911    5.46  2026   10.31  1949   17.07  1973   11.22  1920   10.87  1943
    5.3  1969    5.8  1967    7.7  1993   10.3  1901   13.4  2002   16.4  1959   17.8  1899   17.4  1914   15.0  1900   11.5  1999    7.8  1946    5.9  2005    5.46  1927   10.31  2008   17.04  1939   11.20  1989   10.87  1957
    5.3  1911    5.8  1905    7.7  1989   10.3  1900   13.4  1999   16.3  1969   17.8  1977   17.3  2001   15.0  1911   11.4  1899    7.8  1928    5.9  1888    5.44  1906   10.29  1929   17.03  1926   11.19  2017   10.77  1984
    5.3  1937    5.8  1913    7.6  2020   10.3  1954   13.4  1970   16.3  1996   17.7  1996   17.3  1932   15.0  1891   11.4  1920    7.7  1981    5.9  1951    5.41  1971   10.28  2016   17.02  1884   11.17  1969   10.75  1948
    5.2  2003    5.8  1927    7.6  1992   10.2  2023   13.4  1922   16.3  1891   17.7  1923   17.3  1938   14.9  2000   11.3  1910    7.7  1924    5.9  1922    5.41  1905   10.28  2018   16.99  1913   11.15  1933   10.73  1976
    5.1  1971    5.7  1962    7.6  1923   10.2  1990   13.4  1949   16.3  2013   17.6  1990   17.2  1945   14.9  1926   11.3  1965    7.7  1958    5.8  1985    5.41  1944   10.18  1890   16.94  2008   11.14  1986   10.72  1913
    5.1  2016    5.7  1911    7.5  1890   10.2  1972   13.4  1947   16.3  1967   17.6  1947   17.2  1887   14.9  1917   11.3  1951    7.6  1984    5.8  1918    5.38  1981   10.17  1895   16.93  1897   11.14  2002   10.72  2001
    5.1  1950    5.7  1995    7.5  1920   10.2  1981   13.4  2006   16.2  1986   17.6  1894   17.2  1906   14.9  2015   11.3  1953    7.6  1956    5.8  1945    5.33  1988   10.17  1940   16.93  2016   11.11  1996   10.71  1988
    5.1  1888    5.7  1959    7.5  1981   10.2  2005   13.3  2003   16.2  1908   17.6  1914   17.2  2015   14.9  1901   11.3  1986    7.5  2005    5.7  1926    5.31  1920   10.16  1998   16.90  1990   11.11  1948   10.70  1983
    5.1  1973    5.7  2015    7.4  1902   10.1  1961   13.3  1948   16.2  2017   17.6  1898   17.2  1901   14.9  1936   11.3  1975    7.4  1922    5.6  2007    5.31  2015   10.10  1894   16.89  1917   11.10  1897   10.69  1982
    5.0  1999    5.7  2020    7.4  1905   10.1  2018   13.2  1912   16.2  1913   17.5  1886   17.2  1953   14.9  1921   11.3  1990    7.4  1886    5.6  1957    5.29  1889   10.06  1971   16.88  1999   11.01  2000   10.69  1955
    5.0  1926    5.6  1935    7.4  1983   10.1  1965   13.2  1991   16.1  1910   17.5  2010   17.2  1970   14.8  1966   11.2  1961    7.3  1957    5.6  1959    5.26  2003   10.05  1944   16.87  1960   11.01  1961   10.68  1906
    4.9  2019    5.6  1899    7.4  1921   10.1  1964   13.2  1905   16.1  1962   17.5  1900   17.1  1916   14.8  1980   11.2  1925    7.3  2008    5.5  2011    5.24  1896   10.04  2021   16.86  1898   10.98  1991   10.68  2012
    4.9  2024    5.6  2026    7.4  1926   10.0  1909   13.1  1943   16.0  1989   17.4  1951   17.1  1898   14.8  1969   11.2  1890    7.3  1982    5.5  1967    5.23  1946   10.00  1939   16.85  1982   10.96  1907   10.68  1939
    4.9  1930    5.6  1897    7.4  2010   10.0  1904   13.1  1929   16.0  1984   17.4  2016   17.1  1973   14.8  1951   11.1  1979    7.3  1914    5.5  2021    5.22  1913    9.99  1956   16.84  1994   10.95  1956   10.66  1991
    4.9  1924    5.5  2006    7.4  1967   10.0  2006   13.1  1988   16.0  1896   17.4  1972   17.1  2018   14.7  2010   11.1  1906    7.3  2012    5.5  1929    5.16  1916    9.99  1901   16.81  2024   10.91  1972   10.65  1899
    4.9  1927    5.5  1999    7.3  1896   10.0  1895   13.1  1984   16.0  1920   17.3  2001   17.0  2020   14.7  2007   11.1  1886    7.3  1949    5.5  2014    5.15  1937    9.97  1950   16.79  1921   10.91  1934   10.63  1973
    4.9  1907    5.4  1976    7.3  1982   10.0  1915   13.1  2010   16.0  1917   17.3  2023   17.0  2017   14.7  1970   11.1  2000    7.3  1992    5.4  1908    5.11  1953    9.94  1911   16.79  2002   10.91  1964   10.60  1961
    4.9  1962    5.4  2009    7.2  1977    9.9  1967   13.0  2013   16.0  1979   17.3  1973   16.9  1999   14.6  1964   11.1  1927    7.3  1954    5.4  1889    5.10  1903    9.92  1980   16.77  1991   10.90  1968   10.59  1905
    4.9  1904    5.4  2003    7.2  1978    9.9  1995   13.0  1920   15.9  1943   17.3  1943   16.9  1989   14.6  1967   11.1  1904    7.2  1898    5.4  1949    5.10  1967    9.89  2001   16.77  1889   10.90  1963   10.59  1994
    4.9  1967    5.4  1973    7.2  1968    9.8  1976   13.0  1892   15.9  2008   17.3  1927   16.9  1919   14.5  1956   11.0  2023    7.2  2023    5.3  2017    5.08  1922    9.86  1989   16.75  1937   10.86  1984   10.58  1992
    4.8  2015    5.3  1885    7.2  1972    9.8  1898   12.9  2007   15.9  1932   17.3  1946   16.9  1925   14.5  2008   11.0  1938    7.2  1991    5.3  1913    5.03  1950    9.81  1993   16.74  1941   10.85  1979   10.56  1926
    4.8  1988    5.3  2005    7.1  2023    9.8  1892   12.9  2012   15.9  1885   17.2  1950   16.9  1895   14.5  1915   11.0  1941    7.2  1941    5.3  1986    5.01  1909    9.80  1972   16.73  2020   10.83  1929   10.54  1960
    4.8  1968    5.2  1884    7.1  1939    9.8  1993   12.9  1966   15.8  1966   17.2  1913   16.9  2008   14.5  1989   10.9  1937    7.1  1975    5.3  2020    5.00  1964    9.78  1918   16.72  1930   10.82  1916   10.54  1967
    4.7  1909    5.2  1988    7.1  1944    9.6  1937   12.9  1945   15.8  1884   17.2  2024   16.9  1982   14.5  1973   10.9  2010    7.1  1979    5.3  2000    5.00  2009    9.78  1926   16.71  2017   10.81  1970   10.53  1896
    4.7  1994    5.2  1964    7.0  1994    9.6  2021   12.9  1942   15.8  2016   17.2  1906   16.9  1909   14.4  1982   10.9  1970    7.1  1967    5.3  1973    4.99  1908    9.77  1974   16.70  1932   10.80  1939   10.53  1901
    4.7  1920    5.1  1948    7.0  1952    9.6  1971   12.9  1917   15.8  1898   17.1  1884   16.9  1950   14.4  2024   10.8  1983    7.1  1940    5.2  1947    4.98  1901    9.72  1973   16.67  1970   10.78  1982   10.52  1908
    4.6  1996    5.1  1980    6.9  1946    9.6  1968   12.9  1995   15.8  2024   17.1  1942   16.8  2010   14.4  1988   10.8  1893    7.1  1947    5.2  1990    4.97  1939    9.71  1988   16.66  1895   10.77  1886   10.50  1946
    4.6  1995    5.1  1975    6.9  2008    9.6  1996   12.9  1936   15.8  1965   17.1  2011   16.8  1942   14.4  1995   10.8  1936    7.1  1901    5.2  1894    4.97  1894    9.71  1942   16.66  1992   10.77  1943   10.49  1884
    4.6  2009    5.1  2016    6.8  1963    9.5  1890   12.8  1934   15.7  2019   17.1  1948   16.7  1940   14.4  1913   10.8  1994    7.0  1988    5.2  1897    4.93  1938    9.67  1984   16.60  1967   10.76  2008   10.48  1890
    4.6  1902    5.0  1894    6.8  1971    9.5  1988   12.8  1914   15.7  1945   17.1  1936   16.7  1927   14.3  1937   10.8  2020    7.0  1989    5.2  1955    4.87  1961    9.62  1920   16.54  1957   10.73  1967   10.45  1889
    4.5  2025    5.0  2013    6.8  1956    9.4  1916   12.8  1946   15.7  1963   17.1  1937   16.7  1967   14.3  2017   10.8  1942    7.0  1929    5.1  2002    4.85  1997    9.61  1954   16.52  1942   10.73  1901   10.45  1974
    4.5  1914    4.9  1912    6.8  1940    9.4  2008   12.8  1931   15.7  1953   17.0  1979   16.7  2007   14.3  1910   10.7  1956    7.0  1971    5.1  1970    4.85  1912    9.60  1978   16.51  2001   10.72  1983   10.44  1887
    4.5  1908    4.9  1909    6.8  1903    9.4  1902   12.8  1974   15.7  1937   17.0  1891   16.7  1918   14.3  1979   10.7  1976    7.0  2000    5.0  1885    4.85  1933    9.57  1910   16.49  2000   10.71  1936   10.43  1920
    4.4  2013    4.9  2021    6.8  1936    9.4  1885   12.7  1887   15.7  1918   17.0  1958   16.7  1886   14.3  2018   10.7  1934    7.0  1942    5.0  1930    4.73  1954    9.51  1915   16.49  1886   10.71  1975   10.42  1932
    4.4  1887    4.8  1944    6.7  1918    9.3  1939   12.7  2005   15.7  1994   17.0  2004   16.6  1917   14.3  1948   10.6  1933    7.0  1888    5.0  2008    4.70  1983    9.50  1995   16.47  1952   10.70  1902   10.42  1894
    4.4  1900    4.8  1898    6.7  1899    9.3  1985   12.7  1961   15.7  1900   16.9  2017   16.6  1998   14.3  1960   10.6  1982    6.9  2013    5.0  1940    4.67  2013    9.49  1907   16.47  1953   10.69  1937   10.39  1935
    4.3  2011    4.8  1952    6.7  1884    9.3  1991   12.7  1954   15.7  1919   16.9  1918   16.5  1977   14.3  1919   10.6  2003    6.9  1960    4.9  1938    4.64  1918    9.49  1964   16.46  1915   10.66  1954   10.38  1964
    4.3  1943    4.8  1910    6.6  1915    9.3  1913   12.7  2019   15.6  1942   16.9  1904   16.5  1930   14.2  1904   10.6  2004    6.9  1892    4.9  1943    4.63  1948    9.48  1889   16.46  1981   10.63  1928   10.37  1936
    4.3  1997    4.8  1933    6.6  1988    9.3  1963   12.7  1909   15.6  1947   16.9  1964   16.5  1915   14.2  1946   10.5  1967    6.9  1907    4.9  1902    4.63  1960    9.47  1905   16.45  1918   10.63  1988   10.35  1972
    4.3  1960    4.8  1965    6.5  1986    9.3  1975   12.7  1910   15.6  2002   16.9  1987   16.5  1968   14.2  1916   10.5  1948    6.9  1980    4.9  1979    4.62  1907    9.46  1955   16.43  1919   10.62  1946   10.34  1944
    4.3  2018    4.7  1957    6.4  1949    9.3  1958   12.7  1997   15.6  1993   16.9  1929   16.5  1952   14.2  1978   10.5  1884    6.8  1974    4.9  2001    4.61  1891    9.45  1987   16.43  1908   10.61  1990   10.28  1918
    4.2  1901    4.6  1907    6.4  1913    9.3  1992   12.6  1933   15.6  1961   16.9  1932   16.4  1980   14.1  2012   10.5  1909    6.8  1963    4.8  1904    4.58  1984    9.44  2006   16.41  1944   10.60  1977   10.27  1981
    4.1  1954    4.6  1987    6.4  1932    9.3  1962   12.6  1884   15.5  1901   16.9  1893   16.4  1994   14.1  1963   10.5  1916    6.8  1998    4.7  1966    4.58  1958    9.43  1935   16.36  2015   10.60  1942   10.24  1996
    4.1  1972    4.6  1890    6.2  1887    9.2  1919   12.6  1888   15.5  1978   16.8  2007   16.4  1987   14.1  1968   10.5  1930    6.8  1970    4.6  1982    4.54  1926    9.39  1884   16.36  1988   10.60  1998   10.22  1940
    4.1  1946    4.6  1950    6.2  1914    9.2  1911   12.5  1976   15.4  1980   16.8  1944   16.4  1974   14.1  1987   10.5  1988    6.8  1903    4.6  2012    4.53  1924    9.37  1913   16.34  1977   10.60  1924   10.21  1897
    4.0  1958    4.6  1924    6.1  1922    9.2  1947   12.4  1950   15.4  1974   16.8  1908   16.4  1988   14.1  1942   10.5  1931    6.8  1934    4.6  1891    4.51  2018    9.35  1965   16.30  1891   10.60  1895   10.20  1942
    3.9  1894    4.6  2001    6.1  1925    9.0  1907   12.4  1913   15.4  2015   16.8  1896   16.4  1904   14.0  1888   10.4  2008    6.8  1943    4.6  1920    4.51  2001    9.34  1936   16.30  1938   10.60  1884   10.19  1980
    3.9  2026    4.6  1925    6.1  1889    9.0  1994   12.4  1985   15.4  1904   16.8  1967   16.3  1934   14.0  1920   10.4  1924    6.8  1976    4.6  1958    4.50  1930    9.32  1994   16.28  2007   10.59  1904   10.18  1950
    3.9  1915    4.6  1893    6.1  1974    9.0  1928   12.3  1957   15.3  1964   16.8  1986   16.3  1971   14.0  1905   10.4  1928    6.8  1937    4.6  1944    4.48  1928    9.31  1963   16.27  1894   10.56  1957   10.17  1947
    3.8  1961    4.5  1922    6.1  1960    9.0  1956   12.3  1986   15.3  1955   16.7  1992   16.3  1972   13.9  2001   10.4  1888    6.8  1990    4.5  1896    4.41  1962    9.31  1967   16.26  1885   10.52  1931   10.16  1937
    3.8  1931    4.5  1985    6.1  1898    9.0  2001   12.3  1977   15.3  2011   16.7  2000   16.3  1958   13.9  1943   10.4  1991    6.7  1972    4.4  1928    4.32  1968    9.29  1927   16.24  1904   10.49  1917   10.15  1977
    3.7  1912    4.4  1984    6.1  1934    8.9  1927   12.1  1930   15.3  1935   16.7  1916   16.3  1960   13.9  1903   10.3  1907    6.7  1987    4.4  1919    4.31  1952    9.28  1977   16.23  1900   10.48  1894   10.12  1929
    3.7  1991    4.4  1981    6.0  1885    8.9  1884   12.1  1903   15.3  2007   16.7  1919   16.3  1961   13.9  1902   10.3  1955    6.7  1932    4.4  1907    4.28  1931    9.25  1887   16.16  1979   10.46  1960   10.12  1958
    3.7  1913    4.4  1972    5.9  1897    8.9  2000   12.1  1938   15.2  1926   16.7  1912   16.3  1908   13.9  1893   10.3  1902    6.7  1935    4.3  1906    4.27  1945    9.25  1976   16.15  1943   10.45  1888   10.12  1956
    3.7  1899    4.2  1915    5.9  1965    8.9  1930   12.1  1965   15.2  1894   16.7  1966   16.1  1910   13.8  1886   10.3  1966    6.7  1895    4.3  1933    4.26  1985    9.20  1919   16.13  1968   10.43  1981   10.12  1970
    3.7  2001    4.2  1923    5.9  1954    8.9  1931   12.1  1916   15.2  1886   16.6  2002   16.1  2014   13.8  1930   10.3  1915    6.7  1900    4.3  1939    4.25  2021    9.19  1892   16.12  1896   10.39  1973   10.12  2010
    3.6  1891    4.1  1958    5.9  1975    8.9  1940   12.0  1925   15.2  1890   16.6  1981   16.0  1957   13.8  1985   10.3  1950    6.7  1890    4.3  1964    4.19  1980    9.18  1966   16.11  2011   10.36  1900   10.10  1969
    3.6  1903    4.1  1937    5.8  1906    8.8  1887   12.0  1972   15.2  1938   16.6  1889   16.0  1894   13.8  1932   10.2  1901    6.6  1912    4.2  1969    4.14  1965    9.08  1898   16.06  1946   10.34  2019   10.08  1912
    3.6  1970    4.1  1889    5.7  1995    8.8  1969   12.0  1944   15.1  1946   16.6  2020   15.9  1941   13.8  1990   10.2  1964    6.6  1933    4.2  1992    4.12  1991    9.07  1985   16.05  1964   10.34  1891   10.08  1978
    3.6  1918    4.0  1931    5.6  1895    8.7  1886   12.0  1915   15.1  1999   16.6  1957   15.9  1928   13.7  1972   10.2  1918    6.5  1973    4.2  1999    4.11  1959    9.06  1934   16.01  1951   10.32  2010   10.07  1910
    3.5  1910    4.0  1960    5.5  1911    8.7  2013   12.0  1993   15.1  1982   16.6  1956   15.9  1964   13.7  1935   10.2  1891    6.5  1896    4.2  1963    4.10  1887    9.04  1904   16.00  1923   10.30  1889   10.07  1925
    3.5  1948    3.9  1996    5.5  1985    8.6  1924   12.0  1973   15.1  1922   16.5  1985   15.9  1978   13.7  1928   10.2  1973    6.5  1904    4.2  1968    4.09  1987    8.97  1922   15.99  1958   10.30  1966   10.07  1993
    3.5  1893    3.9  1906    5.5  1930    8.6  2016   11.9  1900   15.1  1990   16.5  1960   15.9  2011   13.7  1908   10.2  1960    6.5  1968    4.2  1962    4.07  1885    8.95  1968   15.97  1910   10.29  1980   10.05  1900
    3.5  1919    3.9  2018    5.5  1976    8.6  1899   11.9  1994   15.0  1951   16.5  1953   15.9  1892   13.7  1975   10.1  2019    6.4  1936    4.1  1914    4.07  1915    8.95  1900   15.95  1971   10.27  2012   10.05  1904
    3.5  1939    3.8  1916    5.4  1942    8.5  1935   11.9  1962   15.0  2000   16.5  1930   15.9  1905   13.7  1889   10.1  1940    6.4  1918    4.1  1946    3.99  1897    8.94  1906   15.92  1974   10.27  1976   10.04  1954
    3.5  1956    3.8  1892    5.4  1970    8.5  1950   11.9  1935   15.0  1983   16.4  2015   15.8  1929   13.7  1986   10.0  1923    6.4  2017    4.1  1989    3.96  1919    8.91  1902   15.91  1929   10.22  1940   10.03  1930
    3.5  1933    3.7  1977    5.4  2001    8.5  1918   11.9  1958   15.0  1903   16.4  1909   15.8  1889   13.6  1924    9.9  1903    6.4  1961    4.1  1923    3.94  1910    8.90  1975   15.88  1909   10.20  1911   10.00  1916
    3.5  1965    3.6  1966    5.4  1984    8.5  1953   11.9  2015   15.0  1929   16.4  1938   15.8  1946   13.6  1994    9.9  1998    6.3  1927    3.9  1960    3.94  1892    8.90  1937   15.85  1980   10.19  1903    9.99  1891
    3.4  1892    3.5  1917    5.4  1928    8.5  1925   11.8  1987   15.0  1952   16.4  1939   15.8  1890   13.6  1899    9.9  1894    6.2  1885    3.9  1884    3.93  1888    8.89  1970   15.85  1961   10.14  1962    9.98  1924
    3.4  1978    3.4  1901    5.3  1904    8.4  1920   11.8  1928   15.0  1956   16.4  1915   15.7  1992   13.6  1897    9.8  1946    6.2  1884    3.9  1993    3.87  1994    8.88  1903   15.81  1998   10.13  1987    9.97  1968
    3.3  1951    3.4  1951    5.3  1901    8.4  1936   11.8  1963   14.9  1897   16.3  1928   15.7  1965   13.5  1940    9.8  1944    6.1  1909    3.9  1917    3.87  1978    8.88  1925   15.80  1966   10.13  1985    9.96  1928
    3.3  1986    3.3  1991    5.2  1987    8.3  1977   11.8  1904   14.9  1944   16.2  1924   15.6  1923   13.5  1977    9.8  1922    6.1  2016    3.9  2022    3.79  1956    8.84  1930   15.80  1972   10.10  1922    9.95  1907
    3.2  1922    3.2  1936    5.1  1941    8.3  1973   11.7  2021   14.8  2001   16.2  1895   15.6  1891   13.4  1983    9.8  1912    6.1  1911    3.8  1996    3.78  1904    8.74  1928   15.77  1986   10.09  1930    9.94  1952
    3.2  1947    3.2  1970    5.0  2006    8.3  2012   11.6  1975   14.8  1981   16.1  1931   15.6  1951   13.4  1887    9.8  1919    6.1  1926    3.8  1916    3.73  2011    8.73  1909   15.76  1916   10.08  1927    9.92  1915
    3.2  1966    3.2  1940    5.0  1924    8.3  1934   11.5  1955   14.8  1997   16.1  1998   15.5  1896   13.4  1984    9.8  1929    6.1  1977    3.8  1952    3.73  1969    8.73  1931   15.72  1927   10.03  1893    9.91  1941
    3.1  1982    3.1  2010    4.9  1955    8.2  1888   11.5  1941   14.7  1924   16.0  1940   15.5  1993   13.4  1976    9.7  2002    6.0  1930    3.7  1978    3.73  1996    8.69  1899   15.71  1978    9.99  1935    9.89  1987
    3.1  1885    3.1  1954    4.9  1891    8.2  1979   11.4  1897   14.7  1998   16.0  1993   15.5  1900   13.3  1885    9.6  1987    5.9  1962    3.7  1895    3.69  1955    8.62  1986   15.70  2012    9.94  1909    9.85  1951
    3.0  1977    3.0  1941    4.8  1892    8.1  1998   11.4  1898   14.7  1948   15.9  1974   15.5  1979   13.3  1894    9.6  1911    5.8  2019    3.7  1915    3.67  1970    8.53  1932   15.68  1993    9.80  1910    9.85  1927
    3.0  1936    3.0  1888    4.8  1980    8.1  1910   11.4  1926   14.7  1892   15.9  1963   15.3  1954   13.3  1965    9.5  1952    5.8  1891    3.6  1887    3.62  1942    8.53  1908   15.62  1948    9.78  1926    9.82  1931
    2.8  1955    3.0  1904    4.8  2018    8.0  1897   11.3  1932   14.7  1923   15.9  1903   15.3  1943   13.3  1944    9.5  1935    5.8  1996    3.6  1909    3.47  1893    8.49  1885   15.57  1890    9.74  1932    9.80  1966
    2.6  2021    2.9  1994    4.8  1908    7.9  1932   11.2  1969   14.6  1958   15.8  2012   15.2  1888   13.2  1993    9.5  1900    5.8  1966    3.5  1965    3.46  1902    8.47  1897   15.54  1987    9.73  1965    9.79  1895
    2.6  1980    2.9  1930    4.7  1900    7.8  1989   11.2  1891   14.6  1977   15.7  1890   15.2  1985   13.2  1992    9.4  2012    5.7  1905    3.4  1903    3.41  1966    8.42  1983   15.49  1963    9.73  1912    9.78  1903
    2.5  1929    2.8  1983    4.6  1964    7.8  1929   11.1  1886   14.5  1954   15.7  1988   15.2  1920   13.2  1931    9.4  1939    5.6  1921    3.4  1901    3.34  1986    8.41  2013   15.47  1920    9.69  1915    9.76  1909
    2.5  2010    2.6  1956    4.6  1996    7.8  1970   11.0  1979   14.4  1888   15.7  1961   15.2  1921   13.2  1923    9.4  1889    5.6  1944    3.3  2009    3.33  1982    8.39  1923   15.46  1962    9.62  1992    9.75  1962
    2.5  1984    2.5  1968    4.5  1931    7.7  1905   11.0  1927   14.3  1902   15.7  1978   15.2  1924   13.2  1909    9.2  1980    5.5  1950    3.1  1937    3.24  1886    8.38  1947   15.39  1924    9.60  1950    9.71  1986
    2.4  1987    2.4  1919    4.5  1979    7.7  1903   10.9  1951   14.3  1909   15.7  1980   15.2  1931   13.1  1954    9.2  1887    5.4  1893    3.0  1935    3.15  1917    8.37  1962   15.39  1892    9.57  1944    9.70  1917
    2.3  1886    2.3  1902    4.5  1917    7.7  1889   10.9  1907   14.1  1912   15.7  1954   15.1  1903   13.1  1896    8.9  1905    5.3  1887    3.0  1899    3.08  1900    8.26  1996   15.33  1903    9.50  1918    9.69  1923
    2.3  1952    2.3  1886    4.4  1951    7.6  1891   10.9  1924   14.1  1985   15.7  1910   15.0  1962   13.1  1922    8.8  1993    5.3  2010    2.9  1925    3.07  1936    8.24  1958   15.29  1985    9.49  1905    9.68  1985
    2.2  1917    2.1  1942    4.4  1886    7.6  1983   10.8  1899   14.0  1931   15.6  1892   15.0  1948   13.0  1950    8.8  1932    5.3  1993    2.7  1961    2.97  1929    8.20  1916   15.17  1956    9.49  1925    9.64  1922
    2.2  1959    2.0  1979    4.0  1962    7.5  1923   10.7  1906   13.8  2012   15.5  1907   14.9  1966   12.9  1962    8.6  1974    4.9  1969    2.6  1995    2.97  2010    8.17  1924   15.15  1928    9.40  1974    9.62  1902
    2.1  1985    2.0  1978    3.8  1919    7.4  1951   10.6  1967   13.7  1972   15.3  1962   14.9  1885   12.8  1912    8.4  1926    4.7  1925    2.6  1890    2.88  1941    8.14  1888   15.14  1954    9.30  1887    9.59  1919
    2.1  1942    1.8  1929    3.7  1969    7.3  1922   10.6  1996   13.6  1991   15.2  1970   14.8  1902   12.8  1927    8.4  1992    4.7  1952    2.4  1892    2.88  1977    8.10  1917   15.14  1965    9.19  1923    9.58  1885
    2.1  1897    1.8  1900    3.6  1888    7.3  1978   10.3  1894   13.5  1907   15.2  1920   14.8  1963   12.8  1974    8.2  1981    4.5  1965    2.1  1927    2.79  1940    8.07  1886   15.11  1931    9.10  1993    9.56  1965
    1.5  1979    1.5  1955    3.6  1958    7.3  1908   10.2  1983   13.5  1971   15.2  1968   14.8  1907   12.7  1892    8.1  1917    4.4  1985    2.0  1976    2.77  1951    7.95  1941   14.85  1922    9.10  1919    9.52  1888
    1.4  1945    1.4  1969    3.5  1909    7.2  1941   10.2  1885   13.4  1916   15.2  1902   14.6  1922   12.7  1957    7.9  1895    4.4  1923    1.9  1886    2.41  1979    7.91  1979   14.84  1912    9.08  1892    9.48  1963
    1.0  1940    1.1  1963    3.5  2013    7.0  1986   10.1  1923   13.2  1987   14.9  1922   14.3  1986   12.5  1925    7.6  1892    4.2  1915    1.7  1950    2.38  1947    7.90  1891   14.78  1902    9.01  1896    9.47  1979
    0.8  1963    0.6  1986    3.4  1937    6.9  1917   10.1  1968   13.2  1928   14.6  1888   14.0  1956   11.9  1918    7.5  1896    3.7  1910    1.2  1981    2.07  1895    7.88  1969   14.77  1888    9.00  1885    9.41  1886
    0.7  1941    0.4  1895    3.1  1916    6.5  1966    9.9  1902   13.1  1927   14.0  1965   13.7  1912   11.8  1952    7.5  1885    3.2  1919    1.0  2010    2.05  1963    7.59  1951   14.59  1907    8.68  1952    9.23  1892
    0.5  1895   -0.5  1947    2.6  1947    ---  2026    ---  2026    ---  2026    ---  2026    ---  2026    ---  2026    ---  2026    ---  2026    ---  2026     ---  1884     ---  2026     ---  2026     ---  2026     ---  2026
