Areal values from HadUK-Grid 1km gridded climate data from land surface network
Source: Met Office National Climate Information Centre
Monthly, seasonal and annual number of days in the month with air frost (minimum temperature below zero) for Scotland E
Areal series, starting in 1931
Last updated 01-Apr-2026 11:34
    jan  year    feb  year    mar  year    apr  year    may  year    jun  year    jul  year    aug  year    sep  year    oct  year    nov  year    dec  year     win  year     spr  year     sum  year     aut  year     ann  year
   28.4  1940   27.8  1947   26.3  1937   18.6  2021    8.5  1979    1.5  1936    0.2  1943    0.7  1932    3.1  1986   11.7  1992   21.4  1969   26.1  2010    75.0  1963    42.0  1951     1.7  1936    28.6  1993   121.1  1979
   27.3  1945   27.0  1963   24.4  1931   16.8  1970    7.5  1935    1.5  1975    0.2  1954    0.5  1977    3.0  1954   10.4  1981   20.6  1985   25.8  1981    70.4  1947    41.2  1941     1.6  1975    24.4  1992   121.0  1942
   27.1  1963   26.5  1942   24.0  1941   16.1  1936    6.9  1995    1.0  1941    0.1  1958    0.5  1938    3.0  1972    9.3  1955   18.0  1996   25.7  1950    69.0  1951    39.5  1969     1.3  1964    23.3  1985   120.7  1969
   26.9  1942   25.7  1968   24.0  1969   15.7  1956    6.9  1955    1.0  1991    0.1  1956    0.3  1931    2.7  1974    9.3  1993   17.3  1965   24.8  1976    68.4  2010    39.1  1979     1.2  1977    22.5  1969   118.5  1941
   26.7  1979   25.0  1955   23.8  2013   15.0  1951    6.7  1968    1.0  1964    0.1  1936    0.3  1944    2.4  1993    7.9  2012   17.0  1993   24.0  1935    66.3  1936    38.5  2013     1.1  1932    21.9  1973   116.2  2010
   26.6  1952   25.0  1986   23.7  1955   14.4  1986    6.5  1942    0.9  1957    0.1  1935    0.3  1964    2.3  1940    7.7  1939   16.0  1942   23.9  2009    66.3  1942    38.4  1970     1.1  1941    21.1  2012   113.9  1951
   26.3  1959   23.6  1969   21.6  1962   14.4  1983    6.5  1996    0.8  1934    0.1  1939    0.3  1973    2.3  1942    7.1  2002   15.8  2016   22.1  1961    64.9  1979    38.1  1955     1.0  1957    21.0  1971   113.2  1955
   25.6  1941   23.3  1979   21.5  1947   14.2  1932    6.4  1982    0.7  1989    0.1  1965    0.2  1951    2.2  1932    7.1  1931   15.6  2013   21.9  1946    63.8  1940    37.1  1931     1.0  1934    20.3  1965   112.2  1981
   25.2  2021   23.3  1956   21.4  1979   14.2  1953    6.3  1938    0.7  1977    0.1  1973    0.2  1986    2.0  1943    7.1  1973   15.5  2010   21.9  1937    63.5  1977    36.1  1942     1.0  1991    20.2  1942   111.7  1965
   24.9  1984   23.2  1983   21.1  1970   13.9  1966    6.2  1948    0.6  1956    0.1  1950    0.2  2014    2.0  1975    6.8  1980   15.1  1944   21.3  1965    63.1  1952    35.5  1958     0.8  1956    19.9  1932   109.2  1936
   23.6  1985   22.5  1970   21.0  1951   13.4  1969    6.0  1951    0.6  1949    0.1  1955    0.2  1966    1.7  1979    6.7  1946   14.8  1966   21.2  1964    63.1  1941    34.9  1995     0.8  1962    19.7  1952   106.6  1937
   23.1  1987   22.2  2010   20.7  1958   12.7  1974    5.5  1984    0.6  1978    0.1  1962    0.2  1937    1.4  1931    6.6  1987   14.6  1952   21.2  1993    60.1  2011    34.5  1962     0.8  1989    19.7  1981   106.2  1947
   22.6  1978   21.8  1936   20.4  1987   12.0  1968    5.4  2012    0.6  1955    0.1  1957    0.2  1948    1.4  1939    6.5  1948   14.5  1973   21.1  1960    59.5  1956    33.5  1975     0.8  1955    19.6  1944   105.6  1968
   22.4  1997   21.7  2018   20.3  1934   11.9  1981    5.4  1941    0.6  1962    0.1  1961    0.2  1999    1.3  1935    6.4  2003   14.4  1971   20.9  1962    59.2  1970    33.2  1968     0.7  1949    19.5  1936   105.5  1962
   22.4  2010   21.7  1941   19.8  1995   11.9  2013    5.4  2010    0.5  1998    0.1  1966    0.2  2012    1.3  1957    5.8  2019   14.3  1972   20.8  1999    58.8  1994    32.8  1937     0.7  1938    19.4  2010   105.3  1986
   21.7  1951   21.6  1951   19.8  1965   11.8  1941    5.3  1994    0.5  1942    0.1  1952    0.2  1934    1.3  1991    5.7  1936   13.9  1950   20.6  1952    58.5  1991    32.8  1932     0.7  2012    19.3  1966   104.9  1958
   21.5  1991   21.6  1978   19.7  1942   11.7  1950    5.3  1977    0.5  1939    0.1  1974    0.2  1943    1.2  1944    5.7  1941   13.9  1998   20.5  2001    58.4  1959    32.5  1965     0.7  1951    19.2  1972   104.5  1970
   21.5  1956   21.5  1960   19.6  1975   11.5  1962    5.0  1975    0.5  1985    0.1  1948    0.1  1935    1.2  2012    5.7  1971   13.1  1961   20.4  1989    58.4  1965    32.1  1934     0.6  1973    18.9  1998   104.3  1985
   21.3  1965   20.9  1996   19.2  2018   11.3  1973    4.9  2021    0.5  2015    0.1  1938    0.1  1962    1.1  1947    5.7  1997   13.1  2005   20.2  1969    57.9  1968    31.3  2021     0.6  1978    18.7  1996   103.0  1952
   21.2  2009   20.7  1991   18.7  1949   11.1  1978    4.9  1958    0.5  2012    0.1  1937    0.1  1965    0.9  2007    5.6  1932   13.0  1979   19.5  1996    57.7  2018    31.3  1956     0.6  1939    18.3  2019   102.6  1963
   21.1  1948   20.5  1954   18.1  2006   11.1  1989    4.7  1945    0.5  1952    0.0  1949    0.1  1960    0.9  1977    5.3  2018   13.0  1962   19.4  1982    57.5  1987    30.3  1984     0.6  1952    18.0  1950   101.9  2013
   20.9  2011   20.3  1950   17.8  2001   11.0  2016    4.6  1957    0.4  1981    0.0  1992    0.1  1953    0.9  1948    5.2  2008   13.0  1977   19.3  1995    57.1  1986    29.7  1947     0.6  1954    17.5  1948   100.2  1940
   20.8  1986   20.3  2013   17.5  1985   10.5  1977    4.5  1997    0.4  1951    0.0  2000    0.1  1967    0.9  1952    5.1  1964   13.0  1936   18.9  2008    56.9  1966    29.5  1973     0.6  1961    17.4  1980    99.2  1995
   20.8  1960   20.2  1931   17.5  1980   10.4  2012    4.4  1943    0.4  1961    0.0  1964    0.1  1952    0.9  1964    5.0  1935   12.8  1947   18.8  2022    56.2  1955    29.5  1953     0.6  1998    17.3  2016    99.2  1931
   20.7  1939   19.6  1937   16.7  1976   10.3  1998    4.4  2020    0.4  1946    0.0  1972    0.1  1936    0.9  1971    4.9  1998   12.7  2017   18.7  2017    56.0  1969    29.4  1936     0.5  1931    17.2  1964    99.0  1966
   20.7  1947   19.5  2016   15.7  1946   10.3  1965    4.2  2015    0.4  1932    0.0  1960    0.1  2016    0.9  1960    4.6  1949   12.6  1992   18.5  2014    55.0  1962    29.3  2006     0.5  1942    16.9  2013    99.0  1973
   20.7  1933   19.5  2001   15.4  1971   10.3  1954    4.2  1967    0.4  2001    0.0  1947    0.1  1946    0.9  2024    4.5  1966   12.5  1943   18.3  1992    54.1  1960    28.8  1986     0.5  1935    16.7  2008    98.9  1950
   20.6  1995   19.4  1981   15.2  2008   10.2  1984    4.1  1932    0.4  1954    0.0  2004    0.1  1933    0.8  2020    4.4  1983   12.4  2019   18.1  2011    54.0  1983    28.5  2001     0.5  1985    16.5  1937    98.2  1956
   20.6  1980   19.2  1994   15.1  1996    9.9  1958    4.1  1944    0.4  1983    0.0  1999    0.1  1982    0.8  1983    4.3  1974   12.1  1932   18.1  1951    54.0  1982    28.2  1974     0.5  1986    16.5  1962    97.7  2001
   20.5  1936   18.8  1958   15.0  1940    9.9  1942    4.1  1980    0.4  2009    0.0  1978    0.1  1961    0.8  1995    4.2  1952   12.1  1937   17.9  1968    53.9  1978    27.9  1981     0.5  2015    16.2  1979    95.7  1996
   20.4  1931   18.7  1940   14.8  1973    9.6  1994    4.0  1946    0.3  2000    0.0  1977    0.1  1975    0.8  1982    4.0  1988   12.0  2012   17.6  2007    53.9  1997    27.5  1994     0.5  1937    16.1  1974    95.4  1935
   20.4  1977   18.5  1952   14.8  1954    9.5  2000    3.7  2005    0.3  1969    0.0  1993    0.1  1963    0.7  1936    3.9  1937   12.0  1976   17.5  1966    53.9  2009    27.2  1985     0.5  1946    15.9  1941    93.8  1978
   20.3  1961   18.5  1957   14.7  1988    9.5  2008    3.5  1931    0.3  1953    0.0  1996    0.1  1969    0.7  1997    3.7  1950   11.6  1934   17.4  1958    53.7  2013    27.1  1996     0.5  1965    15.7  1934    93.8  1987
   20.3  1946   18.5  1985   14.6  1984    9.3  1934    3.4  1973    0.3  1986    0.0  1986    0.1  2004    0.7  1989    3.7  1951   11.6  1967   17.4  1933    53.4  1958    27.1  1980     0.5  1981    15.7  1954    93.2  1976
   20.2  2001   18.3  1944   14.5  1944    9.2  1939    3.4  2019    0.3  1971    0.0  1995    0.1  1955    0.7  1934    3.7  2023   11.5  2008   16.8  1944    53.1  2015    26.9  1935     0.4  1944    15.6  1935    92.8  1991
   20.0  2025   18.3  1977   14.5  1968    9.2  1979    3.3  1981    0.3  1935    0.0  1934    0.1  1956    0.7  1988    3.5  1967   11.4  1991   16.8  1973    52.8  1981    26.9  2018     0.4  1953    15.5  1943    92.7  1975
   19.5  1958   18.1  2003   14.4  1953    9.2  2015    2.8  2001    0.3  2005    0.0  1980    0.0  1954    0.6  1987    3.4  1956   11.4  1958   16.7  1939    52.5  1945    26.9  1987     0.4  1943    15.5  1939    91.7  2021
   19.4  1955   18.0  1987   14.4  1932    9.2  1931    2.7  1993    0.3  1980    0.0  1969    0.0  1974    0.6  1984    3.4  1934   11.4  2023   16.4  1986    52.1  1985    26.5  1982     0.4  2000    15.3  1975    91.7  1993
   19.3  2019   17.4  1933   14.1  2010    9.0  1935    2.7  2006    0.3  1937    0.0  1979    0.0  1994    0.6  1969    3.3  2010   11.2  1964   16.3  2012    52.0  2001    26.4  1966     0.4  2001    15.3  1955    91.6  1992
   19.0  1981   16.8  2004   14.1  2023    8.9  1975    2.7  2013    0.3  1973    0.0  1970    0.0  1949    0.6  2010    3.3  1994   10.9  1982   16.3  1990    52.0  1984    26.2  2010     0.4  1969    15.2  1967    91.3  1980
   18.9  1966   16.7  1966   14.0  1986    8.7  1967    2.7  1959    0.3  1972    0.0  1932    0.0  1989    0.6  2025    3.2  1944   10.9  1975   16.2  1936    51.2  1937    26.1  1954     0.4  1983    15.1  1947    91.0  1954
   18.8  1992   16.1  2015   13.9  1982    8.6  1990    2.5  2011    0.2  1933    0.0  1945    0.0  1958    0.6  1938    3.1  1962   10.8  1960   16.2  1991    51.1  1938    26.1  1983     0.4  2009    15.1  2023    90.9  1946
   18.5  1943   16.1  1973   13.8  1939    8.5  2006    2.5  1961    0.2  1945    0.0  1931    0.0  1957    0.5  2003    2.8  1954   10.6  1980   15.9  1963    51.0  2021    25.9  2015     0.3  1933    14.8  1976    90.5  1960
   18.5  2015   15.9  1962   13.6  1956    8.3  1971    2.5  1934    0.2  1987    0.0  1959    0.0  1987    0.5  1951    2.8  2024   10.4  1963   15.9  2021    50.4  1961    25.8  1971     0.3  1948    14.4  1977    90.3  2008
   18.4  1994   15.8  1965   13.6  1964    8.2  1995    2.5  1965    0.2  1965    0.0  1976    0.0  1971    0.5  1937    2.8  1965   10.4  2024   15.8  1938    49.6  1996    25.7  1949     0.3  1971    14.3  1988    89.5  1948
   17.6  2017   15.7  1999   13.4  2022    8.1  1938    2.4  1963    0.2  1940    0.0  1963    0.0  1993    0.4  1963    2.6  1970   10.1  1948   15.8  1940    48.1  1992    25.6  2008     0.3  1980    14.3  1983    89.1  1939
   17.3  2018   15.5  1984   13.2  1974    7.9  2022    2.4  1937    0.2  1931    0.0  1981    0.0  1981    0.4  1976    2.6  1985   10.0  1941   15.7  1979    47.9  1950    25.5  1978     0.3  1972    14.2  1982    89.0  1944
   17.2  1968   15.5  1975   12.8  2020    7.9  1988    2.3  1978    0.2  1938    0.0  1975    0.0  1945    0.4  1990    2.5  1982   10.0  2025   15.7  2003    47.9  1980    25.1  1989     0.3  1999    14.1  1961    88.4  1982
   17.1  2013   15.0  2020   12.8  1972    7.9  2001    2.3  1949    0.1  1968    0.0  1944    0.0  1950    0.4  1956    2.4  1975   10.0  1968   15.2  1943    47.9  1995    25.1  1939     0.3  1958    14.1  2017    88.1  1977
   17.1  2024   15.0  1972   12.6  1981    7.8  1940    2.3  1974    0.1  2024    0.0  1953    0.0  1968    0.4  1950    2.3  1976    9.9  1970   15.1  1957    47.3  2004    24.8  1976     0.3  2005    14.1  2024    88.0  2012
   16.9  1962   14.8  1959   12.6  1989    7.6  1955    2.2  1985    0.1  1997    0.0  2016    0.0  1992    0.4  1970    2.3  1986    9.8  1933   15.0  2004    47.1  2000    24.7  1948     0.3  1987    13.9  1991    87.4  2018
   16.8  2016   14.3  2006   12.6  1994    7.6  1948    2.2  1971    0.1  1970    0.0  1940    0.0  1980    0.4  1933    2.3  1933    9.8  1954   15.0  1967    47.1  1948    24.5  2016     0.3  1945    13.9  1949    87.0  1983
   16.7  1982   14.1  2005   12.6  2015    7.5  1991    2.1  1987    0.1  1974    0.0  2015    0.0  2022    0.3  1949    2.1  2007    9.7  1988   14.8  1978    47.1  1939    24.5  1946     0.3  1966    13.8  1986    86.8  1984
   16.4  1970   14.0  1938   12.4  2011    7.4  1985    2.1  1936    0.1  1988    0.0  1941    0.0  1985    0.3  1973    2.1  1938    9.3  1940   14.7  1955    47.0  1933    24.2  2020     0.2  1974    13.6  2005    86.0  1933
   16.4  2012   13.9  1995   12.2  2016    7.3  1947    2.1  1966    0.1  1950    0.0  2020    0.0  1978    0.3  2013    1.9  1942    9.2  1935   14.5  1949    47.0  1954    24.2  1977     0.2  1950    13.5  1940    85.8  2016
   16.4  2026   13.8  2009   12.1  1978    7.2  1976    2.1  1939    0.1  1958    0.0  1967    0.0  1941    0.3  1962    1.9  1972    9.1  1983   14.4  1980    46.9  1953    23.9  1988     0.2  1940    13.4  1987    85.3  1994
   16.3  2003   13.8  1988   11.9  1993    7.2  2023    2.1  1969    0.1  2011    0.0  2001    0.0  1984    0.3  2018    1.9  1945    9.0  1981   14.2  1972    46.7  2008    23.6  1940     0.2  1967    13.4  1958    85.1  1932
   16.3  1988   13.6  1935   11.8  1952    6.9  2020    2.0  1950    0.1  1944    0.0  1971    0.0  2010    0.3  1941    1.9  1953    9.0  1974   14.2  1970    46.4  2012    23.4  1967     0.2  2014    13.3  2003    83.7  2009
   16.2  1954   13.4  2000   11.5  2003    6.7  2010    2.0  2025    0.1  2007    0.0  1985    0.0  1979    0.2  1959    1.8  1958    9.0  1990   13.5  1998    45.6  1944    23.0  1998     0.2  1982    13.1  1946    83.4  1964
   15.9  1976   13.4  2008   11.4  1963    6.6  1963    2.0  1956    0.1  2020    0.0  1988    0.0  1998    0.2  1965    1.8  1940    9.0  1949   13.5  2005    45.0  2016    21.7  1944     0.2  1968    12.9  1970    80.5  1972
   15.9  1998   13.3  1948   11.2  1998    6.6  1999    2.0  1992    0.1  1982    0.0  1997    0.0  2020    0.2  1981    1.7  1984    8.7  2000   13.3  1994    44.7  2002    21.6  2012     0.2  1960    12.4  1933    80.2  1967
   15.7  2008   13.2  1964   11.2  2017    6.6  2019    1.8  1991    0.1  1984    0.0  1987    0.0  2007    0.2  1958    1.7  1957    8.5  2001   13.1  2020    44.4  1973    21.6  1950     0.2  1997    12.1  1960    80.0  2003
   15.6  1975   13.2  1992   11.2  1936    6.5  2024    1.7  1960    0.1  1999    0.0  1942    0.0  1972    0.1  1968    1.7  2009    8.5  1986   13.0  1945    44.0  1946    21.6  2023     0.2  2024    12.0  2025    79.8  1949
   15.4  1937   13.1  1953   10.9  1948    6.3  1992    1.7  2009    0.1  1947    0.0  2024    0.0  1947    0.1  1998    1.6  2000    8.4  1989   12.9  1941    43.9  1967    21.4  2022     0.1  1970    12.0  1963    79.2  2017
   15.2  1938   13.1  2025   10.7  1983    6.2  2002    1.5  2018    0.1  2025    0.0  1933    0.0  1939    0.1  1945    1.5  2016    8.4  1995   12.8  2023    43.5  2025    20.4  1963     0.1  1988    11.9  1956    79.0  2019
   15.1  1967   13.1  2011   10.6  1933    6.2  2018    1.5  2002    0.1  2017    0.0  1968    0.0  1983    0.1  1978    1.5  2025    8.1  1978   12.7  1947    43.0  2003    19.7  2000     0.1  1947    11.6  1931    78.9  1971
   14.9  1957   12.9  1976   10.5  1967    6.2  1982    1.4  1962    0.1  1967    0.0  2011    0.0  1940    0.1  1992    1.4  2015    8.0  1956   12.7  1948    42.9  1957    19.5  1991     0.1  2020    11.3  1968    78.2  1961
   14.9  2023   12.8  1989   10.5  2002    6.0  1997    1.4  1933    0.1  2008    0.0  2012    0.0  1995    0.1  2021    1.4  1979    7.7  1999   12.6  2006    42.4  1999    19.1  1993     0.1  2007    11.3  2002    77.1  1998
   14.9  1935   12.8  2021   10.5  2004    5.9  1945    1.4  2007    0.1  1948    0.0  2013    0.0  1976    0.1  1967    1.4  1990    7.4  1938   12.3  2000    42.2  1988    19.0  2019     0.1  2011    10.8  1990    76.9  1999
   14.8  2004   12.4  2022   10.4  2026    5.8  1957    1.4  1998    0.1  1995    0.0  2019    0.0  2018    0.1  1999    1.3  1999    7.0  2009   12.3  2019    42.1  1964    19.0  2005     0.1  1984    10.4  1995    76.8  2015
   14.8  1993   12.2  1932   10.4  1966    5.7  1933    1.4  1989    0.1  2021    0.0  1946    0.0  1988    0.1  2002    1.3  2017    6.9  2004   12.1  1987    41.4  2019    18.2  2002     0.1  1963    10.4  2000    75.5  2006
   14.4  1969   12.1  2002   10.4  1935    5.5  1996    1.3  2016    0.1  2013    0.0  1990    0.0  1942    0.1  2019    1.3  1991    6.8  1957   12.1  2018    41.4  2023    18.1  1972     0.1  2025    10.2  1989    75.4  1959
   14.1  1949   11.9  1997   10.3  2009    5.5  1959    1.3  2014    0.1  1959    0.0  2005    0.0  2005    0.1  2017    1.2  1947    6.6  2007   11.9  1959    41.2  2006    17.8  1999     0.1  2004    10.0  1938    75.0  1974
   14.1  1973   11.9  2012   10.2  1999    5.4  1980    1.3  2000    0.1  1996    0.0  1998    0.0  2000    0.1  1994    1.2  1959    6.5  1939   11.8  1954    41.0  1993    17.8  1933     0.1  2017     9.8  1951    74.6  1943
   13.9  1971   11.6  1980   10.1  1991    5.3  2005    1.3  1988    0.0  2023    0.0  2007    0.0  2021    0.1  1985    1.2  1995    6.4  1946   11.6  1983    40.6  2024    17.8  1938     0.1  1992     9.7  1957    74.5  1989
   13.7  1972   11.6  2007    9.9  2005    5.3  2025    1.1  1954    0.0  1990    0.0  2023    0.0  2011    0.1  1953    1.2  1968    6.3  2003   11.3  1985    40.3  2005    17.6  1964     0.1  2008     9.6  2007    73.4  1938
   13.4  2006   11.5  1971    9.7  1960    5.2  1961    1.0  2017    0.0  2022    0.0  2010    0.0  1970    0.1  1946    1.2  2004    6.1  1987   11.2  1975    40.1  1990    17.5  2017     0.1  2016     9.4  2018    73.2  2011
   13.1  1953   11.4  1982    9.5  2007    5.2  2017    1.0  1983    0.0  1963    0.0  2014    0.0  2003    0.1  2000    1.1  1989    5.9  1955   10.7  1942    40.0  1976    17.0  1997     0.1  1995     9.1  1999    72.4  1988
   13.1  1999   11.4  1967    9.1  2025    4.8  1949    1.0  1947    0.0  1979    0.0  1982    0.0  1997    0.0  2005    1.1  1963    5.8  1959   10.4  2024    40.0  1975    17.0  2011     0.1  1994     9.1  1997    72.2  1957
   13.1  1950   11.2  2017    9.0  2019    4.7  1946    1.0  1990    0.0  1992    0.0  2002    0.0  2013    0.0  2022    1.1  1943    5.8  1945   10.2  1953    39.5  1971    16.9  1952     0.1  2021     8.7  2009    72.0  1945
   12.9  1964   11.1  1974    8.9  2000    4.5  2003    1.0  1999    0.0  1994    0.0  2009    0.0  1959    0.0  1996    1.1  2021    5.7  2006   10.0  1984    39.0  2022    16.9  1992     0.1  1996     8.7  1978    72.0  2023
   12.9  2000   10.8  2024    8.8  2014    4.5  1993    1.0  2008    0.0  1943    0.0  2021    0.0  1990    0.0  2023    1.0  2013    5.6  2015    9.7  1977    38.4  1974    16.7  2003     0.1  1959     8.6  2001    71.7  2005
   12.1  1944   10.8  1949    8.6  1992    4.3  1972    0.9  2004    0.0  2002    0.0  1989    0.0  1991    0.0  2008    1.0  1961    5.6  1951    9.7  1997    38.0  1943    16.4  2025     0.1  2022     8.1  2004    71.0  1953
   12.1  2002   10.7  1946    8.4  1977    4.3  1987    0.9  1972    0.0  1976    0.0  2008    0.0  1996    0.0  2004    0.8  2011    5.4  2020    9.5  1956    37.5  1949    16.2  1943     0.1  2013     7.7  1945    70.3  1997
   11.4  1983   10.5  1939    8.3  1943    4.3  1952    0.9  1940    0.0  2004    0.0  1951    0.0  2001    0.0  1955    0.8  2022    5.4  2021    9.2  1931    37.2  2020    15.7  2009     0.1  1979     7.3  1959    70.2  2025
   11.3  2005   10.1  2019    7.8  2021    4.1  1937    0.8  1976    0.0  1993    0.0  1983    0.0  2006    0.0  1980    0.7  2014    5.1  2022    9.0  2013    36.6  2017    15.3  1945     0.0  2023     7.0  2015    69.3  2022
   11.1  2007    9.8  1990    7.8  1950    4.0  1964    0.8  1952    0.0  2019    0.0  1984    0.0  2002    0.0  1961    0.7  1996    4.0  2002    8.9  1932    35.3  2007    15.2  1959     0.0  1990     6.9  2020    69.2  2020
   11.1  2014    9.6  2014    7.7  2024    3.8  2009    0.8  1953    0.0  1960    0.0  1991    0.0  2009    0.0  2001    0.6  2020    3.8  2018    8.9  1974    35.1  1972    14.9  1960     0.0  1993     6.8  1994    69.1  2000
   10.7  2022    9.1  1934    7.0  1959    3.5  2014    0.6  2003    0.0  2010    0.0  2006    0.0  2008    0.0  2011    0.5  1969    3.6  1984    8.7  2015    33.5  2026    14.8  1990     0.0  1976     6.6  2021    68.6  2004
   10.6  1974    9.0  1961    6.5  1997    3.5  1943    0.4  1970    0.0  2016    0.0  1994    0.0  2017    0.0  1966    0.5  2005    3.4  1994    8.6  2002    33.2  1934    14.1  2024     0.0  2002     5.9  2022    67.2  1934
   10.3  1932    8.8  1943    5.8  2012    3.5  1960    0.4  1986    0.0  1966    0.0  2003    0.0  2015    0.0  2009    0.5  1960    3.2  2011    8.5  2025    31.7  1932    13.8  2004     0.0  2010     5.9  1984    66.5  2024
   10.0  1990    8.7  2026    5.2  1990    3.0  1944    0.3  2023    0.0  2018    0.0  2017    0.0  2019    0.0  2006    0.5  1977    3.1  2014    7.7  2016    31.0  1935    13.8  2007     0.0  2019     5.9  2006    63.8  2007
    9.9  2020    8.4  1945    4.7  1945    2.9  2007    0.1  1964    0.0  2014    0.0  2018    0.0  2023    0.0  2015    0.4  1978    3.1  1931    6.4  1971    30.8  1998    13.6  2014     0.0  2018     4.6  1953    62.2  2002
    9.4  1996    7.9  1993    4.3  1961    2.5  2004    0.0  2022    0.0  2006    0.0  2022    0.0  2024    0.0  2016    0.2  2006    2.7  1997    4.0  1988    29.7  2014    12.9  1957     0.0  2003     3.9  2011    61.7  1990
    6.8  1934    7.6  2023    3.4  1938    2.1  2011    0.0  2024    0.0  2003    0.0  2025    0.0  2025    0.0  2014    0.0  2001    2.7  1953    2.6  1934    22.0  1989    12.1  1961     0.0  2006     3.8  2014    56.8  2014
    5.2  1989    5.2  1998    2.6  1957    ---  2026    ---  2026    ---  2026    ---  2026    ---  2026    ---  2026    ---  2026    ---  2026    ---  2026     ---  1931     ---  2026     ---  2026     ---  2026     ---  2026
