Areal values from HadUK-Grid 1km gridded climate data from land surface network
Source: Met Office National Climate Information Centre
Monthly, seasonal and annual mean air temperature for Scotland E
Areal series, starting in 1884
Last updated 01-Apr-2026 11:34
    jan  year    feb  year    mar  year    apr  year    may  year    jun  year    jul  year    aug  year    sep  year    oct  year    nov  year    dec  year     win  year     spr  year     sum  year     aut  year     ann  year
    5.5  1989    6.4  1998    7.2  1938    9.1  2011   12.2  2024   13.9  2023   16.0  2006   15.3  1975   13.3  2006   10.6  2001    7.3  2011    5.5  1988    4.85  1989    8.09  2025   14.32  2025    9.59  2006    8.53  2025
    4.8  1916    4.8  2023    7.1  2012    8.9  2007   10.7  2018   13.6  1940   15.7  2013   15.3  1995   13.1  2021   10.4  1969    7.1  1994    5.5  1971    4.24  1998    7.85  2024   14.19  2003    9.51  2011    8.38  2022
    4.8  1898    4.6  2019    6.5  1961    8.0  2025   10.5  2017   13.1  1887   15.4  2018   15.2  1997   12.9  2016   10.0  1908    6.5  2022    5.2  2015    3.85  1932    7.58  2014   14.15  2006    9.33  2021    8.28  2014
    4.4  1932    4.4  1993    6.3  1945    7.6  1943   10.4  2025   13.1  1976   15.3  2021   15.1  1947   12.8  2023    9.9  1995    6.5  1899    5.1  1924    3.83  2017    7.53  2017   14.08  1933    9.31  2022    8.09  2023
    4.3  2020    4.4  1943    6.1  1957    7.6  2014   10.3  2022   13.1  2003   15.2  1933   14.8  2025   12.7  1999    9.8  2006    6.3  1997    5.1  1934    3.78  2007    7.52  2011   13.99  2022    9.21  2014    8.07  2024
    4.2  2007    4.2  1918    6.0  1990    7.6  2009   10.3  1896   13.0  2018   15.1  1901   14.6  1955   12.7  1895    9.7  1959    6.3  2020    5.0  2016    3.74  2014    7.52  2007   13.96  2021    8.97  2001    8.06  2006
    4.1  1923    4.2  1945    5.8  1997    7.5  2003   10.2  2023   13.0  2025   15.1  1983   14.5  1983   12.4  2014    9.7  1921    6.2  2014    4.8  2024    3.61  2020    7.41  2003   13.91  1976    8.84  1999    8.03  2003
    4.1  2005    4.1  1934    5.8  2025    7.4  1914   10.1  2008   13.0  2014   15.1  2025   14.5  2003   12.4  1890    9.6  2017    6.0  1953    4.8  1974    3.61  1935    7.24  2022   13.84  2018    8.84  1959    7.97  2005
    4.1  2022    4.1  1903    5.7  1948    7.3  2004   10.1  1889   13.0  1960   15.1  2019   14.3  2004   12.4  1949    9.5  2022    6.0  2018    4.6  1900    3.53  2005    7.20  2004   13.77  2013    8.76  1978    7.96  2004
    3.9  1983    4.1  1961    5.5  2000    7.3  1946   10.0  2001   13.0  1992   15.0  2022   14.3  1959   12.3  1958    9.5  2005    5.9  2003    4.5  2013    3.52  1975    7.18  2009   13.77  1995    8.73  1995    7.96  1997
    3.8  1990    4.1  1891    5.5  2026    7.2  1944   10.0  1911   12.9  1933   14.9  2003   14.3  2022   12.3  1941    9.4  1978    5.8  2021    4.4  1921    3.49  2022    7.17  1945   13.67  2023    8.67  1945    7.96  2007
    3.8  1974    4.1  2024    5.4  2003    7.2  1949   10.0  1992   12.9  2006   14.8  1989   14.3  2002   12.1  1898    9.4  2011    5.8  1978    4.4  1898    3.48  1925    7.16  1893   13.56  1975    8.63  1953    7.87  2020
    3.6  1921    4.0  1914    5.3  2017    7.2  1955   10.0  1952   12.8  1950   14.8  1934   14.1  1991   12.1  2005    9.2  2013    5.8  1938    4.3  2025    3.41  1943    7.13  1961   13.56  2019    8.57  2005    7.86  2011
    3.5  1944    4.0  1990    5.3  2021    7.1  1987    9.9  2004   12.8  2021   14.8  1976   14.1  1933   11.9  2022    9.2  1977    5.7  2006    4.3  1905    3.39  1976    7.13  1990   13.51  1983    8.57  2009    7.85  2017
    3.5  1890    3.9  1939    5.3  2014    7.1  1960    9.9  1893   12.7  2005   14.7  1955   14.1  1984   11.9  2009    9.1  2025    5.7  2015    4.2  1956    3.34  1923    7.11  1938   13.51  1947    8.55  1949    7.81  2002
    3.5  1934    3.9  2012    5.2  2005    7.1  1896    9.9  1960   12.6  2010   14.6  2014   14.0  1899   11.9  1933    9.1  2021    5.7  1920    4.2  1975    3.33  1949    7.06  1997   13.45  1899    8.48  2025    7.77  1990
    3.4  1975    3.8  2008    5.2  1950    7.0  1997    9.9  1940   12.6  1889   14.5  1991   14.0  1911   11.8  2011    9.1  1968    5.7  1951    4.2  1942    3.31  2019    6.99  1943   13.41  1997    8.47  1908    7.75  2019
    3.3  1884    3.8  1896    5.1  2019    6.9  2019    9.8  2020   12.6  2022   14.4  1995   14.0  2019   11.8  1998    9.0  2014    5.6  2002    4.1  1953    3.27  2025    6.99  1896   13.40  1984    8.41  2007    7.70  2021
    3.3  2000    3.7  1920    5.0  2007    6.9  1893    9.8  2014   12.6  1899   14.2  1984   14.0  1893   11.7  1953    8.9  2007    5.6  2007    4.1  1931    3.25  2016    6.99  1999   13.37  1955    8.40  1958    7.69  1949
    3.2  2002    3.7  2017    5.0  2022    6.9  1952    9.7  1918   12.5  1893   14.1  2008   14.0  1990   11.7  1971    8.9  1996    5.6  1906    4.0  1910    3.23  1972    6.96  2002   13.30  1959    8.33  2020    7.68  1953
    3.1  1996    3.6  2007    4.9  1998    6.9  2020    9.7  1964   12.5  1970   14.1  1911   13.9  1996   11.6  2004    8.9  1945    5.6  2004    3.9  1983    3.18  2026    6.95  2020   13.26  1911    8.32  2023    7.68  1999
    3.1  1938    3.6  1997    4.9  1943    6.9  1999    9.7  1953   12.5  2020   14.1  1999   13.9  2013   11.6  1961    8.8  1949    5.6  1913    3.9  1932    3.16  1934    6.95  1959   13.24  2005    8.31  1997    7.65  1959
    3.1  1925    3.6  2014    4.9  2009    6.8  1933    9.7  1919   12.5  1988   14.0  1997   13.9  1969   11.6  1929    8.7  2009    5.6  2001    3.8  1954    3.13  2024    6.92  1952   13.24  2014    8.29  2004    7.64  1945
    3.1  1957    3.6  2026    4.8  1991    6.8  1945    9.6  2016   12.5  2017   14.0  1887   13.9  2023   11.6  2002    8.7  1989    5.5  1917    3.8  1997    3.08  1974    6.84  1960   13.18  1887    8.25  1951    7.63  2018
    3.1  2014    3.6  2022    4.8  1933    6.7  2002    9.6  1998   12.4  2004   14.0  1905   13.8  1976   11.6  1955    8.7  2024    5.5  1955    3.7  2004    3.05  1911    6.83  1992   13.16  2009    8.25  2015    7.61  2009
    3.1  1949    3.6  1949    4.8  1929    6.7  1894    9.6  1959   12.2  1906   14.0  1945   13.8  2021   11.6  1945    8.6  1947    5.5  1894    3.7  2019    3.04  2008    6.82  2019   13.15  2004    8.24  1938    7.59  2016
    3.0  1976    3.5  1992    4.8  2024    6.7  2017    9.5  1970   12.1  1966   13.9  1994   13.7  1935   11.6  2000    8.6  1979    5.5  1945    3.6  1941    3.01  1957    6.79  1933   13.12  1893    8.18  1913    7.58  1989
    3.0  2008    3.4  1989    4.7  1959    6.7  1980    9.5  1999   12.1  1973   13.9  1926   13.7  2009   11.6  1980    8.6  1990    5.5  1897    3.6  1977    3.01  2012    6.75  1957   13.09  1969    8.17  1898    7.58  1938
    2.9  1993    3.4  2000    4.7  2002    6.7  1912    9.4  1895   12.1  1930   13.9  1921   13.6  1939   11.6  1959    8.6  1971    5.5  1984    3.6  1984    3.00  1898    6.73  2012   13.05  2008    8.17  1906    7.56  1933
    2.9  1906    3.3  2025    4.6  1992    6.7  2010    9.4  1956   12.0  1925   13.9  1925   13.6  1936   11.5  1966    8.6  1958    5.5  1995    3.5  1980    2.98  1990    6.71  1948   13.01  1989    8.10  2018    7.55  1921
    2.9  1935    3.3  2002    4.6  1893    6.6  1926    9.4  2002   12.0  1896   13.9  2009   13.6  2008   11.5  1981    8.5  1898    5.5  1999    3.5  2018    2.92  1993    6.65  2023   12.99  2002    8.07  1971    7.52  1998
    2.9  1905    3.3  1926    4.6  1935    6.6  1982    9.4  1990   12.0  1914   13.8  1969   13.5  2006   11.4  2003    8.5  1985    5.4  1931    3.5  2006    2.91  1992    6.65  2005   12.96  1934    8.07  1994    7.51  2000
    2.9  1937    3.3  1967    4.6  1999    6.6  1964    9.4  2003   11.9  1939   13.8  2005   13.5  1884   11.4  1996    8.5  1962    5.3  1902    3.4  2002    2.88  1999    6.64  2000   12.93  2016    8.06  2017    7.49  2015
    2.9  2004    3.3  1953    4.6  1966    6.6  1961    9.4  1989   11.9  1959   13.8  1982   13.5  1981   11.4  1936    8.4  1999    5.3  1948    3.4  1998    2.85  1921    6.61  1912   12.92  1996    8.05  2024    7.49  1934
    2.9  1889    3.2  1921    4.6  1927    6.6  1959    9.3  1978   11.9  2016   13.8  1975   13.5  2000   11.4  1939    8.4  1943    5.2  1959    3.4  1994    2.83  2023    6.59  1991   12.91  2010    8.01  2003    7.44  2008
    2.8  1953    3.2  1974    4.5  1983    6.5  2015    9.1  1981   11.9  2009   13.7  1899   13.5  2016   11.4  1906    8.3  2015    5.2  1986    3.4  1948    2.82  2004    6.46  1998   12.90  1925    7.98  2013    7.41  1971
    2.8  1964    3.2  2011    4.5  1973    6.5  2024    9.1  1947   11.9  1984   13.7  1923   13.5  1897   11.3  2019    8.3  1972    5.2  1916    3.4  2023    2.80  1971    6.35  2008   12.89  1935    7.98  1941    7.41  1995
    2.8  2023    3.2  1908    4.5  1912    6.5  1957    9.1  1991   11.9  1905   13.7  1900   13.4  2012   11.2  1901    8.3  1913    5.2  2025    3.4  1911    2.78  2006    6.33  2018   12.88  1901    7.95  1947    7.35  1988
    2.8  1998    3.1  1887    4.5  1953    6.4  2022    9.1  1937   11.8  2002   13.6  1941   13.4  2020   11.2  1934    8.2  1886    5.2  1924    3.3  1987    2.78  1914    6.30  1981   12.83  1991    7.92  1989    7.35  1898
    2.8  2017    3.1  1982    4.4  2011    6.4  2018    9.1  1908   11.8  1947   13.6  1959   13.4  2024   11.2  1947    8.2  1951    5.1  2009    3.3  1893    2.76  1988    6.29  2016   12.82  2020    7.91  1968    7.35  2013
    2.8  1969    3.1  1971    4.4  1894    6.3  1948    9.1  2009   11.7  1979   13.6  1947   13.3  1944   11.2  1956    8.2  1954    5.1  1939    3.3  1922    2.75  2002    6.29  1944   12.81  1914    7.90  1955    7.35  1975
    2.7  1896    3.1  1938    4.4  2004    6.3  2005    9.1  2011   11.7  1968   13.5  1949   13.3  1949   11.2  2025    8.1  1963    5.1  1983    3.2  1888    2.70  1906    6.25  1949   12.81  1936    7.89  1890    7.34  1943
    2.7  2006    3.0  1932    4.3  1907    6.3  1972    9.1  2000   11.7  2007   13.5  2010   13.3  1942   11.2  2013    8.1  1953    5.0  1908    3.1  1985    2.67  1927    6.24  1964   12.80  1945    7.88  2002    7.29  1914
    2.7  1971    3.0  1928    4.3  2016    6.3  1938    9.0  1939   11.7  1957   13.5  1935   13.3  2005   11.1  1970    8.1  1961    5.0  1946    3.1  1945    2.67  2000    6.23  1946   12.79  2017    7.88  2016    7.28  1983
    2.7  1950    3.0  1976    4.3  1967    6.3  1993    9.0  1901   11.7  2013   13.4  2016   13.2  1970   11.1  2010    8.1  1910    5.0  1928    3.1  1926    2.65  1944    6.22  1993   12.79  1990    7.87  1899    7.26  1957
    2.7  1911    2.9  1946    4.3  1920    6.2  1937    9.0  1890   11.7  1963   13.4  2001   13.2  1917   11.1  2008    8.1  1957    4.9  2024    3.1  1972    2.63  2003    6.20  1921   12.79  1950    7.86  1920    7.23  1976
    2.6  1973    2.9  2004    4.3  1910    6.2  1996    8.9  1971   11.6  1996   13.3  1894   13.2  1937   11.1  1891    8.1  1965    4.9  1957    3.1  1918    2.58  1973    6.20  1982   12.76  1949    7.82  1921    7.23  1893
    2.6  1999    2.8  1913    4.3  1926    6.2  2023    8.8  1922   11.6  1934   13.3  1927   13.2  1926   11.1  1938    8.0  1975    4.8  1889    3.1  2005    2.58  1995    6.18  2010   12.74  1940    7.81  2000    7.22  1911
    2.6  2016    2.8  2020    4.2  2015    6.2  1898    8.7  1954   11.6  1936   13.3  1914   13.2  1932   11.1  1969    8.0  1986    4.8  1981    3.0  1929    2.58  1905    6.18  1953   12.72  1939    7.79  1933    7.18  2001
    2.6  1928    2.8  1935    4.2  1993    6.1  1976    8.7  1988   11.6  1953   13.3  2023   13.1  2001   11.0  1884    8.0  2016    4.6  1888    3.0  1936    2.57  1896    6.17  2015   12.71  1926    7.78  1984    7.17  1991
    2.6  1926    2.7  1995    4.2  1977    6.1  1942    8.7  2007   11.6  1895   13.3  1952   13.1  1918   11.0  2017    8.0  2023    4.6  1956    3.0  1912    2.57  1890    6.16  1914   12.70  2024    7.76  1969    7.16  1939
    2.6  2012    2.7  1962    4.2  1981    6.0  1995    8.7  1976   11.6  1941   13.3  1990   13.1  1906   11.0  1978    8.0  1960    4.6  1964    3.0  1951    2.55  1967    6.15  1940   12.68  1973    7.75  1961    7.14  1948
    2.5  1967    2.7  2005    4.1  1923    6.0  1904    8.7  1933   11.6  1965   13.3  1971   13.1  1914   11.0  1921    7.9  1914    4.5  1886    3.0  1959    2.53  1937    6.13  1939   12.67  1982    7.73  1956    7.13  1984
    2.5  1904    2.7  1980    4.1  1921    6.0  1984    8.7  2006   11.6  1911   13.3  1951   13.1  2015   11.0  1946    7.9  1938    4.5  1982    3.0  2000    2.52  1899    6.08  1911   12.61  1994    7.70  1948    7.10  1961
    2.4  2003    2.7  1905    4.1  1978    6.0  1921    8.7  1912   11.6  1986   13.2  1944   13.1  2018   11.0  1917    7.8  1920    4.4  1949    3.0  2020    2.50  1903    6.08  1972   12.60  1905    7.69  1996    7.10  1994
    2.4  1992    2.7  1988    4.1  2020    5.9  1967    8.6  1920   11.6  1975   13.2  1977   13.1  1895   10.9  1991    7.8  2018    4.4  1989    2.9  1991    2.50  1981    6.04  1950   12.60  1999    7.66  1914    7.07  1913
    2.4  1888    2.7  1884    4.1  1989    5.9  1990    8.6  1905   11.6  1993   13.2  1946   13.0  1945   10.9  2020    7.8  2020    4.4  1914    2.9  2021    2.49  1920    6.04  1890   12.57  1906    7.62  1963    7.07  2012
    2.3  1927    2.6  2009    4.0  1905    5.9  1900    8.6  1949   11.6  1995   13.2  1897   13.0  1916   10.9  1951    7.8  1890    4.4  1963    2.8  1947    2.49  1916    6.02  1895   12.55  1884    7.62  1982    7.06  1967
    2.3  1930    2.6  1927    3.9  1902    5.9  1895    8.6  1931   11.6  1943   13.2  1996   13.0  1953   10.9  1997    7.8  1925    4.3  1922    2.8  1949    2.46  1922    5.99  1920   12.55  1930    7.62  1991    7.04  1992
    2.3  1988    2.6  1897    3.9  1890    5.8  1992    8.5  2013   11.6  2024   13.2  1936   12.9  1989   10.9  1907    7.8  1984    4.3  1987    2.8  1986    2.43  1889    5.99  1926   12.53  1937    7.62  1979    7.03  1982
    2.3  1924    2.6  1964    3.9  1936    5.8  1975    8.5  1974   11.5  1913   13.1  2024   12.9  1982   10.8  1995    7.8  1976    4.3  1991    2.8  2003    2.41  1964    5.96  1989   12.53  1960    7.61  1990    7.01  1926
    2.2  1972    2.6  1948    3.9  1952    5.8  1991    8.5  1980   11.5  1891   13.1  1973   12.9  1930   10.8  1967    7.8  1982    4.3  2008    2.7  1967    2.40  1913    5.94  1971   12.51  1897    7.59  1970    6.99  1960
    2.2  1900    2.6  1999    3.9  1968    5.7  1963    8.5  1921   11.5  2019   13.1  1987   12.9  2017   10.8  1988    7.7  1997    4.3  1958    2.6  1970    2.39  1953    5.92  1988   12.50  1992    7.57  1983    6.93  1964
    2.2  1981    2.6  2015    3.9  1994    5.7  1988    8.5  1986   11.5  1969   13.1  1917   12.8  1980   10.8  1973    7.7  2010    4.2  1990    2.6  1990    2.36  1901    5.90  1918   12.50  1917    7.55  1946    6.93  1905
    2.2  2013    2.5  2006    3.8  1939    5.7  2006    8.5  1925   11.5  1908   13.1  1932   12.8  1927   10.8  1926    7.7  2000    4.2  1940    2.6  2011    2.36  1912    5.87  1978   12.49  1988    7.52  1986    6.93  1974
    2.0  2015    2.5  1923    3.7  1982    5.7  1985    8.5  1936   11.5  1994   13.0  2017   12.8  1998   10.7  2007    7.7  2004    4.2  1900    2.6  1957    2.34  1946    5.81  1889   12.48  1970    7.52  1943    6.93  1908
    2.0  2024    2.4  1911    3.7  1972    5.7  1954    8.5  1943   11.4  1980   13.0  1937   12.8  1938   10.7  2015    7.7  1933    4.2  1980    2.5  1930    2.34  1950    5.81  1976   12.45  2001    7.52  1916    6.93  1973
    2.0  1914    2.3  1924    3.6  1896    5.7  1915    8.5  1945   11.4  1921   13.0  1885   12.8  1915   10.7  1913    7.6  1970    4.2  2023    2.5  1908    2.32  2015    5.81  1956   12.45  1932    7.51  1886    6.92  1932
    2.0  1994    2.3  1912    3.6  2010    5.6  1930    8.5  1929   11.4  2008   13.0  1891   12.8  1973   10.7  1968    7.6  1991    4.2  1941    2.4  1889    2.30  1939    5.79  1929   12.43  1944    7.50  1977    6.92  1896
    2.0  1907    2.3  1885    3.6  1903    5.6  1974    8.5  1995   11.4  1967   13.0  1950   12.8  1901   10.7  1914    7.6  1906    4.2  2012    2.4  2014    2.25  1908    5.78  1894   12.42  1953    7.50  1939    6.92  1884
    2.0  1962    2.3  1975    3.6  2023    5.6  1901    8.4  2019   11.4  1949   13.0  1958   12.7  1925   10.7  1930    7.6  1988    4.2  2005    2.4  1979    2.15  1909    5.77  1967   12.40  2007    7.45  1934    6.91  1920
    2.0  1909    2.2  1959    3.6  1884    5.6  1947    8.4  1934   11.4  1900   12.9  1957   12.7  1913   10.7  2001    7.5  1942    4.2  2000    2.4  1894    2.15  1894    5.76  1974   12.39  1941    7.45  1988    6.90  1996
    1.9  2019    2.1  1899    3.5  1944    5.5  1971    8.4  2012   11.4  1935   12.9  1948   12.7  2007   10.7  1948    7.5  1983    4.1  1954    2.4  1940    2.15  1938    5.76  2001   12.35  1913    7.43  1960    6.89  1944
    1.9  1887    2.1  1925    3.5  1960    5.5  1916    8.4  1997   11.3  1945   12.9  1979   12.7  1958   10.6  1989    7.5  1941    4.1  1943    2.4  1913    2.14  1954    5.75  2021   12.33  1981    7.43  2008    6.86  1946
    1.9  1968    2.1  1984    3.5  1956    5.5  1981    8.4  1917   11.3  1937   12.8  1884   12.7  1999   10.6  1982    7.5  1937    4.1  1929    2.4  2007    2.13  1948    5.74  1954   12.33  1957    7.42  1897    6.85  1935
    1.9  1920    2.1  2021    3.5  1918    5.5  1939    8.3  2005   11.3  1982   12.8  1964   12.6  1909   10.6  1964    7.5  1927    4.1  1895    2.4  1902    2.13  1997    5.72  1980   12.32  1921    7.41  1998    6.85  1980
    1.8  1943    2.0  1944    3.4  1971    5.5  1965    8.3  1961   11.3  1884   12.8  1893   12.6  1988   10.6  2024    7.5  1899    4.0  1947    2.3  1955    2.12  1933    5.72  1901   12.31  2000    7.39  1929    6.84  1906
    1.8  1901    2.0  1894    3.4  2008    5.5  1928    8.3  2010   11.3  1989   12.8  1912   12.6  1898   10.6  1915    7.5  1897    4.0  1992    2.3  1943    2.09  2009    5.71  1973   12.31  1942    7.39  1957    6.81  1890
    1.8  2009    2.0  1898    3.4  1946    5.5  1911    8.3  1982   11.2  1915   12.8  2007   12.6  1950   10.5  1900    7.5  1930    4.0  1970    2.3  2017    2.08  1961    5.64  1995   12.30  1900    7.39  1924    6.80  1889
    1.8  1954    2.0  1933    3.4  1963    5.5  1909    8.3  1965   11.2  1962   12.8  2002   12.6  1967   10.5  2018    7.4  1956    4.0  1975    2.3  1885    1.99  1924    5.62  1987   12.26  1967    7.38  1902    6.79  1899
    1.7  1902    2.0  1973    3.3  1988    5.5  1885    8.2  1914   11.2  1961   12.8  1985   12.6  1987   10.5  1985    7.3  1904    4.0  1974    2.2  1973    1.98  2013    5.60  1910   12.23  1889    7.33  1936    6.78  1936
    1.7  2018    2.0  1965    3.3  1940    5.5  2008    8.2  1910   11.2  1919   12.8  1931   12.6  1910   10.5  1911    7.3  1967    4.0  1892    2.2  1938    1.92  1984    5.60  1905   12.23  1895    7.32  1907    6.76  1978
    1.7  2026    2.0  1909    3.2  1932    5.4  1968    8.2  1985   11.2  1920   12.8  1967   12.5  2010   10.5  1937    7.3  1934    4.0  1988    2.1  1904    1.92  1926    5.59  1935   12.21  1952    7.31  1967    6.75  1972
    1.6  2025    2.0  1972    3.1  1974    5.3  1919    8.2  1950   11.2  1910   12.8  1913   12.5  1952   10.4  1976    7.3  1940    3.9  1971    2.1  1944    1.91  1983    5.57  1977   12.19  2015    7.30  1975    6.75  1955
    1.6  1995    1.9  2003    3.1  1986    5.3  1994    8.2  1966   11.2  1978   12.8  1992   12.5  1978   10.4  1908    7.2  1950    3.9  1960    2.1  1897    1.87  1980    5.57  1907   12.15  1918    7.29  1937    6.72  1901
    1.6  1908    1.9  1922    3.0  1897    5.3  2000    8.2  1913   11.2  1917   12.8  1904   12.5  1919   10.4  1960    7.2  1907    3.9  1968    2.1  1907    1.85  1918    5.55  1963   12.11  1958    7.28  1964    6.70  1937
    1.6  1960    1.9  2016    3.0  1899    5.3  1913    8.2  1972   11.1  1932   12.7  1916   12.5  1971   10.4  1916    7.2  1994    3.9  1898    2.0  1933    1.83  2001    5.54  1884   12.11  1891    7.28  1976    6.69  1977
    1.5  1997    1.8  2013    3.0  1915    5.3  2001    8.1  1892   11.1  1885   12.7  1986   12.5  1940   10.4  1942    7.2  1888    3.9  1937    2.0  2012    1.82  1928    5.53  1994   12.10  1980    7.27  1980    6.68  1993
    1.5  2011    1.8  1910    3.0  1913    5.3  1958    8.1  1944   11.1  1990   12.7  2004   12.4  1886   10.4  1910    7.2  1936    3.9  1979    1.9  1919    1.80  1930    5.53  1936   12.10  1979    7.22  1931    6.68  1918
    1.4  1913    1.8  1893    3.0  1925    5.3  1940    8.1  1993   11.0  1898   12.7  1930   12.4  1994   10.3  2012    7.2  1924    3.9  1934    1.9  1966    1.75  1891    5.50  1984   12.07  1938    7.21  1962    6.67  1970
    1.4  1915    1.7  1890    3.0  1949    5.2  1890    8.1  1973   11.0  1938   12.7  1972   12.4  1934   10.3  1979    7.2  1948    3.9  1933    1.9  2008    1.73  1960    5.49  1913   12.05  1898    7.17  1954    6.66  1950
    1.4  1912    1.7  1981    2.9  1928    5.1  1907    8.1  1948   11.0  1964   12.7  2011   12.4  1887   10.3  1963    7.1  1893    3.9  1907    1.8  1958    1.73  2018    5.49  2006   12.04  1998    7.17  2019    6.66  1947
    1.2  1970    1.7  1952    2.9  1914    5.1  1931    8.0  1946   11.0  1999   12.7  1929   12.4  1968   10.2  1987    7.1  1918    3.9  1912    1.8  1939    1.69  2021    5.47  1927   12.03  1915    7.16  1928    6.64  1894
    1.2  1919    1.6  1957    2.9  1922    5.1  1902    8.0  1884   11.0  1926   12.7  1953   12.4  1957   10.2  1902    7.1  1884    3.8  1932    1.8  1978    1.66  1931    5.45  1966   11.99  1896    7.13  1888    6.64  1924
    1.2  1903    1.6  1937    2.8  1887    5.1  1906    7.9  1942   11.0  2015   12.7  1942   12.2  1977   10.1  1992    7.0  1916    3.8  1935    1.8  1963    1.57  1907    5.43  1985   11.97  1908    7.12  1884    6.62  1912
    1.2  1961    1.6  1915    2.8  1954    5.0  1962    7.9  1984   11.0  1942   12.6  1908   12.2  1960   10.1  1983    7.0  1909    3.8  1903    1.8  1920    1.51  1985    5.38  1965   11.97  1943    7.12  1942    6.62  1916
    1.1  1931    1.6  1987    2.7  1911    5.0  1920    7.9  1916   10.9  1890   12.6  1981   12.2  2011   10.1  1965    7.0  1903    3.8  1896    1.8  1896    1.48  1962    5.37  1928   11.96  1968    7.11  2010    6.61  1930
    1.1  1894    1.5  1950    2.7  1895    5.0  1884    7.9  1887   10.9  1997   12.6  1943   12.2  1974   10.1  1984    6.9  1928    3.8  1967    1.8  1928    1.46  1915    5.37  1925   11.96  1964    7.10  1901    6.61  1954
    1.1  1948    1.5  2001    2.7  1976    5.0  1935    7.9  1962   10.9  1904   12.6  1939   12.2  1961   10.1  1904    6.9  1923    3.7  1927    1.7  2001    1.46  1945    5.33  1942   11.95  2012    7.08  1966    6.59  1969
    1.0  2001    1.3  1907    2.7  1889    4.9  1927    7.8  1900   10.9  2011   12.6  1896   12.1  1928   10.1  1935    6.9  1931    3.7  1998    1.7  1968    1.43  1991    5.32  1898   11.93  1894    7.06  1895    6.58  1981
    1.0  1946    1.3  1985    2.6  1984    4.9  1979    7.8  1903   10.9  1897   12.6  1956   12.1  1904   10.1  1920    6.9  2008    3.6  1976    1.7  1891    1.42  1958    5.27  1934   11.93  1904    7.05  1917    6.57  1940
    1.0  1947    1.3  1916    2.6  1898    4.9  2016    7.8  1888   10.8  2000   12.6  2000   12.1  2014   10.1  1905    6.8  1966    3.6  1901    1.6  1982    1.40  1996    5.26  1937   11.93  2011    7.05  1972    6.56  1900
    1.0  1891    1.3  1931    2.6  1934    4.8  1934    7.8  1909   10.8  2001   12.5  1918   12.0  1889   10.1  1943    6.8  2019    3.5  2017    1.5  1992    1.40  1987    5.24  1983   11.90  1977    7.01  1930    6.56  1928
    1.0  1922    1.1  1889    2.5  1901    4.8  2013    7.8  2015   10.8  1974   12.5  2020   12.0  1964   10.0  1903    6.8  1998    3.5  2013    1.5  1969    1.39  1968    5.22  1955   11.89  1923    6.96  1940    6.55  1925
    1.0  1893    1.1  1977    2.5  1975    4.8  1998    7.7  1938   10.8  1981   12.5  1886   12.0  1972   10.0  1990    6.7  2003    3.5  1961    1.4  1996    1.34  1897    5.20  1915   11.87  1919    6.96  1981    6.55  1958
    1.0  1899    1.1  1966    2.4  1995    4.8  1892    7.7  1987   10.8  1998   12.5  1998   11.9  1929   10.0  1977    6.7  1964    3.4  1890    1.4  1923    1.34  1885    5.19  1904   11.86  1886    6.94  1904    6.55  1956
    0.9  1991    1.1  1996    2.4  1964    4.8  1977    7.7  1930   10.8  1983   12.5  2015   11.9  1951   10.0  1919    6.7  1973    3.4  1942    1.4  1962    1.33  1994    5.19  1968   11.85  1978    6.93  1903    6.54  1968
    0.9  1966    1.1  2018    2.4  1996    4.8  1886    7.7  1928   10.8  1918   12.4  1898   11.9  1905    9.9  1932    6.7  1946    3.4  1936    1.4  1914    1.33  1919    5.17  1919   11.84  1946    6.92  1987    6.54  1887
    0.9  1939    0.9  1892    2.4  1885    4.7  2012    7.7  1957   10.8  1955   12.4  1928   11.9  1941    9.9  1994    6.6  1902    3.4  1972    1.4  1906    1.31  1965    5.17  1930   11.84  1951    6.92  1894    6.53  1910
    0.8  1951    0.9  1958    2.4  1985    4.7  1924    7.7  1977   10.7  1952   12.4  1924   11.8  1892    9.9  1924    6.6  1944    3.4  1904    1.4  1999    1.30  1887    5.16  1970   11.82  1966    6.92  1973    6.53  1897
    0.8  1986    0.9  1951    2.4  1906    4.7  1950    7.6  1969   10.7  1912   12.4  1938   11.8  1900    9.8  1975    6.6  1955    3.4  2019    1.3  1946    1.30  1952    5.11  1975   11.79  1910    6.91  1900    6.50  1987
    0.8  1965    0.7  1906    2.4  1965    4.7  1899    7.6  1904   10.7  1948   12.4  1960   11.8  1894    9.8  1962    6.5  1915    3.4  1911    1.3  1895    1.29  1904    5.09  1903   11.78  1961    6.89  1891    6.48  1942
    0.7  1958    0.7  1940    2.2  1930    4.7  1889    7.6  1932   10.7  1946   12.4  1906   11.8  1992    9.8  1896    6.5  1935    3.3  1962    1.3  1915    1.19  1888    5.08  1887   11.78  1971    6.87  1889    6.46  1904
    0.7  1956    0.7  1994    2.1  2006    4.6  1925    7.6  1963   10.7  1944   12.3  1988   11.8  1891    9.8  1889    6.5  1919    3.3  1884    1.2  1989    1.15  1969    5.05  1996   11.78  1948    6.83  1985    6.46  1931
    0.7  1892    0.7  1991    2.0  1987    4.6  1969    7.5  2021   10.7  1954   12.2  1940   11.8  1954    9.8  1893    6.5  1929    3.3  1973    1.2  1916    1.11  1892    5.04  1986   11.76  1987    6.82  1927    6.46  1929
    0.6  1936    0.5  1960    2.0  1904    4.5  1973    7.4  1958   10.7  1901   12.2  2012   11.8  1908    9.7  1886    6.5  1891    3.3  1926    1.2  1964    1.08  1978    5.01  1900   11.75  1993    6.81  1935    6.45  1966
    0.6  1885    0.5  1917    2.0  1942    4.5  1887    7.4  1994   10.6  1958   12.1  1966   11.7  1923    9.7  1950    6.5  1901    3.2  1977    1.2  1884    1.00  1959    4.97  1902   11.74  1916    6.77  2012    6.43  1951
    0.6  1980    0.5  1901    2.0  1970    4.5  1956    7.3  1924   10.6  1894   12.1  1909   11.7  1943    9.7  1899    6.4  2002    3.2  1885    1.2  1993    0.97  1910    4.95  1932   11.71  1927    6.70  1965    6.42  1927
    0.6  1910    0.5  1904    2.0  1980    4.4  1918    7.2  1898   10.6  1886   12.1  1993   11.7  1948    9.6  1928    6.4  1952    3.1  1891    1.2  1960    0.95  1966    4.94  1922   11.70  1929    6.62  1911    6.38  1923
    0.5  1918    0.5  1936    1.9  2018    4.4  1989    7.2  1907   10.6  1924   12.1  1915   11.7  1979    9.5  1888    6.3  1987    3.0  1905    1.1  1952    0.93  1970    4.90  1931   11.67  1963    6.59  1922    6.37  1941
    0.5  1933    0.4  1954    1.9  2001    4.3  1888    7.2  1983   10.5  1929   12.0  1889   11.7  1890    9.5  1993    6.2  1922    3.0  1918    1.1  2022    0.89  1942    4.87  1923   11.65  1986    6.57  1950    6.35  2010
    0.5  1978    0.4  1888    1.8  1908    4.3  1923    7.1  1941   10.5  1903   12.0  1980   11.7  1985    9.5  1887    6.2  1912    2.9  1966    1.1  1917    0.89  1955    4.85  1908   11.65  1974    6.52  1910    6.35  1952
    0.4  1917    0.3  1941    1.8  1941    4.3  2021    7.1  1926   10.4  1956   12.0  1895   11.6  1924    9.4  1923    6.1  1939    2.9  1930    0.9  1903    0.89  1956    4.80  1906   11.59  1909    6.50  1893    6.33  1907
    0.3  1977    0.1  1983    1.7  1979    4.3  1953    7.1  1935   10.4  1922   12.0  1961   11.6  1965    9.4  1940    6.1  1980    2.8  1950    0.8  1901    0.80  1986    4.73  1916   11.56  1885    6.48  1932    6.29  1985
    0.2  1955    0.0  1970    1.6  1955    4.3  1910    7.1  1886   10.3  1951   11.9  1963   11.6  1921    9.4  1986    6.1  1889    2.7  1996    0.8  1965    0.72  1893    4.70  1885   11.54  1924    6.35  1912    6.29  1891
    0.1  2021    0.0  2010    1.5  1886    4.1  1905    7.1  1975   10.2  1931   11.9  1974   11.6  1946    9.4  1931    6.0  1911    2.7  2016    0.8  1887    0.72  1917    4.68  2013   11.45  1985    6.34  1992    6.29  1903
   -0.0  1982   -0.1  1930    1.4  1951    4.1  1936    7.1  1967   10.2  2012   11.9  1919   11.6  1993    9.3  1972    6.0  1900    2.7  1887    0.6  1909    0.71  1902    4.67  1947   11.43  1931    6.28  1974    6.28  1962
   -0.1  1929   -0.2  1886    1.4  1891    4.1  1978    7.0  1955   10.2  1923   11.8  1978   11.4  1963    9.3  1894    5.9  1894    2.7  1944    0.5  1935    0.68  1886    4.66  1899   11.42  1972    6.28  1926    6.25  1986
   -0.1  1987   -0.4  1919    1.3  1900    4.1  1929    7.0  1915   10.2  1977   11.8  1968   11.4  1896    9.3  1897    5.8  2012    2.7  1921    0.4  1890    0.67  2011    4.64  1909   11.39  1954    6.21  1909    6.21  1915
   -0.2  1886   -0.5  1956    1.2  1924    4.1  1932    7.0  1906   10.1  1892   11.8  1903   11.3  1920    9.3  1944    5.8  1974    2.6  1893    0.3  1937    0.51  1936    4.62  1897   11.34  1890    6.21  1944    6.13  1965
   -0.2  1897   -0.5  1968    1.1  1917    4.0  1941    6.9  1979   10.0  1902   11.7  1970   11.3  1962    9.3  1885    5.7  1932    2.5  2010    0.2  1899    0.39  1900    4.59  1892   11.32  1920    6.14  1905    6.12  1917
   -0.2  1984   -0.6  1902    1.0  1931    4.0  1970    6.9  1927    9.9  1909   11.7  1954   11.2  1931    9.2  1957    5.7  1993    2.5  1909    0.0  1925    0.38  1929    4.51  1962   11.29  1962    6.09  1925    6.09  1979
   -0.3  2010   -0.7  1929    0.9  1892    4.0  1897    6.8  1897    9.9  1985   11.6  1910   11.2  1966    9.2  1927    5.5  1887    2.3  1993   -0.0  1927    0.37  1977    4.48  1979   11.24  1912    6.05  1915    6.09  1922
   -0.3  1942   -0.7  1979    0.9  1969    4.0  1983    6.7  1951    9.7  1991   11.5  1907   11.1  1888    9.2  1922    5.4  1905    1.9  1952   -0.0  2009    0.31  1951    4.43  1886   11.23  1928    6.02  1918    6.08  1963
   -0.3  1985   -0.8  1942    0.8  1916    3.8  1903    6.7  1891    9.6  1888   11.4  1890   11.0  1903    9.2  1954    4.9  1992    1.9  1965   -0.1  1995    0.29  1982    4.42  1958   11.18  1965    5.97  1923    6.06  1902
   -0.8  1952   -1.1  1978    0.7  1909    3.7  1951    6.6  1996    9.5  1971   11.4  1920   10.8  1922    9.2  1909    4.9  1926    1.7  1969   -0.2  1961    0.27  1941    4.36  1924   11.15  1892    5.90  1896    6.01  1909
   -0.9  1959   -1.3  1969    0.7  2013    3.7  1891    6.3  1968    9.5  1987   11.4  1892   10.7  1902    9.1  1974    4.7  1917    1.6  1925   -0.3  1976    0.17  1940    4.35  1969   11.10  1956    5.88  1887    6.00  1895
   -1.6  1945   -1.3  1900    0.6  1962    3.6  1908    6.3  1899    9.5  1907   11.3  1962   10.6  1986    9.0  1912    4.7  1981    1.6  1923   -0.5  1892   -0.10  2010    4.31  1941   11.07  1903    5.84  1993    5.98  1888
   -1.7  1979   -1.6  1955    0.6  1958    3.5  1966    6.3  1885    9.5  1972   11.0  1902   10.6  1885    8.8  1925    4.6  1892    1.5  1985   -0.8  1950   -0.10  1947    4.22  1888   10.69  1922    5.77  1892    5.94  1919
   -1.7  1963   -1.8  1986    0.6  1888    3.5  1986    6.2  1894    9.4  1916   10.9  1922   10.6  1907    8.7  1892    4.6  1895    1.1  1910   -0.9  1886   -0.16  1979    4.18  1917   10.57  1902    5.65  1919    5.92  1885
   -1.9  1941   -2.2  1963    0.5  1919    3.1  1917    6.1  1923    9.0  1928   10.8  1888   10.3  1956    8.3  1952    4.5  1885    1.0  1915   -2.0  1981   -0.79  1963    3.94  1951   10.55  1907    5.61  1885    5.87  1886
   -2.0  1940   -2.9  1947    0.4  1937    3.0  1922    5.9  1902    8.9  1927   10.4  1965   10.2  1912    7.9  1918    4.2  1896    0.4  1919   -2.4  2010   -1.07  1895    3.91  1891   10.52  1888    5.55  1952    5.48  1892
   -2.4  1895   -3.5  1895   -0.7  1947    ---  2026    ---  2026    ---  2026    ---  2026    ---  2026    ---  2026    ---  2026    ---  2026    ---  2026     ---  1884     ---  2026     ---  2026     ---  2026     ---  2026
