Areal values from HadUK-Grid 1km gridded climate data from land surface network
Source: Met Office National Climate Information Centre
Monthly, seasonal and annual mean of daily minimum air temperature for Scotland E
Areal series, starting in 1884
Last updated 01-Apr-2026 11:34
    jan  year    feb  year    mar  year    apr  year    may  year    jun  year    jul  year    aug  year    sep  year    oct  year    nov  year    dec  year     win  year     spr  year     sum  year     aut  year     ann  year
    2.8  1989    3.9  1998    4.0  1938    4.1  2011    8.3  2024    9.1  2014   11.1  2021   10.9  1997    9.4  2006    8.1  2001    4.5  1994    3.2  1934    2.06  1989    4.33  2024    9.95  2025    6.41  2011    4.86  2014
    2.1  1898    1.8  1993    3.0  1957    4.0  2007    6.5  2022    9.0  2003   11.0  2019   10.8  2004    9.3  2021    7.1  1969    4.4  2011    3.0  1971    1.75  1998    3.96  2014    9.91  2003    6.24  2022    4.72  2022
    1.8  1996    1.8  1918    3.0  1990    3.9  2014    6.0  2014    9.0  2023   10.9  1991   10.6  1975    9.3  2016    6.6  2005    4.2  1997    2.9  1988    1.20  2014    3.39  1961    9.76  2021    6.20  2006    4.71  2025
    1.8  1916    1.7  2023    3.0  1961    3.7  1943    5.8  2008    8.9  2017   10.9  2003   10.6  2002    9.0  1999    6.6  2022    3.9  2022    2.6  1924    1.17  1935    3.38  2007    9.65  2019    6.15  2021    4.63  2024
    1.5  2020    1.4  1990    2.6  1945    3.7  2004    5.8  1964    8.7  1976   10.8  2013   10.4  2025    8.7  1958    6.6  2011    3.6  2014    2.2  2015    0.99  1925    3.35  1999    9.54  2006    6.03  2014    4.49  2005
    1.5  1923    1.4  2026    2.5  2012    3.4  1944    5.8  2017    8.6  2025   10.8  1933   10.4  2008    8.7  2014    6.5  1995    3.4  1899    2.2  2024    0.99  1923    3.28  2017    9.52  2022    6.01  2001    4.48  2002
    1.3  1983    1.3  1903    2.4  2005    3.3  2009    5.7  2023    8.6  1966   10.7  2025   10.3  2019    8.6  1998    6.5  1908    3.4  2018    2.2  1974    0.94  1932    3.27  2004    9.52  2023    5.73  1978    4.48  2023
    1.3  1932    1.3  1943    2.2  1997    3.3  1949    5.7  1889    8.6  2005   10.7  2006   10.2  2023    8.5  2023    6.5  2006    3.4  2020    2.0  1900    0.94  1972    3.24  2025    9.45  1933    5.63  1999    4.46  2004
    1.2  2007    1.3  1945    2.1  2000    3.2  1933    5.7  1952    8.6  2020   10.6  2022   10.1  1990    8.5  1941    6.5  2013    3.4  1984    1.9  2016    0.88  2007    3.23  1992    9.32  2018    5.52  1953    4.42  1997
    1.2  1990    1.2  1939    2.0  2019    3.1  1964    5.7  1999    8.5  1992   10.6  2018   10.0  2009    8.4  1980    6.5  1978    3.3  1953    1.8  2025    0.87  2017    3.22  2011    9.32  2004    5.51  1995    4.39  2006
    1.2  2022    1.2  1961    1.9  2014    3.1  1960    5.7  1893    8.5  2004   10.4  1983   10.0  1959    8.3  1949    6.4  2017    3.2  2002    1.8  2013    0.87  2026    3.21  1938    9.31  2002    5.33  2009    4.38  1990
    1.2  1974    1.1  1896    1.9  2021    3.1  1896    5.6  1970    8.3  2021   10.3  2008   10.0  1969    8.3  1953    6.3  1921    3.2  1938    1.8  1905    0.81  2020    3.17  1990    9.31  2013    5.27  2005    4.35  2007
    1.1  2005    1.1  2014    1.9  2024    3.1  1999    5.6  2002    8.3  2006   10.3  1901   10.0  1991    8.3  2000    6.2  1959    3.1  1931    1.7  2002    0.69  1976    3.14  2002    9.30  2008    5.23  1949    4.35  2017
    1.0  1884    1.0  1914    1.8  2025    3.0  1961    5.6  2018    8.3  2007   10.1  1934    9.9  2020    8.3  2011    6.2  1977    3.1  1920    1.7  1956    0.67  1975    3.11  1997    9.26  1997    5.16  1945    4.33  2020
    0.8  1934    1.0  1934    1.8  1992    2.9  1987    5.6  1918    8.3  2022    9.9  1900    9.8  1983    8.2  2022    6.1  2021    3.0  1951    1.7  1910    0.64  2022    3.11  1945    9.14  2009    5.16  1908    4.29  2011
    0.7  2014    1.0  2024    1.7  1983    2.9  2025    5.6  2003    8.2  2002    9.8  1923    9.8  2013    8.2  1966    6.1  1968    3.0  1906    1.5  1931    0.62  1943    3.07  1960    9.10  2016    5.15  2025    4.26  1999
    0.7  1890    0.9  2012    1.6  1950    2.9  2003    5.5  1953    8.2  1960    9.8  1976    9.8  2021    8.2  2009    6.1  2025    3.0  2021    1.5  1921    0.55  2005    3.06  1943    9.08  2005    5.10  2004    4.24  2019
    0.7  1944    0.9  2017    1.5  1959    2.9  1996    5.5  1998    8.2  1896    9.8  1945    9.8  1917    8.2  2005    6.1  1979    2.9  1897    1.5  1898    0.51  2025    3.06  1964    9.05  2020    5.06  1959    4.23  1998
    0.6  1925    0.8  1923    1.5  2007    2.9  1997    5.5  1992    8.2  2016    9.8  1999    9.8  2003    8.2  1890    5.9  1990    2.9  1945    1.5  1997    0.47  1934    3.05  2003    9.05  1947    5.04  1938    4.14  2021
    0.6  1921    0.7  1967    1.5  1943    2.9  1993    5.4  2004    8.1  2018    9.7  1899    9.8  1996    8.2  1895    5.8  2014    2.9  2015    1.5  1932    0.38  2016    3.04  2022    9.03  2017    5.03  1951    4.13  1953
    0.5  1938    0.7  2007    1.5  1998    2.9  1937    5.3  2016    8.1  2010    9.7  1995    9.8  1942    7.9  1936    5.8  1960    2.8  2007    1.4  1953    0.34  1974    3.03  1959    9.01  1983    5.02  2020    4.12  2003
    0.5  2000    0.7  1926    1.5  2017    2.8  2002    5.2  1991    8.0  1947    9.7  2009    9.8  1933    7.9  2004    5.7  1949    2.8  1978    1.3  1942    0.32  1911    3.03  2005    9.00  2014    4.99  1968    4.08  1938
    0.5  1937    0.7  2019    1.4  1935    2.8  1946    5.2  1911    8.0  1950    9.7  1944    9.7  1939    7.9  1978    5.7  1996    2.8  1894    1.2  1975    0.31  1949    3.00  1952    8.98  1991    4.98  2017    4.06  2000
    0.4  1906    0.6  1974    1.3  1999    2.7  2024    5.1  1925    8.0  1988    9.7  1975    9.7  1955    7.9  1961    5.5  2009    2.8  2006    1.2  1977    0.29  2024    2.97  2019    8.95  1975    4.97  1997    4.05  2016
    0.4  1975    0.6  2025    1.3  1948    2.7  2019    5.1  1940    7.8  1984    9.7  1997    9.7  1893    7.9  1956    5.5  2024    2.7  1955    1.1  1954    0.26  1990    2.96  2009    8.94  1976    4.95  1958    4.03  1988
    0.3  1971    0.5  1997    1.3  1967    2.7  2018    5.1  1960    7.8  1933    9.7  2010    9.7  1911    7.8  2017    5.4  1886    2.7  2003    1.1  1983    0.22  1988    2.93  1933    8.94  1959    4.90  2023    4.03  2018
    0.3  1976    0.5  1920    1.3  2026    2.7  1898    5.0  1976    7.8  1940    9.7  2014    9.6  2022    7.8  1946    5.4  1989    2.6  1902    1.0  1984    0.21  1971    2.90  1991    8.81  1969    4.90  1913    4.00  2009
    0.3  1950    0.5  1976    1.3  1927    2.6  1959    5.0  1947    7.8  1963    9.6  1989    9.6  1995    7.7  1945    5.4  1999    2.6  1995    1.0  2019    0.19  1993    2.89  1957    8.79  1899    4.86  2007    4.00  1949
    0.3  1935    0.5  2022    1.3  1912    2.6  1926    5.0  2025    7.7  1893    9.6  2005    9.6  1947    7.7  2008    5.4  1962    2.6  1924    0.9  1911    0.13  1898    2.86  1998    8.79  1893    4.80  1994    3.98  1945
    0.3  2004    0.4  2000    1.2  1991    2.6  1894    5.0  1896    7.7  1993    9.6  1926    9.6  2016    7.7  1898    5.4  1898    2.6  2004    0.9  1980    0.12  1957    2.73  2000    8.79  1995    4.79  2018    3.95  1989
    0.3  1999    0.4  1989    1.2  1977    2.6  2017    4.9  2001    7.7  1982    9.5  2001    9.6  2006    7.7  1970    5.2  1947    2.6  1917    0.8  1941    0.10  2019    2.68  1993    8.78  1990    4.76  1984    3.95  1934
    0.2  1972    0.4  2011    1.2  1966    2.6  2005    4.9  1954    7.7  1973    9.5  1994    9.5  2012    7.6  2002    5.2  1958    2.6  1916    0.7  2018    0.09  1999    2.68  1896    8.76  1984    4.67  2002    3.94  1933
    0.2  1969    0.4  1953    1.1  2009    2.5  1945    4.9  1933    7.6  1953    9.5  1925    9.5  1918    7.6  1981    5.2  1943    2.5  1913    0.7  2023    0.08  2012    2.66  2023    8.74  2010    4.67  1989    3.92  2008
    0.2  1973    0.3  1949    1.1  1926    2.5  1972    4.9  1986    7.6  1959    9.5  2016    9.4  1935    7.6  1939    5.1  1961    2.4  1999    0.7  1987    0.02  2003    2.59  1944    8.72  2024    4.67  2013    3.91  1983
    0.2  2016    0.3  2002    1.1  2002    2.4  1992    4.9  1959    7.6  1906    9.5  1941    9.4  2024    7.6  2010    5.1  1913    2.4  2001    0.7  1922    0.02  1967    2.55  1893    8.70  2007    4.67  2000    3.88  1959
    0.2  1953    0.3  1992    1.1  1920    2.4  1930    4.9  1981    7.6  1979    9.5  1969    9.4  1895    7.6  1901    5.1  1951    2.4  1957    0.7  2000   -0.01  1914    2.53  2012    8.68  1988    4.66  1990    3.86  1943
    0.2  1926    0.3  1982    1.0  1936    2.4  1982    4.9  1989    7.6  1980    9.5  1947    9.4  2000    7.6  2019    5.0  1953    2.4  1959    0.7  1948   -0.01  2023    2.52  2020    8.60  1982    4.63  2024    3.81  2013
    0.2  1905    0.3  1980    1.0  1960    2.4  1952    4.9  1908    7.6  2009    9.5  1932    9.3  1897    7.6  1971    5.0  2007    2.4  1946    0.7  2020   -0.02  1906    2.50  2008    8.58  1945    4.62  2015    3.81  1971
    0.1  2008    0.2  1988    1.0  1978    2.4  1957    4.9  1990    7.6  1970    9.5  1927    9.3  1980    7.6  1929    5.0  2023    2.3  1888    0.7  1929   -0.02  2006    2.49  2018    8.57  1935    4.60  1941    3.78  1976
    0.1  1967    0.2  1921    1.0  1981    2.3  1980    4.8  1919    7.6  1899    9.4  1957    9.3  1936    7.6  1976    4.9  1982    2.3  1939    0.7  1893   -0.05  1903    2.42  1972    8.55  1996    4.56  1956    3.78  2015
    0.1  1911    0.1  1908    0.8  1952    2.3  1955    4.8  2011    7.6  1965    9.4  1921    9.3  1970    7.6  1930    4.9  1985    2.2  1983    0.7  2006   -0.06  1937    2.42  1920    8.54  2001    4.55  1898    3.76  1921
    0.1  1998    0.1  1938    0.8  1921    2.3  1976    4.8  1956    7.5  1887    9.4  1931    9.3  1949    7.5  1996    4.9  1910    2.2  1928    0.6  1994   -0.06  1896    2.41  1976    8.53  1944    4.54  1961    3.73  1957
    0.1  2002    0.1  1891    0.8  1993    2.3  2010    4.8  1890    7.5  2019    9.4  2023    9.2  1930    7.5  2001    4.9  2020    2.2  2009    0.6  1888   -0.06  1921    2.38  2016    8.51  1911    4.52  1946    3.73  1991
    0.1  1993    0.1  1971    0.8  2015    2.3  1975    4.8  2020    7.5  1935    9.4  1936    9.2  2018    7.4  1955    4.9  1976    2.2  2025    0.5  1945   -0.08  1944    2.38  1912    8.50  1900    4.51  1982    3.72  2001
    0.0  1964    0.1  2005    0.7  1994    2.3  2022    4.7  1939    7.5  2024    9.4  1987    9.2  1944    7.4  1933    4.9  1991    2.1  1948    0.5  1926   -0.09  1927    2.32  1939    8.50  1934    4.47  1920    3.69  1939
    0.0  1889    0.1  2008    0.7  2011    2.2  1991    4.7  1937    7.5  1889    9.3  1946    9.2  1978    7.4  1995    4.9  1971    2.0  1987    0.5  1959   -0.14  1922    2.31  1967    8.50  1939    4.47  1947    3.68  1995
    0.0  1904    0.1  1924    0.7  2016    2.2  1995    4.6  2007    7.4  1912    9.3  1984    9.2  1981    7.4  1969    4.8  1954    2.0  1963    0.5  1985   -0.14  1916    2.30  1911    8.47  1925    4.47  1983    3.67  1975
   -0.0  2023    0.0  1884    0.7  1933    2.2  1963    4.6  1965    7.4  1943    9.3  2017    9.1  1984    7.3  2013    4.8  1975    2.0  1986    0.4  2004   -0.16  2000    2.26  1981    8.46  1953    4.46  1971    3.66  1898
   -0.0  2006   -0.0  1887    0.7  2004    2.2  2023    4.6  1978    7.3  1994    9.2  1905    9.1  1884    7.3  1968    4.8  2004    1.9  1886    0.4  1918   -0.18  1964    2.26  1926    8.45  1980    4.46  1933    3.66  1994
   -0.0  1900   -0.0  1946    0.7  1923    2.2  1914    4.5  1988    7.2  2013    9.2  1887    9.1  1998    7.3  1891    4.8  1945    1.9  1981    0.3  1998   -0.19  2008    2.24  1949    8.45  1930    4.44  1960    3.65  1961
   -0.0  1957   -0.0  1964    0.7  2003    2.1  1938    4.5  2009    7.2  1925    9.2  2024    9.1  1932    7.3  1988    4.8  1965    1.9  1900    0.3  1947   -0.20  2004    2.22  1889    8.45  1926    4.44  1977    3.64  1967
   -0.1  1949   -0.1  1932    0.7  2020    2.1  2020    4.5  1972    7.2  1990    9.2  1949    9.1  1958    7.2  1985    4.8  1933    1.8  1908    0.3  2005   -0.21  1905    2.20  1940    8.45  1994    4.44  1979    3.63  1996
   -0.1  1896   -0.1  1935    0.6  1905    2.0  1947    4.5  1974    7.2  1997    9.2  1911    9.1  2015    7.2  1938    4.8  1938    1.8  1989    0.3  2021   -0.22  1912    2.19  1988    8.44  1992    4.42  1970    3.56  2012
   -0.1  2013   -0.1  1948    0.6  1910    2.0  1985    4.5  1920    7.2  1900    9.1  1982    9.0  1899    7.2  1884    4.7  1986    1.8  1889    0.3  1949   -0.26  1901    2.18  1978    8.43  1999    4.41  1886    3.56  1980
   -0.2  1928   -0.1  2020    0.6  1884    2.0  1928    4.5  1922    7.1  1914    9.1  1951    9.0  2001    7.1  1967    4.7  1988    1.8  1982    0.3  1986   -0.29  1950    2.17  1950    8.43  1989    4.40  1963    3.56  1992
   -0.2  2017   -0.2  2009    0.6  1939    2.0  1948    4.4  1993    7.1  1996    9.1  1985    9.0  1937    7.1  1934    4.7  1963    1.7  1990    0.2  1936   -0.29  2002    2.14  1989    8.42  1936    4.39  1921    3.55  1964
   -0.3  1988   -0.2  1928    0.5  1968    2.0  1988    4.4  1931    7.1  1937    9.1  1959    9.0  1906    7.1  1973    4.6  1957    1.7  1949    0.2  1970   -0.30  1890    2.11  1983    8.41  2012    4.38  1969    3.54  1984
   -0.3  2012   -0.2  1913    0.5  1989    2.0  1904    4.4  2000    7.1  1945    9.1  1894    9.0  2005    7.1  1908    4.5  1890    1.7  1956    0.2  1951   -0.30  1992    2.07  1948    8.41  1955    4.38  1906    3.51  1926
   -0.3  1888   -0.3  1995    0.5  1902    2.0  1967    4.3  1944    7.1  1913    9.1  2002    9.0  1989    7.1  1921    4.5  1940    1.6  2024    0.2  1930   -0.31  1953    2.06  1918    8.40  1950    4.37  1890    3.51  1948
   -0.3  1927   -0.3  1962    0.5  1903    1.9  1893    4.3  1973    7.1  2008    9.1  1914    9.0  1915    7.1  2025    4.5  2010    1.6  1980    0.2  1972   -0.33  1920    2.03  1946    8.39  1973    4.37  2016    3.50  1911
   -0.3  2003   -0.3  1984    0.4  1928    1.9  1895    4.3  1936    7.0  1930    9.1  1988    9.0  1910    7.1  1947    4.5  1930    1.5  1914   -0.0  1990   -0.33  1889    2.02  1928    8.39  1937    4.34  1955    3.49  1960
   -0.4  1930   -0.3  1897    0.3  1890    1.8  1912    4.3  1983    7.0  1986    9.1  1891    9.0  1988    7.1  1917    4.5  1972    1.5  1968   -0.0  1979   -0.33  1973    2.02  1890    8.38  1998    4.33  1943    3.49  1914
   -0.4  1924   -0.3  1999    0.3  1972    1.8  1911    4.3  1985    7.0  1905    9.1  1955    8.9  1927    7.0  1913    4.4  2015    1.5  1991   -0.1  1902   -0.34  1939    1.96  1895    8.37  1970    4.33  1976    3.49  1932
   -0.5  1914   -0.3  2006    0.3  2022    1.7  1940    4.2  2019    7.0  2001    9.0  1937    8.9  1982    7.0  1992    4.4  1925    1.5  1943   -0.1  1978   -0.35  1995    1.96  2015    8.35  1932    4.32  1962    3.49  1944
   -0.5  1887   -0.4  1905    0.2  1956    1.7  2000    4.2  1997    7.0  1954    9.0  2007    8.9  2017    7.0  1948    4.4  1942    1.4  2000   -0.1  1912   -0.37  1913    1.94  1954    8.32  1914    4.32  1996    3.48  1913
   -0.6  2026   -0.4  1925    0.2  1964    1.7  1939    4.2  2013    7.0  1981    9.0  1973    8.9  1926    7.0  1951    4.4  2016    1.4  1940   -0.1  1967   -0.37  1981    1.94  1982    8.31  1958    4.31  1957    3.48  1978
   -0.6  1994   -0.4  2004    0.2  1918    1.7  1920    4.2  1905    7.0  1961    9.0  1930    8.9  1916    7.0  1965    4.4  2000    1.4  1895   -0.2  1940   -0.42  1948    1.93  1925    8.30  1981    4.30  1991    3.48  1893
   -0.6  1954   -0.5  1972    0.2  1982    1.7  1900    4.2  1995    7.0  1998    9.0  1958    8.8  1945    6.9  1983    4.4  1970    1.4  2008   -0.2  1943   -0.43  1980    1.92  1977    8.28  1949    4.29  1988    3.46  1974
   -0.6  1901   -0.5  1927    0.2  1907    1.6  2008    4.2  1945    7.0  1999    9.0  1990    8.8  1987    6.9  2003    4.3  1983    1.3  1964   -0.3  1885   -0.44  1954    1.92  2010    8.28  2000    4.28  1980    3.44  1884
   -0.6  1909   -0.6  2015    0.2  1897    1.6  1889    4.2  1969    7.0  1978    9.0  1998    8.8  2007    6.9  1962    4.2  1914    1.2  1922   -0.3  1991   -0.49  1946    1.89  1996    8.27  1960    4.28  1899    3.43  1920
   -0.6  1943   -0.6  1912    0.2  1973    1.6  2001    4.2  1913    6.9  1938    9.0  1953    8.7  1953    6.9  1984    4.2  2018    1.2  1970   -0.3  1944   -0.49  1899    1.89  1921    8.26  1901    4.28  1998    3.41  1896
   -0.7  2015   -0.6  1975    0.1  1996    1.6  1994    4.2  2006    6.9  1908    8.9  1893    8.7  1957    6.8  2007    4.2  1950    1.2  2023   -0.3  1933   -0.53  1908    1.88  1971    8.25  1957    4.28  1948    3.40  1982
   -0.8  1913   -0.6  1885    0.1  1974    1.6  1916    4.1  1950    6.9  1897    8.9  1964    8.7  1952    6.8  1982    4.2  1920    1.2  1896   -0.3  2011   -0.54  1924    1.87  1963    8.24  1884    4.26  1916    3.37  1935
   -0.8  1907   -0.7  1922    0.1  1988    1.6  1990    4.1  1971    6.9  1995    8.9  1939    8.7  1914    6.8  2020    4.2  1956    1.2  1933   -0.4  1894   -0.54  1938    1.87  1914    8.21  1897    4.26  1939    3.36  1908
   -0.8  2018   -0.8  2021    0.1  2023    1.6  1998    4.1  2005    6.9  1891    8.9  1992    8.7  1971    6.8  2018    4.2  1941    1.2  1974   -0.4  1957   -0.57  1933    1.86  1995    8.19  1917    4.22  1924    3.36  1905
   -0.8  2024   -0.8  1944    0.1  1893    1.5  1935    4.1  1961    6.9  1934    8.8  1916    8.6  2011    6.8  2024    4.2  1888    1.2  1941   -0.4  1955   -0.57  1997    1.85  1985    8.17  1887    4.17  2003    3.35  1993
   -0.8  1962   -0.8  1933    0.0  1944    1.5  1885    4.1  1895    6.9  2000    8.8  1979    8.6  1925    6.7  1989    4.1  1903    1.2  1929   -0.4  1907   -0.63  1894    1.85  1987    8.17  1940    4.13  2008    3.34  1924
   -0.9  1992   -0.8  1965    0.0  1932    1.5  1979    4.1  1934    6.9  2012    8.8  1967    8.5  1999    6.7  1997    4.1  1937    1.2  1927   -0.4  1938   -0.63  2015    1.84  1905    8.14  1942    4.09  1902    3.32  1946
   -0.9  1920   -0.9  1894    0.0  2008    1.5  2006    4.1  1912    6.9  1969    8.8  1986    8.5  1967    6.7  1942    4.1  1967    1.1  2012   -0.5  1904   -0.69  2013    1.83  1953    8.14  2015    4.05  2019    3.30  1937
   -0.9  1915   -0.9  1898    0.0  1971    1.5  1919    4.0  1929    6.9  1964    8.8  1952    8.5  1934    6.6  1926    4.1  1906    1.1  1937   -0.5  2003   -0.70  1909    1.80  1935    8.13  1979    4.03  1934    3.29  1916
   -1.0  1981   -0.9  1937    0.0  1896    1.5  1971    4.0  1943    6.9  1941    8.8  1950    8.5  1973    6.6  1902    4.1  1984    1.1  1947   -0.5  1913   -0.70  1926    1.80  1966    8.11  1905    4.02  1914    3.28  1977
   -1.0  1912   -0.9  1893   -0.0  1963    1.5  1934    4.0  1932    6.8  1884    8.8  1912    8.5  2010    6.6  1916    4.1  1997    1.0  1892   -0.5  1908   -0.70  1961    1.79  1994    8.09  1906    4.00  1929    3.27  1890
   -1.0  2009   -0.9  1911   -0.1  1911    1.4  2015    4.0  1900    6.8  1939    8.8  2012    8.4  1909    6.6  1937    4.1  1918    1.0  1935   -0.5  1889   -0.77  1984    1.78  1884    8.08  1978    4.00  1936    3.27  1973
   -1.0  1968   -1.0  1915   -0.1  1984    1.4  1915    4.0  1962    6.8  1968    8.7  1948    8.4  1994    6.6  1964    4.0  1907    1.0  2019   -0.5  1919   -0.78  2009    1.78  1974    8.08  1941    3.98  1931    3.26  1970
   -1.1  2019   -1.0  1909   -0.1  1946    1.4  1931    4.0  1917    6.8  1926    8.7  1977    8.4  1901    6.6  2012    4.0  1927    1.0  1932   -0.5  1963   -0.80  2001    1.77  1936    8.07  1952    3.97  1930    3.26  1930
   -1.1  1960   -1.1  1981   -0.1  1895    1.3  1984    3.9  1949    6.8  1890    8.7  1956    8.4  1889    6.6  1977    4.0  1934    1.0  1934   -0.6  1939   -0.81  1928    1.76  1973    8.07  1987    3.97  2010    3.25  1889
   -1.1  1902   -1.2  1910   -0.1  1976    1.3  1907    3.9  1910    6.8  1919    8.7  1996    8.4  1928    6.6  1915    3.9  1924    1.0  1954   -0.6  2017   -0.83  2021    1.74  1898    8.05  1891    3.95  1986    3.24  1936
   -1.2  1970   -1.2  1959   -0.1  1925    1.3  1958    3.9  1916    6.8  1958    8.7  1981    8.4  1950    6.6  2015    3.9  1923    1.0  1960   -0.6  2014   -0.87  1983    1.70  2001    8.02  1967    3.94  1937    3.23  1954
   -1.2  1919   -1.2  1890   -0.2  2010    1.3  1942    3.9  2012    6.7  1983    8.7  1884    8.4  1938    6.5  1896    3.8  1948    0.9  1958   -0.7  2012   -0.89  1930    1.70  1927    8.01  1896    3.94  1975    3.20  1972
   -1.2  1997   -1.2  1916   -0.2  1940    1.2  1977    3.9  1914    6.7  1948    8.7  1935    8.4  1886    6.5  1960    3.8  1998    0.9  1971   -0.7  1973   -0.89  1931    1.69  1956    7.98  1964    3.94  1966    3.18  1928
   -1.2  1947   -1.3  2016   -0.2  1901    1.2  1913    3.8  1901    6.7  2015    8.7  2004    8.4  1948    6.5  1963    3.7  1884    0.9  1975   -0.7  1968   -0.90  1996    1.68  1937    7.96  1963    3.93  1967    3.18  1950
   -1.2  1922   -1.3  2013   -0.2  1953    1.2  1923    3.8  1987    6.7  1967    8.7  1928    8.4  1900    6.5  1991    3.7  1994    0.9  2005   -0.8  1966   -0.93  1918    1.67  1907    7.95  1895    3.87  1888    3.16  1947
   -1.2  2025   -1.4  1899   -0.2  1954    1.1  1968    3.8  1924    6.7  2011    8.6  1904    8.3  1954    6.5  1959    3.7  1899    0.9  1988   -0.8  2007   -1.01  2018    1.67  1910    7.95  1948    3.80  1884    3.16  1987
   -1.3  1908   -1.4  1931   -0.3  1894    1.1  2012    3.8  1903    6.6  1911    8.6  1924    8.3  1976    6.4  1935    3.6  1916    0.8  1992   -0.8  1896   -1.09  1891    1.65  1913    7.95  1966    3.78  1897    3.16  1968
   -1.3  2011   -1.4  1966   -0.4  1986    1.1  1921    3.7  1921    6.6  1952    8.6  1971    8.3  1898    6.4  1979    3.6  1904    0.8  1911   -0.9  1958   -1.09  1915    1.65  2006    7.93  1993    3.77  1987    3.16  1900
   -1.3  1903   -1.5  1977   -0.4  1929    1.1  1954    3.7  2015    6.6  1944    8.6  2020    8.3  1968    6.4  1987    3.6  1936    0.8  1903   -0.9  1928   -1.15  1960    1.59  1980    7.93  1938    3.75  1940    3.16  1966
   -1.3  1966   -1.5  1973   -0.4  1922    1.1  2016    3.7  1928    6.6  1931    8.6  2015    8.2  1951    6.3  1950    3.6  1893    0.8  1907   -0.9  1897   -1.18  1904    1.57  1930    7.91  1921    3.73  1964    3.13  1931
   -1.4  1995   -1.5  1952   -0.4  1913    1.1  1884    3.7  1966    6.6  1989    8.5  1968    8.2  1960    6.3  1914    3.6  2019    0.8  1912   -1.0  1920   -1.19  1994    1.56  1894    7.91  1918    3.73  1928    3.13  1969
   -1.4  1948   -1.5  2003   -0.4  1914    1.1  1901    3.7  1967    6.6  1904    8.5  1940    8.2  2014    6.3  1990    3.5  1935    0.8  2017   -1.0  1996   -1.20  1985    1.55  1901    7.89  2011    3.73  1954    3.11  1918
   -1.4  1917   -1.5  1987   -0.5  1949    1.0  1965    3.7  1904    6.5  1957    8.5  1908    8.2  1940    6.3  1943    3.5  1966    0.8  1979   -1.0  1915   -1.25  1897    1.52  1934    7.89  1968    3.71  1903    3.09  1923
   -1.5  1980   -1.5  1957   -0.6  1887    1.0  1989    3.6  2010    6.5  1962    8.5  1929    8.2  1943    6.3  1910    3.5  1909    0.7  1962   -1.1  2008   -1.26  1885    1.52  2021    7.86  1943    3.70  1965    3.08  1925
   -1.5  1931   -1.6  1950   -0.6  1915    1.0  1927    3.6  1884    6.5  1924    8.5  2000    8.2  1919    6.3  1905    3.5  1946    0.6  1961   -1.1  1895   -1.27  1991    1.52  1986    7.85  1923    3.68  1942    3.05  1912
   -1.5  1893   -1.6  1994   -0.6  1899    0.9  2013    3.6  1892    6.5  1920    8.5  1896    8.2  1929    6.2  1994    3.5  1928    0.6  1898   -1.1  1891   -1.29  1987    1.48  1968    7.82  1889    3.66  1935    3.05  1927
   -1.5  1961   -1.6  2001   -0.7  1889    0.9  1978    3.6  2021    6.5  1936    8.4  1938    8.2  1964    6.2  1900    3.5  1944    0.5  1891   -1.2  1992   -1.30  1919    1.47  1970    7.82  1961    3.64  1917    3.05  1958
   -1.5  2001   -1.7  1951   -0.7  2006    0.9  1909    3.5  1938    6.5  1917    8.4  1980    8.1  1985    6.2  1920    3.4  1897    0.5  1884   -1.2  1923   -1.32  1945    1.47  1965    7.80  1916    3.61  1927    3.03  1956
   -1.6  1986   -1.7  1996   -0.7  1985    0.9  1890    3.5  1930    6.5  1946    8.4  1913    8.1  1891    6.2  1903    3.4  1931    0.5  1967   -1.2  2001   -1.43  1969    1.45  1904    7.80  1913    3.60  1895    3.03  1906
   -1.6  1951   -1.7  1889   -0.8  1898    0.9  1981    3.5  1907    6.5  1975    8.4  1993    8.1  1961    6.1  1924    3.3  2008    0.5  1998   -1.3  1969   -1.45  1907    1.42  1932    7.79  1931    3.59  1907    3.03  1951
   -1.7  1939   -1.7  2018   -0.8  2018    0.9  1899    3.5  1963    6.5  1885    8.4  1960    8.1  1963    6.1  1932    3.3  1929    0.5  1976   -1.3  1916   -1.46  1887    1.41  1903    7.78  1946    3.57  1985    3.01  1899
   -1.7  1899   -1.7  1940   -0.8  1995    0.8  1962    3.4  1946    6.5  1910    8.4  1961    8.0  1905    6.0  1904    3.3  1964    0.5  1926   -1.3  1914   -1.48  1962    1.39  1984    7.76  1927    3.56  1900    3.00  1910
   -1.7  1891   -1.9  1892   -0.9  1980    0.8  1941    3.4  1906    6.4  1898    8.3  1897    8.0  1924    6.0  1906    3.3  1919    0.5  1977   -1.3  1999   -1.49  1888    1.39  1923    7.74  1924    3.56  1889    2.99  1901
   -1.7  1894   -1.9  1985   -0.9  1975    0.8  1886    3.4  1980    6.4  1932    8.3  2011    8.0  1974    6.0  1975    3.2  1952    0.4  1936   -1.3  1884   -1.50  1965    1.36  1975    7.73  1904    3.55  1891    2.97  1940
   -1.8  1936   -1.9  1904   -1.0  1934    0.8  1973    3.4  1886    6.4  1974    8.2  1942    8.0  1977    6.0  1889    3.2  1973    0.4  1904   -1.4  1982   -1.51  1966    1.32  1929    7.73  1985    3.54  1901    2.96  1985
   -1.8  1885   -2.0  1991   -1.1  1885    0.8  1925    3.4  1887    6.4  1895    8.2  1970    8.0  1992    6.0  1911    3.2  2002    0.3  1905   -1.4  1962   -1.54  1968    1.32  1916    7.72  1954    3.54  1981    2.95  1904
   -1.8  1991   -2.1  1907   -1.1  1906    0.8  1950    3.3  1898    6.4  1949    8.2  1917    8.0  1921    5.9  1907    3.0  1902    0.3  1890   -1.4  1946   -1.69  1958    1.23  1908    7.72  1910    3.51  1950    2.94  1981
   -1.9  1965   -2.2  1888   -1.1  1908    0.7  1902    3.3  1957    6.4  1955    8.2  1918    8.0  1892    5.8  1957    3.0  1987    0.3  1885   -1.4  1952   -1.69  1892    1.20  1900    7.71  1951    3.48  1973    2.94  1894
   -1.9  1946   -2.2  1958   -1.1  1987    0.7  1974    3.3  1977    6.4  1942    8.1  1972    7.9  1904    5.8  1993    3.0  1974    0.2  1901   -1.5  1993   -1.70  1952    1.19  1919    7.70  1894    3.40  1894    2.92  1897
   -2.1  1892   -2.3  1901   -1.2  1930    0.7  1924    3.2  1982    6.3  1921    8.1  1978    7.9  1979    5.8  1886    3.0  1980    0.2  1887   -1.6  1906   -1.72  1917    1.12  1902    7.69  1971    3.36  1904    2.88  1941
   -2.1  1956   -2.3  1936   -1.2  1979    0.6  1905    3.2  1888    6.1  1894    8.0  1963    7.9  1913    5.8  1919    2.9  2003    0.2  1972   -1.6  2022   -1.73  1978    1.11  1979    7.67  1915    3.30  2012    2.87  1903
   -2.4  1977   -2.4  1954   -1.2  1965    0.6  1888    3.2  1958    6.1  1915    8.0  1885    7.8  1941    5.8  1899    2.9  1955    0.2  2013   -1.6  1890   -1.75  1986    1.10  1931    7.64  1986    3.25  1932    2.87  1962
   -2.4  1933   -2.4  1941   -1.3  1904    0.4  1966    3.1  1942    6.1  1903    8.0  1943    7.8  1923    5.7  1893    2.9  1889    0.1  1966   -1.6  1901   -1.80  1970    1.05  1887    7.63  1912    3.24  1972    2.86  1955
   -2.4  2021   -2.5  1906   -1.4  1942    0.4  1910    3.0  1926    6.1  1929    8.0  1895    7.8  1894    5.7  1887    2.9  1939    0.1  1973   -1.6  1960   -1.81  1942    1.04  2013    7.60  1929    3.21  1974    2.85  1986
   -2.4  1978   -2.5  1917   -1.4  1886    0.4  1969    3.0  1994    6.1  1956    8.0  1974    7.7  1887    5.7  1927    2.9  1915    0.0  1950   -1.7  1903   -1.84  1886    1.03  1955    7.59  1908    3.19  1910    2.83  1952
   -2.5  1955   -2.6  1886   -1.4  1970    0.3  1983    3.0  1979    6.0  1886    7.9  1909    7.7  1972    5.6  1923    2.8  1891   -0.1  1942   -1.7  1989   -1.89  1955    1.00  1942    7.54  1977    3.11  1992    2.83  1929
   -2.5  1958   -2.7  1983   -1.5  2001    0.3  1918    3.0  1909    6.0  1991    7.9  1915    7.7  1890    5.5  1931    2.8  1901   -0.1  1893   -1.8  1964   -1.94  1893    0.98  1885    7.48  1974    3.08  1922    2.81  1942
   -2.5  1910   -2.9  1960   -1.5  1941    0.3  1887    2.9  1948    6.0  1987    7.8  1886    7.7  1993    5.5  1928    2.7  1922   -0.1  1944   -1.8  1917   -2.00  1956    0.97  1947    7.42  1886    3.06  1911    2.77  1979
   -2.5  1897   -3.0  2010   -1.6  1916    0.3  1929    2.9  1941    6.0  1918    7.8  1954    7.6  1962    5.5  1974    2.7  1900   -0.2  1930   -1.8  1965   -2.02  1910    0.96  1922    7.37  1928    3.05  1893    2.77  1965
   -2.5  1918   -3.1  1970   -1.7  1951    0.2  1932    2.9  1984    6.0  1901    7.7  1966    7.6  1965    5.4  1894    2.6  1932   -0.2  2010   -2.0  1927   -2.02  1936    0.96  1915    7.36  1909    2.89  1944    2.75  1887
   -2.7  1987   -3.2  1929   -1.8  1955    0.2  1970    2.9  1927    5.9  1922    7.7  1920    7.5  1966    5.3  1922    2.5  1993   -0.2  1921   -2.0  1935   -2.03  1902    0.93  1886    7.35  1898    2.87  1896    2.74  1963
   -2.7  1929   -3.2  1930   -2.0  1969    0.1  1953    2.8  1975    5.8  1923    7.7  1903    7.5  1920    5.3  1944    2.5  1912   -0.3  1996   -2.0  1887   -2.08  1959    0.90  1897    7.35  1919    2.86  1905    2.71  1907
   -2.7  1886   -3.3  1919   -2.0  2013    0.1  1951    2.8  1968    5.8  1985    7.7  1910    7.5  1946    5.3  1954    2.4  1911   -0.4  1918   -2.2  1937   -2.13  1977    0.87  1969    7.34  1965    2.82  1926    2.70  1891
   -2.7  1942   -3.4  1979   -2.1  1900    0.0  1897    2.7  1996    5.8  1977    7.7  1906    7.4  1896    5.3  1940    2.3  2012   -0.6  1993   -2.3  1909   -2.17  1951    0.76  1899    7.32  1890    2.76  1923    2.69  2010
   -2.8  1985   -3.5  1902   -2.1  1909   -0.0  1986    2.6  1955    5.8  1892    7.7  1907    7.3  1908    5.3  1909    2.0  1894   -0.6  2016   -2.5  1976   -2.21  1929    0.74  1906    7.25  1920    2.74  1925    2.59  1917
   -2.9  2010   -3.6  1968   -2.1  1891   -0.0  1903    2.6  1951    5.7  1971    7.6  1889    7.3  1931    5.1  1885    2.0  1905   -0.7  1965   -2.5  1899   -2.27  1900    0.74  1941    7.22  1962    2.71  1912    2.57  1922
   -3.0  1984   -3.6  1956   -2.3  1917   -0.1  1956    2.5  1891    5.7  1902    7.5  1962    7.2  1888    5.1  1925    1.9  1887   -0.8  1952   -2.8  1995   -2.34  1941    0.72  1962    7.14  1972    2.60  1993    2.56  1902
   -3.3  1982   -3.8  1942   -2.4  1958   -0.1  1936    2.5  1885    5.7  1909    7.4  1890    7.1  1986    5.1  1986    1.8  1892   -1.2  1909   -2.8  1925   -2.37  2011    0.70  1958    7.13  1956    2.60  1918    2.53  1915
   -3.8  1952   -4.0  1969   -2.5  1888   -0.1  1906    2.5  1935    5.7  1951    7.3  1898    7.0  1922    5.1  1888    1.5  1885   -1.3  1923   -3.2  1950   -2.43  1940    0.61  1909    7.04  1892    2.59  1887    2.52  1888
   -4.1  1959   -4.2  1978   -2.5  1931   -0.1  1908    2.5  1897    5.6  1916    7.3  1892    6.9  1903    5.0  1972    1.5  1992   -1.4  1925   -3.2  1961   -2.52  1947    0.60  1924    6.96  1885    2.55  1892    2.46  1886
   -4.4  1963   -4.3  1986   -2.5  1937   -0.2  1892    2.4  1894    5.6  1907    7.1  1902    6.7  1912    5.0  1897    1.4  1926   -1.4  1969   -3.3  2009   -2.71  1979    0.44  1888    6.93  1903    2.52  1909    2.36  1885
   -4.5  1941   -4.5  1900   -2.6  1924   -0.2  1891    2.3  1923    5.5  1972    7.1  1919    6.6  1902    4.9  1892    1.4  1917   -1.5  1985   -3.3  1892   -2.81  1982    0.33  1951    6.59  1922    2.44  1952    2.31  1909
   -4.7  1945   -4.6  1955   -2.7  1962   -0.7  1917    2.1  1902    5.0  1928    7.0  1888    6.6  1956    4.9  1912    1.3  1895   -1.7  1910   -3.7  1886   -3.08  2010    0.32  1917    6.55  1907    2.43  1915    2.31  1919
   -4.7  1979   -5.2  1947   -2.7  1919   -1.0  2021    2.1  1915    4.9  1888    6.9  1922    6.3  1885    4.9  1952    1.2  1981   -2.2  1915   -5.1  1981   -3.68  1963    0.11  1892    6.48  1902    2.31  1885    2.30  1895
   -4.9  1940   -5.5  1963   -3.1  1892   -1.3  1922    2.0  1899    4.8  1927    6.9  1965    6.3  1907    4.0  1918    0.9  1896   -2.4  1919   -5.9  2010   -4.20  1895    0.06  1891    6.37  1888    2.24  1919    1.83  1892
   -5.2  1895   -7.4  1895   -4.1  1947    ---  2026    ---  2026    ---  2026    ---  2026    ---  2026    ---  2026    ---  2026    ---  2026    ---  2026     ---  1884     ---  2026     ---  2026     ---  2026     ---  2026
