Areal values from HadUK-Grid 1km gridded climate data from land surface network
Source: Met Office National Climate Information Centre
Monthly, seasonal and annual total precipitation amount for Scotland E
Areal series, starting in 1836
Last updated 01-Apr-2026 11:34
    jan  year    feb  year    mar  year    apr  year    may  year    jun  year    jul  year    aug  year    sep  year    oct  year    nov  year    dec  year     win  year     spr  year     sum  year     aut  year     ann  year
  262.4  2016  223.3  1848  162.3  1903  148.5  1934  159.1  1906  162.1  1838  183.1  1940  206.2  1948  198.1  1950  253.7  2023  262.4  1984  268.2  2015   627.3  2016   369.8  1947   430.7  1877   528.3  1984  1605.8  1872
  231.6  2008  211.7  2020  154.9  1897  147.4  1998  149.3  1967  149.5  2017  174.0  1988  198.4  2004  195.1  1995  212.6  2020  232.9  1951  265.8  1876   580.5  2014   351.9  1913   424.6  1948   503.8  1872  1441.1  2002
  223.1  1993  204.4  1990  153.2  1994  146.0  1947  139.5  1986  144.2  1860  157.4  1846  197.0  1877  179.5  1981  211.5  1903  219.3  2009  260.0  1852   536.6  1877   337.2  2024   419.7  1985   495.1  1982  1426.3  1877
  206.0  1928  202.0  1894  151.0  1992  134.7  2012  138.6  1954  142.5  1848  151.9  2009  184.2  1985  176.6  1927  207.8  2002  195.5  1963  214.9  1929   501.4  1853   327.2  1909   404.2  1846   488.5  2023  1395.6  1903
  204.6  1974  190.8  1923  150.0  1913  133.2  2000  136.8  1925  141.7  1872  150.4  1867  182.1  1930  169.2  1872  207.3  1932  190.2  2022  214.3  2013   472.0  1915   323.2  1934   404.0  2012   480.4  1954  1390.3  1916
  203.2  1852  185.8  1997  146.9  1851  129.7  2024  134.1  1924  141.0  2012  148.9  1958  179.4  1910  167.9  1839  199.4  2004  189.8  1888  212.6  2023   465.6  1848   316.0  1979   385.6  1956   479.8  2000  1363.0  2000
  198.0  2014  171.1  2002  139.9  1979  125.4  1871  133.8  1969  139.5  1966  148.5  2015  172.2  1874  166.9  1856  199.0  1976  188.1  1872  211.3  1914   464.4  1903   315.4  1925   382.1  1879   477.2  2022  1356.9  2014
  190.4  1937  168.1  2014  138.9  1908  125.1  1898  132.9  2021  135.6  1948  146.5  1836  171.9  1992  165.3  1869  196.7  1982  185.0  1946  201.0  1978   458.0  1894   314.8  1993   376.7  2004   460.1  1935  1355.1  2023
  184.6  2026  167.5  1915  138.4  1928  122.3  1867  124.8  1945  129.6  1997  144.1  1985  168.4  1956  157.6  1985  189.0  1954  184.6  1954  199.4  1915   452.9  1990   312.3  1986   369.3  2011   459.0  1995  1347.4  2015
  179.7  1984  156.4  1903  138.2  1909  115.1  1935  124.4  1847  128.6  1931  143.6  2010  165.4  1861  154.9  2000  184.3  1846  183.1  2002  194.4  1986   444.5  1916   304.3  1967   366.9  2007   457.4  1981  1345.7  2011
  176.6  1975  156.2  1872  137.2  1836  115.1  1993  124.3  1983  128.3  2007  142.0  1837  165.2  2011  152.3  1965  183.6  1935  179.7  1959  194.1  2012   439.0  2007   295.6  1963   359.1  2009   450.0  2009  1331.4  1954
  174.3  1877  154.6  1925  136.3  1963  112.1  1925  123.5  1993  127.1  1897  141.8  1888  164.9  1889  150.2  1962  181.0  1916  178.5  1931  187.3  1868   438.1  2024   294.6  1983   355.6  2008   443.3  1938  1326.7  2020
  173.2  1990  151.7  2022  130.5  1876  111.3  1889  120.1  2011  124.6  1907  141.3  1957  162.1  1917  147.2  1918  179.5  2001  177.4  2010  185.3  1999   436.6  2020   289.9  1916   355.5  2019   437.9  1926  1319.5  1948
  164.2  1948  144.6  2021  126.9  1905  110.5  1899  119.5  1968  123.0  1938  139.9  1903  161.2  1923  147.1  1976  178.0  2014  177.0  1890  185.3  1911   435.7  1869   289.7  1899   351.9  1838   436.8  1864  1314.5  1928
  163.9  1849  141.7  2011  126.7  1984  109.0  1868  115.7  1907  121.5  1879  139.8  1883  161.1  2008  146.9  1982  176.5  2021  176.1  1940  184.0  1955   434.5  1995   289.3  1920   351.1  1861   433.6  1927  1314.2  1998
  163.8  1853  136.9  1989  125.7  2006  107.6  1910  115.0  1997  120.2  1862  139.4  2023  157.5  1891  145.0  1946  175.7  1960  173.7  1861  182.0  1934   428.5  2021   288.4  1992   348.2  2002   430.3  1976  1313.8  2008
  163.1  1851  135.1  1850  124.7  1989  106.6  2004  112.4  1916  120.2  1991  138.8  1916  156.8  1868  144.7  1975  175.1  2005  171.4  1938  180.2  1959   424.7  1937   286.5  1862   348.0  1872   427.5  2002  1305.9  2009
  162.9  1890  132.1  1995  124.4  1981  106.0  1932  111.2  1913  119.4  1990  138.5  1924  156.2  2019  144.0  1999  174.4  1998  171.2  2015  177.6  1896   419.0  1994   284.5  1998   346.1  1958   424.0  1875  1295.9  1876
  162.2  1903  130.1  1883  124.0  1914  105.5  1909  110.3  1886  119.3  1980  138.4  1858  155.9  1963  143.8  1836  173.3  1864  169.8  1905  176.1  1847   416.6  2026   281.2  2019   342.4  1910   420.3  2006  1287.8  1852
  160.8  1872  129.2  1876  123.6  2019  103.5  2005  109.2  1943  119.1  1877  137.6  2002  153.7  2014  143.2  1891  171.9  1841  169.7  1911  174.2  2020   416.4  1960   280.3  1882   341.4  1895   418.7  1930  1283.6  2012
  159.1  1988  128.8  1977  120.2  1978  103.3  1882  109.1  1976  118.1  2004  137.1  1918  153.0  1878  142.4  1885  171.1  1853  169.4  1926  173.2  2006   415.2  1883   279.6  1932   341.3  1931   413.1  2010  1267.6  1836
  157.8  1868  128.0  1941  119.2  1947  101.3  1843  108.8  1872  116.3  1928  136.6  2007  148.3  1895  141.3  1930  170.8  1938  166.6  1844  170.2  1900   411.6  1925   278.0  1906   341.3  1916   409.8  1836  1266.4  1900
  157.0  2005  126.0  1866  116.9  1921   99.2  1859  108.3  2015  115.6  1882  135.9  2012  147.7  1927  138.0  1896  170.5  1906  161.9  1939  163.4  1919   411.4  2000   277.5  2005   341.1  1927   407.4  1998  1262.0  1882
  155.8  1994  124.8  1868  116.8  1842   97.6  1846  106.9  1894  115.1  1846  135.7  1884  146.1  1894  137.8  2022  169.0  1990  161.3  1944  162.9  1872   409.2  2008   277.2  1867   337.8  2020   401.9  1944  1253.6  1990
  155.6  1962  123.9  1916  116.4  1862   96.5  1877  106.9  1920  110.7  2002  133.9  1956  145.3  1962  137.4  1935  168.8  1845  159.7  1877  161.5  1912   408.0  1984   276.2  1968   336.5  2017   394.1  1950  1248.8  1846
  155.5  1875  121.8  1966  116.0  1980   96.3  1876  106.7  1885  109.8  1912  133.6  1936  144.9  1841  137.3  1924  167.7  1967  158.3  2000  159.4  2000   407.9  1872   274.8  1868   336.3  1903   391.9  1861  1243.8  1982
  155.5  1938  121.6  1885  115.2  2018   95.8  1880  106.2  2003  108.1  1935  133.6  1998  142.4  1892  137.2  1908  166.7  2000  156.8  1916  158.6  1924   405.2  1912   274.3  1897   335.5  1930   389.8  1839  1243.4  1985
  154.6  1926  121.5  1914  113.9  1988   95.1  2008  104.9  2002  104.0  1844  133.2  1873  142.3  1928  136.8  1861  163.7  1907  155.8  2018  156.6  1979   402.7  1974   274.1  1872   333.3  1957   389.6  1960  1238.8  1927
  153.5  1884  121.3  1926  113.3  1987   94.1  1951  104.7  1931  103.9  1856  132.0  1939  142.3  1906  135.8  1983  159.9  1865  154.1  1836  155.7  1993   399.0  2002   271.3  1903   326.8  1897   387.7  1916  1238.7  1868
  152.9  2002  119.7  2007  112.8  1848   93.5  1904  104.6  1947  103.3  1987  129.5  1882  142.2  1897  134.1  1992  159.6  1892  153.8  1997  154.5  1882   391.8  1920   270.6  2000   326.6  1946   386.5  1845  1232.8  2004
  150.7  1863  119.4  1893  112.7  1977   90.7  1913  104.3  1972  102.7  2016  126.6  1953  139.9  1912  128.9  1864  159.3  1875  153.2  1919  153.2  1954   391.7  1923   267.2  1886   325.1  1963   381.5  1940  1230.8  1938
  150.2  1972  117.8  1871  112.2  2024   89.8  1856  103.6  2019  102.2  1927  124.1  1895  139.7  1943  127.3  2010  157.5  1995  153.0  1914  152.5  1994   387.0  1926   262.2  2006   324.7  1848   379.8  1846  1227.2  1923
  150.0  1840  116.8  1870  111.5  1882   89.7  1985  101.2  2007  101.9  1963  123.5  1931  138.3  1903  127.3  1984  156.2  2013  152.9  2006  151.6  1948   384.7  1957   260.6  1976   323.3  1837   377.2  1903  1226.9  1848
  149.9  1995  116.3  1880  110.9  1976   89.2  2016   99.1  1862  101.7  1853  122.8  1871  138.3  2009  126.3  2023  155.7  1926  151.6  1982  150.5  1956   374.3  1866   260.0  2015   322.5  1883   377.2  1877  1226.6  1926
  149.1  1999  116.2  1967  110.7  1888   88.7  1960   97.6  1938  100.9  1854  122.8  1950  138.1  1879  125.8  1875  155.5  1847  149.5  2014  149.9  1958   373.8  1930   258.3  1907   321.9  1988   375.6  1932  1224.8  1999
  148.7  2015  114.8  2026  110.5  2023   88.2  1922   97.5  1878  100.5  1845  122.4  1879  137.2  1960  124.9  1873  155.4  1996  148.7  1974  149.6  1983   369.9  1840   255.3  1954   320.3  1928   374.7  1898  1217.1  1993
  146.1  2007  114.5  1950  110.3  1982   88.1  1961   96.1  1840   99.2  1852  122.4  1946  135.8  1957  124.5  1857  153.4  1909  148.3  1881  148.6  1932   362.3  1900   255.1  1905   320.2  1900   374.4  1963  1216.9  1960
  146.1  1873  112.5  2000  109.7  1920   86.4  1999   95.4  1854   98.8  1926  120.9  1938  133.9  1863  124.2  1866  152.9  1988  146.2  1906  148.2  1945   361.4  1967   253.3  1994   319.1  1966   373.4  1891  1215.5  1988
  144.1  1862  112.3  1937  108.3  1967   85.6  1923   95.3  2009   98.0  1999  119.1  1970  132.5  1951  123.4  1956  152.5  1981  145.4  1852  147.6  1891   360.8  1975   252.9  1985   317.6  1860   369.1  1881  1210.0  1984
  143.3  1869  112.3  1960  107.7  1861   85.2  1916   95.3  2024   97.7  2020  118.1  1880  131.7  1846  122.0  1945  151.3  1968  144.7  2025  145.8  1902   360.7  2013   252.9  1876   316.3  1862   369.1  2005  1209.3  1934
  142.4  1894  112.1  1945  107.7  2008   84.8  1996   94.8  2005   97.7  1998  116.8  1843  127.5  1966  121.1  2011  149.9  1934  144.7  1941  145.4  1949   360.6  1933   252.7  1908   315.3  1882   368.4  2020  1209.0  2024
  140.7  1867  111.6  1900  106.1  1857   84.5  1950   94.4  1843   96.6  2019  115.5  1922  127.1  2012  120.0  1868  149.3  2022  142.9  1882  145.3  2024   360.3  1928   252.2  1977   314.5  1980   368.4  1977  1204.0  1930
  140.7  1921  111.5  1856  105.4  1859   84.3  1959   93.4  1979   94.9  1916  115.2  1910  125.7  2020  119.6  2006  148.6  1943  141.9  1898  144.6  1985   359.0  1868   251.0  1969   314.4  1912   367.7  1939  1203.6  2019
  140.4  1986  111.1  1910  105.4  1884   83.9  1991   93.2  1942   94.3  1900  114.7  1877  125.4  1964  116.2  1944  148.5  1877  140.5  1970  143.5  1974   358.0  1945   250.4  1988   313.0  1894   367.5  1928  1197.7  1966
  140.2  1983  110.6  1978  104.8  1990   83.7  1919   93.1  1899   94.2  2011  114.4  1915  124.7  1988  115.6  1863  148.2  1961  139.1  1935  141.0  1897   354.3  1873   249.7  1999   312.8  1998   367.0  1869  1194.4  1862
  139.1  1936  110.4  1904  102.8  1886   83.4  1992   92.5  1892   92.3  1890  114.4  2020  124.5  1921  115.3  1899  147.8  2006  138.9  1875  140.9  1997   354.1  1899   248.6  1885   309.5  2015   365.1  1890  1187.6  2022
  138.7  1922  110.0  1996  102.4  1866   82.6  1979   92.4  2006   91.4  1985  113.4  1937  122.8  1929  113.7  1961  147.0  1874  137.7  1930  140.6  1966   351.6  1922   248.1  1838   309.4  1853   364.7  1874  1182.6  1951
  136.4  1866  109.5  2017  101.9  1991   81.9  1863   91.9  1865   90.4  1892  111.6  1968  122.2  1881  113.4  1878  146.9  1928  137.1  1900  139.9  1839   350.8  1867   247.6  1851   309.2  1907   364.1  1841  1179.8  1894
  135.7  1899  109.3  1918  101.9  1895   81.3  1953   90.6  1966   90.4  1896  110.5  1853  122.1  1904  112.9  1926  146.8  1898  136.6  2019  138.7  1898   350.3  1939   246.8  1972   309.2  1924   363.7  1967  1179.0  1986
  134.3  1932  108.6  1837  100.6  1912   81.0  1994   90.2  1873   90.3  2008  109.9  2011  121.5  1900  112.3  1942  146.5  1872  136.3  1991  138.4  2011   349.7  1913   245.7  1843   308.5  1881   361.9  2011  1174.8  1978
  131.8  1957  108.4  1933  100.1  1838   81.0  1986   90.1  1923   89.8  1863  109.8  1861  121.4  1934  111.9  2017  145.9  1862  136.2  1960  137.5  1957   347.9  1852   245.3  1987   303.6  1874   359.6  1876  1173.5  1912
  131.7  1900  108.1  2001   99.9  1868   80.5  1965   89.7  1999   89.7  1945  109.0  1965  120.7  1989  111.2  1887  145.4  1927  134.5  1864  137.5  1860   346.9  1980   244.3  2011   302.6  1938   358.2  1906  1172.1  1992
  131.6  2024  107.5  1994   99.6  2015   79.9  1857   89.2  1958   88.7  1965  106.8  1849  120.1  1941  110.1  1840  144.3  1859  134.5  1977  136.3  1982   343.3  1884   244.1  1877   300.6  1841   357.9  1918  1171.1  1883
  131.1  2004  107.3  1884   97.7  1839   79.3  1905   87.8  1932   88.7  1947  105.5  1896  119.5  1961  109.6  1876  143.8  2008  133.7  1998  133.2  1866   342.1  1988   242.7  2002   300.6  1892   357.3  1873  1168.2  2006
  131.1  1854  107.0  1920   97.2  1864   79.2  1975   84.7  1858   87.7  1839  105.1  1932  118.5  1852  108.8  1838  141.2  1848  132.9  1880  132.7  2022   341.3  2001   242.6  1846   299.5  2014   355.0  2014  1164.5  2007
  130.9  1836  106.8  1939   96.7  1879   78.8  1963   83.6  1838   87.4  1944  104.4  1900  117.6  1946  108.1  1968  139.9  1993  131.4  1929  130.4  1862   340.3  1849   242.4  1857   298.1  1970   351.2  1999  1164.1  1861
  130.7  1883  105.6  1844   96.6  1934   78.8  1972   83.5  1909   86.5  1946  104.2  2008  116.5  1865  107.8  1934  139.6  1930  130.8  1917  129.5  1895   339.1  1999   241.9  2021   295.0  1836   349.9  1992  1162.9  2005
  130.5  1943  105.3  1951   96.4  1940   77.5  1968   83.0  1856   83.3  1956  103.8  1881  115.7  1950  107.7  1925  138.7  1939  130.5  1980  129.0  1901   339.0  1863   241.5  1888   294.5  1888   348.4  2025  1162.1  1945
  130.0  1913  105.1  1869   95.5  1891   77.4  1983   81.9  1867   83.0  1851  102.7  2019  115.5  1970  106.9  1967  138.7  1984  130.4  1996  127.8  1990   338.6  1956   240.7  1879   292.1  1873   348.1  1965  1160.4  2016
  129.7  1939  104.7  1852   95.0  1939   76.9  1966   81.8  2013   82.9  1840  102.2  1865  115.1  1905  106.8  1954  137.4  1917  129.6  1947  126.3  1916   338.2  1998   240.2  1898   292.0  1890   347.6  2019  1154.0  1866
  129.1  1947  102.3  1957   94.7  1860   76.3  1850   81.4  1973   82.9  1958  102.0  1933  114.9  1866  106.3  1953  136.3  1979  129.5  1986  125.6  1980   336.5  1993   238.8  1914   291.4  1950   347.2  1882  1148.2  1950
  127.5  1912  101.8  1972   94.4  1964   76.3  1837   81.2  1926   82.6  1972  101.7  2016  114.9  1872  106.2  1841  135.2  2009  129.0  1928  122.9  1942   335.4  1962   238.2  1964   290.6  1987   346.5  2004  1147.5  1963
  127.3  1969  100.6  1881   92.9  1983   76.2  1926   81.0  1944   82.5  1881   99.7  1951  114.9  1907  104.7  1978  134.4  1987  128.9  1992  122.8  1870   334.7  1935   237.7  1904   289.4  1951   346.1  2018  1145.2  1967
  127.2  1942   99.7  1970   92.2  1916   76.2  1851   80.9  1902   82.3  2005   99.0  1894  114.7  2024  104.6  2019  134.1  1949  128.5  1910  122.5  1836   333.8  1943   236.3  2012   288.5  1845   345.5  1946  1143.9  1910
  126.5  1978   99.1  1864   92.1  1937   76.0  1901   80.5  1904   82.3  1876   98.8  1841  114.6  1986  104.0  1923  133.7  1896  127.8  2005  122.2  1858   330.8  1950   232.5  1889   288.0  1867   344.9  1878  1140.7  1977
  125.9  1945   98.3  1935   91.8  1986   76.0  1988   80.5  1963   82.2  1969   98.4  1929  114.3  1958  103.9  1886  133.7  1945  127.0  1895  122.0  1936   330.6  1910   231.6  1966   287.8  1856   343.9  1970  1139.8  1906
  125.4  1970   97.5  1922   90.0  1872   75.9  1977   79.9  1955   81.1  1875   97.5  1886  114.1  1920  103.4  1883  132.9  1843  126.4  1850  121.5  1907   329.8  1991   231.5  1928   287.3  1960   343.7  1980  1138.9  1995
  123.9  1960   97.3  1911   89.1  1883   75.3  1964   79.0  1918   80.4  1857   96.8  1851  113.8  1883  102.7  1970  132.9  1977  126.1  1899  121.3  1920   328.9  1983   231.0  1927   286.2  1962   343.5  2001  1138.0  1924
  122.7  1930   96.7  2016   88.8  2011   75.3  1872   78.7  1948   79.6  2025   96.5  1891  113.8  1924  101.6  1846  132.8  1983  125.3  1981  121.0  1869   328.3  2005   230.9  1951   285.5  1852   342.3  1852  1137.9  1915
  121.8  1998   96.6  1877   88.4  2017   74.4  1879   78.7  1877   79.6  1888   96.4  1890  113.3  1979  101.5  1948  132.0  1933  123.1  1994  120.6  1856   328.0  1958   230.9  2008   283.1  1929   341.6  1991  1136.2  1974
  121.5  1920   96.2  1948   88.2  2007   74.3  2014   78.5  1995   79.1  1943   96.4  1866  113.3  1855  101.3  1845  131.4  1940  122.8  1978  120.1  1944   326.3  2015   227.5  1978   281.8  1851   340.8  1923  1136.1  1875
  121.2  1916   93.9  2024   87.6  1890   74.3  1987   78.2  1934   78.8  1878   96.1  1840  111.6  1954  101.1  1938  131.1  1941  122.7  1999  119.1  1899   325.8  1977   226.5  2009   281.5  1891   340.0  1900  1134.4  1920
  119.1  1886   93.0  1991   87.5  1957   74.1  1931   77.7  2022   78.6  2014   95.5  1959  110.5  2000  101.1  1977  130.2  1873  121.6  1979  118.9  1930   324.8  1948   226.1  1958   280.5  1943   338.4  1892  1132.7  1994
  118.2  1860   92.4  1912   87.2  1985   73.9  1885   76.0  1985   77.9  1836   95.4  1961  110.4  1901  101.0  1874  129.9  1876  121.5  1950  118.7  1910   321.8  1986   225.5  2014   279.1  2023   338.4  1859  1132.2  2021
  117.9  1843   91.7  1980   86.9  1927   73.8  2013   75.6  1850   77.6  1952   94.3  1960  109.8  1873   99.3  1988  128.3  1870  120.3  2011  117.6  1845   320.1  1938   225.4  1884   277.9  1889   338.0  2021  1129.4  1979
  117.1  2003   91.5  1954   86.7  1896   72.7  1920   75.0  1941   75.9  1861   94.2  1909  109.5  1982   99.3  1998  128.2  2012  120.1  1876  117.5  2019   319.8  1987   225.4  2004   277.1  2016   336.9  1905  1128.7  1980
  116.4  2009   90.9  1936   86.5  2001   72.2  1907   74.8  2012   75.0  1847   94.0  1920  108.9  1949   98.6  1958  127.8  1923  120.1  1843  117.2  2025   319.7  1972   225.0  1945   276.4  1992   334.2  1968  1126.2  1932
  114.6  1927   90.4  1958   86.1  1899   71.4  1949   74.1  1981   74.7  1911   94.0  1839  108.2  1980   98.1  1936  125.8  1852  120.0  2007  117.0  1962   319.6  1949   224.4  1910   275.3  1965   334.0  1961  1120.4  1958
  114.5  1859   90.3  1961   86.1  1995   71.3  2018   73.7  1965   74.5  1901   93.0  1855  107.7  1837   95.6  1974  125.8  1886  118.7  1838  116.2  1951   319.4  1978   224.3  1836   275.0  1917   331.4  1974  1118.5  1838
  114.3  1951   89.6  1988   85.7  1932   71.2  1970   73.3  1927   73.9  1981   92.8  1962  107.5  1916   95.6  2009  125.6  1991  118.6  1953  115.5  1921   319.3  1859   224.3  1923   270.7  1923   330.7  1917  1117.5  1935
  114.2  1906   88.9  1865   85.6  2021   70.9  1862   73.1  1929   73.9  1954   92.2  1987  107.2  1860   95.5  1881  125.4  1966  118.4  1949  113.8  1938   317.9  1850   223.9  1847   269.8  1858   330.5  1988  1109.6  1914
  114.1  1934   88.8  1974   84.8  1919   70.8  1940   73.1  1884   73.6  1837   92.0  1930  106.3  1952   95.4  1943  125.3  1881  117.9  1854  113.7  1946   316.8  1946   223.6  1989   268.9  1953   330.4  1886  1108.8  1839
  113.6  2000   88.5  2010   84.8  1952   70.8  1927   73.1  1849   73.2  1953   91.9  1971  106.0  1838   94.4  1980  125.1  1858  117.3  1969  113.7  2003   316.4  1885   223.3  1997   268.5  1855   326.5  1951  1108.0  1962
  113.0  1976   87.8  1861   84.0  1855   69.6  1902   72.4  1900   72.2  1893   91.5  1862  105.9  1856   94.3  1880  124.4  1944  116.7  1874  113.7  1884   311.6  1901   222.5  1943   267.5  1871   325.9  1996  1106.6  1845
  112.8  2013   87.0  1928   83.6  2002   69.6  1973   72.4  1870   71.9  1977   91.5  1975  104.6  2017   93.8  1963  124.1  1912  116.4  1845  113.7  1909   311.6  1941   222.2  1965   267.4  1844   322.0  1959  1105.5  1970
  112.1  1982   85.7  2008   83.0  1881   68.9  1944   71.8  1881   71.6  1964   91.4  1872  104.6  1862   93.7  1932  123.9  1900  114.7  1985  113.6  1893   310.1  2004   222.0  1981   265.8  1945   322.0  1853  1103.7  1873
  111.6  2018   85.2  1992   82.7  2010   68.6  2023   71.2  1888   71.0  1983   91.2  1875  104.5  1845   93.7  1993  123.3  1929  114.6  1848  113.6  1964   309.7  1970   220.6  2018   264.6  1954   320.9  1924  1103.6  1899
  111.5  1971   85.1  1836   82.7  2014   68.2  1969   70.5  1937   69.3  1959   91.2  1899  103.7  2001   93.3  2018  121.8  1878  113.4  1887  112.8  1859   307.7  1936   219.7  1924   262.6  2024   319.1  1943  1102.8  1946
  110.7  1919   83.6  2005   82.5  1951   68.0  1900   69.5  1879   69.0  1895   91.2  1927  103.3  1890   93.1  1947  120.5  2011  113.4  1891  112.7  1984   307.5  1870   219.3  1926   261.6  2010   318.5  1847  1102.4  1884
  109.8  2021   83.4  1882   82.3  1958   67.6  1911   68.8  1921   68.9  2009   91.1  1874  102.0  1851   92.9  1964  119.2  1895  113.3  1842  112.5  1953   306.8  1892   219.0  1894   261.3  1937   318.3  1985  1101.7  1931
  109.0  1991   82.6  1859   81.8  1998   66.9  1848   68.5  1964   68.8  1883   90.3  1934  102.0  2007   92.6  1903  119.0  1942  111.7  1859  112.3  1998   305.5  1860   218.9  2003   261.3  1866   315.3  2012  1101.1  1890
  108.9  2023   82.4  1879   81.7  2026   66.8  1849   68.5  2014   68.7  1913   89.8  1848  101.2  1850   92.0  1892  118.8  1980  111.6  1927  111.9  1865   305.4  1871   218.6  2013   261.0  1934   314.7  1838  1101.1  1997
  108.5  1961   82.3  1955   81.3  1844   66.8  1836   67.8  1971   67.9  1894   89.5  1947  100.4  1978   91.6  1928  118.8  1918  111.1  2003  111.7  1864   304.7  1865   218.2  1921   257.8  1893   313.6  1885  1097.7  2010
  107.4  2020   80.5  1943   80.1  1950   66.5  1943   67.8  1846   67.3  1869   89.2  2024   99.8  2002   90.4  1882  118.7  1889  110.6  1839  111.1  1925   304.6  1966   216.4  1848   257.1  1896   313.3  1979  1094.3  1925
  107.2  1965   79.9  1840   79.7  1954   65.6  1978   67.4  1953   66.5  1864   88.5  1902   99.8  1893   89.5  2008  117.1  1959  109.7  1878  110.9  2014   304.1  1876   215.9  2023   255.9  1961   313.0  1941  1093.8  1864
  105.8  1910   79.7  1899   79.5  2009   65.2  1948   67.4  1914   65.8  1994   87.7  1945   98.2  1898   89.4  1870  116.9  1891  109.0  1923  110.5  1854   303.9  1997   215.6  2007   255.8  1926   312.6  1883  1092.9  1965
  104.6  1967   78.9  1962   79.2  2005   64.4  1838   67.2  1982   64.5  2001   87.2  1941   97.2  1853   89.2  2025  116.3  1869  108.5  2023  110.4  1875   303.1  1947   215.2  1931   255.2  1875   311.9  1990  1091.6  1957
  104.2  1865   78.7  1984   79.2  1968   63.0  1847   66.6  1952   63.8  2015   87.1  2025   97.2  2015   88.0  1987  116.1  1871  107.4  1966  109.8  1937   302.7  1837   214.4  1942   254.9  1878   311.8  1934  1090.6  1907
  103.6  1933   78.5  1949   78.8  1874   62.7  1897   65.9  1868   63.7  1859   87.0  1980   95.2  1987   86.8  2004  114.5  2025  106.9  1840  109.4  1973   302.6  1979   214.3  1991   252.1  1839   311.0  1896  1089.4  1841
  101.9  1846   78.5  1889   77.3  1846   62.6  2001   65.7  1898   63.5  1970   86.2  1889   95.1  1915   86.0  1898  113.9  1882  106.7  1849  108.7  1841   301.9  1851   213.3  1871   252.1  1843   310.8  2008  1088.5  1939
  101.6  1931   78.3  1931   77.1  1971   62.2  1930   65.6  1996   62.7  1902   86.1  1978   94.7  1942   85.8  2012  113.1  1952  106.3  1995  108.6  1965   301.0  1861   213.2  1922   252.0  1918   310.3  1966  1087.9  1897
  100.1  1958   78.0  1982   76.2  1993   60.5  1962   65.6  1917   62.7  1917   85.9  1893   94.5  1937   85.7  1842  112.6  1855  106.1  1883  108.5  1842   300.7  2022   212.5  1901   251.7  1915   310.1  1840  1087.5  1947
   99.3  1946   77.7  1999   74.7  1906   60.2  2022   65.6  1891   62.6  1880   85.8  1908   93.5  1977   85.4  2016  112.5  1860  105.7  1860  106.6  1952   300.0  1961   211.5  1982   251.5  1940   309.4  1899  1087.0  1891
   98.6  1980   77.5  1853   74.7  1997   59.7  1942   65.5  1882   62.3  1842   85.4  2013   92.3  1848   85.3  1879  111.9  1836  105.3  1847  106.3  1863   298.8  1931   211.4  1995   251.3  2001   307.6  1919  1086.4  1881
   98.4  1925   77.3  1849   74.2  1901   59.6  1888   65.1  1974   62.2  1855   84.2  1914   90.7  1885   82.7  1919  111.3  1839  105.1  1902  103.4  1877   298.5  1897   211.0  1996   251.2  1997   305.1  1888  1083.6  1943
   98.2  1923   76.9  1898   73.7  1974   58.6  1866   65.0  1889   61.9  1986   83.9  1838   89.2  1931   82.4  1859  111.3  1948  102.3  1965  102.7  1922   298.4  1955   211.0  1950   250.8  1840   303.8  1863  1082.2  1860
   97.5  1909   76.9  1867   73.5  1999   57.9  2003   65.0  2000   61.9  1929   83.5  1845   88.9  1876   81.9  1890  109.5  1924  102.2  1873  102.4  1923   294.6  1989   210.7  1940   248.4  1964   303.7  1844  1080.9  1944
   97.3  2010   76.0  1842   73.0  1867   57.6  1917   64.9  1842   61.8  1871   83.3  1844   88.4  1945   81.0  2021  108.4  2010  101.7  1884  102.4  1886   291.8  2023   210.3  1859   246.1  1939   303.3  2017  1080.8  1956
   97.1  1918   75.5  1998   72.4  2000   57.6  1874   63.6  1977   61.4  1930   83.2  2001   86.8  2021   80.7  1858  106.4  2019  101.2  2012  102.2  1928   290.3  1954   209.2  1937   243.2  1952   303.2  1949  1075.7  1976
   96.9  1977   75.3  1841   70.9  1845   57.4  1915   63.6  1962   61.0  2000   82.9  1942   83.2  1867   79.8  1893  106.2  1890  100.8  1865  101.7  1940   289.9  1904   208.8  1902   241.9  1979   300.8  1880  1075.1  1874
   95.6  1956   74.8  2025   70.4  1907   57.4  1869   62.3  1901   60.8  1993   82.8  1948   82.9  1871   79.7  1904  105.3  1863  100.7  1886  101.2  1960   288.4  1846   208.4  1948   241.7  1986   298.3  1983  1074.3  1898
   94.9  1944   74.6  1969   69.5  1894   57.3  1887   61.3  1949   60.4  1849   82.4  1973   82.8  1875   79.6  1991  104.7  1915   97.7  1962  100.9  1961   287.8  1969   205.9  1952   241.7  1863   297.7  1987  1074.0  1991
   94.6  1996   74.5  1860   69.1  2004   56.7  1924   60.8  1890   60.0  2018   82.4  2017   82.3  2006   79.4  2001  103.1  1883   97.6  1972  100.8  2021   287.4  2025   202.6  1960   241.2  1849   297.3  1912  1071.9  1981
   93.9  1895   71.6  1907   68.9  1877   56.6  1941   60.6  1908   59.9  1919   81.0  1926   82.3  1843   79.0  1900  102.7  1894   96.6  1920  100.1  1976   285.9  1951   202.6  1935   241.1  1920   297.2  1848  1069.3  1961
   93.6  1989   70.6  1892   68.3  1936   56.3  2010   60.5  1988   59.7  1982   81.0  2021   82.3  1971   78.7  1913  102.1  1989   95.9  1866   99.2  2008   284.3  1921   202.1  1891   240.4  1901   297.2  1911  1065.2  1937
   93.2  1915   69.2  1946   68.3  1946   55.4  1933   57.8  1987   59.5  1971   80.7  1993   82.0  1908   78.6  1867  101.0  1955   94.9  1857   99.1  1848   281.9  2011   201.8  1878   238.8  1978   296.6  1993  1064.6  2013
   92.5  2012   68.8  1846   68.0  1965   54.9  1903   57.2  1922   58.7  2024   79.1  1954   81.6  1998   78.4  1912  100.9  1854   94.8  1912   98.8  1849   281.2  2010   201.3  1919   238.6  1936   296.3  1866  1063.3  1867
   91.4  1874   68.1  1906   68.0  1885   54.6  1958   57.1  1957   58.6  2023   78.9  1921   81.1  2023   77.7  1960  100.7  1970   93.9  1846   98.8  2002   280.8  1864   200.9  1866   236.6  1922   294.2  2015  1063.0  1895
   90.0  2011   67.8  1838   67.7  1922   54.5  1952   57.0  2025   58.1  1989   78.6  1991   80.9  2010   77.6  1966   99.8  1905   93.9  2017   97.4  1904   278.5  1914   200.0  2022   236.5  1990   294.0  1962  1062.1  1856
   89.5  1949   67.1  1839   66.5  1925   54.2  2002   56.7  1897   58.1  1903   78.0  1856   80.2  1925   77.2  1871   99.8  1867   93.3  1913   96.4  1972   277.6  1875   199.6  1990   236.5  1906   291.6  1870  1061.7  1909
   89.3  1857   66.7  2015   66.0  1915   54.0  2019   56.7  1852   57.2  1951   76.8  1944   80.1  1844   76.9  1844   98.1  1884   91.9  1918   95.8  1880   277.3  1843   197.2  1971   236.1  1991   290.1  1931  1059.4  1983
   88.9  1908   65.5  1908   65.7  1917   54.0  1886   56.4  1857   56.9  1924   75.3  1974   79.7  1918   74.5  1915   97.5  2017   91.8  1933   95.8  1894   276.0  1898   197.0  1941   235.9  1854   287.9  1868  1058.3  1968
   88.5  1892   65.3  1968   65.4  1941   53.7  1883   55.7  1946   56.9  1841   75.0  1923   77.6  1965   74.0  1940   97.1  1925   91.0  1893   95.5  2009   275.9  1908   194.8  2016   235.5  1865   286.4  1865  1055.1  1888
   87.3  1904   65.3  2004   64.5  1948   53.1  1908   55.3  1998   56.8  1939   74.1  1981   77.5  1967   73.6  1922   97.1  2018   90.4  2020   95.2  1857   275.7  1890   192.8  1864   234.5  1944   286.0  1929  1052.5  1859
   87.2  1842   64.2  2006   64.2  2020   52.4  1895   55.2  1960   56.5  1984   74.0  1847   77.5  1887   73.6  1897   96.8  2024   89.5  1971   93.4  1987   274.2  1996   192.7  1883   234.3  1941   285.9  1953  1052.4  1987
   87.2  1844   63.3  1987   64.1  1966   52.2  1971   54.8  1864   56.2  1957   73.6  1979   77.3  1902   73.0  1884   95.7  1893   89.1  1967   93.2  1837   274.0  2009   192.7  1900   233.7  1971   285.8  1895  1049.6  1853
   86.3  1954   62.5  2018   63.8  1972   52.1  2015   54.8  1912   55.8  1960   72.5  1854   76.9  1858   72.7  1990   95.4  1937   88.1  1952   92.2  1903   273.9  1862   190.1  1874   229.9  1904   285.2  1945  1049.3  1918
   85.6  1839   62.2  1897   63.7  1904   51.7  2009   54.8  1841   55.5  1973   71.4  1859   76.4  2005   71.8  1853   95.2  1901   86.8  1892   91.8  2007   272.4  2012   189.0  1890   229.6  1884   285.1  1887  1049.1  1886
   84.7  1878   61.2  1845   63.4  1910   51.1  1989   54.4  1951   55.0  1979   71.4  1864   76.0  1935   71.1  1852   94.0  1994   86.4  1936   90.9  1871   271.9  1842   188.9  1917   228.5  1902   283.2  1857  1048.9  1863
   84.6  1924   61.1  1901   63.0  2013   50.5  1853   54.4  1911   54.4  1858   70.0  1842   75.9  1974   70.4  1957   93.5  1965   86.1  1915   89.2  1992   271.7  1856   188.7  1863   227.1  2000   283.1  1994  1046.5  1940
   84.5  1888   60.8  1981   62.9  1959   49.6  1929   54.1  1903   54.4  1867   69.8  1887   75.9  1926   70.2  1901   93.2  1840   86.0  1871   87.9  1918   270.6  1982   188.0  1880   226.5  1921   282.9  2013  1040.9  2017
   84.3  1985   60.6  1905   62.1  2022   49.4  1858   54.0  1992   54.2  1898   69.7  1907   75.0  1914   68.9  1877   91.8  1986   86.0  1841   87.8  2004   268.1  1981   187.8  1949   224.6  2025   282.1  1947  1033.6  1871
   84.2  1845   60.5  2019   62.1  1880   48.9  1878   53.7  1874   53.8  1975   68.9  1967   74.0  1849   67.5  1850   91.4  1920   85.4  2016   87.2  1878   267.6  1911   187.1  1842   224.3  1935   280.0  1856  1027.0  2001
   84.0  1850   60.3  1947   61.8  1930   48.8  1939   53.4  1910   53.7  2022   67.8  1892   73.1  1888   67.4  1969   91.3  1868   85.4  1869   87.2  1996   261.4  1918   187.0  2010   223.9  1876   280.0  1843  1024.7  1869
   83.8  1952   60.2  1887   61.8  1926   48.2  1990   52.4  1863   53.6  1974   67.7  1852   72.9  1969   67.3  1905   89.8  1971   84.9  1894   86.5  1888   254.8  1857   186.8  1881   217.4  1905   279.3  1871  1020.5  1941
   83.1  1856   59.3  1976   61.5  1942   47.4  1914   51.4  1860   53.4  1937   67.2  1963   72.7  2016   67.1  1952   89.4  1885   84.6  2001   85.9  1968   254.0  2003   186.3  1849   216.9  1908   278.0  1858  1020.1  2018
   83.0  1992   59.0  1956   61.2  2016   47.3  1945   50.8  1845   53.0  1843   67.2  2014   72.2  1973   67.1  1939   88.3  1921   84.2  1976   85.0  2016   252.5  2017   185.5  1858   216.4  1975   277.8  1908  1019.4  1878
   82.8  1887   58.4  2009   60.9  1873   47.2  1928   50.7  1875   52.9  1922   66.8  1992   72.1  1990   66.3  1920   87.9  1911   83.0  1973   84.9  1906   252.2  1965   184.1  1957   215.0  1942   274.4  1948  1019.0  1929
   82.5  1968   58.2  1913   60.7  1996   46.9  1884   49.9  1883   52.9  1950   66.4  1925   71.7  1840   66.2  2005   87.5  1936   82.9  1863   84.9  1873   250.6  1942   183.7  1973   214.2  1968   273.9  1933  1017.9  1879
   81.9  1941   57.8  1863   60.3  1841   46.9  1845   49.8  1839   52.3  1978   66.2  1997   71.2  1975   66.0  1994   87.2  1838   82.0  1897   84.8  2018   249.0  1882   181.6  1911   212.7  1850   273.5  1907  1017.2  1847
   81.7  1981   57.1  1942   60.1  1956   46.8  1995   49.7  2004   51.7  2003   66.1  1860   70.6  1836   65.5  1955   87.1  1974   81.9  2024   84.7  1850   248.3  2018   180.5  1912   212.1  1977   273.3  1850  1013.3  1949
   81.4  1882   54.8  1938   59.7  1911   46.6  1967   49.1  1837   51.6  1904   65.1  1986   70.4  1839   65.4  2020   87.0  1992   81.8  1885   84.6  1969   248.2  1992   180.3  1861   211.7  1999   272.8  1884  1004.4  1892
   81.1  1885   54.1  1851   59.0  1871   46.6  1937   48.9  1905   50.2  1850   64.9  2018   70.3  1944   64.9  1951   85.0  1963   81.8  1901   84.2  1881   246.3  1959   179.6  1959   211.7  1909   272.1  1975  1001.2  1849
   80.4  1901   54.0  1940   58.7  1960   45.9  1841   48.8  1970   50.0  1866   64.9  1905   70.2  1882   64.3  1989   84.5  1999   80.4  2021   83.4  1887   245.8  1906   179.6  1961   210.9  1982   272.0  1936  1000.8  1936
   79.9  1841   53.8  2013   58.3  1902   45.2  1896   48.0  1930   49.6  2006   64.7  1912   69.6  2018   63.6  1902   84.2  1888   79.1  1853   82.5  1883   245.4  1919   179.2  1856   210.0  1973   270.5  1978   999.5  1911
   77.3  1914   53.2  1971   57.4  1933   44.1  1906   48.0  2010   49.4  1934   63.7  1999   69.5  1919   63.5  1862   82.1  1910   78.6  1975   82.3  1977   245.3  1887   179.1  1939   208.8  1949   269.0  1997   998.5  1865
   75.8  1861   52.5  1862   57.0  1875   44.1  2006   47.7  1989   49.4  1909   62.3  2003   69.1  1953   63.4  1837   81.9  1956   78.2  1988   82.0  1908   236.8  1886   178.0  1873   206.4  1880   268.3  1952   995.4  1942
   75.8  1979   52.4  1983   57.0  1970   43.6  1855   47.3  1961   49.2  1873   61.7  1928   68.8  1884   62.9  1997   81.4  1861   77.5  2008   80.5  1981   235.5  1952   178.0  1984   206.0  1868   267.9  1909   995.4  1885
   75.8  1917   52.3  1854   56.2  1889   42.6  1894   46.7  1990   49.1  1908   61.6  1943   68.2  1922   62.5  1917   81.1  1837   76.7  1868   80.0  1991   235.5  1902   177.8  1944   204.8  1974   266.4  1893   994.7  1896
   75.4  1864   52.0  1963   55.8  1865   41.0  1891   46.4  1855   48.4  1936   61.3  1850   68.2  1909   61.8  1973   79.4  1850   75.3  1908   79.8  1913   233.9  1854   177.4  1895   204.6  1989   265.3  1842   993.3  1913
   74.2  1966   51.7  1944   55.6  1935   40.8  1864   46.4  1950   48.2  1962   60.3  2004   67.0  1994   60.1  1909   78.8  2015   75.3  1987   78.1  2005   233.9  1878   177.0  1970   203.5  1969   265.3  1915   989.0  1922
   73.8  2001   51.1  1927   55.4  1878   40.6  1976   46.3  2020   47.9  1968   59.3  1952   65.1  2022   59.6  2024   77.5  1958   75.1  1907   77.8  1935   233.6  1881   176.2  1962   202.6  1993   264.6  1862   988.6  1837
   72.6  1858   51.1  1929   55.2  1949   40.6  1890   45.8  1928   47.7  1910   59.2  1949   63.1  1996   59.2  1937   76.9  1957   75.1  1943   77.3  1861   232.0  1924   176.1  1860   200.8  1914   262.0  1854   986.4  1996
   71.6  1837   51.0  1843   55.1  1887   39.5  1957   45.5  1933   46.8  1899   59.0  2022   62.6  1854   57.8  1847   76.5  1851   74.8  1968   77.1  1855   230.9  1893   175.2  2001   200.6  1959   260.1  1914   984.3  1969
   70.9  1950   50.2  2023   54.8  2003   38.0  1875   45.1  1893   46.5  1967   58.5  1857   61.2  1993   56.9  1849   76.2  1866   74.8  1837   76.8  1874   230.8  1917   174.3  1854   197.7  2005   258.7  1942   983.9  1908
   70.7  1973   48.7  1855   54.4  1863   37.7  1956   44.4  2016   46.0  1870   57.7  1996   61.2  1896   55.9  2007   74.5  1950   74.6  1932   76.3  1867   230.5  1838   174.2  1839   197.6  1847   258.3  1860   983.1  1919
   70.0  1959   48.4  1874   52.9  1945   37.0  1954   43.7  1869   44.5  1933   57.6  1906   58.9  1859   55.5  1979   73.6  1880   74.2  1924   75.3  1989   226.0  1971   174.1  1850   197.1  2021   254.3  1920   979.0  1905
   69.8  1870   48.3  1886   52.2  1900   36.6  1870   43.6  1940   42.5  2013   57.5  1897   58.6  1938   55.3  2013   73.5  2016   74.1  1921   75.1  1931   225.7  1880   174.1  1855   194.5  2018   253.4  1986   978.8  1959
   69.5  1838   46.8  1919   52.2  1962   35.8  1955   43.5  2017   42.4  1955   56.2  1904   58.3  1842   50.6  1949   71.7  1919   73.9  1870   75.0  2001   225.4  1879   172.6  1837   194.0  1859   251.1  1956   978.0  1843
   67.3  2025   45.8  1878   51.5  1858   35.5  2011   41.7  1978   42.2  1915   55.8  1995   58.0  2025   50.4  1921   70.0  1849   73.1  1903   74.9  1889   224.7  1874   172.0  1930   193.2  1933   248.5  1925   974.8  1840
   66.3  1848   45.4  1873   51.4  1955   34.6  1936   41.1  1956   41.5  1914   55.6  2000   57.3  1939   50.1  1933   69.2  1897   72.1  1858   74.3  2017   224.6  1895   171.6  1865   193.0  1967   247.2  1901   970.6  1901
   66.0  1902   45.3  1875   50.0  1843   34.6  1893   39.9  1866   40.9  1961   55.5  1901   57.1  1911   49.9  1916   69.1  1913   72.1  1961   69.6  1995   224.3  1844   170.5  1953   193.0  1857   244.4  2016   966.2  1854
   64.9  1893   45.0  1924   49.3  1898   34.0  1982   38.9  1861   40.7  1949   54.7  1911   56.7  1936   49.3  2003   68.0  1899   71.5  2013   69.4  1885   223.3  1909   168.5  1845   190.7  1842   243.4  1969   964.0  1850
   64.9  1871   44.9  1857   49.1  1969   33.6  1861   37.8  1975   40.4  1874   53.0  1976   55.4  1997   44.5  1931   67.6  1914   70.3  1990   67.8  1971   223.1  1963   167.1  1955   186.5  1911   241.5  1910   963.1  2025
   64.8  2006   44.1  1953   48.6  1938   33.6  1997   37.4  1915   38.7  1995   52.8  1876   54.7  1972   44.2  2015   67.3  1902   67.9  1879   67.4  1927   221.6  1889   163.1  1974   185.8  1898   241.1  1913   959.6  1858
   64.6  1891   43.7  1909   48.6  1923   32.5  1921   36.8  2023   37.8  1992   52.1  1966   54.7  1968   43.2  1854   67.1  1931   65.5  1964   66.5  1838   220.6  1985   162.0  1975   184.4  1972   238.3  2024   957.9  1880
   64.5  1876   42.9  1888   48.3  1854   32.0  1881   36.6  1848   37.5  1886   51.6  2006   54.3  2013   42.6  1851   66.3  1842   64.1  1922   66.4  1950   220.1  1896   160.9  1841   183.6  2006   236.1  1902   955.6  1851
   62.9  1955   42.4  1973   47.2  1837   31.2  1892   35.5  1887   37.4  1942   51.4  1964   54.1  1857   41.5  1848   65.3  1908   63.1  1993   66.3  1941   219.3  1932   160.9  1938   182.2  2013   233.6  1849   954.2  1917
   62.2  1987   42.3  1964   46.8  1943   30.7  1854   35.3  1936   37.4  1905   50.2  1917   50.0  1999   41.5  1906   64.0  1964   61.6  1948   64.4  1947   219.2  1839   160.8  1915   181.9  1947   224.8  1897   948.0  1857
   59.8  1847   41.5  2012   46.5  1853   30.0  1860   35.3  1939   37.1  2010   48.4  1969   49.6  1870   40.2  1860   63.8  1857   60.9  1856   64.1  1988   213.2  1976   159.6  1892   181.8  1886   224.3  2007   943.3  1952
   58.7  1897   41.4  1847   46.5  2025   28.1  1918   34.1  2018   36.8  1996   47.8  1994   48.6  1847   40.1  1996   62.7  1922   60.4  2004   63.5  1905   213.0  1907   159.4  2017   180.6  1994   222.9  1955   939.6  1989
   58.1  1898   40.7  1975   46.4  1849   27.5  2017   32.8  1919   36.5  1906   47.3  1870   46.8  1886   39.6  1895   61.0  1973   56.3  1955   63.4  1967   211.1  1968   158.4  1896   178.1  1932   222.4  1964   938.9  1844
   58.1  2017   40.4  1902   45.0  1975   27.2  2025   32.4  1959   35.2  1918   47.2  1972   46.7  1933   39.6  1911   61.0  1953   55.2  1957   61.4  1970   210.9  1888   158.3  1933   178.0  1864   219.3  1837   935.8  1921
   56.6  1889   39.8  1896   44.4  1869   26.9  1873   31.8  1935   34.9  1976   46.7  1977   44.8  1940   39.5  1914   60.5  1887   55.2  1862   59.2  1939   209.5  1973   154.6  1980   177.8  2022   214.3  1971   935.7  1904
   56.5  1907   38.1  2003   44.2  1961   26.7  1839   30.1  1880   34.5  1923   45.4  1984   40.2  1913   37.2  1941   60.2  1844   54.3  1909   58.7  1879   207.1  2006   148.5  1946   170.0  1899   214.2  2003   933.8  1893
   55.8  1879   37.9  1890   38.1  1918   26.1  2007   29.3  1853   33.0  1920   45.0  1990   40.1  1932   36.6  2002   59.3  1947   54.1  1934   55.0  1917   204.5  1841   147.9  1887   169.6  1981   212.7  1921   928.2  1972
   54.5  1935   36.8  1986   36.4  1847   25.2  1912   28.8  1871   32.9  1932   41.6  1982   40.1  1864   35.6  1889   58.6  1969   53.1  1855   54.2  1890   203.9  1855   145.7  1875   169.5  1887   207.9  1958   925.6  1902
   54.1  1963   36.2  1930   36.4  1931   24.5  1946   28.6  1991   30.8  1885   40.3  1935   37.3  1869   35.0  1971   53.8  2003   50.0  1851   51.3  1846   203.5  1905   145.5  1869   166.3  1925   207.6  1894   923.8  1953
   51.6  1911   35.5  1952   36.0  1892   24.3  1844   28.1  2008   30.7  1868   39.5  1885   37.3  1991   34.7  1907   52.3  1997   49.5  1904   50.6  1943   203.4  1927   145.1  1918   161.0  1885   205.8  1973   920.3  1889
   50.8  1896   34.9  1895   32.7  1973   24.3  1974   27.7  1984   29.3  2021   39.0  2005   35.8  1959   32.1  1986   52.2  1856   45.8  1956   50.5  1853   199.5  1929   138.9  1956   157.6  1996   205.6  1989   914.9  1842
   50.6  1880   31.6  1858   32.0  1893   23.8  1865   26.5  1896   27.4  1891   38.2  1869   32.0  1899   31.3  1929   48.8  1975   45.7  1889   50.2  2010   199.4  1858   138.9  1870   153.4  1919   204.2  1867   908.7  1975
   48.2  2022   31.4  1965   29.9  1870   23.6  1981   26.3  1980   26.9  1941   33.4  1898   30.8  1984   31.1  1888   48.5  2007   43.6  1925   49.4  1840   197.3  1944   138.3  1936   143.0  1870   202.6  1957   907.0  1964
   47.1  1940   28.8  1917   28.9  1924   23.6  1984   26.1  1876   26.8  1889   32.6  1955   28.7  1983   31.0  1910   46.1  1962   39.3  1989   46.6  1892   192.7  1953   137.7  1929   142.8  1869   200.4  1922   882.8  1870
   46.2  1929   26.4  1959   27.8  1944   23.4  2021   26.0  2001   25.1  1884   25.8  1989   26.9  1955   27.5  2014   46.0  1985   39.3  1896   46.5  1844   192.0  1845   134.6  1840   138.8  2003   199.9  1889   877.5  1971
   45.5  1905   25.8  1979   26.8  2012   16.7  2020   24.4  1851   23.6  1940   24.6  1983   25.7  1880   27.0  1843   45.0  1879   31.9  1958   46.4  1963   186.5  2019   130.7  2025   132.7  1984   198.2  1879   877.2  1933
   44.6  1855   24.2  1993   25.7  1840   16.6  1852   23.1  1895   23.2  1988   24.0  1919   24.8  2003   25.8  1865   43.8  1904   29.7  1983   40.9  1975   171.0  1934   128.5  1844   132.3  1913   188.2  1855   840.8  2003
   42.0  1964   23.6  1985   22.2  1850   14.6  1938   22.9  1844   23.1  1921   23.4  1913   24.3  1976   25.1  1959   43.0  1978   29.5  1945   40.0  1851   160.3  1940   127.2  2020   124.2  1983   182.2  1937   828.9  1887
   42.0  1953   22.4  1921   21.8  1953   12.7  1840   20.3  1836   22.2  1887   23.1  1878   22.5  1995   22.5  1855   34.9  1972   27.6  1937   39.8  1933   152.5  1847   126.4  1853   116.9  1995   173.0  1904   822.0  1973
   41.2  2019   17.8  1891   18.7  1852   12.3  1980   19.1  1994   19.8  1925   18.5  1868   21.6  1981   19.9  1894   28.7  1951   27.4  1942   37.7  1926   136.5  1891   111.7  1893   112.2  1976   169.1  1851   821.3  1955
   37.1  1881   17.1  1934   14.9  1929    5.5  1842    5.7  1859   16.9  1865   17.9  1863    3.8  1947   16.1  1972   15.5  1946   25.8  1867   31.4  1843   130.7  1964    92.0  1852   102.0  1955   148.6  1972   801.2  1855
   30.8  1997    9.9  1932    6.3  1856    ---  2026    ---  2026    ---  2026    ---  2026    ---  2026    ---  2026    ---  2026    ---  2026    ---  2026     ---  1836     ---  2026     ---  2026     ---  2026     ---  2026
