Areal values from HadUK-Grid 1km gridded climate data from land surface network
Source: Met Office National Climate Information Centre
Monthly, seasonal and annual number of days in the month with precipitation amount >= 1mm for Scotland E
Areal series, starting in 1891
Last updated 01-Apr-2026 11:34
    jan  year    feb  year    mar  year    apr  year    may  year    jun  year    jul  year    aug  year    sep  year    oct  year    nov  year    dec  year     win  year     spr  year     sum  year     aut  year     ann  year
   25.0  1928   21.1  2002   23.6  1903   19.9  2012   22.9  1906   21.8  1907   22.1  1988   22.8  1985   20.5  1950   25.2  1903   22.6  1939   24.4  1900    61.5  2014    50.4  1979    56.8  1985    57.9  1935   208.5  1903
   23.2  2016   21.1  1923   21.8  1897   19.6  1899   21.3  1924   21.6  1912   21.8  2015   22.1  1903   20.0  1896   22.7  1932   22.3  2010   23.3  2015    61.0  1916    49.6  1905    55.5  1907    57.7  1954   204.6  1900
   22.5  2008   20.2  1990   21.2  1905   18.9  1934   20.6  1894   19.9  1991   21.3  1924   21.9  1891   19.8  1899   22.2  1960   22.2  1919   22.9  1915    60.8  2016    49.4  1983    52.5  1903    55.8  1900   196.4  1916
   22.1  1937   20.1  1916   21.1  1914   18.4  1998   20.6  1967   18.5  2002   21.2  1940   21.6  1895   19.1  1918   22.2  2020   22.2  1963   22.9  1959    56.5  1894    49.4  1903    51.7  1924    55.5  1903   191.3  1928
   21.9  1900   19.9  1925   20.6  1913   17.7  1932   20.3  1969   17.7  1935   21.0  1953   20.8  1917   18.9  1954   22.0  1917   22.1  1900   22.7  1911    55.3  1900    48.9  1899    51.2  2012    55.4  1938   190.5  1923
   21.9  2014   19.7  2014   19.7  1994   17.6  2024   19.9  1986   17.5  1927   20.8  1915   20.8  1960   18.4  1908   21.8  1907   21.4  1951   22.2  1934    55.3  1912    48.8  1947    51.0  1946    53.9  2000   187.7  1906
   21.6  1948   19.6  1904   19.5  1928   17.5  1905   19.4  1925   17.4  1948   20.5  1931   20.5  1910   17.9  1992   21.7  1935   21.1  1911   21.7  1896    55.2  1937    48.7  1986    50.5  1912    53.1  1960   185.4  2002
   21.5  1922   19.4  2020   19.4  1909   17.5  1904   19.3  1902   17.3  1928   19.7  2009   20.0  1956   17.7  1946   21.2  1906   20.5  2018   21.5  1929    54.7  1922    48.5  1916    50.4  2009    53.1  1905   183.8  1927
   21.2  1993   19.1  1894   19.4  1912   17.5  1985   18.9  2003   16.9  1896   19.5  1920   19.8  1943   17.5  1927   21.1  1916   20.3  1905   21.1  1978    54.1  1960    48.2  1920    50.2  1895    52.3  1984   183.4  1954
   21.0  1972   19.1  2022   18.7  2024   17.3  2008   18.8  1945   16.9  2004   19.4  1936   19.8  1930   17.4  2011   21.0  2021   20.3  1959   20.8  1912    54.0  1939    48.0  1963    49.7  2017    52.2  1923   181.0  2014
   21.0  1926   18.8  1910   18.6  2006   16.7  1920   18.0  1983   16.5  2012   19.3  2023   19.8  1992   17.3  1965   20.6  2022   20.2  1946   20.6  1901    53.8  2021    48.0  1904    49.6  1960    52.0  1982   180.5  1960
   20.5  1986   18.7  1915   18.4  2008   16.4  1898   17.9  1926   16.4  1946   19.2  1900   19.4  1941   17.3  1962   20.5  1976   20.2  2015   20.6  1919    53.8  1926    47.8  1925    49.6  1948    51.8  2022   179.3  1926
   20.4  1990   18.7  1941   18.4  1908   16.3  2004   17.1  1979   16.4  2017   19.1  1903   19.4  1923   17.3  1974   20.5  1892   20.0  1984   20.4  1949    53.7  2026    47.8  1932    49.5  1927    51.4  1980   178.7  1905
   20.3  1975   18.5  1918   18.3  2023   16.2  1975   16.9  2006   16.3  2020   18.7  1950   19.3  1904   17.2  2017   20.4  1967   20.0  1914   20.4  2023    53.3  1915    47.7  1906    49.3  1900    51.2  2010   178.6  2008
   20.2  2026   18.3  2011   18.3  1916   16.1  1977   16.8  2002   16.3  1947   18.6  1985   19.2  1897   17.1  1934   20.4  1938   19.9  2009   20.1  2020    53.0  1923    47.7  2024    49.2  2002    50.9  1927   178.4  1938
   20.2  1994   18.2  2026   18.2  1978   16.1  1925   16.8  2021   16.2  1966   18.4  1960   19.2  1951   16.9  1983   20.2  2001   19.7  1970   19.9  2013    52.7  1920    47.1  1902    48.1  2015    50.6  1950   177.9  1904
   20.1  1921   17.8  1966   18.2  1921   16.0  1947   16.7  1976   16.0  1987   17.9  1939   19.2  1907   16.9  1935   20.2  1900   19.7  2025   19.8  1898    52.5  1901    47.0  1913    47.8  1963    50.4  1928   177.7  2015
   20.1  1984   17.6  1997   18.1  1939   15.9  1959   16.7  2011   15.9  1938   17.8  1932   19.0  1928   16.8  1980   20.2  2004   19.5  1938   19.7  1910    52.4  1995    46.8  1909    47.7  2019    50.4  1974   177.4  2011
   19.8  2004   17.6  2000   18.1  1979   15.5  1927   16.7  1904   15.8  1897   17.7  2012   18.9  1906   16.7  1975   19.6  1954   19.4  1935   19.6  1986    52.0  1903    46.1  1934    47.5  1956    50.2  1892   177.0  1894
   19.8  1974   17.2  1937   18.0  1977   15.5  2016   16.6  1916   15.8  1892   17.6  1998   18.8  1963   16.7  2000   19.4  1961   19.2  1954   19.6  1999    51.8  1904    45.4  2006    47.2  1958    50.2  1932   176.7  1998
   19.6  1899   17.1  1914   17.6  1947   15.5  1992   16.6  1963   15.8  1944   17.5  1970   18.8  1905   16.6  1985   19.3  1996   19.1  1940   19.5  1938    51.1  1994    45.2  1967    47.2  1928    50.2  1944   176.4  2000
   19.1  1995   16.9  1931   17.6  1963   15.5  1910   16.3  2005   15.7  1916   17.5  2007   18.8  2008   16.6  1891   19.1  1909   18.9  2000   19.5  1966    50.9  2024    45.2  1926    47.2  1953    50.2  1930   176.4  1985
   19.1  1894   16.7  2021   17.6  1983   15.4  1900   16.0  2015   15.7  2016   17.4  2002   18.7  1912   16.2  1970   19.0  1930   18.9  1931   19.4  2011    50.7  1984    45.0  1908    47.0  1950    50.1  2011   176.2  1910
   19.1  1938   16.6  1903   17.5  1940   15.4  1909   16.0  1892   15.6  1900   17.2  1891   18.7  1927   16.0  1984   19.0  2014   18.9  2002   19.3  1954    50.7  2000    44.7  1897    46.4  1954    50.0  1970   175.5  2004
   19.0  1939   16.5  1926   17.5  1989   15.3  1935   15.9  1932   15.6  1963   17.1  2016   18.7  2019   15.9  1978   19.0  1995   18.9  1992   19.2  1956    50.4  1899    43.8  1977    46.4  2004    49.9  1917   175.5  1907
   18.9  1943   16.5  1958   17.4  1992   15.2  1979   15.9  1907   15.5  1945   17.0  1938   18.6  1948   15.9  1893   18.9  1982   18.8  2014   19.2  1985    50.2  1910    43.1  1914    46.3  2008    49.5  2006   175.4  1950
   18.8  1919   16.4  2007   17.0  1980   15.2  1961   15.8  1938   15.5  1972   17.0  1922   18.3  2009   15.8  1925   18.8  1923   18.7  1941   19.1  1914    49.9  2020    43.1  2005    46.1  1891    49.2  1939   175.3  2009
   18.7  2007   16.4  1951   16.8  1981   15.1  2000   15.5  1972   15.5  1985   17.0  1895   18.0  1958   15.8  1982   18.8  2006   18.7  1928   19.1  1955    49.5  1925    42.8  1927    46.0  1894    48.7  2001   175.3  1899
   18.6  1906   16.1  1922   16.8  1920   14.9  1950   15.5  2007   15.4  1998   16.9  1946   17.9  1892   15.7  1999   18.6  1928   18.7  1929   19.0  2012    49.4  2007    42.7  1985    46.0  1910    48.7  1896   175.2  1912
   18.6  1988   16.1  1893   16.3  2018   14.7  1931   15.5  2019   15.3  2019   16.8  2020   17.8  2014   15.7  1976   18.6  2002   18.7  1997   18.8  1916    49.4  1957    42.4  1898    45.9  2020    48.6  1963   174.8  1948
   18.4  1903   15.9  1935   16.2  1951   14.6  1970   15.4  2022   15.3  2011   16.7  1916   17.8  1894   15.6  1961   18.5  1934   18.6  1906   18.8  1965    49.4  1935    42.0  1894    45.6  1931    48.6  1906   174.1  1966
   18.1  1970   15.6  1995   16.1  1937   14.6  1901   15.2  1947   15.2  1931   16.6  1918   17.7  1946   15.6  1923   18.4  1895   18.4  1926   18.8  1899    49.2  1990    41.9  1969    45.4  1998    48.5  1919   173.9  1963
   18.1  1930   15.5  1950   15.9  1957   14.5  1965   15.1  1931   15.1  1997   16.6  1958   17.6  1954   15.5  1938   18.4  1998   18.3  1960   18.7  1974    49.1  2002    41.9  1992    45.3  1897    48.3  2017   173.8  1924
   18.0  2013   15.5  1939   15.8  1896   14.4  1903   15.1  1958   15.1  1999   16.5  1909   17.6  1924   15.5  1995   18.3  2000   18.3  1944   18.7  1895    49.1  1928    41.6  2008    45.3  1938    48.2  1992   172.3  2012
   18.0  1916   15.4  1955   15.8  1895   14.3  1951   14.9  1955   15.1  1990   16.1  2017   17.6  1950   15.5  1944   18.2  2011   18.1  1927   18.6  2022    49.1  1943    41.5  1972    44.9  1943    48.1  1926   171.7  1939
   18.0  1920   15.4  1989   15.7  1988   14.2  1923   14.9  1995   15.0  1980   15.9  1894   17.5  1962   15.5  1967   18.1  1983   17.9  1980   18.6  1923    48.8  1967    40.7  1907    44.9  1896    48.1  2018   171.6  1902
   17.9  1999   15.3  1960   15.6  1927   14.2  1986   14.8  2014   14.9  1926   15.8  2010   17.3  2024   15.4  1897   18.1  1905   17.9  1977   18.6  1993    48.7  1986    40.6  1901    44.8  1930    48.0  1967   171.3  1920
   17.9  1969   15.2  1912   15.5  1976   14.2  1996   14.8  2009   14.7  1965   15.7  1933   17.3  1988   15.4  1930   18.0  2013   17.8  1923   18.5  1942    48.7  1948    40.5  1965    44.6  1988    48.0  1981   171.2  1931
   17.6  2015   15.1  2024   15.5  1967   14.1  2001   14.7  1920   14.7  2007   15.6  1942   17.3  1921   15.1  1892   17.8  1942   17.7  1974   18.3  1893    48.7  1966    40.4  2015    44.6  1902    47.8  1998   170.7  1901
   17.5  1927   15.1  1933   15.5  1899   14.0  1926   14.6  1921   14.3  1943   15.5  1937   17.1  2017   15.1  2010   17.7  1901   17.6  1913   18.1  1907    48.5  1956    40.2  1998    44.5  2016    47.7  1995   170.1  1895
   17.5  1962   15.1  1972   15.5  1901   13.9  1963   14.6  1966   14.2  1954   15.3  1902   17.0  2012   15.0  1932   17.6  2023   17.4  1949   17.9  1920    48.4  1950    40.1  1931    44.5  1916    47.2  2004   170.0  1967
   17.5  1983   15.1  1945   14.9  1934   13.8  1983   14.6  1908   14.1  1956   15.3  1968   16.8  1929   15.0  1981   17.6  1896   17.3  2022   17.9  1980    48.2  1974    40.0  2002    43.8  2011    47.1  2025   169.7  2024
   17.5  1942   15.0  1954   14.9  1995   13.7  1993   14.2  1923   14.0  2008   15.1  1957   16.7  2004   15.0  1942   17.6  1918   17.3  1982   17.9  1983    47.6  1972    39.9  1921    43.3  2024    46.9  1976   169.6  1934
   17.4  1912   14.8  1978   14.9  1911   13.6  1916   14.1  1954   13.9  1919   15.0  1893   16.5  1898   14.9  1924   17.4  1898   17.3  1895   17.7  2009    47.6  1930    39.8  1951    43.2  2007    46.9  1918   169.5  2023
   17.3  1936   14.8  2017   14.9  1902   13.5  1911   14.1  1973   13.9  1902   14.6  1965   16.4  2011   14.9  2019   17.3  2008   17.2  2019   17.7  1994    47.5  1941    39.7  1940    43.2  1987    46.9  1891   169.5  1898
   17.2  1945   14.6  1977   14.8  2001   13.5  1953   14.1  1965   13.5  1952   14.6  1954   16.3  1893   14.8  2018   17.1  1990   16.9  1947   17.7  1952    47.4  1945    39.7  1928    43.2  1923    46.8  1940   169.4  1974
   17.1  1957   14.6  1900   14.8  1985   13.4  1994   14.0  1981   13.3  1981   14.5  1974   16.3  1942   14.7  1905   17.1  1912   16.9  1916   17.7  2000    47.4  1951    39.5  1976    43.0  2023    46.5  1916   169.3  1930
   17.1  2021   14.5  1892   14.7  1986   13.3  1972   13.8  1996   13.3  1913   14.5  1907   16.1  1989   14.6  1964   17.0  1988   16.9  1981   17.5  1897    46.9  1913    39.3  2014    42.8  1892    46.5  1961   169.3  1897
   16.9  1951   14.5  1996   14.7  2019   13.3  1913   13.8  1943   13.2  1929   14.4  1896   16.1  2000   14.5  1968   16.8  1989   16.8  2006   17.5  1958    46.8  1999    39.2  1993    42.8  1904    46.4  2019   169.0  2020
   16.8  1910   14.4  1980   14.6  1982   13.2  1915   13.7  1910   13.0  2025   14.3  2024   16.0  1982   14.3  1948   16.7  1968   16.7  1910   17.4  1945    46.7  1975    39.0  1966    42.7  1915    46.2  1899   168.6  1951
   16.8  2003   14.4  1948   14.5  1906   13.1  1964   13.7  1899   12.8  1901   14.2  1910   15.7  1979   14.3  2004   16.7  2017   16.7  1998   17.3  1924    46.7  2010    39.0  1923    42.2  1906    46.2  2023   168.0  1970
   16.6  1901   14.4  1905   14.4  1987   13.0  1960   13.6  1997   12.8  1924   14.1  1923   15.5  1902   14.2  1957   16.6  1980   16.5  1950   17.3  1891    46.7  1955    38.7  2000    42.2  1951    46.1  2020   167.8  1914
   16.5  1895   14.3  2016   14.2  2015   12.9  1940   13.6  1891   12.7  1937   14.0  2001   15.4  1978   14.2  1956   16.4  1939   16.4  1991   17.2  1918    46.7  1892    38.6  1910    42.0  1980    45.4  1977   167.5  1915
   16.4  1913   14.2  1967   14.1  1932   12.9  1902   13.5  1968   12.7  1958   14.0  1979   15.4  1964   14.1  1987   16.3  1984   16.4  1965   17.1  1921    46.5  1931    38.6  1945    42.0  1922    45.3  2009   167.4  1965
   16.4  1923   14.2  1898   14.1  2005   12.9  1930   13.5  1944   12.7  2001   13.9  1899   15.4  1915   14.1  1945   16.3  1944   16.2  1903   17.0  1997    46.2  2013    38.5  1900    41.9  1965    45.3  2021   167.0  1988
   16.2  1947   14.2  1908   14.1  1974   12.9  1941   13.5  1898   12.6  2005   13.9  1930   15.4  1901   14.0  1903   16.3  2009   16.2  1966   17.0  1902    46.0  2008    38.3  2019    41.9  1966    44.8  1934   167.0  1979
   16.2  2005   14.1  1920   14.1  1891   12.8  1922   13.2  1993   12.5  1971   13.7  1987   15.3  2015   14.0  1926   16.3  1929   16.1  1979   16.9  1962    45.9  1918    38.0  1937    41.7  1957    44.5  2008   166.9  2016
   16.2  1998   14.1  1969   14.0  1922   12.8  1907   13.2  1949   12.5  2009   13.7  2019   15.2  1961   13.8  2006   16.3  1948   15.9  1986   16.7  1906    45.3  1919    38.0  2013    41.6  1929    44.2  1898   166.7  1937
   16.1  1904   14.1  1988   14.0  1919   12.7  2005   13.2  1948   12.3  1894   13.7  1906   14.9  1953   13.8  2022   16.2  1941   15.8  2007   16.6  1984    45.3  1908    38.0  1995    41.6  2014    43.9  1968   166.6  1980
   16.1  1981   14.0  1961   13.8  1904   12.6  2018   13.1  1913   12.3  1959   13.6  1934   14.9  1957   13.7  2001   16.2  1987   15.8  1996   16.3  1928    45.2  1988    38.0  1939    41.3  2001    43.9  1943   166.5  1925
   15.9  2002   13.9  1956   13.8  2017   12.3  1989   13.0  2013   12.0  1994   13.6  1948   14.7  2023   13.7  1953   16.1  1952   15.8  1899   16.3  1925    45.1  1897    37.9  1924    41.0  1909    43.9  1966   166.2  1896
   15.9  1960   13.8  2005   13.6  2013   12.2  1894   12.8  1962   11.7  2024   13.6  1945   14.7  2010   13.6  2016   16.1  1981   15.7  2023   16.2  1904    45.1  1924    37.8  2004    40.2  1893    43.8  2014   166.1  1909
   15.9  1931   13.8  1906   13.3  1926   12.2  1966   12.7  1999   11.7  1895   13.6  1975   14.7  2001   13.6  1900   15.9  1979   15.7  1930   16.2  1948    45.1  1906    37.8  1994    40.2  1991    43.8  1893   166.1  2019
   15.8  1976   13.7  1970   13.3  1915   12.1  1949   12.6  1900   11.6  1957   13.5  2008   14.6  1952   13.5  2025   15.8  1943   15.7  2003   16.2  2019    45.1  1938    37.7  1996    40.0  1952    43.5  1908   166.0  1935
   15.8  1934   13.5  2018   13.3  1984   12.1  1973   12.6  1942   11.6  1939   13.4  1956   14.5  1986   13.5  1901   15.8  1894   15.5  1962   16.1  1979    45.0  1980    37.4  1999    39.9  1937    43.4  1895   165.8  2017
   15.8  2010   13.4  1992   13.2  1991   12.1  1908   12.3  2000   11.6  2014   13.4  1963   14.4  1918   13.3  1943   15.7  1926   15.4  1994   16.1  1903    45.0  1970    37.2  1988    39.8  1979    43.3  2012   165.4  1922
   15.8  1932   13.4  1974   13.2  1990   12.1  2014   12.3  1934   11.5  2003   13.3  1941   14.4  1900   13.3  1977   15.6  2005   15.4  1953   16.1  1932    45.0  2004    37.2  1949    39.6  1939    43.2  2002   165.3  1990
   15.7  1961   13.3  1911   13.0  1999   12.1  1917   12.3  1929   11.5  1898   13.2  1927   14.3  1909   13.3  1963   15.6  2012   15.4  1891   16.1  2024    44.9  1947    37.1  1917    39.6  1918    43.0  1911   165.2  1918
   15.7  1893   13.2  2010   13.0  2002   12.1  1919   12.1  1917   11.5  2000   13.2  1991   14.2  2018   13.2  1988   15.6  1940   15.3  1917   16.0  1946    44.7  1961    37.0  2012    39.2  1942    42.9  1946   165.1  1986
   15.6  2018   13.1  1936   13.0  1917   12.0  1944   12.0  1933   11.4  1903   13.0  1911   14.1  1980   13.1  1909   15.4  1974   15.2  1908   16.0  2002    44.6  1911    37.0  1970    39.0  1920    42.9  1901   165.1  1999
   15.6  1918   13.1  1957   12.6  1972   11.8  1939   12.0  1897   11.3  1964   13.0  1951   13.9  1922   13.1  2008   15.3  1927   15.0  1985   15.9  1936    44.5  1969    36.7  1922    38.9  1992    42.7  1965   164.8  1908
   15.5  1956   13.0  1999   12.6  1997   11.8  1937   12.0  1909   11.2  1969   12.9  1997   13.8  1966   13.1  1919   15.3  1933   14.8  2005   15.9  1998    44.4  1998    36.7  1958    38.8  1926    42.6  2005   164.7  1892
   15.4  1915   12.7  1984   12.5  1970   11.7  1999   11.9  1914   11.2  1910   12.9  1980   13.8  1934   13.1  1928   15.2  1921   14.8  2012   15.8  1964    43.8  1898    36.6  1968    38.5  1917    42.6  1952   164.2  2005
   15.4  1965   12.7  1928   12.5  1898   11.5  2013   11.9  1918   11.2  1953   12.9  2004   13.6  2005   13.0  1936   15.0  1949   14.7  1943   15.7  1951    43.4  1977    36.5  1989    38.4  1944    42.2  1979   164.2  1891
   15.4  1924   12.7  1947   12.4  1936   11.5  1968   11.8  2012   11.2  1922   12.8  2003   13.6  1896   12.9  1947   14.9  1891   14.7  2001   15.6  1894    43.4  1954    36.5  1911    38.4  1901    42.1  1949   163.9  1944
   15.3  2024   12.3  1994   12.4  1971   11.5  1933   11.8  1974   11.1  1930   12.8  1993   13.5  1987   12.9  2012   14.9  1966   14.7  1892   15.5  1937    43.3  1936    36.4  1981    38.3  1936    42.1  1941   163.9  1932
   15.3  1978   12.3  2001   12.3  2014   11.4  1943   11.7  1927   11.0  1904   12.7  1973   13.3  2002   12.9  1952   14.4  1902   14.5  2011   15.5  1922    43.3  2022    36.3  2023    38.0  1941    42.1  1948   163.0  1946
   15.2  1971   12.2  1991   12.3  1946   11.3  1969   11.4  1957   10.9  2015   12.5  1904   13.3  1974   12.9  2023   14.3  2019   14.4  2017   15.4  2021    43.2  2005    36.0  1978    37.9  1905    42.0  1999   162.8  1958
   15.1  1967   12.2  1962   12.3  1925   11.3  1929   11.4  2024   10.8  1908   12.4  1905   13.1  1925   12.8  1966   14.2  1925   14.3  1893   15.2  1982    43.2  1893    35.9  1891    37.7  1974    42.0  1987   162.5  1943
   15.0  1944   12.0  1949   12.3  1998   11.1  1962   11.4  1903   10.7  1950   12.3  1908   13.0  1914   12.8  1998   14.2  1977   14.3  1969   15.2  2025    42.9  1902    35.9  1950    37.6  1945    41.8  1929   161.5  1911
   14.9  1892   11.9  1946   12.2  1966   10.9  1895   11.2  1987   10.6  1993   12.3  1944   12.8  2020   12.7  1902   14.0  1970   14.1  1898   15.1  1944    42.8  1962    35.7  1957    37.4  1997    41.8  1909   161.2  2022
   14.8  2023   11.7  1943   12.2  1993   10.9  1897   11.2  1971   10.4  1960   12.3  1967   12.8  1926   12.7  1898   13.9  2010   14.1  2020   15.1  1953    42.7  1921    35.6  2009    37.3  2010    41.7  1983   161.1  1919
   14.7  2009   11.7  1929   12.2  2004   10.9  1988   11.2  1964   10.4  2022   12.2  1992   12.7  1990   12.6  1920   13.9  2024   14.1  2008   15.1  1976    42.4  1978    35.6  1964    37.0  1935    41.6  1914   161.1  1945
   14.5  1952   11.7  1944   12.1  1958   10.8  1991   11.1  2010   10.3  1911   12.2  2014   12.6  1965   12.6  1960   13.9  2025   13.9  1933   15.0  1990    42.4  1981    35.3  1915    36.8  1898    41.4  1913   161.1  1992
   14.4  1980   11.7  1927   12.1  1907   10.7  1924   11.1  1953   10.2  1977   12.1  2011   12.5  1973   12.5  1917   13.6  1950   13.5  1952   15.0  1960    42.4  1958    35.1  2016    36.7  1970    41.4  1962   161.0  1978
   14.3  2020   11.6  1940   11.9  1965   10.7  2010   10.9  1941   10.2  1899   11.9  1952   12.5  1971   12.5  1937   13.5  1893   13.5  1902   15.0  1973    42.4  1914    35.1  2001    36.4  1940    41.1  1947   160.8  2010
   14.2  1996   11.5  1901   11.9  1959   10.7  2023   10.9  1893   10.2  1983   11.9  1966   12.4  1998   12.3  1922   13.5  1913   13.5  1978   14.9  1940    42.3  2023    35.0  1941    36.4  1934    40.8  1991   160.5  1940
   14.2  1909   11.5  2009   11.9  1949   10.6  1896   10.9  1905   10.2  1909   11.8  1925   12.3  1938   12.3  1955   13.5  1991   13.5  1894   14.8  2014    42.2  1946    35.0  2018    36.2  1962    40.8  1988   160.4  1947
   14.0  1917   11.3  2006   11.8  2007   10.5  1945   10.8  1946   10.1  1979   11.8  1921   12.2  1993   12.2  2005   13.5  1931   13.4  1936   14.6  1908    42.1  1983    34.9  2021    36.2  1933    40.6  1996   160.4  1893
   13.9  1941   11.3  2008   11.7  1952   10.4  1906   10.6  1982   10.0  1951   11.6  1981   12.2  1967   12.1  1940   13.4  1999   13.3  1897   14.5  1909    41.9  2018    34.7  1987    36.1  1990    40.6  1902   159.9  2001
   13.7  1977   11.3  1998   11.6  1968   10.3  1928   10.6  1988   10.0  1961   11.5  1914   12.2  1920   12.0  1958   13.4  1957   13.2  1995   14.3  2006    41.8  1933    34.5  1930    35.9  1964    40.5  1931   159.9  1994
   13.6  1902   11.3  1982   11.6  2009   10.2  2015   10.6  1901   10.0  1967   11.5  1929   12.1  1916   12.0  2021   13.4  1924   13.1  1912   14.2  2003    41.8  1949    34.4  1895    35.8  1961    40.4  1925   159.0  1977
   13.6  1949   11.2  1907   11.6  2026   10.2  1990   10.4  1985    9.9  1989   11.5  1947   11.9  1949   12.0  1993   13.3  1955   12.9  1971   14.1  1950    41.7  2015    34.3  1912    35.7  1921    40.4  1924   158.4  1962
   13.5  1958   11.1  1924   11.6  2016   10.2  2002   10.2  1937    9.9  1974   11.1  1926   11.8  2016   11.9  1904   13.3  1986   12.9  1999   14.1  2005    41.7  1905    34.3  1959    35.6  1993    40.3  1990   158.3  1957
   13.5  2000   11.1  1899   11.6  1930   10.1  1914   10.1  1930    9.8  1923   11.1  2025   11.8  1969   11.7  1994   13.3  1915   12.8  2004   13.8  1930    41.6  1996    34.2  2003    35.2  1999    40.3  1907   158.3  1956
   13.5  2012   11.0  1968   11.5  1942   10.0  1978   10.0  1912    9.6  1917   11.0  1999   11.7  1937   11.5  1990   13.2  1914   12.7  1972   13.2  2004    41.3  2011    34.1  1933    35.1  1978    40.0  1994   158.0  2006
   13.4  1968   11.0  2025   11.4  1950    9.9  2006    9.9  1952    9.5  1906   10.9  1928   11.4  1977   10.9  1991   13.2  1919   12.7  1968   13.2  1969    41.1  2012    34.1  1962    35.0  2000    39.1  1936   157.7  1995
   13.3  1954   11.0  2004   11.4  1964    9.7  1948    9.9  1928    9.4  1968   10.7  2021   11.3  1908   10.9  1969   13.1  1963   12.6  1921   13.1  1961    40.5  1987    34.0  1955    34.6  1971    39.1  1985   157.5  1941
   13.3  1985   10.5  1938   11.3  2021    9.7  1956    9.9  1970    9.3  1933   10.7  1943   11.2  2006   10.7  1973   13.1  1937   12.6  1920   13.0  1967    40.4  2001    33.8  2011    34.4  2005    39.0  2015   157.5  1961
   13.2  1982   10.5  1897   11.3  1960    9.5  1958    9.9  1922    9.2  1949   10.7  1978   11.1  2021   10.3  1913   12.8  1993   12.5  1904   12.9  2016    39.6  1979    33.8  2022    34.4  1908    39.0  1953   157.4  1917
   13.1  1914   10.3  1942   11.3  2000    9.2  2009    9.9  1990    9.2  1914   10.7  1961   11.1  1933   10.2  1939   12.8  1994   12.5  1932   12.9  1935    39.3  1965    33.6  1919    34.4  1967    39.0  1942   157.2  1942
   13.1  1908   10.3  1976   11.2  1941    9.1  1967    9.7  1977    9.0  1962   10.6  1959   11.1  1911   10.2  1979   12.8  2018   12.3  2021   12.9  1995    39.1  1895    33.5  1944    34.3  1911    38.6  1978   157.0  1983
   13.0  1891   10.0  1987   11.2  2011    9.1  1987    9.6  1998    9.0  1934   10.3  1897   11.1  2013   10.1  2013   12.7  1911   12.3  1907   12.9  2017    39.1  1991    33.3  1990    34.2  2025    38.6  2013   155.8  2021
   12.9  1897    9.8  1953   11.2  2020    8.8  1955    9.6  1950    9.0  1978   10.3  1901   11.1  1919   10.0  2003   12.7  1936   12.2  1967   12.7  1947    39.1  1952    33.1  1975    34.0  1973    38.4  1957   155.6  1969
   12.8  1946    9.7  1913   11.2  1954    8.7  1942    9.3  2004    8.9  1893   10.2  1912   11.1  2007   10.0  2024   12.6  1910   12.1  1924   12.7  1905    38.9  1927    32.9  1997    33.7  1914    38.3  1897   155.4  2018
   12.8  1979    9.4  1983   10.6  1933    8.5  2022    9.3  1940    8.9  2023   10.1  2018   10.9  1970    9.9  1951   12.6  1958   11.8  1975   12.6  1987    38.8  1917    32.8  1942    33.5  1972    37.7  1951   155.4  1993
   12.5  1950    9.3  1919   10.6  1923    8.4  1957    9.2  1951    8.7  1973   10.1  2013   10.7  1996    9.9  2020   12.6  1945   11.7  1987   12.5  1968    38.8  2003    32.6  1943    32.8  1968    37.3  1959   155.0  1949
   12.3  1925    9.3  2015   10.6  2010    8.3  1891    9.0  1992    8.7  2006   10.0  1995   10.4  1935    9.7  1997   11.9  1956   11.7  1990   12.5  1981    38.7  2017    32.5  1961    32.7  1969    37.1  1997   154.9  1982
   12.1  2011    9.2  2013   10.5  1900    8.2  1995    8.8  1915    8.6  1984    9.9  1996   10.4  1944    9.7  1949   11.9  1971   11.7  1901   12.4  1970    38.5  2009    32.4  2010    32.0  1989    36.9  1912   154.1  2007
   12.1  1966    9.1  1986   10.3  1935    8.2  2019    8.7  1956    8.6  1955    9.7  1969   10.4  1936    9.6  1915   11.9  2016   11.6  1948   12.4  1957    38.1  1993    32.4  1973    31.8  1994    36.9  1975   154.1  1913
   12.0  1898    9.0  2019   10.3  1931    8.1  1936    8.7  1936    8.5  1936    9.7  1962   10.2  1994    9.5  1989   11.7  1959   11.6  1973   12.4  1972    38.1  1896    32.1  2007    31.7  1986    36.8  2016   153.9  1929
   12.0  1955    9.0  1963   10.3  1969    7.8  1952    8.7  1961    8.5  1996    9.6  1994   10.2  1939    9.2  1911   11.5  1992   11.5  1961   12.3  2008    38.1  1989    32.0  1982    31.5  2018    36.4  1933   153.6  1921
   11.9  1991    8.9  1952   10.3  1955    7.7  1893    8.4  2020    8.5  1918    9.6  1971   10.1  1940    9.1  2009   11.2  1947   11.4  2016   12.3  1977    38.0  1929    31.7  1954    31.1  1982    36.4  1964   153.4  1987
   11.6  1911    8.9  2023   10.1  1962    7.4  2003    8.3  2017    8.4  1995    9.5  1986   10.1  2025    9.0  2007   10.9  1973   11.1  1896   12.3  1931    37.7  1907    31.6  1960    30.8  1932    36.3  1910   153.1  1952
   11.4  1963    8.7  1902    9.9  2022    7.3  1892    8.2  1911    8.3  1970    9.2  1892    9.9  1931    8.8  1906   10.9  1922   11.0  1964   12.2  2007    37.6  1942    31.5  1896    30.8  1899    36.2  1921   153.0  2013
   11.2  1935    8.4  1981    9.7  1996    7.2  1976    8.1  2016    8.3  1982    9.1  1964    9.8  2022    8.5  1916   10.8  1964   10.8  1957   12.2  1913    37.5  1968    31.0  1935    30.8  1975    35.9  1955   153.0  1936
   11.1  1940    8.4  1896    9.7  1975    7.1  2017    8.0  1939    8.1  1976    9.0  2022    9.5  1975    8.5  1914   10.8  2015   10.8  1976   12.1  2001    37.3  1963    30.9  1948    30.4  1981    35.7  1969   151.8  1981
   11.1  1905    8.2  2012    9.6  1956    7.1  1921    7.8  1978    8.0  2013    8.9  1972    9.3  1997    8.4  1921   10.8  1904   10.6  1988   11.9  1917    37.2  1944    30.7  1892    30.4  1919    35.7  2003   150.3  1968
   11.0  1896    8.2  1973    9.5  1910    7.1  1971    7.7  1895    7.7  1975    8.9  1935    9.1  1972    8.2  1931   10.7  1899   10.5  2013   11.8  2018    36.9  1982    30.6  1971    30.2  2003    35.5  1986   149.1  1953
   11.0  1989    8.1  1971    9.3  1945    6.8  2021    7.5  1919    7.7  1986    8.8  1898    9.0  1999    8.0  2015   10.5  1969   10.4  1925   11.7  1988    36.7  1909    30.4  1991    29.8  1925    35.2  1945   148.7  1997
   11.0  2017    8.1  1965    9.2  1894    6.8  1982    7.5  2025    7.3  1942    8.5  1949    8.9  1913    7.7  1895   10.0  2003   10.3  1922   11.5  1971    36.4  1953    29.4  1952    29.7  1949    35.2  1904   148.3  1984
   11.0  1973    8.0  1930    9.1  1918    6.7  1997    7.3  1975    7.3  1920    8.3  1990    8.5  1945    7.2  1971    9.9  1908   10.3  1955   11.5  1892    35.8  1971    29.4  1974    29.2  2013    35.1  1894   147.4  1976
   10.9  1987    7.8  1909    9.0  1938    6.4  1918    7.3  2023    7.1  2018    8.2  2005    8.2  1932    7.2  1941    9.9  1953   10.2  1918   11.4  1927    35.5  2025    29.2  1936    29.2  2022    35.0  1993   146.9  1972
   10.7  1959    7.8  1964    8.6  1961    6.4  1954    7.2  1960    7.0  1891    8.1  1917    8.1  1968    7.2  1933    9.6  1897   10.2  1993   11.1  1933    35.3  2006    29.2  2017    29.2  1977    34.2  1956   146.5  1996
   10.6  1933    7.7  1975    8.1  1948    5.9  2011    6.8  1989    6.9  1992    7.8  2006    7.1  1991    7.0  1910    9.2  1978    9.7  1915   11.0  1992    35.3  1985    29.1  1953    29.1  1996    34.1  1920   144.2  1991
   10.4  2001    7.0  1895    8.0  2025    5.6  1981    6.5  1959    6.7  1905    7.7  1976    6.7  1899    6.8  1929    9.0  1965    9.5  1909   11.0  2010    34.8  1997    28.7  1938    28.9  1947    34.0  1989   143.5  1933
   10.0  1929    6.3  1959    8.0  1944    5.5  1984    6.4  1984    6.7  2010    7.5  2000    6.4  1955    6.8  1912    9.0  1920    9.2  1934   10.5  1943    34.4  1959    28.3  1946    28.6  1959    33.9  1937   140.2  1964
    9.8  2006    6.1  2003    7.9  2003    5.4  2025    6.3  1991    6.7  1921    7.5  1977    6.1  1995    6.3  1986    8.7  1997    8.5  1945   10.5  1939    33.3  1976    27.9  1956    27.7  2006    33.5  1922   140.2  1959
    9.7  1907    6.0  1917    7.8  1893    5.3  1946    6.1  2001    6.5  1915    7.1  1984    5.8  2003    6.2  1907    8.6  1962    8.4  2024   10.4  1996    33.1  1940    27.5  1918    27.2  1913    33.2  1973   137.5  1989
    8.9  1953    5.9  1993    7.4  1943    4.9  1912    6.0  2018    5.2  1941    6.9  1982    5.8  1959    6.0  2014    8.4  1975    8.2  1937    9.8  1941    31.6  1973    27.3  1929    26.5  2021    32.5  1915   137.1  2003
    8.8  2022    5.7  1979    7.4  1892    4.8  2007    5.9  2008    5.2  1940    6.0  1989    5.7  1983    5.9  1894    7.5  1985    8.1  1956    9.7  1926    31.2  1932    26.4  1980    24.5  1995    32.2  2024   136.8  2025
    8.8  1964    5.3  1985    6.1  1973    3.9  1938    5.6  1980    5.2  1988    5.3  1919    5.7  1984    5.8  2002    6.7  1972    7.7  1989    9.0  1963    31.1  1934    26.3  1893    21.4  1984    32.0  1971   136.0  1975
    8.5  2025    5.0  1891    5.9  1924    3.7  1980    5.4  1935    4.8  1925    5.1  1983    5.5  1981    5.6  1996    6.6  2007    6.8  1958    8.6  1991    29.7  1992    25.2  1984    21.1  1983    31.4  1958   134.8  1955
    8.5  2019    4.6  1921    5.3  2012    3.6  2020    5.1  1896    4.8  1932    5.1  1913    4.0  1976    5.3  1959    6.5  1951    6.7  1983    8.6  1989    29.4  2019    23.1  2020    19.8  1976    31.3  2007   133.7  1973
    7.6  1992    4.2  1934    4.5  1953    3.5  1974    4.7  1994    4.6  2021    3.4  1955    1.2  1947    4.0  1972    5.0  1946    6.2  1942    7.2  1975    25.6  1964    21.0  2025    18.4  1955    23.4  1972   132.1  1971
    6.8  1997    3.2  1932    3.8  1929    ---  2026    ---  2026    ---  2026    ---  2026    ---  2026    ---  2026    ---  2026    ---  2026    ---  2026     ---  1891     ---  2026     ---  2026     ---  2026     ---  2026
