Areal values from HadUK-Grid 1km gridded climate data from land surface network
Source: Met Office National Climate Information Centre
Monthly, seasonal and annual number of days in the month with air frost (minimum temperature below zero) for East Anglia
Areal series, starting in 1931
Last updated 01-Apr-2026 11:35
    jan  year    feb  year    mar  year    apr  year    may  year    jun  year    jul  year    aug  year    sep  year    oct  year    nov  year    dec  year     win  year     spr  year     sum  year     aut  year     ann  year
   29.1  1940   27.4  1942   23.4  1955   12.1  2021    5.6  1941    1.3  1962    0.0  1961    0.0  1964    0.6  1969    7.2  1931   13.8  1988   23.9  2010    77.7  1963    27.1  2013     1.3  1962    15.3  1988    84.9  1963
   28.9  1963   27.3  1947   20.3  1962    9.6  1956    3.4  1996    0.0  1991    0.0  1960    0.0  1960    0.1  1986    5.3  1997   13.3  1985   22.4  1950    64.8  1947    27.1  1955     0.0  1991    14.0  1993    84.3  1947
   25.8  1979   27.1  1963   17.8  1931    9.1  2013    3.4  1979    0.0  1989    0.0  1965    0.0  1980    0.1  2003    4.2  1955   12.6  1965   21.7  1962    63.7  1942    23.5  1970     0.0  1989    13.5  1985    83.1  1940
   24.4  1945   26.1  1956   17.8  1932    8.6  1938    2.7  1944    0.0  1961    0.0  1962    0.0  1972    0.0  2018    3.8  1993   11.5  1996   21.4  1981    59.8  1940    23.0  1962     0.0  1961    13.3  1952    80.4  1942
   24.3  1942   24.2  1986   16.8  1958    8.2  1968    2.5  1935    0.0  1969    0.0  1935    0.0  1962    0.0  1952    3.3  1951   10.9  1973   20.4  1933    58.2  1979    22.3  1958     0.0  1969    13.3  1965    79.2  2010
   24.2  1985   21.7  1979   16.8  2013    7.6  1954    2.2  1949    0.0  1967    0.0  1934    0.0  1932    0.0  1948    3.3  2008   10.5  1937   18.5  1961    52.8  1934    20.9  1932     0.0  1967    12.6  1948    77.9  1962
   23.2  1959   19.8  1934   16.3  1987    7.2  1970    2.1  1945    0.0  1986    0.0  1931    0.0  1931    0.0  1932    2.9  1950   10.4  1952   17.9  1976    49.4  1985    20.5  1956     0.0  1986    12.5  1973    77.6  1956
   21.5  1947   19.8  1969   16.3  1970    7.0  1984    2.0  1981    0.0  2012    0.0  1938    0.0  1938    0.0  1944    2.9  1949   10.1  1993   16.8  1963    49.3  1956    20.3  1941     0.0  1965    11.5  1996    77.1  1955
   21.3  1941   18.8  1991   16.2  1947    6.3  1978    1.7  2010    0.0  1965    0.0  1939    0.0  1939    0.0  1974    2.8  1952   10.1  2005   16.8  2001    49.0  1941    19.3  1931     0.0  2012    10.9  1937    75.6  1979
   21.1  1933   18.8  1996   15.9  1942    6.1  1977    1.4  1971    0.0  2006    0.0  1940    0.0  1940    0.0  1931    2.8  1948    9.7  1948   16.7  1937    46.0  2010    18.9  1996     0.0  1964    10.7  2010    75.0  1941
   20.7  1987   18.8  1983   15.7  1937    6.0  1996    1.4  1957    0.0  2005    0.0  1941    0.0  1941    0.0  1943    2.8  2003    9.7  1971   16.6  1964    45.4  1953    18.5  1944     0.0  2006    10.4  1962    73.2  1952
   19.7  1997   18.8  1955   14.8  1944    6.0  1969    1.3  1932    0.0  1977    0.0  1942    0.0  1934    0.0  1972    2.7  1983    9.5  1962   16.4  1952    45.4  1968    18.2  1947     0.0  1960    10.4  1971    73.1  1985
   17.4  1964   18.8  1952   14.7  1953    5.8  1990    1.2  1980    0.0  1973    0.0  1943    0.0  1935    0.0  1988    2.7  1935    9.4  2010   15.9  1946    45.4  1936    17.7  1940     0.0  2005    10.3  1947    72.5  1933
   17.1  1953   18.4  1981   13.2  1949    5.5  1958    1.2  1962    0.0  1959    0.0  1932    0.0  1936    0.0  1940    2.6  1992    9.1  1975   15.7  1944    44.8  1982    17.1  1949     0.0  1977    10.1  2005    70.6  1996
   16.2  2013   18.0  1936   12.9  1943    5.4  1936    1.2  2013    0.0  1974    0.0  1933    0.0  1933    0.0  1979    2.3  1980    9.1  1947   15.5  1995    44.7  1965    17.1  1969     0.0  1972     9.6  1997    69.0  1931
   16.1  2021   17.8  1968   12.8  1985    5.1  2019    1.2  1974    0.0  1966    0.0  1945    0.0  1945    0.0  1975    1.9  1934    8.8  1943   15.1  1935    44.6  1933    16.9  1937     0.0  1973     9.3  1934    65.6  1969
   16.1  1966   17.1  1940   12.6  1940    5.1  1940    1.2  2020    0.0  1972    0.0  1944    0.0  1946    0.0  1964    1.8  1940    8.0  1969   14.1  2009    43.3  1959    16.9  1942     0.0  1959     9.2  1975    64.6  1981
   16.1  2017   16.1  1931   12.3  2006    4.9  2008    1.2  2021    0.0  2001    0.0  1946    0.0  1948    0.0  1990    1.8  1938    8.0  1967   13.9  1996    43.2  1945    16.6  1995     0.0  1966     9.1  1936    64.4  1970
   16.0  2010   16.1  2018   12.3  1946    4.8  1975    1.1  1946    0.0  1985    0.0  1947    0.0  1947    0.0  1973    1.8  1964    7.7  1989   13.6  1982    43.0  1964    16.6  1987     0.0  1974     8.9  1943    63.7  1965
   16.0  1980   15.8  2010   12.2  1934    4.6  1988    1.0  1967    0.0  1975    0.0  1950    0.0  1950    0.0  1939    1.7  1936    7.5  1979   13.6  1939    42.4  1952    16.4  1946     0.0  2001     8.8  1955    62.7  1968
   16.0  1931   15.5  1932   12.2  1976    4.6  2022    1.0  1982    0.0  1978    0.0  1951    0.0  1951    0.0  1957    1.6  1973    7.5  1998   13.3  1968    41.9  1996    16.3  1953     0.0  1985     8.8  1949    61.4  1937
   15.6  1954   15.5  1978   12.1  1995    4.5  2003    1.0  1938    0.0  1981    0.0  1948    0.0  1952    0.0  1962    1.5  1987    7.4  1934   13.2  1967    41.5  1986    16.0  2006     0.0  1980     8.7  1931    61.1  1987
   15.5  1965   15.3  1933   12.0  1941    4.4  1983    0.9  1997    0.0  1983    0.0  1949    0.0  1949    0.0  2004    1.5  1988    7.4  1936   13.0  1940    41.2  1969    15.9  1938     0.0  1975     8.7  1969    60.9  1932
   15.3  1982   15.2  1985   11.3  1951    4.2  1933    0.9  1959    0.0  2011    0.0  1953    0.0  1953    0.0  1985    1.4  1981    7.2  1959   13.0  2008    40.6  1981    15.6  1985     0.0  1978     8.3  1980    60.9  2013
   15.3  1946   15.0  1970   11.2  1965    4.1  1935    0.9  1942    0.0  2013    0.0  1952    0.0  1954    0.0  1960    1.4  2010    7.1  1961   12.9  1991    40.3  1987    15.4  2021     0.0  1981     8.3  1979    60.7  1964
   15.1  1952   14.7  1941   11.0  1969    3.9  1997    0.9  1956    0.0  2009    0.0  1954    0.0  1956    0.0  1942    1.3  1939    7.0  1972   12.7  1938    40.0  1962    15.2  1976     0.0  1983     8.2  1961    60.5  1936
   14.8  1956   14.3  1987   10.7  1971    3.9  2012    0.9  1991    0.0  1931    0.0  1955    0.0  1955    0.0  2024    1.2  1933    6.3  1956   12.7  2005    40.0  1955    15.2  1971     0.0  2011     8.0  1967    59.5  1944
   14.7  2009   14.1  2012   10.1  1956    3.8  1973    0.8  1995    0.0  1934    0.0  1957    0.0  1942    0.0  1959    1.2  1946    6.0  1980   12.6  1970    39.9  2009    15.1  1951     0.0  2013     8.0  1998    59.2  1973
   14.4  1968   14.1  2003    9.9  1964    3.8  2016    0.8  2016    0.0  1935    0.0  1956    0.0  1943    0.0  1971    1.2  1941    6.0  1949   12.5  1992    39.5  1951    15.0  1934     0.0  2009     7.8  2008    58.6  1958
   14.1  1960   13.8  1973    9.4  1996    3.7  1995    0.7  2011    0.0  1932    0.0  1936    0.0  1944    0.0  1987    1.2  1947    5.9  1966   11.9  1941    38.9  1997    14.8  1935     0.0  1934     7.7  1989    56.9  1934
   14.1  1955   13.6  1994    9.4  2018    3.7  1991    0.7  1948    0.0  1933    0.0  1937    0.0  1937    0.0  2025    1.1  2002    5.9  1942   11.9  1969    38.1  2013    14.4  1979     0.0  1931     7.7  1983    56.9  1950
   13.8  1977   13.3  1954    9.3  2025    3.7  1986    0.6  1984    0.0  1960    0.0  1958    0.0  1961    0.0  1991    1.1  1961    5.8  1991   11.7  2022    37.7  1970    13.8  1943     0.0  1958     7.4  1950    56.6  1976
   13.7  1978   13.3  2008    9.2  1986    3.7  1951    0.4  2015    0.0  1958    0.0  1959    0.0  1959    0.0  1978    1.1  2018    5.7  2024   11.6  1945    37.6  1977    13.8  1968     0.0  1955     7.4  1972    56.5  1978
   13.3  2001   12.5  1965    9.1  1973    3.7  2006    0.4  1977    0.0  1956    0.0  1963    0.0  1958    0.0  1967    1.0  1954    5.6  1941   11.6  1975    36.6  1932    13.4  1954     0.0  1956     7.2  1959    56.5  1991
   13.2  2022   12.3  2009    8.9  1993    3.6  1967    0.4  2005    0.0  1957    0.0  1964    0.0  1957    0.0  1965    0.9  1962    5.3  1978   11.3  2017    36.4  2011    13.2  1965     0.0  1957     6.9  1956    56.3  1986
   12.9  1981   12.3  1960    8.3  2010    3.6  1955    0.3  1953    0.0  1955    0.0  1966    0.0  1966    0.0  2019    0.8  1984    5.2  2007   11.2  1936    36.1  1983    13.0  1973     0.0  1954     6.8  1941    55.8  1946
   12.9  2015   12.1  2001    8.2  1935    3.5  2000    0.3  1936    0.0  1954    0.0  1967    0.0  1967    0.0  1982    0.8  1932    5.1  1977   11.1  1943    35.7  1991    12.9  1984     0.0  1951     6.4  1964    54.9  2001
   12.7  1986   12.1  1944    8.0  2003    3.4  1950    0.3  2014    0.0  1952    0.0  1968    0.0  1968    0.0  1993    0.8  1979    5.1  2025   10.7  2003    35.3  2021    12.9  1986     0.0  1952     6.3  1991    54.7  1954
   12.7  1934   12.0  1953    8.0  1933    3.4  1979    0.3  1960    0.0  1953    0.0  1969    0.0  1963    0.0  1955    0.8  1944    5.0  1983   10.6  1978    34.7  1958    12.8  1975     0.0  1953     6.2  1940    54.2  2003
   12.7  2019   11.9  2013    7.9  2005    3.3  1981    0.3  1931    0.0  1949    0.0  1970    0.0  1969    0.0  1961    0.7  1971    4.7  1976   10.6  1957    34.5  1992    12.8  2010     0.0  1949     6.1  1942    52.3  1935
   12.5  1958   11.8  1962    7.8  1975    3.2  1999    0.3  1961    0.0  1948    0.0  1971    0.0  1970    0.0  1958    0.7  1965    4.7  1955   10.5  2014    34.2  2018    12.6  2003     0.0  1948     6.0  1966    52.2  1945
   12.3  1984   11.6  1958    7.7  1979    3.1  1982    0.3  1990    0.0  1951    0.0  1972    0.0  1971    0.0  1949    0.6  1956    4.6  1964   10.3  2007    33.0  2015    12.2  1933     0.0  1947     5.9  2024    51.8  1943
   12.3  1936   11.4  1959    7.5  1963    3.1  1971    0.2  1975    0.0  1950    0.0  1973    0.0  1973    0.0  1934    0.6  2007    4.5  2017   10.2  1999    32.9  1946    11.9  1977     0.0  1950     5.8  2007    51.6  1982
   12.2  1950   11.0  1948    7.3  1980    3.0  1946    0.2  1950    0.0  1947    0.0  1974    0.0  1974    0.0  1933    0.6  1998    4.5  2008   10.2  1973    32.8  2001    11.4  1964     0.0  1946     5.3  1978    51.4  1949
   12.2  1932   10.8  2016    7.2  2009    3.0  1976    0.2  1973    0.0  1946    0.0  1975    0.0  1975    0.0  1938    0.6  2012    4.4  1950   10.0  2012    31.5  1984    11.4  1978     0.0  1943     5.3  1954    50.6  1980
   12.0  2025   10.8  2005    6.9  1966    2.9  1952    0.1  1963    0.0  1944    0.0  1976    0.0  1976    0.0  1941    0.5  1991    4.4  1940   10.0  1984    31.5  1966    11.0  1980     0.0  1944     5.2  1935    49.7  2021
   12.0  2003   10.6  2021    6.9  2001    2.9  1945    0.1  1968    0.0  1945    0.0  1977    0.0  1965    0.0  1945    0.5  1974    4.3  1995    9.9  1960    31.4  2023    10.8  1982     0.0  1945     5.2  1977    48.9  1995
   11.9  1992   10.2  2004    6.8  1952    2.8  2010    0.1  1998    0.0  1937    0.0  1978    0.0  1977    0.0  1936    0.5  2011    4.3  2016    9.4  2004    31.3  1944    10.6  2016     0.0  1937     5.1  2025    48.6  2009
   11.4  1972   10.1  1984    6.8  1948    2.8  1939    0.1  1965    0.0  1936    0.0  1979    0.0  1978    0.0  1935    0.5  1995    4.3  1954    9.3  1980    31.1  1939    10.5  2025     0.0  1936     5.1  1951    48.5  1948
   11.4  1967   10.0  1957    6.7  1982    2.7  1934    0.1  2017    0.0  1943    0.0  1980    0.0  1979    0.0  1937    0.4  1960    4.3  1997    9.2  1965    30.4  1978    10.2  2008     0.0  1935     5.0  1944    48.5  1953
   11.4  2026    9.8  1975    6.2  1938    2.7  1941    0.1  1955    0.0  1942    0.0  1981    0.0  1981    0.0  1956    0.4  2019    4.2  2001    9.2  1956    30.3  1976     9.9  1948     0.0  1942     4.9  2003    47.5  2005
   11.0  1937    9.7  1992    6.1  2016    2.7  1985    0.1  1994    0.0  1941    0.0  1982    0.0  1982    0.0  1954    0.4  1937    4.2  1944    9.1  1994    30.1  1954     9.9  1936     0.0  1941     4.8  1995    47.2  1983
   10.8  1970    9.6  1949    6.0  2011    2.6  1989    0.1  1951    0.0  1940    0.0  1983    0.0  1983    0.0  1950    0.3  1970    4.0  2019    9.0  1983    29.9  2003     9.8  1963     0.0  1940     4.7  1976    47.1  1967
   10.6  2023    9.6  2015    5.8  1954    2.5  1980    0.1  1939    0.0  1939    0.0  1984    0.0  1984    0.0  1951    0.3  1972    3.9  2023    8.9  1931    29.8  2004     9.8  1945     0.0  1939     4.5  2017    46.3  1984
   10.4  1949    9.4  1976    5.8  1972    2.5  1957    0.1  1976    0.0  1938    0.0  1985    0.0  1985    0.0  1953    0.3  1982    3.8  2004    8.6  1958    29.2  1971     9.7  1952     0.0  1938     4.5  1938    46.1  1971
   10.3  1961    9.0  2023    5.4  1968    2.4  1948    0.1  2008    0.0  1984    0.0  1986    0.0  1986    0.0  1946    0.2  1942    3.6  1958    8.6  1951    29.2  2006     9.6  2005     0.0  1933     4.4  2019    45.9  1959
   10.0  1991    9.0  1999    5.3  1977    2.4  1960    0.1  2012    0.0  1970    0.0  1987    0.0  1987    0.0  1947    0.2  1985    3.5  1982    8.5  1998    29.2  2002     9.4  2018     0.0  1932     4.3  2016    45.9  1997
   10.0  1935    8.9  1939    5.3  1984    2.3  1998    0.1  2001    0.0  1976    0.0  1988    0.0  1988    0.0  1977    0.2  1994    3.5  2012    8.5  2020    29.0  1960     9.3  1993     0.0  1984     4.2  2001    45.9  1975
    9.9  2011    8.8  1964    5.2  2014    2.3  2017    0.0  1993    0.0  1968    0.0  1989    0.0  1989    0.0  1976    0.2  1986    3.5  2020    8.4  1955    28.5  2012     9.3  1988     0.0  1976     4.2  1932    45.8  1951
    9.8  1962    8.6  1943    5.2  1939    2.2  1963    0.0  1987    0.0  1964    0.0  1990    0.0  1990    0.0  1966    0.2  1957    3.4  1968    8.3  1966    28.5  1973     9.2  1990     0.0  1963     4.1  2023    45.6  1966
    9.7  1973    8.5  1971    5.2  2008    2.1  1992    0.0  2025    0.0  1963    0.0  1991    0.0  1991    0.0  1963    0.2  2023    3.4  2021    8.1  1932    28.1  1937     8.9  1966     0.0  1970     4.1  2012    45.3  2008
    9.5  1939    8.3  2019    5.1  1978    2.1  2023    0.0  1943    0.0  1971    0.0  1992    0.0  1992    0.0  1970    0.2  2024    3.4  1945    8.1  2016    28.0  1938     8.6  1981     0.0  1971     4.1  1987    44.4  2012
    9.4  1951    8.3  2007    5.1  2023    2.0  1947    0.0  1988    0.0  1980    0.0  1993    0.0  1993    0.0  1968    0.1  1943    3.4  1932    7.7  1948    27.7  1949     8.5  2001     0.0  1968     4.0  1992    44.3  1938
    9.4  1943    8.1  1982    5.0  1974    1.9  1966    0.0  1989    0.0  1993    0.0  1994    0.0  1994    0.0  1992    0.1  1953    3.0  2006    7.3  2000    27.7  1967     8.4  1991     0.0  1993     3.9  2004    44.1  1960
    9.3  1995    8.0  2006    4.9  1961    1.9  1965    0.0  1969    0.0  1992    0.0  1995    0.0  1995    0.0  1989    0.1  1966    2.8  1974    7.2  1954    27.4  1980     8.2  1950     0.0  1992     3.8  1982    43.5  1939
    9.3  1976    8.0  1967    4.8  1945    1.8  1932    0.0  1966    0.0  1990    0.0  1996    0.0  1996    0.0  1983    0.1  1990    2.8  2013    7.0  2006    26.6  1957     8.1  1939     0.0  1990     3.6  1958    43.2  1961
    9.2  2012    7.7  1951    4.8  2015    1.7  1949    0.0  2019    0.0  1988    0.0  1997    0.0  1997    0.0  1984    0.1  2009    2.6  1938    6.9  1947    26.2  2017     7.9  1983     0.0  1988     3.5  2020    42.5  2006
    9.1  2000    7.6  1988    4.7  1988    1.5  1964    0.0  2004    0.0  1987    0.0  1998    0.0  1998    0.0  1981    0.1  1959    2.5  1935    6.8  1990    25.9  1994     7.7  1974     0.0  1987     3.4  1939    41.8  2016
    8.9  2004    7.3  1935    4.6  1950    1.5  2002    0.0  1954    0.0  1979    0.0  1999    0.0  1999    0.0  1980    0.1  1999    2.5  1987    6.7  2019    25.2  1948     7.4  2009     0.0  1979     3.4  1933    41.2  1988
    8.7  2024    7.0  1938    4.4  2002    1.5  2001    0.0  2009    0.0  1982    0.0  2000    0.0  2000    0.0  1994    0.0  1975    2.4  2014    6.6  1989    25.1  2000     7.2  2023     0.0  1982     3.4  1968    41.1  1992
    8.5  2006    7.0  2025    4.4  2004    1.5  1974    0.0  2002    0.0  1997    0.0  2001    0.0  2001    0.0  1995    0.0  1996    2.4  1990    5.7  1942    24.6  2008     7.1  2022     0.0  1997     3.4  2021    38.2  2019
    8.3  2002    6.8  1950    4.2  2020    1.5  1962    0.0  1978    0.0  2000    0.0  2002    0.0  2002    0.0  2001    0.0  2015    2.3  1957    5.4  1949    24.5  2005     7.1  2012     0.0  2000     3.4  1945    37.9  1977
    8.2  1971    6.3  1972    4.2  1936    1.3  1953    0.0  2003    0.0  1999    0.0  2003    0.0  2003    0.0  2000    0.0  1977    2.3  2015    5.4  1979    24.4  2019     6.9  2000     0.0  1999     3.4  1974    37.9  2018
    8.2  1944    6.3  1989    3.7  1991    1.3  2020    0.0  1934    0.0  1998    0.0  2004    0.0  2004    0.0  2002    0.0  2004    2.3  1963    5.4  1987    24.4  1950     6.8  2011     0.0  1998     3.3  1981    37.9  1993
    8.2  1969    6.2  1966    3.6  1998    1.3  2015    0.0  1983    0.0  2002    0.0  2005    0.0  2005    0.0  2005    0.0  1978    2.2  1933    5.3  1986    23.8  1943     6.8  2020     0.0  2002     3.0  2006    37.4  2025
    7.9  2016    6.0  1946    3.5  1983    1.3  2005    0.0  1940    0.0  2004    0.0  2006    0.0  2006    0.0  1998    0.0  2017    2.2  1970    5.2  2011    22.8  1999     6.5  2015     0.0  2004     2.8  2013    37.3  2004
    7.9  1994    5.9  1980    3.5  2000    1.2  1937    0.0  2022    0.0  1994    0.0  2007    0.0  2007    0.0  1999    0.0  2014    2.1  1939    5.1  1972    22.6  1993     6.5  1967     0.0  1994     2.5  1970    36.4  2017
    7.7  1988    5.9  1937    3.3  1960    1.2  2025    0.0  2018    0.0  1996    0.0  2008    0.0  2008    0.0  1996    0.0  2000    2.1  2003    4.9  1997    21.6  1972     6.4  1997     0.0  1996     2.5  1957    36.4  1972
    7.5  1996    5.8  1977    3.3  1981    1.2  1931    0.0  2007    0.0  1995    0.0  2009    0.0  2009    0.0  1997    0.0  1967    1.8  1981    4.8  2023    21.1  1995     6.4  2014     0.0  1995     2.5  1990    35.8  1957
    7.4  1957    5.8  2000    3.2  1990    1.2  1994    0.0  2006    0.0  2008    0.0  2010    0.0  2010    0.0  2009    0.0  2021    1.7  1951    4.6  1985    20.9  1961     6.2  1972     0.0  2008     2.4  2014    35.7  2023
    7.3  1948    5.6  1998    3.1  2012    1.0  1944    0.0  1972    0.0  2007    0.0  2011    0.0  2011    0.0  2008    0.0  1945    1.7  2000    4.4  1993    20.7  1988     6.1  2019     0.0  2007     2.3  2015    35.1  1998
    7.1  1989    5.3  1997    3.0  2026    1.0  2007    0.0  1958    0.0  2003    0.0  2012    0.0  2012    0.0  2007    0.0  1989    1.7  1953    4.1  2021    19.7  2022     6.0  1998     0.0  2003     2.3  1963    34.6  2022
    7.0  1998    4.8  1974    2.5  2022    0.8  2014    0.0  1985    0.0  2010    0.0  2013    0.0  2013    0.0  2006    0.0  1969    1.5  1960    3.9  2002    19.7  2025     6.0  2002     0.0  2010     2.3  2018    34.4  1994
    6.8  2018    4.3  1993    2.2  1989    0.8  1943    0.0  1964    0.0  2014    0.0  2014    0.0  2014    0.0  2010    0.0  1958    1.5  1931    3.8  1971    19.5  2007     6.0  1960     0.0  2014     2.3  1946    32.4  1989
    5.8  1993    4.1  2002    2.1  2021    0.5  2024    0.0  1992    0.0  2015    0.0  2015    0.0  2015    0.0  2011    0.0  2022    1.5  1992    3.4  2018    19.5  1974     5.4  1961     0.0  2015     1.9  1960    31.7  2007
    5.3  1999    3.4  2020    2.1  2007    0.5  2004    0.0  1986    0.0  2016    0.0  2016    0.0  2016    0.0  2012    0.0  1963    1.2  2011    2.9  2013    18.8  2016     5.3  1957     0.0  2016     1.8  1953    31.3  2015
    5.0  2014    3.1  1945    1.9  1967    0.4  1972    0.0  2023    0.0  2017    0.0  2017    0.0  2017    0.0  2013    0.0  2016    1.1  2018    2.8  2025    17.4  1935     5.1  1999     0.0  2017     1.7  2000    30.9  2000
    4.5  1974    2.7  1995    1.9  1999    0.4  1993    0.0  1947    0.0  2018    0.0  2018    0.0  2018    0.0  2017    0.0  2005    1.1  1999    2.6  1959    17.4  1998     4.9  2004     0.0  2018     1.6  2011    30.7  1999
    4.3  2005    2.6  2011    1.6  1994    0.3  2009    0.0  1952    0.0  2019    0.0  2019    0.0  2019    0.0  2016    0.0  1976    1.0  1946    1.3  1953    16.2  2026     4.7  1989     0.0  2019     1.5  2002    26.2  2011
    4.2  2007    2.4  2022    1.5  1997    0.3  1987    0.0  1937    0.0  2020    0.0  2020    0.0  2020    0.0  2015    0.0  1968    0.9  1986    1.2  1977    15.7  2024     3.1  2007     0.0  2020     1.2  1986    25.6  2020
    4.2  1938    2.2  2024    1.5  1957    0.2  1961    0.0  1933    0.0  2021    0.0  2021    0.0  2021    0.0  2014    0.0  2001    0.6  1994    1.2  1988    14.6  1989     3.0  1992     0.0  2021     1.1  1999    24.8  2014
    3.7  1983    2.0  2017    1.4  2024    0.1  2011    0.0  1970    0.0  2022    0.0  2022    0.0  2022    0.0  2021    0.0  2006    0.4  2002    0.9  1974    13.6  2020     2.9  1994     0.0  2022     0.9  1984    23.8  2002
    3.4  2020    2.0  2026    0.9  2019    0.1  1959    0.0  2000    0.0  2023    0.0  2023    0.0  2023    0.0  2020    0.0  2013    0.2  2022    0.7  2024    13.2  1975     2.5  2017     0.0  2023     0.8  1994    21.4  1990
    2.5  1975    1.6  1990    0.9  1992    0.0  1942    0.0  1999    0.0  2024    0.0  2024    0.0  2024    0.0  2023    0.0  2020    0.1  2009    0.2  1934     9.4  1990     1.9  2024     0.0  2024     0.2  2022    21.2  1974
    1.3  1990    0.8  1961    0.4  1959    0.0  2018    0.0  2024    0.0  2025    0.0  2025    0.0  2025    0.0  2022    0.0  2025    0.0  1984    0.0  2015     8.4  2014     1.5  1959     0.0  2025     0.1  2009    19.5  2024
    1.0  2008    0.4  2014    0.1  2017    ---  2026    ---  2026    ---  2026    ---  2026    ---  2026    ---  2026    ---  2026    ---  2026    ---  2026     ---  1931     ---  2026     ---  2026     ---  2026     ---  2026
