Areal values from HadUK-Grid 1km gridded climate data from land surface network
Source: Met Office National Climate Information Centre
Monthly, seasonal and annual total duration of bright sunshine for East Anglia
Areal series, starting in 1910
Last updated 01-Apr-2026 11:35
    jan  year    feb  year    mar  year    apr  year    may  year    jun  year    jul  year    aug  year    sep  year    oct  year    nov  year    dec  year     win  year     spr  year     sum  year     aut  year     ann  year
   96.0  2022  137.2  2019  222.0  2025  269.2  2025  309.3  2020  283.2  1976  312.8  1911  286.0  1947  212.8  1911  165.9  1920  103.5  2006   80.7  1962   253.3  2000   744.1  2025   818.6  1976   432.4  2003  1989.7  2025
   85.4  2001  123.5  1949  185.8  1995  249.0  2020  298.7  1989  277.5  1957  285.6  1935  272.2  1995  209.7  1928  162.9  1959  102.6  1989   79.6  2014   249.8  2019   724.7  2020   769.6  1911   420.2  2018  1922.0  2022
   83.8  1984  123.0  2008  185.0  1933  241.7  1912  276.6  1922  276.8  2025  284.1  2006  256.8  2022  209.4  2003  158.4  2018   96.1  1973   77.3  2001   248.8  2023   643.9  1990   762.3  1989   414.9  1959  1871.5  2003
   80.1  2024  117.4  1998  182.1  2022  237.9  1942  267.8  1919  271.2  1950  282.5  2018  255.1  1976  201.5  1964  152.1  2011   94.7  2005   73.5  1999   240.1  1949   619.9  1948   740.2  2022   398.0  1971  1822.9  1959
   79.6  2023  117.1  1988  171.3  1967  232.4  1990  266.8  1943  269.1  1975  280.4  1976  254.6  1990  194.6  1914  151.0  2003   94.3  1996   70.8  2025   239.5  2015   590.6  1921   739.7  1959   395.4  1928  1820.9  1990
   77.7  1959  110.1  2003  170.0  1938  230.8  1914  265.1  1992  268.9  1973  277.5  1928  251.2  1989  192.0  1929  150.6  2022   93.0  1923   69.0  1961   235.1  2008   580.9  1995   729.7  1975   390.9  2011  1817.7  1995
   76.9  1952  107.1  2000  169.4  1931  224.0  1984  260.0  1990  266.6  1970  271.7  1959  245.1  1923  191.2  1959  150.3  1917   91.3  1985   67.9  2008   229.1  2014   576.9  2022   724.3  2018   390.5  1921  1815.8  2018
   75.5  1991  104.6  2023  169.2  2003  217.5  2021  256.6  2018  263.4  1940  268.4  1934  243.7  1933  185.0  1934  148.2  1921   89.2  2023   66.8  1929   222.3  2012   570.0  1943   717.5  1933   388.7  1964  1811.0  2020
   75.1  2005  104.5  1939  169.0  2007  217.1  1948  252.8  2025  261.6  1969  266.6  1995  241.7  2019  184.6  1991  147.3  1997   88.3  1977   66.7  2011   222.0  2018   568.7  2003   715.5  1995   384.3  2006  1807.6  1989
   74.2  1965  102.2  2014  168.2  1924  215.8  2015  247.4  1997  260.5  2023  263.3  2013  241.0  1975  183.8  1923  143.5  1995   87.4  1988   66.4  2019   219.7  2022   564.8  1982   715.4  1935   375.7  1929  1798.9  1921
   73.5  2025  102.2  1922  166.6  1948  215.8  2011  245.5  1921  259.8  1962  262.5  1921  240.5  2016  183.6  1979  140.3  1971   86.8  1971   65.8  1994   216.5  2020   562.3  2011   699.9  2025   374.2  1917  1787.6  1911
   72.7  2000  101.7  1970  166.4  2020  215.5  2010  245.2  1929  258.9  1960  261.4  1989  238.4  1911  183.1  2025  138.0  1999   86.6  2017   65.6  2005   214.9  1989   559.2  1929   693.9  1947   372.4  2023  1786.1  1949
   72.4  1962   99.7  1934  165.7  1929  214.9  2007  245.2  1940  250.3  1925  258.9  1990  234.8  1991  180.4  1933  137.9  1996   86.5  2016   64.9  2009   214.0  2002   557.9  1997   692.1  1928   372.4  1997  1739.3  1933
   72.2  1940   99.1  2018  164.5  1961  209.6  1946  244.7  2001  249.8  1989  251.9  1994  228.6  2003  179.0  2012  137.4  1930   85.2  2021   64.7  2022   212.5  1963   553.8  2015   685.9  1949   370.0  1911  1737.6  2019
   72.1  2012   97.5  1989  160.3  1982  206.7  2022  242.5  1917  249.4  1951  250.4  1999  223.2  1949  178.1  2019  134.7  1922   85.0  2018   64.5  1984   212.2  1952   552.8  1956   675.6  1994   369.4  1923  1716.6  1929
   71.6  2015   96.6  1990  157.7  2014  206.7  1921  241.2  1956  248.6  1959  239.9  1983  222.8  2024  176.9  2020  132.4  1919   84.2  1965   64.1  1967   210.6  1962   546.9  2009   672.6  2006   368.6  1947  1707.1  1976
   71.2  1994   96.3  2022  155.6  2012  206.1  2002  238.1  1982  248.3  2022  239.2  1955  221.1  1998  176.8  2018  132.0  1965   83.9  1913   63.3  1946   209.4  1984   546.5  1922   668.2  1996   367.9  1979  1698.0  1928
   71.2  1910   96.1  1928  155.6  1910  198.8  2003  238.1  1944  246.9  1996  238.4  1929  220.5  1930  175.3  2023  131.2  1961   83.1  1925   62.4  2013   208.4  2001   544.3  2010   657.7  2024   367.7  1996  1695.2  2023
   70.8  1986   93.5  2016  155.5  2026  195.5  1949  236.3  1948  242.3  1914  238.4  1933  219.5  1997  174.7  2011  129.6  1980   82.7  1978   61.6  1951   207.6  1995   534.6  2019   654.8  1950   365.1  1973  1693.7  1999
   69.2  1989   92.4  1914  155.5  1955  193.5  2013  235.7  1980  241.1  2018  236.0  1924  219.4  1959  172.2  1915  128.9  2008   82.6  1920   61.2  1976   206.4  1998   534.5  1914   652.1  1990   360.9  1999  1683.1  2014
   68.7  1980   91.1  1999  151.5  1990  192.1  2019  234.3  1920  237.8  2006  235.9  1941  218.6  2000  172.0  1921  128.6  1912   81.4  1947   60.7  1986   204.7  1933   534.4  1942   650.9  1921   359.5  1986  1681.7  1943
   68.5  1999   90.4  2020  148.3  1972  190.5  1916  233.0  2011  236.0  1949  235.0  2022  217.1  2013  171.9  1947  128.1  1981   80.8  1910   60.6  2017   200.4  1999   524.2  1989   650.9  1934   359.0  2005  1676.7  1997
   68.0  1947   89.0  1920  144.6  2015  188.3  1969  230.0  1935  235.4  1933  229.0  2014  216.2  1919  171.7  1953  126.7  1990   80.1  2009   60.4  1936   200.0  1988   522.6  2007   649.8  2013   355.8  1920  1673.5  1935
   67.3  2017   88.3  2015  144.5  1956  184.7  1951  228.5  1959  234.6  1942  227.3  1996  215.7  1953  170.8  1971  126.1  1977   78.7  2001   60.0  1917   199.5  1918   513.0  1946   641.9  2003   355.1  1949  1665.3  2009
   64.5  2014   88.0  1996  141.6  1920  184.6  2009  227.6  1971  234.5  2024  227.3  1917  211.2  1935  170.7  2015  124.9  1938   78.2  1940   59.9  1925   199.3  1939   512.7  1953   640.2  2014   351.4  1981  1662.1  2015
   64.4  1982   87.5  1983  141.4  2009  184.5  2023  227.2  1952  234.1  1994  227.1  1971  211.0  2025  170.3  1986  124.7  1983   78.0  1998   59.7  1952   198.5  1934   511.5  1955   636.7  1940   350.1  1940  1651.3  1947
   64.3  1967   87.5  1933  139.4  1943  183.6  1968  226.8  1918  232.0  1961  226.6  1949  211.0  2009  169.6  2004  124.2  1955   77.5  2007   59.5  1979   195.8  1983   510.4  1912   633.2  2023   348.6  1919  1649.8  1914
   63.5  1933   85.5  2002  138.6  1945  182.8  2017  224.4  1911  231.6  1930  226.5  2016  208.6  1983  168.3  2006  123.3  1931   77.4  1972   59.3  1954   195.6  2005   508.4  2016   632.0  1951   347.8  2022  1641.3  2016
   63.1  1990   85.1  1995  138.4  1921  177.3  1952  223.5  1953  231.3  1915  225.4  1923  207.4  1993  167.9  1997  123.1  1949   76.5  1943   57.7  2003   194.9  2003   508.4  1927   630.1  1983   345.5  2012  1638.8  2006
   62.8  2007   84.9  1943  137.1  1997  175.7  2016  222.2  1995  229.9  1918  222.1  1967  206.6  1944  167.9  1940  121.6  1964   76.4  2013   57.5  1973   193.2  1994   506.9  1944   624.9  1930   344.6  1965  1626.3  2011
   62.3  2018   83.6  2012  135.5  1918  174.0  1999  221.0  1915  229.8  2010  221.0  1997  206.4  1964  167.8  1973  121.0  1987   74.5  2012   57.2  2004   191.9  2016   506.4  1949   624.2  1999   344.0  1995  1619.5  1955
   62.2  2026   81.5  1967  134.4  1932  173.5  1997  220.9  1925  229.0  1986  220.7  1946  205.6  1984  165.9  1917  121.0  1951   72.7  1930   56.6  1996   190.7  1928   506.3  1933   623.8  2019   343.1  1985  1618.8  1994
   61.7  1923   80.0  1985  133.3  2019  173.2  1915  220.9  2009  229.0  1920  219.6  1975  204.9  1926  165.6  1981  120.1  1986   72.5  2020   56.6  1926   190.3  1985   504.5  2002   622.4  1973   340.1  1977  1617.9  1973
   61.6  1949   80.0  1957  130.6  1973  172.8  1995  220.8  1964  227.5  2015  218.5  1985  201.9  1988  164.4  1919  119.0  1928   72.0  2003   55.9  1955   186.5  1990   500.1  1910   622.3  1970   339.7  2021  1615.0  1940
   61.6  1928   79.3  1955  129.9  1930  171.6  1945  220.8  1977  227.5  1922  217.3  1943  201.4  2023  164.4  1954  118.8  1929   72.0  1999   55.7  1983   184.2  1943   499.8  1924   621.7  2009   338.9  1975  1610.2  1996
   61.5  1963   78.3  1994  129.4  1958  170.2  1939  219.5  1947  225.1  1919  213.1  1951  200.8  2018  163.0  1949  118.1  1985   71.9  2025   55.3  2007   183.5  2004   499.4  2021   620.4  1929   338.2  1978  1609.4  2001
   61.3  1918   78.2  1918  129.1  1993  169.9  1976  218.4  1961  224.5  1917  212.7  1991  200.1  2014  160.6  2007  117.1  1993   71.7  2000   55.0  1948   183.1  1930   498.7  2014   617.3  1918   338.1  1914  1609.2  1952
   61.1  1954   78.2  1936  129.0  2016  169.8  1994  217.1  2005  222.3  1928  212.2  2008  200.0  2001  160.1  1955  116.8  1994   71.5  1915   54.0  1957   182.6  1980   498.0  1945   614.4  1941   336.2  1980  1602.6  1948
   60.8  1911   78.1  1921  128.7  1994  169.8  1947  214.1  1927  219.8  1992  212.1  2025  197.8  1966  159.8  1978  116.0  1952   70.9  1938   53.8  1932   182.4  1967   497.6  1961   612.6  1984   335.5  2007  1599.6  1934
   60.7  1931   76.4  2001  127.9  2017  167.7  1927  213.0  2010  218.6  1935  210.8  1969  196.9  2005  159.7  1982  116.0  1979   70.5  1957   53.7  1949   181.8  1956   497.2  1938   611.2  1917   334.8  1930  1597.4  1961
   60.7  2003   75.9  2021  127.6  1950  167.1  1956  211.7  2023  218.4  1911  207.7  1964  193.9  1996  157.9  1970  115.3  1947   70.3  1921   53.5  2016   181.4  2006   494.1  1952   611.2  1969   334.5  1955  1590.0  2013
   60.1  2019   75.6  1973  126.8  1953  167.0  1922  211.6  1998  216.5  1947  206.1  2009  193.7  1973  157.7  1966  114.6  1950   69.2  1916   52.5  2018   180.5  1959   494.1  2017   606.9  1993   332.8  2016  1582.6  1986
   59.7  2020   75.2  1910  126.6  1968  166.3  1982  211.0  1910  216.1  2020  205.5  1984  193.7  1974  156.8  2009  114.1  1975   69.2  1975   52.3  1982   180.5  1922   493.1  1915   606.7  1914   331.9  2025  1575.9  1922
   59.6  1956   74.6  1938  126.6  1927  165.9  1955  209.2  2019  214.5  1939  205.2  1963  192.4  1928  156.5  2005  113.8  1926   69.2  1918   52.3  1980   178.4  1937   491.9  1940   605.3  2001   329.2  1961  1574.6  1967
   59.4  1924   74.6  1960  126.0  1935  165.9  1954  208.5  1966  214.2  1941  205.1  2019  191.5  2017  155.6  1975  113.3  2014   69.1  1986   51.8  1928   177.6  2026   490.8  1959   603.0  1955   329.1  1913  1573.9  2007
   58.9  1957   73.8  1950  125.6  1965  165.5  1980  208.4  1993  212.8  1999  202.9  2015  191.0  1914  155.5  1974  112.6  1956   68.9  1949   51.8  1965   177.5  2009   490.1  1935   601.0  1923   328.8  1988  1568.8  1975
   56.9  1927   73.7  1952  125.4  1986  164.9  2008  207.2  1934  211.3  1993  202.7  2003  190.8  1981  155.1  1987  112.5  2006   68.3  1979   51.6  1977   177.0  2017   488.8  1967   599.0  2016   328.8  1954  1568.7  2024
   56.8  2008   73.0  1915  122.3  1940  163.8  1943  206.4  1942  211.1  2014  201.8  2001  190.6  1955  155.0  2021  112.3  1935   67.8  1961   51.6  1991   176.9  1974   482.9  1977   597.0  1943   327.5  1989  1568.4  2017
   56.7  1934   71.9  1948  121.3  1926  162.4  1950  205.5  2008  210.7  1921  201.5  1918  189.6  1994  154.0  1935  111.7  2001   67.5  1952   51.3  2012   175.2  1977   482.0  1980   596.8  1924   326.8  1970  1566.7  2008
   56.7  1995   71.7  1946  119.2  1944  162.3  1953  205.2  1949  210.6  2003  200.4  2024  188.9  2012  152.0  1918  111.0  1962   67.4  1948   50.5  1943   174.0  1955   481.0  2008   596.8  1997   326.7  2004  1566.1  1951
   56.3  1976   71.5  1916  118.6  1934  161.6  1991  204.7  1986  210.2  2017  200.0  1945  186.8  1952  151.6  1944  109.1  1984   67.2  1914   49.7  1992   173.1  1920   477.8  1976   593.9  2015   325.5  1943  1564.9  1917
   56.3  1946   70.8  2004  118.5  1978  161.2  1911  204.5  1974  208.9  2011  199.6  1950  186.6  1934  151.2  1937  108.4  1936   66.7  1928   49.4  1972   172.8  2025   476.8  1958   592.2  1967   325.4  1991  1547.4  2010
   56.0  1983   70.4  1971  117.0  1966  161.0  1957  204.3  1914  207.1  1945  197.3  1952  186.1  1970  151.2  2002  108.4  1969   66.5  1960   48.9  1963   172.7  1992   475.4  1999   590.4  1957   324.2  1935  1547.1  1918
   55.6  1930   70.3  1963  116.2  2002  161.0  1960  203.8  2016  206.6  1963  192.4  1925  185.9  1918  151.0  1943  108.3  1913   66.5  1969   48.8  1974   171.8  1914   475.3  1911   590.2  2017   322.5  1987  1546.3  1982
   55.5  1974   69.9  1984  115.7  2010  160.1  1996  203.6  1957  205.9  2021  191.9  1953  185.4  1932  150.9  1999  107.9  2023   65.6  1964   48.1  1988   171.3  1981   474.9  2023   590.0  1925   322.4  1933  1543.3  2005
   55.0  2004   69.6  1969  114.9  1941  158.1  1977  202.3  1970  205.0  1943  191.5  1940  184.6  2004  150.6  1958  107.8  1941   65.3  1992   47.9  1924   171.3  1946   473.6  1919   588.7  1952   322.2  2009  1541.9  1950
   54.2  2016   69.5  2025  114.5  1976  158.0  1938  202.2  1946  204.6  2009  191.5  1947  184.5  1929  150.3  1980  107.8  2005   65.0  1929   47.5  1944   170.8  1986   471.2  1957   586.0  1961   322.0  1934  1540.2  1915
   54.0  1988   69.2  1962  113.5  2011  156.0  1959  201.3  1913  204.6  1952  191.3  2010  184.4  1972  147.8  1948  107.4  1970   64.3  1967   47.4  1922   170.7  2010   468.3  1920   581.9  1960   321.0  1915  1539.1  1970
   54.0  1979   68.9  1911  113.4  2006  155.7  2014  200.7  2003  204.3  1938  191.0  1977  184.4  1965  144.2  2013  106.7  1992   64.2  2011   46.7  1938   170.2  2024   466.7  1968   581.6  1915   319.8  1990  1531.5  1920
   53.9  1943   68.8  1975  110.6  2021  154.4  1958  200.2  1979  203.5  2001  190.5  2007  184.0  1950  143.0  1939  105.6  2010   63.5  1993   46.6  2000   170.1  1925   465.4  1918   580.6  1991   319.4  1922  1528.0  2004
   53.5  1992   68.7  1925  110.6  2008  154.0  1933  196.8  1999  203.5  1936  188.5  2017  183.6  2007  142.4  1926  105.3  2016   63.3  1995   46.1  2020   170.1  1997   463.8  1992   577.8  2020   316.5  1938  1526.5  1923
   53.5  1925   68.6  1945  109.9  2000  151.9  2006  195.7  1963  201.7  1913  188.2  1993  182.2  2020  142.3  2024  104.6  2024   63.2  1976   45.4  1990   169.5  1987   463.0  1986   577.1  1964   316.0  1952  1526.2  1957
   53.5  1916   68.4  1961  108.4  1962  151.6  2004  195.4  2024  201.5  1984  185.7  1986  181.8  1940  140.9  2016  104.5  1954   63.0  1956   45.4  1942   169.4  2007   462.8  1931   572.9  1942   315.6  2019  1524.5  1925
   53.1  1920   68.1  1977  107.0  1937  151.6  1987  195.3  1939  201.2  1967  185.1  2004  181.6  1927  138.4  2022  104.1  1988   62.9  1982   44.2  2015   167.4  1991   462.4  2012   572.1  1926   313.6  2013  1522.7  1930
   53.1  2009   67.7  1913  106.6  1957  150.5  1974  193.5  1976  199.3  2004  184.9  1926  181.6  1961  137.4  1988  104.0  1967   61.5  1970   43.7  1993   166.6  1950   462.4  2001   569.0  2004   312.9  1948  1522.1  2012
   52.9  1998   67.6  1992  106.4  2004  150.4  1936  193.4  2015  199.1  2008  184.4  1958  180.4  1985  137.3  1995  104.0  1940   61.0  1963   43.4  1960   166.5  1923   462.2  1972   566.4  2010   312.5  1944  1521.7  1964
   52.5  1981   67.3  1937  106.3  1959  149.7  1944  193.4  2013  197.6  1924  183.7  1948  179.1  1937  136.9  1913  103.8  1945   60.8  1959   43.3  1945   165.7  2021   460.8  1993   565.2  1974   312.3  2020  1520.7  1946
   51.7  2010   66.6  1986  105.7  1949  148.2  1929  193.0  1958  197.5  1929  183.6  1942  178.4  1982  136.4  1990  103.7  2004   60.5  1937   43.1  2006   163.5  1927   459.8  1947   565.1  1962   310.3  2015  1520.0  1938
   51.7  1997   66.5  1981  104.7  1999  148.1  1924  191.3  2004  195.9  1934  182.6  2021  178.2  1936  135.5  1996  102.8  1944   59.8  1954   43.1  1911   162.6  1973   459.6  1973   562.0  1986   307.7  1951  1509.5  1924
   51.1  2002   66.3  1956  104.6  1913  147.0  2005  190.1  1955  195.5  1974  181.8  1979  177.8  1921  134.6  1992  102.6  1925   58.8  2022   42.1  1933   162.4  1916   459.2  1939   559.0  1985   306.6  1992  1501.8  2021
   51.1  1932   66.1  1964  104.2  1963  146.3  1923  189.7  1988  194.1  1932  181.6  1982  174.7  1943  133.8  1942  101.4  1927   58.7  2024   42.1  1921   162.1  1982   457.3  2018   558.4  1945   305.6  2024  1497.8  1992
   51.0  2013   65.5  1959  104.0  1977  145.2  2000  189.4  1960  192.9  1910  181.5  1915  171.8  1979  133.8  1985  101.1  1973   58.6  1911   42.0  1981   161.8  2013   454.8  1951   557.1  1919   304.3  1925  1496.7  1919
   50.8  2006   65.0  2006  103.2  1989  144.5  1973  188.3  1978  192.9  1912  179.6  2020  170.7  1992  132.9  1963   99.6  2021   58.1  1944   41.8  1964   161.5  1936   453.8  1917   556.7  1946   302.5  2001  1494.7  1944
   50.7  1937   64.6  1932  102.9  1922  142.4  2024  188.1  2022  191.3  1931  178.2  2002  170.3  1939  132.5  1952   98.6  1911   58.0  1917   41.5  2010   161.4  1964   453.6  2013   556.6  1992   301.7  1926  1494.0  1942
   50.7  1944   64.5  1953  102.3  1951  141.1  2001  187.7  1945  190.6  2005  176.0  1974  169.6  1962  132.4  2014   98.3  1958   57.9  1935   40.8  1998   160.4  1911   453.1  1974   553.5  1939   300.0  2017  1492.4  1984
   50.3  1951   64.4  1987  101.2  1946  140.1  1983  186.9  2000  189.5  1937  173.4  1914  169.5  1951  131.4  1962   98.0  1943   57.9  1931   40.7  1913   159.5  1958   451.2  1950   545.7  2005   300.0  2002  1492.4  1980
   49.9  1935   63.8  1974  101.0  1991  138.1  1962  185.3  2014  188.7  1980  172.8  1930  169.4  1960  130.8  1968   97.9  2015   57.7  1981   40.5  1975   159.1  1961   450.6  1994   544.9  1966   298.9  1969  1490.0  2000
   48.3  1926   63.5  2007  100.5  1923  137.5  1967  184.6  1973  188.6  1966  172.4  1961  168.8  1967  130.2  1961   97.8  1948   57.2  1997   40.1  1970   158.1  1947   449.3  2004   543.3  2008   298.4  1953  1487.9  1971
   48.1  1939   63.3  2005   99.8  1928  136.9  1925  183.5  1924  182.4  2000  171.9  2012  168.8  1915  129.9  1951   97.7  1998   56.9  2002   39.8  1931   157.9  1944   448.5  1934   539.5  1938   297.9  2014  1485.9  2002
   47.3  1961   61.8  1997   99.3  1914  136.8  2012  183.4  2017  182.3  1926  171.3  2023  167.0  1910  129.1  2010   97.5  1933   56.9  1951   39.5  1914   156.5  1953   448.2  1925   539.1  1953   297.4  1937  1481.1  1991
   47.2  1958   60.7  1930   98.9  1915  136.1  1985  182.9  1916  181.6  1983  170.6  1938  165.9  1916  128.6  1922   97.4  2007   56.7  1990   39.2  1939   155.6  1932   442.0  2000   539.1  1936   297.3  1998  1479.9  1953
   46.6  1921   59.7  1951   98.2  2024  134.1  1935  182.6  1987  179.5  2002  169.6  1970  165.4  1913  128.5  1965   97.3  1972   56.4  1927   39.0  1935   155.1  1975   438.9  1971   535.9  1963   295.9  1982  1477.2  1939
   46.5  1964   59.5  2013   98.1  1970  133.5  1910  182.2  2002  179.2  1946  168.6  1939  164.6  1938  127.7  1989   97.3  1989   56.3  1980   37.5  1923   155.1  1957   436.7  1913   535.6  1998   294.7  2008  1476.6  1993
   45.9  1977   59.5  2024   98.1  1974  133.0  1928  182.1  1936  178.7  1927  166.1  1992  164.3  1941  126.0  1960   95.6  1978   56.0  1922   37.4  1915   155.0  1921   436.0  2024   535.1  1920   294.2  1931  1476.0  1983
   45.9  1913   58.3  1958   97.4  1985  132.9  1963  181.4  1972  177.5  1965  165.0  2011  163.5  2015  125.7  1977   94.5  2000   54.9  2019   37.3  1958   153.8  1926   434.5  2005   534.2  2007   293.5  1958  1475.7  1974
   45.8  1985   57.4  1923   96.8  1971  132.8  1986  180.1  1967  177.0  2019  164.3  1987  163.1  1924  124.8  2000   94.4  1924   54.8  2010   36.6  1941   153.8  1945   434.5  1969   530.6  2000   291.7  1956  1474.6  1979
   45.5  1938   56.8  1944   95.4  1954  132.5  1972  179.1  1926  176.7  1995  163.3  1998  163.0  2002  124.7  1930   94.3  1957   54.7  1984   36.5  1966   150.0  1965   432.8  1963   528.2  1979   291.5  1918  1470.6  1962
   44.3  1987   56.7  1929   94.8  1987  131.9  1917  177.2  1996  176.1  1968  163.0  1912  161.0  1999  124.1  1910   94.0  1934   53.4  2004   36.4  1940   149.6  1968   432.2  1916   526.4  2011   291.0  2000  1468.7  1988
   44.3  1936   56.5  2009   94.6  1979  131.1  1988  175.4  1965  174.6  1979  160.0  1980  159.5  1917  124.1  2017   93.1  2013   52.5  2008   36.2  1997   149.3  1954   428.9  1987   524.3  1922   289.5  2010  1464.3  1969
   43.7  2021   56.5  1941   94.2  1912  130.9  1913  175.4  1969  173.3  1948  159.9  1920  158.0  1931  124.0  1969   92.6  1923   52.2  2014   35.5  1978   148.9  1931   426.6  1965   523.5  1932   289.3  1974  1452.0  1977
   43.5  1993   56.3  2017   93.7  1939  129.1  1981  174.5  1912  173.1  1955  159.8  1973  157.9  1957  123.7  1946   92.0  2012   52.1  1991   35.4  1995   148.9  1948   423.5  1970   520.7  2002   288.1  1950  1446.2  1998
   42.8  1948   55.9  1931   90.6  1988  126.0  1932  173.7  1931  171.7  1972  159.6  1956  156.8  1946  123.4  1976   91.9  1942   51.8  1953   34.9  1950   148.6  1938   423.1  2006   520.4  1944   287.7  1972  1439.0  1985
   40.6  2011   55.6  1982   90.5  1983  125.5  1965  172.0  1937  169.4  2013  159.2  1988  156.2  1956  122.0  1950   91.9  2002   51.8  1919   34.3  1959   147.8  1971   420.6  1954   515.8  2021   287.0  1966  1438.4  1956
   40.0  1968   55.3  1978   90.4  1925  125.4  1992  171.3  2021  167.4  1944  158.5  1966  154.7  1942  121.5  1998   90.9  1963   51.5  1950   34.1  1947   146.7  1960   420.0  1978   513.2  1982   284.7  1963  1436.3  1945
   39.6  1978   55.2  1954   90.1  1942  125.0  2018  170.1  2012  165.6  1978  158.2  2005  152.6  1978  120.6  1938   89.3  2017   50.9  1966   33.4  1918   146.6  1978   418.1  1966   511.2  1971   283.6  1967  1436.2  1926
   39.1  1950   54.8  1935   89.8  1919  124.4  1940  169.8  1975  163.1  1964  157.9  1981  152.6  2011  120.4  1924   89.2  1939   50.4  1936   33.4  1985   146.6  1915   417.6  1979   510.4  1972   283.3  1993  1434.1  1963
   38.6  1914   54.3  1980   89.7  1952  123.5  1964  169.2  1938  160.2  1981  157.4  1936  151.2  1945  118.6  1925   88.7  1991   50.3  1955   33.1  1927   146.4  1996   417.0  1960   509.1  1988   280.4  1962  1433.4  1910
   38.5  1972   54.0  2010   89.6  1911  123.3  1993  168.3  1928  160.1  2007  156.7  1931  150.7  2006  116.1  1956   87.8  1916   48.5  1974   33.0  1953   146.3  1929   416.9  1936   509.0  1981   278.8  1983  1427.4  1960
   37.8  1929   53.4  1912   84.5  1936  123.1  1970  167.8  1951  160.0  1985  155.0  1957  150.0  1980  116.0  1932   87.6  1946   48.4  1946   32.3  1930   146.0  1976   414.4  1930   507.2  2012   277.8  1910  1419.4  1931
   37.8  1960   50.2  1919   80.9  1980  122.8  1934  167.3  1933  156.3  1997  154.3  1972  147.8  1922  115.3  1967   85.7  1937   47.4  1942   32.1  1971   144.9  1951   411.8  1926   505.9  1931   277.2  1994  1415.1  1927
   37.7  1945   50.0  1927   79.4  1917  122.7  1979  166.2  1930  153.2  1982  153.7  1960  147.3  1986  113.3  1936   85.6  1932   47.1  1994   31.0  1919   142.9  1924   411.5  1988   500.0  1948   276.7  1912  1411.0  1936
   37.7  1973   49.2  1976   78.6  2023  122.3  1989  161.3  1950  151.2  1998  149.0  1922  147.3  1925  113.3  2008   85.4  2009   46.4  1987   30.7  1910   142.2  1970   406.7  1996   499.3  1927   273.2  1942  1403.3  1965
   37.5  1975   47.4  1979   76.5  2001  120.3  1975  159.2  1954  148.8  1954  146.4  1944  146.5  1987  113.3  1994   85.4  1974   45.5  1926   30.6  2023   139.3  1913   402.9  1962   498.8  1980   272.7  1939  1390.1  1972
   37.4  1971   46.4  1991   75.6  2018  119.7  1931  157.7  2006  148.0  1988  145.8  1916  146.3  1920  113.0  1972   82.5  2019   44.8  1924   30.3  1920   139.1  1940   402.4  1998   491.1  1937   272.6  1960  1388.5  1913
   36.2  1922   45.9  1924   73.3  1998  118.3  1930  157.6  1941  146.4  2012  144.0  1932  145.3  2010  113.0  1931   80.2  1960   44.6  1958   29.8  2024   136.9  1979   401.6  1964   478.4  1910   272.1  1936  1377.6  1941
   36.1  1919   45.7  1926   73.3  1992  117.5  1998  156.4  1968  141.1  1971  142.1  1968  143.1  1948  112.5  1983   78.4  1966   44.5  1933   28.8  1987   131.5  1993   401.5  1991   472.1  1965   271.8  1957  1371.8  1958
   35.4  1955   45.5  1968   70.9  1969  116.1  1919  156.4  1962  140.2  1958  139.1  1927  143.0  1971  112.2  1912   77.4  1915   43.0  1934   28.5  1937   131.5  1912   401.1  1928   468.5  1913   267.2  1927  1365.0  1912
   35.0  1912   44.5  2026   70.6  1947  114.7  1961  152.7  1923  138.6  1990  137.1  1954  141.4  1977  112.2  2001   76.9  2025   43.0  1932   27.3  2021   130.5  1969   400.2  1984   463.6  1912   264.9  1916  1358.2  1966
   34.3  1969   42.7  1917   70.5  2005  114.5  1971  152.1  1994  136.0  1956  135.6  1962  138.8  1969  110.2  1941   76.3  1914   41.7  2015   26.9  1989   126.7  1935   399.5  1923   463.3  1977   261.5  1984  1349.6  1981
   34.1  1915   41.8  1972   69.3  1996  113.2  1978  144.2  1985  133.1  1991  132.7  1978  134.0  1958  109.3  1927   74.9  1953   41.6  1983   26.6  1968   123.7  1941   380.4  1941   458.6  1958   259.7  1946  1342.8  1954
   32.3  1953   39.8  1966   66.8  2013  111.4  1926  144.0  1981  132.0  2016  129.6  2000  132.0  2008  107.9  1916   73.4  1982   40.9  1941   25.8  1912   123.4  1966   377.6  1985   451.8  1956   259.7  1924  1339.6  1978
   31.8  1966   39.3  2011   66.7  1960  107.8  1941  138.9  1991  131.5  1953  122.4  1937  132.0  1954  107.3  1920   72.9  1910   40.5  1939   24.2  1916   121.4  2011   376.4  1932   450.9  1978   259.0  1941  1316.6  1987
   30.8  1941   38.4  1993   63.5  1975  103.0  1918  138.6  2007  130.9  1977  118.5  1910  127.3  2021  107.0  1957   70.3  1918   38.6  1945   24.1  2002   119.7  1919   368.0  1983   442.4  1916   244.5  1932  1313.9  1932
   30.1  1942   38.1  1942   58.9  1916   92.6  1966  137.4  1983  130.7  1916  115.7  1919  124.1  1963  102.7  1993   68.5  1968   38.0  1962   21.9  1934   112.4  1972   361.8  1937   437.9  1968   243.8  1976  1296.8  1937
   24.8  1970   34.0  1965   57.2  1964   92.4  1920  128.5  1984  130.5  1923  110.2  1965  119.6  1968   97.8  1984   62.9  2020   36.0  1912   16.2  1956   104.7  1942   353.5  1975   427.5  1987   234.2  1968  1288.8  1916
   23.0  1996   27.7  1940   55.1  1981   82.8  1937  116.1  1932  116.7  1987  101.3  1913  107.8  1912   87.9  1945   57.3  1976   34.9  1968   15.8  1969    89.9  1917   328.2  1981   417.8  1954   230.3  1945  1250.8  1968
   23.0  1917   26.7  1947   47.7  1984    ---  2026    ---  2026    ---  2026    ---  2026    ---  2026    ---  2026    ---  2026    ---  2026    ---  2026     ---  1910     ---  2026     ---  2026     ---  2026     ---  2026
