Areal values from HadUK-Grid 1km gridded climate data from land surface network
Source: Met Office National Climate Information Centre
Monthly, seasonal and annual total precipitation amount for East Anglia
Areal series, starting in 1836
Last updated 01-Apr-2026 11:35
    jan  year    feb  year    mar  year    apr  year    may  year    jun  year    jul  year    aug  year    sep  year    oct  year    nov  year    dec  year     win  year     spr  year     sum  year     aut  year     ann  year
  119.9  1939  112.7  2024  112.5  1947  117.8  1998  118.0  2007  128.8  1997  143.6  1875  177.1  1912  123.3  1918  153.9  1865  153.1  1940  144.3  1914   286.1  1915   228.7  1981   325.9  1879   319.5  1852   841.8  1872
  116.5  1988   95.2  1916   98.6  2023  112.4  2012  105.4  1843  120.3  1860  122.4  1880  122.2  2010  122.5  1968  137.7  1892  139.1  1970  109.9  2020   254.2  2024   222.8  1983   322.2  1912   316.1  2000   828.1  1852
  102.5  1995   86.9  1951   93.5  1851   93.4  2000  103.7  1878  109.4  1985  114.0  1888  117.8  1917  120.9  1896  136.0  1939  130.4  1852  107.9  1876   250.4  1877   222.6  1979   294.0  1903   310.4  1885   809.9  2012
  102.1  2014   84.5  2001   92.8  1981   92.1  1983   98.4  1924  106.9  1958  113.9  1936  117.2  1843  109.7  1876  135.7  2023  129.9  1878  105.9  1868   249.0  2021   219.3  1937   269.9  1860   308.5  1960   798.5  1903
  100.6  1943   83.1  1866   92.8  1916   86.3  1920   98.3  1932  105.6  1879  113.5  1879  116.5  2004  109.5  1885  132.4  1882  116.8  1875  105.6  1929   237.1  1990   215.2  1951   265.9  1987   299.4  1974   779.7  2000
   94.4  2021   82.3  2010   91.1  1914   82.2  1931   93.9  1849  102.2  2016  113.1  1855  111.5  1878  107.2  1871  130.0  1987  110.1  2000  104.8  1915   234.8  2014   202.6  2001   263.4  1958   284.3  1841   779.6  2001
   92.5  1948   81.7  1900   89.4  2001   81.7  1846   93.6  1983   99.5  2007  112.5  1853  110.1  1865  107.0  1930  128.5  1960  107.9  1974  104.8  1978   233.7  1916   201.8  2000   257.6  1946   274.8  1882   776.5  1848
   92.1  1937   81.3  1977   88.3  1979   77.5  1951   93.6  2014   98.9  2012  109.1  1903  109.3  1881  103.6  1995  128.3  1903  106.6  1929  104.3  1989   225.0  1979   200.8  1932   254.1  2012   274.5  1880   775.7  2023
   89.9  1852   79.7  1937   85.2  1836   75.2  1918   92.0  1860   98.8  1982  107.2  2012  106.9  1879  103.1  1993  127.9  1880  105.8  2002  103.9  1965   224.9  1995   200.4  2023   249.0  1865   270.2  1875   775.4  1960
   87.1  1906   79.2  1950   83.1  2008   74.6  1926   92.0  2000   96.1  1998  102.0  1872  106.1  1852  100.6  1965  125.0  2000  104.6  1950  102.5  1910   218.5  1869   196.5  2008   246.3  1852   268.4  2023   771.0  1860
   86.4  1956   78.9  1990   82.9  1848   74.3  1882   89.1  1889   94.7  1903  101.8  1915  105.9  1956  100.1  1842  123.8  1885  104.5  2009   99.7  2002   216.3  1939   195.0  2012   244.7  1872   268.4  1939   767.7  1912
   85.6  1877   78.7  2020   80.9  1862   73.8  1871   87.2  1967   94.4  1964  101.2  1850  105.9  2006   98.4  1852  123.4  1841  103.3  2022   98.4  1919   213.8  1919   189.6  1975   243.7  1853   266.9  1993   766.1  1841
   84.4  1928   75.6  1923   79.2  1951   73.3  2001   85.0  1969   94.0  1909   99.6  1922  105.6  1954   97.8  1927  122.4  1982   98.7  1939   97.9  2012   213.4  1937   188.9  1862   242.2  1875   257.5  1944   762.0  1882
   83.6  2004   73.6  1958   77.8  1896   72.6  1989   82.2  1867   93.8  1987   99.4  1918  102.9  1941   96.7  1883  116.7  1848   98.5  1954   97.5  1911   211.2  2010   185.4  1867   242.0  1968   257.0  1836   760.5  1939
   83.1  1984   73.5  2014   77.5  1941   71.7  1853   81.4  1854   91.8  1936   99.0  1865   98.1  1860   95.5  2024  113.6  2020   96.9  1906   96.9  1869   211.0  2020   185.4  2024   241.6  1927   254.5  1976   752.8  1879
   83.0  1922   73.4  1879   77.3  1937   71.6  1907   81.2  2021   91.4  1927   98.7  1851   97.3  1977   93.8  1960  112.4  1891   96.3  1861   96.4  1934   205.7  1977   183.5  1998   240.3  1917   248.5  1935   752.5  1927
   82.0  1936   72.1  2026   77.2  1975   70.6  1848   81.0  2006   89.5  1852   98.6  1950   96.9  1999   93.4  1984  112.1  1843   96.2  1952   96.1  1979   204.3  1912   180.0  1924   240.2  1956   247.9  1903   750.3  1958
   81.4  2026   72.0  1883   75.0  1988   69.9  1908   79.6  2024   89.4  1848   95.1  1988   96.2  1837   91.9  1974  109.0  1855   95.9  1946   95.8  1909   202.4  2001   179.5  1916   237.2  1880   246.3  1892   744.8  1916
   80.4  2003   70.0  1848   71.8  1964   69.1  1935   79.0  1979   87.8  2019   94.4  1841   96.0  1891   91.8  1848  108.4  1932   94.9  1996   91.0  1886   201.6  1935   178.8  1872   236.4  1954   246.2  1992   743.2  1937
   76.6  1919   68.9  1919   71.7  1909   69.0  1981   77.2  1869   87.6  1999   92.9  1890   95.2  1946   91.6  1975  108.1  1857   93.8  1872   89.8  2017   200.1  2026   177.1  1969   234.3  1909   244.9  1982   739.9  1924
   76.5  1872   68.2  1915   70.6  2018   68.4  1937   76.6  1955   85.1  1991   92.0  1946   95.2  2014   91.3  1857  104.4  1949   93.3  1842   88.2  1872   199.1  1883   176.8  1860   233.2  1888   242.8  1848   736.7  2014
   75.7  1900   67.9  1881   70.5  1888   67.9  1919   75.7  1886   84.4  1838   91.6  1895   92.0  1931   90.9  1935  104.3  1844   93.0  1935   87.6  1959   198.8  1910   176.2  1851   229.8  1841   241.4  1857   736.3  1951
   73.6  1915   67.8  1904   70.3  1952   67.6  1970   75.3  1910   84.1  1980   90.9  1930   91.6  1987   90.8  1880  101.0  1924   92.9  2025   86.4  1993   198.5  1994   175.5  1889   228.5  1848   238.0  1883   729.2  2024
   73.1  1971   67.3  1927   70.1  1864   66.4  1993   74.9  1902   83.2  1905   90.4  1867   90.2  1903   87.6  1976  100.0  1909   91.8  1951   85.9  2023   197.4  1966   173.5  2018   227.9  1936   237.6  1842   718.8  1875
   72.7  1857   66.5  1995   67.8  1897   65.9  1922   73.5  1937   78.5  1892   86.9  1886   88.1  1916   86.6  1957   99.6  1974   91.6  1930   84.9  1901   197.3  2003   173.3  1843   226.9  2007   233.7  1896   718.7  1993
   72.5  1978   66.2  1893   67.6  1912   65.6  2018   72.9  1984   76.8  1863   86.5  1931   88.0  1968   85.6  1841   98.6  1993   91.4  1944   84.6  1870   196.7  1960   172.6  1878   225.9  2004   232.6  1924   717.5  1877
   72.4  1912   65.4  2007   67.5  1876   65.5  1876   71.8  1931   75.7  1871   86.2  1968   87.7  1948   85.6  2001   98.1  1976   90.1  1926   84.5  1985   196.6  1900   171.4  1849   224.5  1966   231.9  1940   716.4  1880
   71.3  1867   65.0  2022   67.1  1940   64.5  1932   71.5  1891   74.8  1971   85.9  1894   86.5  1986   84.0  1866   96.6  2013   87.9  2014   82.0  2019   196.3  1936   169.4  2016   221.1  1843   228.8  1998   714.4  1946
   71.1  1994   63.8  1966   65.9  1963   64.2  1924   70.9  1845   74.7  1883   85.7  1891   85.5  1848   83.3  1992   95.8  1923   87.6  1992   81.4  1961   193.9  1961   169.4  1947   219.2  1891   228.3  1872   712.7  1876
   70.6  2008   62.4  1876   65.3  2016   63.8  1877   70.3  1898   73.3  1880   84.2  2015   85.4  1951   82.6  1836   95.6  1846   86.3  1960   80.9  1882   190.0  1951   169.3  1877   217.9  1892   227.3  2019   712.3  1998
   69.9  1975   60.6  1957   64.0  1992   63.8  1939   69.7  1856   71.7  1912   84.2  1920   84.4  1974   81.0  2000   94.0  1836   86.1  1839   80.5  1937   188.3  1897   168.5  1967   217.0  1931   227.2  1952   707.6  2002
   69.6  1960   60.1  2000   62.8  1872   63.5  1964   69.5  1885   71.5  1902   83.9  1909   83.9  1963   80.5  1944   93.6  1906   85.7  2003   80.4  1960   187.2  2018   167.2  1963   215.6  1839   224.5  2001   705.0  1865
   69.0  2016   59.4  1869   61.7  1890   62.9  1859   69.2  1930   71.4  1872   83.4  1861   83.6  1877   79.7  1999   93.2  1998   84.9  1963   80.3  1997   187.0  1873   166.2  1986   215.0  1999   224.4  1984   704.9  1987
   67.6  1913   59.1  1897   61.5  1980   62.2  1966   68.3  1948   70.8  1839   83.1  1940   81.6  1927   79.4  1879   93.0  1889   84.2  1888   79.5  2009   185.9  2007   166.1  1907   214.6  1985   223.5  1918   698.9  1992
   67.3  1886   59.0  1843   61.1  1919   61.9  1879   68.2  1879   70.7  1882   82.3  1908   81.6  1895   79.3  1973   92.0  2019   82.4  1911   79.3  1896   182.1  1958   166.1  1869   213.9  1890   222.7  1930   697.6  1866
   67.2  1865   58.8  2009   60.7  1842   59.6  1899   68.0  2008   70.4  1946   81.8  1893   81.4  1996   79.1  1869   91.8  1967   81.7  1894   78.9  1881   181.4  2004   164.7  1964   210.0  1997   222.1  1906   696.8  2020
   66.9  1961   58.8  1936   59.7  1978   59.3  1986   67.8  1907   70.0  1906   81.3  1992   80.9  1900   78.3  1897   90.7  1917   81.6  1969   77.5  1849   181.3  1980   164.7  1992   209.1  1894   221.8  1927   695.5  1965
   66.5  1999   58.3  1925   58.0  1877   59.0  1975   66.9  1981   69.9  1875   80.8  1965   80.7  2020   77.9  1981   90.7  1852   81.5  1916   76.9  1891   180.8  1970   162.4  1903   207.6  1855   221.5  1987   695.3  1968
   66.0  1846   58.0  1910   57.0  1860   58.8  2004   64.6  1973   69.9  1966   80.8  2023   80.6  2008   76.7  1958   90.6  1875   80.9  1910   76.8  1938   179.8  1948   162.3  1931   205.1  1960   221.5  2002   693.2  1915
   65.8  1959   57.9  1974   57.0  1969   58.7  2024   64.1  1958   69.8  1935   80.6  1966   80.0  1960   76.1  1998   88.8  2004   80.9  2008   74.9  1966   177.4  1943   162.3  1848   204.9  1881   220.3  1844   688.6  2007
   65.6  1866   57.8  1931   56.9  1954   58.3  1851   63.8  1840   69.6  1926   80.5  1987   79.8  1902   75.8  1899   88.6  1942   80.5  1971   72.3  1999   176.8  1928   161.9  1908   203.4  2017   219.2  1878   686.8  1843
   65.1  2007   57.2  1979   56.6  1905   58.3  1967   63.6  1862   68.8  2011   80.2  2001   78.2  1958   74.4  1950   88.1  2012   80.4  1836   72.0  1916   176.2  1978   157.8  2007   200.1  1950   217.3  2022   684.5  1954
   65.1  2011   56.9  1877   55.8  1908   56.8  1867   63.0  1903   67.8  1968   80.1  1858   77.4  1992   74.3  1859   87.1  1872   79.1  1883   71.7  1907   176.1  2013   157.4  1836   199.8  1866   215.3  1968   684.5  2008
   64.8  1938   56.8  2002   54.8  1995   56.0  1965   62.4  1872   67.7  1948   79.9  1960   76.8  1892   74.0  1994   86.6  2001   78.8  1877   71.4  1995   175.8  1866   155.7  1994   199.5  1980   212.8  1876   683.8  1909
   64.8  1837   56.6  1885   53.6  1869   55.4  2016   61.2  2017   67.4  1866   79.6  2009   75.9  1939   73.8  1925   86.3  1913   77.1  1885   71.2  1958   174.3  1988   155.4  1930   194.7  1915   211.1  2020   683.4  1966
   64.7  1977   55.9  1970   53.6  1911   55.4  1979   58.8  1858   67.1  1978   79.0  2017   75.8  1952   73.4  1952   85.6  1944   77.1  1882   69.5  1986   172.8  1930   155.3  1920   194.3  1965   209.6  1970   682.7  1878
   64.6  1942   55.6  1926   53.6  1982   55.2  2023   58.5  1951   66.1  1911   78.6  1839   74.9  1841   72.5  1962   85.1  2002   77.0  1844   69.1  1998   171.9  1911   154.6  1876   193.8  1902   208.3  1865   682.6  1836
   64.2  1895   55.0  1844   53.1  1986   55.2  1836   58.0  2002   66.0  1900   78.3  1877   74.2  1845   72.4  1924   84.6  1853   76.4  1984   69.0  1928   171.3  1926   154.5  1941   193.0  1877   203.8  1946   681.5  1910
   64.0  1986   55.0  1946   53.1  2013   54.3  1849   57.8  1847   66.0  1953   78.3  1958   74.1  1966   71.1  1946   84.1  1955   75.9  2023   68.6  1845   170.7  1922   153.2  2006   193.0  1948   203.0  2012   680.4  1883
   63.1  1860   54.7  1865   53.0  1903   53.9  1913   57.6  1942   64.1  2017   77.8  2024   72.6  2001   70.9  1922   84.1  1896   75.6  1876   68.2  1918   166.5  1920   152.8  1879   192.5  2020   202.9  2024   679.1  1930
   63.1  1979   54.3  1837   52.2  1844   53.6  1872   57.6  1925   63.7  1847   76.9  1917   72.5  2015   70.6  1839   82.9  1961   75.3  1841   67.2  1945   165.5  1986   152.4  1978   192.4  1992   202.7  1839   677.0  2004
   62.9  1926   54.3  1935   51.9  1901   53.3  1889   57.3  1982   63.7  1859   76.5  1956   71.7  1846   70.5  1856   82.9  2021   74.6  2012   66.8  2021   165.4  1923   151.2  1988   192.1  1895   201.5  1899   675.0  1885
   62.6  1918   52.9  1906   51.5  1913   53.1  1953   57.2  1945   63.5  2003   75.9  1889   71.3  1872   69.7  1874   82.0  1870   74.1  1936   66.6  1900   164.2  1999   150.5  1913   191.6  1859   200.1  1859   674.6  1974
   61.9  1970   52.2  1954   51.2  1994   53.0  1963   56.9  1850   63.4  1890   75.9  1871   70.7  1854   69.2  1849   81.1  1980   73.4  1927   64.6  1923   162.9  1984   149.5  1845   191.1  2014   198.9  1923   674.5  1936
   61.8  1972   52.0  1969   50.9  1965   52.7  1934   55.3  1954   63.4  1853   74.9  1883   70.6  1971   68.6  1903   79.4  2014   73.0  1893   63.8  1880   162.9  1867   149.3  1882   189.9  1941   197.1  1929   673.7  1918
   61.5  1998   51.7  1941   50.2  1998   52.4  1973   54.0  1864   62.3  1916   74.7  1957   70.4  1888   68.3  1860   79.3  1966   72.7  1895   63.7  2000   162.5  1938   149.3  1886   189.9  1851   196.9  1967   671.5  1853
   61.3  1951   51.2  1922   50.2  1989   52.4  1994   53.8  1950   61.7  1954   74.0  1924   69.7  1857   65.7  1936   78.7  1859   72.2  1982   63.1  1947   162.4  1885   147.6  1910   189.6  2001   196.8  1925   669.5  1999
   60.8  1851   50.9  1861   50.2  1927   52.1  1901   53.8  1986   60.6  1841   73.7  1962   67.8  1889   65.6  1889   77.3  1907   71.5  2019   63.0  1969   162.2  1906   147.5  1965   189.2  1953   196.5  2025   668.7  1892
   59.8  1924   50.3  1955   49.9  1861   51.0  1930   53.4  1949   60.2  1955   73.7  2007   67.8  1853   65.3  1882   76.7  1929   71.2  2015   62.0  1912   161.5  1837   145.6  1898   188.3  1889   196.2  1961   668.5  1919
   59.0  1868   49.9  1996   49.7  1933   50.1  1910   53.4  1975   60.0  1928   73.4  1969   67.7  1897   64.8  1884   75.3  1992   70.1  1899   61.2  1920   160.6  1969   142.2  1909   185.6  1900   194.6  1942   668.1  1979
   58.6  1856   49.2  1853   49.5  1999   49.2  1880   53.1  1985   60.0  2021   73.3  1912   67.5  1866   64.5  1983   75.0  1994   69.4  1840   60.7  2018   159.9  1881   142.0  1919   185.4  1916   194.5  1950   660.7  1881
   57.9  1863   49.1  1892   49.1  1917   49.2  1925   53.1  1987   59.8  1973   72.2  1919   66.1  1839   64.4  1951   71.8  1849   69.2  1838   60.6  1927   159.5  1860   141.6  1952   184.4  1882   193.1  2013   658.6  1950
   57.3  1969   47.0  1836   47.7  1939   49.1  1857   52.6  1894   59.6  1894   71.6  1942   65.5  1905   64.0  1892   71.5  1886   69.1  2016   60.4  1924   158.6  1946   141.5  1987   183.5  1922   193.0  2008   658.0  1839
   56.9  1993   46.8  1880   47.1  2024   49.0  1961   52.1  1994   59.6  2020   70.9  1932   65.4  1930   64.0  1863   71.3  1986   69.0  1886   60.3  2003   157.7  1962   140.8  1897   183.3  1974   192.9  1954   657.9  1891
   56.7  1840   46.8  1980   47.1  2019   48.7  1992   51.9  1992   58.7  1836   70.5  1910   64.9  1915   63.8  2019   70.5  1981   68.8  1976   59.9  1859   157.5  1931   140.6  1914   182.6  2010   192.4  1843   656.7  1982
   56.5  1958   46.6  1961   46.9  1865   48.3  1905   51.8  1993   58.5  1898   70.1  2004   64.6  1862   63.8  1920   70.0  1881   67.0  1966   59.8  1976   156.5  1848   140.1  1885   181.7  1957   191.4  1926   655.1  1869
   56.5  1941   46.2  1978   46.5  1984   47.5  1858   50.9  1915   58.2  1896   70.0  1842   64.5  1925   63.7  1881   69.9  1928   66.7  2006   59.5  1946   156.3  1846   139.4  1918   181.5  1971   190.9  1932   654.0  1981
   56.5  1962   46.0  1997   46.4  1867   47.1  1950   50.4  1852   57.9  1947   69.1  1954   64.4  1858   63.5  1961   67.1  1893   66.7  1890   59.5  1847   155.1  1879   139.3  1939   180.9  1924   189.3  2006   649.6  1889
   55.6  2024   45.0  1967   46.3  1839   47.0  1991   50.0  2015   57.8  1956   69.0  2002   63.6  1894   63.0  1873   66.7  1851   66.3  1915   59.2  2013   154.8  1853   138.2  1846   180.5  1878   189.2  1869   648.5  1894
   55.6  1875   44.7  2021   45.6  1987   46.9  1927   49.9  1938   57.2  1897   68.9  1953   62.5  1868   62.7  1875   66.4  1862   65.2  1914   59.0  2011   154.1  1871   138.1  1864   180.4  1930   189.1  1855   647.6  1935
   55.4  2015   43.6  1873   45.6  1868   46.4  1903   49.7  1899   55.6  1862   68.6  1927   61.9  2023   62.3  1933   66.3  1938   65.2  1993   58.6  1884   154.0  1852   137.6  1925   180.2  1837   188.8  1889   641.1  1986
   55.2  1873   43.6  1852   45.0  1970   45.8  1959   49.5  1887   54.6  1989   66.8  1859   61.6  1908   61.2  2005   66.3  2005   64.5  1887   57.7  1841   153.8  2000   137.3  1922   180.1  2011   188.1  1911   639.0  1906
   54.9  1985   43.1  1839   44.7  1977   45.4  2008   49.2  1873   53.6  1933   66.3  1980   61.2  1859   61.1  1840   66.2  2006   64.2  1942   57.7  1906   153.4  1956   136.6  2004   178.7  2015   187.2  1949   638.9  1886
   54.5  2018   43.0  1889   44.5  1934   45.4  1850   49.0  1916   53.4  1965   65.2  1882   61.1  2018   59.8  1938   65.5  1894   63.6  1965   57.5  1867   152.9  1996   136.4  1993   178.6  2008   186.9  1894   638.6  1922
   54.3  2025   42.9  2018   44.2  1942   45.3  1843   49.0  2013   53.0  1857   64.8  1866   60.3  2017   59.2  2020   65.5  1925   62.8  1860   57.4  1977   151.8  1967   135.7  1985   177.4  1963   186.7  1881   637.7  1984
   54.3  1853   42.7  1871   44.2  1895   44.9  1962   48.7  2016   52.9  1974   64.8  1941   60.1  1957   59.1  2010   64.6  1935   62.7  1986   57.4  1866   151.5  1941   135.6  1905   177.2  1910   185.7  1981   637.7  1859
   54.2  2001   41.2  1940   43.7  1845   44.3  1862   48.5  2012   51.6  1907   64.7  1973   60.1  1965   58.5  1912   64.5  1916   60.6  1941   57.3  1952   151.5  1882   135.3  1888   176.4  1978   185.5  1936   636.7  1931
   54.2  1890   41.2  2011   43.7  1922   44.3  1978   48.4  1963   51.2  1873   64.1  1904   59.9  1969   58.5  1887   64.2  1895   59.7  1866   57.0  1942   150.6  1924   135.3  1859   176.2  1982   185.1  2014   635.3  1867
   53.9  1899   41.0  1947   42.9  1928   43.9  1897   48.4  1978   50.6  1977   64.0  1993   59.8  1945   57.7  2017   63.7  2022   59.4  1998   56.7  1898   149.8  1955   135.0  1899   174.0  1939   184.0  1938   634.9  2021
   53.8  1990   41.0  1888   42.9  1906   43.6  1866   48.0  1941   50.2  1984   63.4  1849   59.5  1950   56.9  1991   63.3  1926   59.3  1912   56.0  1994   149.7  1868   134.6  2014   173.6  1988   183.3  1891   630.0  1952
   53.3  1845   41.0  1994   42.3  1923   43.6  1917   47.5  1877   49.5  2009   63.3  1929   59.5  2011   56.8  2023   63.0  1868   59.2  1924   55.8  1839   149.1  1925   134.1  1940   173.3  1838   182.3  1874   630.0  1917
   53.1  1869   40.9  1983   41.6  1881   43.4  1837   46.6  1875   49.4  1924   62.6  1892   59.2  1844   56.5  1931   62.9  1911   58.9  1907   55.5  1935   148.9  2016   133.2  1853   173.3  1883   181.4  1913   629.1  1988
   52.9  1920   40.7  1933   41.5  1898   43.2  1878   46.5  2023   48.8  1888   62.0  1884   59.1  1994   56.4  2006   62.4  1873   58.2  1991   55.4  2006   148.7  1998   132.4  1901   172.9  1969   181.3  1863   628.3  2019
   52.2  1841   40.6  1914   41.5  1971   42.9  1987   46.1  1904   48.4  1881   62.0  1978   59.1  1919   55.6  1838   62.3  1854   58.1  1975   54.6  1982   148.5  1957   132.3  1989   172.6  1905   180.3  1965   626.8  1914
   51.1  1955   40.4  2005   41.5  1959   42.8  1894   45.8  1962   48.0  1943   61.4  1959   59.0  1896   54.4  1868   62.1  1883   57.9  1938   54.3  2022   148.5  2022   132.2  1891   171.1  1845   179.3  1849   622.2  1849
   51.1  1952   40.4  1989   41.3  1870   42.7  1888   45.5  2003   47.9  1910   60.3  2000   58.8  1923   53.0  1909   61.2  1953   57.9  1855   53.4  1956   148.1  1904   132.1  1984   170.1  1871   179.0  1916   617.7  1923
   51.1  1945   39.9  1945   41.3  1972   42.6  1999   45.3  1890   47.6  1945   59.5  1923   58.8  1910   53.0  1905   60.5  2008   57.8  1863   53.4  1922   147.5  1892   131.5  1902   169.4  1908   178.5  1887   617.6  1970
   51.0  1935   39.6  1960   40.8  1985   42.4  1944   45.2  1928   47.0  1855   58.4  2014   58.2  1979   52.0  1945   60.4  2010   57.8  1843   53.4  1981   147.5  1870   131.3  1970   169.4  1858   177.8  1951   616.8  1994
   50.3  2020   38.8  2025   40.3  1873   42.0  1972   45.2  1913   46.9  1957   58.2  2021   57.7  1856   51.7  2008   59.5  1863   57.8  1949   53.3  1930   146.7  1887   130.6  1890   168.1  1928   176.4  1909   616.3  1896
   49.9  1921   38.8  1908   40.1  1957   41.9  1985   44.8  1946   46.8  1993   58.0  1844   57.6  1890   51.2  1867   59.5  1898   57.5  1925   53.1  1894   146.6  1913   130.5  1973   167.1  2023   176.1  1957   616.1  1928
   49.9  1897   38.7  2015   38.9  2007   41.7  1968   44.7  1988   46.6  1861   57.8  1981   57.5  1924   50.8  1862   58.4  1847   57.5  1864   53.1  1854   146.2  1950   127.4  1858   166.0  2019   174.2  1846   615.4  1969
   49.5  1965   38.1  2006   38.7  1904   41.5  1885   44.7  1918   46.3  1843   57.5  1843   56.4  1909   50.5  1967   57.7  1945   57.4  1972   52.8  1925   145.2  2025   127.1  1871   165.0  1919   174.1  1994   615.1  1978
   49.4  2010   38.1  1991   38.4  1887   40.5  1947   44.6  2004   46.2  1963   55.9  1845   56.1  1961   50.4  2015   57.6  1952   57.3  1869   52.5  1874   144.4  2015   126.3  2002   164.8  1920   173.7  1917   611.0  1926
   49.4  1844   37.7  2017   38.0  1932   40.5  1883   44.3  1855   46.2  1878   55.5  1925   55.2  1985   50.3  1982   57.3  1867   57.1  1997   52.0  2024   144.3  1899   125.8  2013   164.4  1857   173.5  1886   610.7  1888
   48.3  1930   37.5  2004   37.9  2006   39.8  1868   43.5  1926   46.1  1876   54.9  2003   54.8  2002   50.3  2022   57.3  1971   56.8  1990   52.0  1957   143.9  1947   125.4  1955   163.6  1862   173.2  1966   609.8  1941
   47.9  2023   37.1  1984   37.8  1891   39.8  1949   43.2  1842   45.9  1842   54.9  2025   54.6  2005   49.8  2021   57.1  1988   56.7  1874   51.7  1860   143.1  1893   125.3  1962   163.4  2009   173.0  1856   609.6  1900
   47.7  1904   36.7  1855   37.7  1886   39.4  1990   43.2  1968   45.6  1917   54.7  1928   54.3  1953   49.0  1937   56.8  2024   56.5  1913   51.5  2015   142.4  1865   125.2  1926   162.6  1998   173.0  1860   606.8  1925
   47.5  2009   36.5  1860   37.4  1955   38.5  2005   42.9  1997   45.6  2005   54.6  2008   54.3  1851   48.4  1943   56.5  1940   55.8  1880   51.3  1852   140.6  1959   124.9  1917   162.0  1986   172.7  1838   606.7  1948
   47.5  2017   35.9  1882   37.0  1983   37.9  1909   42.8  1841   45.2  1960   54.6  1986   53.8  2007   48.0  1932   56.1  2025   55.4  1923   51.2  1968   138.9  1876   124.1  1982   160.4  1867   172.2  1871   606.3  1967
   47.1  1885   35.7  1849   36.9  1882   37.9  1940   42.7  1933   45.2  1914   54.6  1899   53.5  1873   47.7  1923   56.1  2018   55.4  1928   51.2  1877   137.8  1983   124.1  1842   159.7  1926   172.1  1840   606.3  2006
   47.0  1903   35.7  1953   36.0  1866   37.7  1856   41.9  1866   44.8  1939   53.9  1926   53.4  1928   47.5  1853   55.9  1874   55.2  1977   50.3  2014   137.6  1850   123.4  1934   159.1  1893   171.3  1853   605.9  1961
   47.0  2013   34.9  1894   35.8  2002   37.7  1916   41.3  1943   44.6  1889   53.7  1873   52.7  1982   47.5  2025   55.6  1899   54.8  1856   50.0  1967   137.4  1974   122.3  1948   158.4  1873   170.9  1963   603.7  2017
   46.5  1894   34.9  1972   35.6  1915   36.6  1892   40.9  1865   44.4  1937   53.5  1848   52.2  2013   47.5  1872   55.6  1887   54.7  1967   49.7  1895   136.5  1917   122.3  1942   158.1  1977   170.5  2010   603.6  1857
   46.5  1931   34.4  1912   35.4  2009   36.2  1841   40.9  2019   43.3  2008   53.3  1939   51.8  1893   47.3  1864   54.6  1984   54.6  1898   48.4  1954   136.4  1840   121.5  1972   157.9  2002   170.3  1866   603.2  1851
   46.2  1883   34.3  1867   35.3  1930   36.0  1948   40.6  1965   43.2  1990   52.9  1840   51.7  1932   47.2  1963   54.1  1933   54.4  1905   48.3  1972   135.9  1971   121.5  1866   157.8  1844   169.4  1912   599.6  1940
   46.0  1968   33.7  1838   34.6  1962   35.9  1886   40.3  1966   42.2  1874   52.1  2020   51.5  1922   45.0  1847   53.9  1858   53.5  1987   47.9  1990   135.2  1908   120.6  1954   157.2  2016   168.9  1999   598.7  1842
   45.4  2002   33.7  1899   34.1  2012   35.5  1936   39.9  1977   41.9  1950   52.1  1856   51.2  1962   44.3  1955   53.6  1958   53.0  1881   47.7  1904   135.0  2008   119.5  2021   156.6  1850   167.3  1873   598.1  1862
   45.1  1893   33.2  1868   34.0  2010   35.3  1869   39.9  2001   41.0  1845   51.8  2005   50.1  1904   44.0  1846   53.3  1878   52.9  2013   47.1  1837   134.4  1875   119.1  1958   156.6  1918   167.2  2005   597.4  2009
   45.1  1910   32.6  1988   33.8  1920   35.1  1921   39.8  1906   40.8  1944   51.8  2011   49.4  1944   44.0  1917   53.3  1941   52.3  2001   47.1  1970   133.4  2009   119.1  1887   155.7  1951   166.5  1958   596.2  1907
   44.9  1974   32.2  1911   33.8  1960   35.1  1969   39.0  1971   40.6  1844   51.6  1860   49.2  1980   43.6  1970   52.9  1869   52.2  1900   46.7  1897   132.4  1872   118.9  1928   154.7  2006   165.6  1893   595.4  1942
   44.8  1891   32.2  1968   33.7  1841   35.0  1845   39.0  2005   40.5  1920   51.5  1944   48.5  1882   43.6  2013   52.5  2007   52.1  1837   46.6  2025   131.9  2011   118.9  1856   154.2  1993   165.0  1975   587.6  2016
   44.8  1884   32.0  1878   33.6  2021   34.3  2006   38.9  1859   39.9  1865   50.7  1852   47.9  2012   43.0  1877   52.0  1948   52.1  1850   46.1  1962   130.2  1902   118.4  1933   153.5  1964   164.9  2015   587.2  1980
   44.8  1917   31.9  1928   33.5  1859   33.8  1898   38.3  1972   39.6  1969   50.1  1972   47.9  1876   42.9  1954   51.8  1901   52.0  1959   46.0  1848   129.6  1991   118.1  1999   153.0  1842   163.8  2004   585.1  2010
   44.1  1836   31.8  1859   33.1  2004   33.3  1945   38.2  1952   39.3  2004   50.0  1985   47.7  1870   42.8  1911   51.8  1999   51.9  1931   45.7  2007   128.1  1968   118.0  1945   152.0  2005   163.1  2009   584.6  1837
   43.8  1927   31.1  2013   33.1  1889   33.1  1952   38.1  1882   38.6  1931   48.7  1937   47.5  1934   42.5  1956   51.7  1884   51.4  1985   45.0  1984   127.3  1927   117.9  1894   150.3  2021   162.4  1986   584.0  2015
   43.6  1991   31.1  1944   32.9  1855   33.0  1847   38.0  1953   37.6  1885   48.6  1914   47.5  1855   42.4  2016   51.6  1912   51.1  2010   44.2  1850   127.2  1861   117.6  1949   149.7  1973   161.5  1877   582.9  1957
   43.6  1879   30.9  1907   32.8  2017   32.5  2002   37.4  2018   37.6  2014   48.0  1947   47.3  1978   41.7  1942   51.5  1954   51.0  1903   43.7  1980   126.7  1895   117.5  1927   149.0  1886   160.3  1933   582.8  1944
   43.4  1947   29.3  1841   32.1  1883   32.1  1929   36.8  2022   37.5  1891   47.9  1838   47.3  1847   41.5  1948   51.4  1914   50.9  1918   43.7  1948   126.4  2002   117.3  1966   148.9  1945   159.2  2021   582.3  1985
   43.2  1940   28.8  1842   31.8  1902   31.8  1838   36.8  1883   37.4  1988   47.8  1907   47.2  1997   41.3  1934   51.1  1905   50.7  1919   43.7  1858   124.2  1929   117.1  1850   148.1  1896   159.2  1971   581.0  1845
   42.5  1944   28.7  1987   31.7  2005   31.6  1874   36.3  1892   37.2  1864   47.3  1963   47.1  1863   41.0  1988   50.9  1990   50.6  1854   43.4  1940   124.1  1975   116.2  1977   147.4  1991   158.8  1980   580.1  1956
   42.3  1983   28.7  1999   30.9  1838   31.6  1977   36.2  1908   37.0  1837   47.2  1881   46.6  1907   40.7  1870   50.6  1927   50.6  2024   42.7  1983   123.8  1940   115.0  1847   146.8  1861   158.5  1905   580.0  1932
   42.1  2012   28.4  2016   30.9  1925   31.5  1884   35.2  1853   37.0  1851   46.9  1837   44.9  1898   40.6  1908   50.3  1900   49.9  1980   42.5  1862   123.8  1972   114.5  1854   146.1  1863   156.2  1895   577.7  1846
   41.8  1981   27.9  2019   30.5  1946   31.4  1988   35.2  1920   36.8  2001   46.5  1836   44.8  1867   40.3  2012   49.6  1979   49.8  1961   42.4  1836   123.4  1878   114.4  1935   146.0  1907   154.8  1861   572.9  1899
   40.6  1887   27.3  1856   29.5  1871   31.2  1887   34.1  1929   36.6  1840   46.1  1974   44.6  1886   39.8  1894   49.6  1968   49.5  1851   42.2  1964   123.2  1894   114.3  1950   144.0  1897   154.2  1996   572.6  1963
   40.5  1876   26.3  1875   29.3  2022   30.8  1928   34.0  1923   36.2  1972   45.9  1846   44.5  1967   39.7  1904   49.3  1918   49.1  1957   42.0  1955   122.9  1945   114.2  1873   141.7  1944   153.6  1884   572.4  1977
   40.3  1929   26.3  1901   29.2  1892   30.3  1923   33.9  1837   36.1  1901   44.9  1870   44.5  1887   39.3  1915   49.1  1997   48.6  1979   41.8  1893   122.8  1851   112.8  1896   141.2  1854   152.5  1955   571.1  1911
   40.3  1878   26.3  1905   29.0  1885   29.1  1895   33.8  1912   35.1  2022   44.7  1989   43.4  1993   39.1  1837   49.0  1837   48.4  1983   41.7  1950   121.0  1857   112.7  1841   139.5  1856   151.8  1983   570.6  1855
   40.0  1862   26.2  1924   28.9  1884   29.0  1941   33.7  2009   34.8  1952   44.5  1970   43.1  1942   39.0  1972   48.2  1937   47.9  1847   41.7  1908   120.3  1849   112.2  1911   138.9  1846   151.6  1907   569.6  1871
   39.4  1854   26.2  1864   28.7  1991   28.9  1971   32.8  1857   34.1  2002   44.1  1854   42.7  1938   39.0  1844   47.9  1838   47.9  2018   41.6  1883   120.3  1987   109.4  1883   137.7  1996   151.4  1847   569.4  1897
   39.0  1992   25.5  1847   27.6  1958   28.4  1875   32.6  1909   33.7  1992   43.5  1901   41.4  1984   38.9  1861   47.7  1856   47.9  1865   41.5  1936   120.1  1942   109.4  1971   137.3  1932   151.2  1910   568.0  1844
   38.6  1849   25.3  1872   27.5  1846   28.3  1881   32.2  1917   33.6  1919   43.4  1862   41.4  1880   38.7  1953   47.4  1956   47.3  1962   40.8  1856   120.1  1842   109.3  2005   137.2  1847   151.2  1870   566.9  1983
   38.4  1980   25.2  1858   27.5  1945   27.8  1900   31.5  1900   33.3  1869   42.6  1961   41.1  1988   38.6  1913   46.9  1959   47.1  1859   40.0  1992   120.0  1921   108.6  1968   136.0  1904   151.0  1862   565.9  1971
   38.2  1839   25.1  1902   26.8  1907   27.8  1860   31.2  1911   33.0  1934   42.5  1902   41.1  1838   38.3  1921   46.0  1839   47.0  1943   39.4  1939   119.0  1856   108.2  1857   135.5  1923   150.9  1868   562.9  1895
   37.6  1976   25.0  1956   26.3  1857   27.4  1911   31.2  1935   32.4  1979   42.3  1996   41.0  1869   38.1  1850   45.9  1850   46.4  1891   39.3  1951   118.9  2012   108.0  1915   135.2  1989   150.3  1962   561.4  2013
   37.3  1982   24.7  1854   26.3  1853   27.3  1958   30.9  1957   32.3  1922   42.0  1949   40.8  1976   38.0  1926   45.7  1936   46.3  1845   39.2  1899   118.9  1953   107.5  2017   134.9  1898   148.5  1995   558.0  1856
   37.1  1911   24.6  1981   26.3  1974   27.2  1839   30.7  1905   32.2  1981   41.9  1913   40.1  1920   38.0  1987   44.2  1842   45.4  2004   38.8  1846   118.3  1907   107.3  1912   134.8  1836   147.6  1888   557.1  1890
   36.7  1882   24.6  1850   25.8  1878   27.0  2020   30.4  1914   31.2  1877   41.7  1857   39.4  1850   36.0  1878   43.3  2015   44.6  1892   38.3  1949   115.6  1839   106.7  1923   134.6  1876   146.6  2003   556.5  2018
   36.5  1946   24.6  1874   25.6  1899   26.6  1946   29.5  1861   30.8  1961   41.5  1945   39.2  1943   34.9  1888   42.8  2009   43.9  1933   38.1  1878   114.8  1993   105.9  1904   132.5  1952   145.3  1973   555.2  1975
   36.3  1923   24.5  1942   24.6  2020   26.3  1956   29.4  1964   30.7  1884   41.5  2019   39.2  1970   34.0  2007   42.7  1910   43.8  1937   36.6  1921   114.7  2019   105.3  1953   132.4  1942   144.0  2016   555.0  1920
   35.4  1850   24.3  1948   24.3  1949   26.0  1933   29.4  1976   30.4  1967   40.6  1876   39.1  2000   34.0  1845   42.3  1943   43.3  1968   36.1  1875   113.8  1843   105.1  1868   130.9  1925   143.9  1915   553.2  1945
   35.4  1914   23.9  1949   24.2  1921   25.2  2003   29.2  1839   30.3  2010   40.6  1991   37.4  1874   33.7  1939   41.9  1860   42.2  2017   34.6  1973   112.6  1918   102.7  1839   130.5  1937   143.8  1928   552.7  1873
   34.5  1957   23.9  1840   24.2  2026   24.8  1873   29.1  1897   30.2  1951   40.1  1951   37.3  1937   33.7  1978   41.7  1996   42.2  1921   34.3  1838   112.3  1844   102.3  1959   130.4  1962   141.8  1914   549.6  1995
   34.0  1954   23.7  1964   24.2  1847   24.7  1902   29.1  1940   29.7  1856   39.5  1938   37.1  1842   33.1  1886   41.6  1840   42.0  1857   34.2  1902   112.2  1985   102.2  1861   129.5  1961   141.1  1937   543.7  1868
   33.8  1934   23.4  1918   24.0  2015   24.2  1943   29.0  1846   28.5  1913   39.1  1967   37.1  1885   33.0  1916   40.4  1957   41.9  1873   33.6  1996   111.9  1863   102.1  1892   127.4  1884   140.2  1837   541.8  1908
   33.6  1916   22.9  1898   23.7  1968   23.8  2013   28.5  1901   28.5  1899   38.7  1900   36.7  2019   32.3  1990   39.8  2003   41.3  1934   33.5  1861   111.7  1965   101.9  1946   124.0  1935   139.9  1990   541.3  1905
   33.5  1842   22.9  1870   23.2  1849   23.7  1890   28.2  1921   28.1  1915   37.5  1948   36.7  1921   31.5  1906   39.8  1877   41.2  2007   33.2  1855   110.9  1855   101.3  1906   124.0  2003   138.9  1879   539.9  1929
   33.2  1843   21.8  1975   23.1  1967   23.3  1980   27.9  1961   28.0  1970   37.1  1934   36.3  1935   30.5  2002   39.6  1902   39.7  2005   32.9  1889   110.7  1952    99.9  1980   124.0  1914   138.9  1991   539.2  1989
   32.1  1847   21.7  1846   22.6  1880   23.2  1896   27.8  1939   27.6  1994   36.6  1933   36.3  1949   29.8  2018   39.6  1919   39.2  1853   32.5  1903   110.2  1981    99.0  2019   121.5  1840   137.8  1851   532.7  1997
   31.9  1989   21.7  1890   22.6  1843   22.9  1891   27.8  1922   27.3  2025   36.2  1971   36.1  1926   29.5  2004   39.3  1989   39.0  1917   32.4  1974   110.2  1982    98.6  1865   120.5  2024   137.7  1943   532.2  1913
   31.9  1967   21.5  1884   22.6  1879   22.8  1861   27.3  1874   27.2  1995   35.0  1916   35.9  1989   28.9  1902   38.9  1983   38.4  2020   32.1  2005   108.7  1901    98.0  1837   120.1  1959   136.1  1850   529.8  2005
   31.7  1996   20.9  1973   22.5  1894   22.2  1863   26.8  1893   26.4  1854   34.4  1975   35.9  1901   28.5  1901   38.8  1963   38.3  1849   32.1  1943   108.7  1890    96.1  1995   119.7  1981   133.8  2018   528.3  1962
   30.7  1933   20.4  1952   22.3  1910   21.9  2025   26.2  1944   26.3  1870   34.0  1997   34.7  1884   28.4  1986   38.4  1934   37.4  1981   32.1  1975   108.2  2023    94.7  2015   119.6  1849   133.7  1864   521.7  1955
   30.5  1925   20.2  1845   21.6  1900   21.4  1915   26.1  1934   26.1  1975   33.2  1976   34.3  1998   28.2  1858   38.3  1915   37.4  1948   31.9  1944   107.8  1884    94.1  1881   118.9  1994   133.1  1953   520.7  1847
   30.2  1874   20.0  1965   21.5  2014   21.1  1904   25.9  1995   25.8  1959   32.7  2013   34.3  2009   28.1  1947   38.0  1890   37.4  1999   31.8  1892   106.4  1954    91.3  1895   118.8  1870   132.9  1988   516.7  2003
   29.7  1907   19.8  1962   21.3  1863   20.7  2015   25.9  1999   25.5  1893   32.2  1998   34.2  1918   27.8  1980   37.9  1845   37.0  1884   31.4  1887   105.7  1944    90.5  1991   118.0  1906   131.3  1854   516.1  1893
   29.7  1966   19.8  1943   21.1  1858   20.5  1942   25.5  2010   25.5  1908   32.2  1994   34.1  1849   27.5  1910   37.0  1908   36.3  1958   31.1  1941   104.6  2017    88.7  1880   117.5  1934   131.0  1948   515.9  1838
   28.8  2005   19.7  1917   20.7  1837   20.2  1842   24.4  1851   25.1  1867   31.6  1898   32.9  1955   27.3  1919   36.9  1964   36.0  1902   30.6  1888   102.5  1886    88.4  1875   116.6  2000   130.2  1922   515.4  1938
   28.8  1950   19.6  1939   20.4  1874   19.5  1854   24.3  1936   24.9  1858   31.5  1983   32.8  1959   26.9  1966   36.8  1946   35.6  1879   30.6  1871   100.2  1905    88.1  2003   116.0  1984   129.0  1897   514.1  1850
   28.2  1881   19.5  1982   19.5  1996   19.5  2014   24.2  1881   24.4  2023   31.2  1964   32.4  1990   25.8  2011   36.7  1973   35.5  1904   29.7  2004    99.0  2005    87.5  1921   115.5  1901   128.3  1931   512.8  1861
   27.7  1896   18.9  1930   19.5  1918   19.1  1914   24.1  1960   24.1  1930   30.9  1896   32.1  2021   25.5  1893   32.6  2016   35.4  1964   27.1  1865    97.2  1838    85.6  1838   115.2  1943   128.2  1945   512.7  1976
   27.6  1870   18.6  2008   19.0  1936   18.7  1906   23.8  1871   23.6  2024   30.9  1874   32.0  1840   25.2  1914   31.1  1921   35.2  1871   27.1  2008    96.4  1847    85.2  1961   114.0  1967   127.7  2007   510.2  1904
   27.0  1848   18.4  1976   18.5  1956   16.0  2009   22.8  1838   22.9  1918   30.5  1999   31.9  2022   25.0  1949   30.5  1962   35.2  1922   27.1  1971    95.8  1903    85.1  2009   113.8  1929   126.4  1867   509.5  1902
   26.8  1871   17.9  1993   18.1  1993   15.6  1870   22.7  2025   22.4  1929   30.0  2010   30.5  1906   24.9  1989   29.8  1871   34.8  1988   26.6  1917    95.3  1888    82.8  1855   111.8  1970   126.1  1941   509.3  1953
   26.7  1949   17.8  1851   18.1  1948   15.3  1995   22.6  1863   22.2  1941   29.3  1995   30.2  1914   24.6  1891   29.7  1904   34.6  1846   26.4  1885    94.7  1889    82.5  1840   111.7  1979   121.7  1890   504.0  1854
   26.3  1932   17.8  2012   17.5  2003   15.2  2010   22.1  1888   22.2  1983   28.8  2006   29.7  1981   22.4  1843   28.9  1864   34.5  1932   26.0  1863    94.5  1989    81.0  1900   110.8  1933   121.1  1934   503.9  1898
   26.2  1905   17.2  2003   17.4  1924   14.8  1852   21.8  1996   22.1  1849   27.9  1943   29.6  1836   22.3  1940   28.5  1888   34.5  1901   25.6  2010    94.5  1859    79.3  1874   110.8  1947   120.4  1898   503.6  1934
   26.1  2019   17.2  1938   16.4  2000   14.3  1960   21.5  1876   22.0  2015   27.2  2016   28.7  1875   22.3  1855   27.4  1876   34.4  1848   25.2  1987    94.3  1949    79.3  1943   110.5  1874   119.0  1900   503.1  2022
   25.8  1953   17.0  1986   15.3  1990   14.0  1864   20.4  1927   21.8  1904   26.2  1847   28.1  1929   21.6  1851   26.9  1970   33.8  1862   24.7  1931    94.1  1914    79.0  1884   109.6  1899   118.3  1997   497.4  1973
   24.7  1908   17.0  1913   14.9  1966   13.7  1976   19.7  1868   21.3  1846   25.6  1887   27.9  1964   21.4  1971   26.6  1866   33.5  1868   24.2  2001    93.0  1898    78.8  1936   109.3  1972   118.2  1845   493.7  1858
   24.6  1963   16.7  1992   14.8  1850   13.5  1997   19.0  1974   21.2  1938   24.7  1982   27.7  2016   21.1  2003   25.4  2011   33.2  1953   22.3  1991    92.2  1841    78.1  1944   105.8  1940   117.9  2017   493.0  1947
   24.6  1861   16.3  1963   14.2  1953   13.5  2017   18.7  1970   20.8  1986   24.4  1984   27.3  1913   19.3  1895   24.1  1922   33.1  1995   22.2  1988    92.1  1896    78.0  1957   105.1  2013   117.5  1919   490.8  1949
   23.4  1898   15.7  1971   14.1  1935   13.2  1982   18.6  1884   20.2  2013   24.1  2018   26.6  1899   19.2  1979   24.0  1930   31.2  1947   22.2  1905    90.3  1997    77.8  2022   103.9  1911   117.4  1979   490.5  1964
   23.0  1888   15.2  1909   13.8  1943   12.7  1984   18.5  1870   20.1  2006   23.9  1905   25.3  1911   18.5  1928   23.9  1879   30.8  1989   21.6  1842    88.1  1976    77.6  1852   103.4  1938   114.8  1901   489.7  1901
   22.1  1987   15.1  1920   13.7  1854   11.7  2022   18.1  1895   18.8  1949   22.9  1878   25.2  1973   18.4  1854   23.9  1991   30.5  1897   20.6  1851    87.0  1963    75.4  1870   102.7  2025   113.5  1956   489.5  2025
   21.5  1892   15.1  1887   13.5  1976   11.5  1955   16.9  1836   18.8  1895   22.2  1863   23.6  1864   17.9  2014   23.2  1977   30.3  1889   20.5  1864    86.6  1845    74.6  2010   100.4  1955   111.6  1921   489.0  1863
   21.4  2000   14.8  1929   13.5  1950   11.4  1974   16.9  1880   18.6  1868   21.9  1952   23.6  1883   17.6  1996   22.0  1920   29.9  2011   20.1  1953    85.9  2006    72.5  1844    97.7  1913   110.7  1858   484.9  1884
   21.2  1855   14.7  1896   13.4  1973   11.0  2019   16.6  1956   17.8  1942   21.1  1979   23.0  1972   17.0  1890   21.6  1951   29.4  1973   19.8  1853    85.6  1862    72.2  1960    97.1  1949   105.7  1920   484.6  1943
   21.1  1889   14.6  1903   13.3  1875   10.8  1865   16.4  1947   17.6  1886   19.6  1885   22.2  1936   16.5  1900   20.1  1897   28.7  1896   19.5  2016    85.6  1973    69.1  1938    94.3  1885   105.4  1908   483.9  1990
   20.3  1902   12.3  1985   12.8  1840    9.3  1938   16.2  2011   17.2  2000   19.1  1897   21.8  1991   16.5  1977   19.9  1931   28.7  1858   18.3  1879    84.2  1933    69.0  1990    94.2  1990   105.0  1904   480.8  1991
   19.9  1909   12.1  1862   12.3  1852    9.2  1996   15.5  1998   17.1  1923   18.6  1990   20.6  1933   15.8  2009   19.7  1861   28.5  1870   18.1  1913    83.8  1854    68.3  1929    91.1  2018   104.6  1902   480.5  1870
   19.6  1864   11.8  1932   11.5  1856    8.4  1954   15.2  1980   16.0  1850   17.9  1935   20.6  2025   15.4  1907   18.0  2017   27.8  1908   16.2  1926    78.0  1992    67.4  1997    90.2  1869   103.6  1972   479.9  1959
   19.4  1964   11.4  1863   10.9  1997    7.5  1844   15.0  1959   14.7  1932   17.6  1906   19.1  2024   14.8  1964   16.1  1965   26.5  2021   16.1  1963    76.8  1909    66.2  1863    89.6  1868   100.5  1959   479.4  1874
   19.0  1859   11.3  1934    9.9  1938    7.0  1957   14.8  1991   14.0  1996   16.2  1864   18.5  1871   14.5  1985   15.6  1950   25.2  1994   15.0  1890    71.8  1864    61.5  1956    85.6  1976    95.0  1989   479.4  1972
   17.3  1858    9.3  1895    9.5  1944    6.0  1912   14.3  1990   13.3  1887   15.9  1869   16.8  1861   13.8  1929   15.2  1975   24.0  1955   13.9  1873    70.6  1880    56.7  1976    83.4  1887    94.9  1977   474.4  1933
   16.7  2022    8.8  1921    8.4  1893    5.9  1840   13.0  1919   12.8  1940   12.5  1911   16.3  1975   12.3  1941   14.5  1985   23.6  1956   13.5  1933    68.7  1874    56.6  1974    77.0  1864    93.0  1969   468.1  1887
   16.5  1973    8.7  1886    8.3  1961    5.7  1855   12.7  1844   11.6  1976   10.1  1977   12.8  1983   12.1  1997   11.9  1995   23.4  1909   13.0  1844    62.9  1932    54.4  2020    76.8  1975    87.1  1964   467.3  1840
   16.3  1838    7.4  1857    8.3  1931    4.8  2021   11.8  1896   10.9  1925    9.1  1921    9.9  1940    6.6  1865    7.2  1972   23.0  1978   12.8  1932    61.3  1891    50.5  2025    72.0  2022    81.0  2011   457.5  1996
   15.8  1901    6.9  1998    7.3  2011    4.3  2011    9.5  1989    9.9  1921    8.4  1868    8.1  1995    6.4  1898    7.1  1969   20.0  1920   10.6  1840    59.3  1964    50.5  1996    66.4  1983    80.4  1985   454.2  2011
   15.6  2006    5.9  2023    7.1  1926    3.1  1893    8.7  1848    5.8  2018    7.4  1955    5.6  2003    4.4  1969    6.2  1947   18.5  1945    9.5  1857    58.6  1934    38.3  1893    64.6  1995    65.4  1947   415.0  1864
   10.7  1997    3.7  1959    5.8  2025    1.0  2007    2.8  2020    5.6  1962    5.0  2022    4.9  1947    1.6  1959    6.1  1978   17.9  1867    7.9  1843    52.0  1858    27.8  2011    55.7  1921    62.8  1978   350.2  1921
    5.5  1880    1.4  1891    2.1  1929    ---  2026    ---  2026    ---  2026    ---  2026    ---  2026    ---  2026    ---  2026    ---  2026    ---  2026     ---  1836     ---  2026     ---  2026     ---  2026     ---  2026
