Areal values from HadUK-Grid 1km gridded climate data from land surface network
Source: Met Office National Climate Information Centre
Monthly, seasonal and annual mean of daily maximum air temperature for East Anglia
Areal series, starting in 1884
Last updated 01-Apr-2026 11:35
    jan  year    feb  year    mar  year    apr  year    may  year    jun  year    jul  year    aug  year    sep  year    oct  year    nov  year    dec  year     win  year     spr  year     sum  year     aut  year     ann  year
    9.9  2007   11.5  2019   14.8  1938   17.9  2011   19.5  1947   24.0  1976   26.7  2006   25.8  2022   22.8  2023   18.1  1921   12.8  2015   12.7  2015    9.92  2016   16.05  2025   24.25  2022   17.12  2006   16.10  2022
    9.8  1921   11.4  2024   13.3  1893   16.9  2007   19.2  1992   24.0  2025   26.3  2018   25.2  1997   22.4  1929   17.6  2022   12.8  2011   10.2  1974    9.55  2024   15.94  1893   24.06  1976   17.02  2011   15.91  2025
    9.8  1916   11.0  1998   13.2  1961   16.3  1943   19.1  2020   23.0  2023   25.5  2022   24.9  1990   22.3  1895   17.4  1969   12.5  1994   10.0  1934    9.45  2007   15.77  2011   24.02  2025   16.83  2023   15.58  2023
    9.7  2008   10.9  1990   13.1  2017   16.2  2025   19.1  1922   22.2  1950   25.1  1983   24.9  1911   22.2  2006   17.4  1995   12.3  1938    9.8  2023    9.42  2020   15.34  2020   23.65  2018   16.53  2022   15.57  2014
    9.3  1975   10.6  1945   13.1  2025   16.2  1893   19.0  2018   22.0  2017   24.9  1995   24.8  1975   22.0  1898   17.3  1959   12.2  2022    9.6  2025    9.35  1990   15.25  2017   23.15  2003   16.29  2014   15.48  2020
    9.3  1983   10.6  2022   13.1  2014   16.1  2020   18.9  1989   21.9  1940   24.9  1921   24.8  1995   22.0  1949   17.3  2011   12.1  2020    9.6  1898    9.28  2014   15.25  1943   23.12  1911   16.16  1959   15.42  2011
    9.3  1990   10.5  2002   13.0  1948   15.6  1949   18.8  2025   21.9  1896   24.9  1976   24.7  1947   21.7  2016   17.2  2001   12.0  2006    9.5  1900    9.20  2008   15.24  1945   23.02  2006   16.01  2021   15.36  2024
    9.2  2020   10.3  2023   12.8  2012   15.6  1946   18.7  1964   21.9  1970   24.6  1911   24.4  2003   21.4  2021   17.1  2006   11.9  2009    9.5  2018    9.16  1975   15.21  2014   22.97  1947   15.99  1898   15.33  2018
    9.1  1993   10.2  2020   12.7  1957   15.3  2009   18.7  1917   21.9  2003   24.6  1994   24.4  1933   21.1  1911   17.1  2005   11.7  2014    9.5  1994    9.15  2019   15.13  2007   22.89  1933   15.92  2005   15.23  2003
    8.8  2014   10.2  1903   12.7  1990   15.2  2014   18.6  1919   21.8  1917   24.4  1887   24.0  2019   21.1  1947   17.0  2023   11.7  1913    9.4  1912    9.11  2022   15.01  2022   22.74  1995   15.92  1949   15.20  1990
    8.8  1932   10.0  1914   12.7  1945   15.1  1914   18.6  2022   21.7  1947   24.3  2025   23.8  2020   21.1  1959   16.9  2014   11.7  2025    9.4  1918    9.03  1998   14.89  2024   22.63  1959   15.75  1947   15.17  1921
    8.8  2005    9.9  1997   12.5  1997   15.1  1945   18.5  2011   21.6  2018   24.3  2013   23.8  2024   20.9  2011   16.3  1949   11.6  2003    9.3  2013    8.96  1989   14.84  2009   22.60  2019   15.71  2009   15.16  2006
    8.8  2012    9.9  2008   12.3  2026   14.8  1987   18.5  2024   21.4  2006   24.3  1900   23.8  1884   20.9  1999   16.2  2017   11.5  2002    9.2  2006    8.92  1899   14.84  1990   22.51  1899   15.59  2018   15.14  2019
    8.7  1974    9.7  2014   12.2  2003   14.7  1894   18.4  1990   21.4  2022   24.1  2010   23.8  2025   20.9  2003   16.1  1908   11.5  1899    9.2  2024    8.84  1995   14.78  2003   22.48  1975   15.45  1929   15.03  1989
    8.7  1999    9.7  1961   12.2  1933   14.7  1944   18.4  2017   21.1  1957   23.8  1934   23.7  1899   20.7  1934   16.0  1945   11.4  1978    9.1  1988    8.72  2026   14.60  1948   22.45  1935   15.45  2016   14.99  2017
    8.6  1944    9.7  1949   12.1  2022   14.6  1909   18.3  1893   21.1  2005   23.8  1941   23.6  2016   20.6  2005   16.0  2013   11.4  1997    9.1  2016    8.65  1949   14.46  1999   22.42  2023   15.43  2025   14.98  2015
    8.6  1930    9.6  2026   12.0  1920   14.6  2003   18.3  2008   21.1  1992   23.8  1989   23.5  2009   20.5  1933   16.0  1990   11.4  1939    9.1  1953    8.46  2023   14.40  1961   22.40  1983   15.40  1999   14.96  1949
    8.6  1989    9.5  1926   12.0  2019   14.6  1952   18.2  1952   21.0  1960   23.8  2014   23.5  1991   20.5  1890   16.0  1989   11.4  2018    9.1  1954    8.45  2002   14.39  1997   22.39  1989   15.39  2020   14.94  2007
    8.5  1890    9.5  1995   12.0  2024   14.4  2002   18.2  1940   21.0  1959   23.7  1933   23.4  1935   20.3  1921   15.9  2021   11.3  1951    9.0  1921    8.44  1920   14.36  1992   22.38  1887   15.38  1995   14.89  2002
    8.4  1884    9.5  2000   11.9  1921   14.4  2015   18.2  1943   21.0  1893   23.6  1959   23.3  1976   20.2  2014   15.9  1971   11.2  1984    8.9  1985    8.44  1935   14.32  1933   22.20  1990   15.34  2003   14.88  1959
    8.4  2018    9.4  1920   11.8  1989   14.4  2010   18.1  1956   21.0  2004   23.6  2019   23.3  1906   20.2  1991   15.9  1977   11.1  1963    8.9  2019    8.37  1999   14.27  1921   22.18  2020   15.32  1906   14.87  2016
    8.4  2016    9.3  1928   11.8  2007   14.4  1948   18.1  1999   20.9  2010   23.6  1935   23.3  1893   20.1  1964   15.9  2018   11.0  1895    8.9  2021    8.32  1916   14.26  2019   22.15  1994   15.31  1978   14.86  1999
    8.4  2002    9.2  1989   11.8  1991   14.3  1961   18.1  1970   20.9  2020   23.6  1905   23.2  1932   20.0  2019   15.8  1954   11.0  1928    8.8  1955    8.27  2000   14.19  2002   22.08  1949   15.29  1989   14.80  1997
    8.3  2023    9.2  2007   11.7  2002   14.3  2018   18.0  1918   20.8  1996   23.5  1923   23.2  1959   20.0  1906   15.8  1947   10.9  1986    8.8  2011    8.22  1974   14.19  1912   22.08  2016   15.27  1921   14.75  1995
    8.3  1898    9.2  1950   11.7  1950   14.3  2022   18.0  1945   20.8  1887   23.5  1999   23.2  1944   20.0  1961   15.8  1968   10.8  1970    8.7  1986    8.20  2012   14.12  1938   22.03  2013   15.21  1970   14.71  2009
    8.3  1948    9.1  2011   11.6  1929   14.2  2017   17.9  1911   20.8  1973   23.3  1901   23.2  2013   20.0  2020   15.6  2024   10.8  1953    8.5  1948    8.20  2017   14.12  1952   22.02  1921   15.20  1997   14.69  2005
    8.2  1938    9.1  2017   11.6  1894   14.2  2004   17.9  1998   20.8  2021   23.3  1928   23.2  1984   19.9  1989   15.6  1978   10.7  1894    8.5  1959    8.18  1921   14.00  1920   21.99  2024   15.19  1913   14.66  2004
    8.2  1899    9.0  1885   11.6  1994   14.1  1933   17.8  2009   20.8  1930   23.2  1899   23.1  1989   19.9  1982   15.5  1906   10.7  2021    8.5  1942    8.17  1957   13.97  1959   21.99  2017   15.15  2024   14.60  1943
    8.2  1957    9.0  1899   11.5  2009   14.1  2024   17.6  1912   20.7  1961   23.2  1949   23.1  1955   19.9  2004   15.4  1979   10.7  1931    8.4  1910    8.16  1943   13.93  2018   21.99  1997   15.14  1938   14.56  1893
    8.1  1920    9.0  1943   11.4  1903   14.1  2019   17.6  1895   20.7  1966   23.2  1904   23.0  2018   19.8  2009   15.4  1898   10.7  1992    8.4  1977    8.07  1925   13.85  2015   21.93  1893   15.14  2015   14.50  1945
    8.1  1994    8.9  1918   11.4  1998   14.1  1955   17.6  1908   20.6  1899   23.1  2003   23.0  1949   19.8  1926   15.4  2009   10.7  1995    8.4  1971    8.06  1913   13.81  1998   21.92  2009   15.06  2001   14.46  1911
    8.0  2022    8.8  1939   11.4  1943   14.1  1912   17.6  1920   20.5  1933   23.0  2016   22.9  2004   19.8  1981   15.4  1985   10.7  1946    8.4  1929    7.97  2005   13.78  2004   21.92  2010   15.02  1895   14.44  1994
    8.0  1998    8.7  1980   11.3  1907   14.0  1999   17.6  2001   20.5  2014   22.9  1896   22.8  1983   19.8  2025   15.4  1996   10.6  1982    8.4  1998    7.92  2004   13.75  2012   21.80  2004   15.00  1971   14.43  1938
    7.9  2000    8.7  1935   11.3  1967   14.0  1959   17.5  1976   20.4  1938   22.9  1990   22.7  2012   19.8  1891   15.3  1986   10.6  2001    8.4  1915    7.92  1950   13.72  1940   21.79  1901   14.98  2004   14.42  2021
    7.9  1976    8.7  1946   11.3  1999   13.9  2005   17.5  2016   20.3  1897   22.8  1967   22.7  2000   19.8  2000   15.3  1943   10.6  1981    8.4  1924    7.91  1937   13.69  1989   21.79  1934   14.96  1969   14.38  2000
    7.9  1928    8.7  1992   11.2  1972   13.8  1926   17.5  2003   20.3  1935   22.8  1975   22.7  2002   19.8  2022   15.3  1965   10.6  2023    8.3  1949    7.91  1988   13.68  1914   21.78  1996   14.93  2017   14.37  2008
    7.9  1969    8.5  2016   11.1  1927   13.6  1904   17.4  1921   20.3  1942   22.7  2021   22.5  2001   19.7  1985   15.3  1984   10.6  1917    8.3  1997    7.89  1923   13.64  2008   21.74  2014   14.93  2002   14.36  1998
    7.9  1988    8.5  1937   11.1  2000   13.6  1995   17.4  1960   20.2  1941   22.7  1991   22.4  1898   19.6  1980   15.3  1920   10.6  1898    8.3  1951    7.88  1898   13.64  1944   21.68  1950   14.89  1928   14.35  1934
    7.8  1923    8.5  1957   11.0  1959   13.6  1901   17.4  1995   20.2  1889   22.6  2001   22.4  1937   19.6  1900   15.3  1886   10.6  1964    8.3  1911    7.81  1948   13.63  1995   21.62  1884   14.82  2007   14.29  1961
    7.8  1949    8.4  1967   10.9  2011   13.6  1993   17.4  2014   20.2  1952   22.6  1969   22.3  1973   19.6  1970   15.2  1970   10.5  2007    8.3  1972    7.81  2025   13.63  2005   21.54  2001   14.79  1961   14.28  1914
    7.8  2004    8.4  1974   10.9  1896   13.5  1997   17.3  1889   20.2  2000   22.5  1947   22.3  2023   19.6  1971   15.1  1913   10.5  1999    8.3  2014    7.80  1903   13.57  1993   21.53  2015   14.78  2013   14.27  1976
    7.7  1925    8.3  2021   10.9  1912   13.5  1947   17.3  1916   20.2  2011   22.5  1996   22.3  1901   19.6  1973   15.1  1961   10.5  1960    8.2  1993    7.74  2015   13.55  2010   21.48  1900   14.78  1945   14.25  1898
    7.6  2015    8.3  1891   10.9  1981   13.5  1939   17.3  1953   20.2  1989   22.4  1945   22.3  1942   19.5  2018   15.1  2016   10.5  1908    8.2  1979    7.59  1922   13.54  2023   21.45  2021   14.78  1908   14.25  1899
    7.6  2024    8.3  1912   10.8  2021   13.5  1916   17.2  1913   20.2  1895   22.4  2015   22.1  1914   19.5  1997   15.1  1942   10.4  1906    8.2  2004    7.58  1967   13.52  2000   21.44  1897   14.75  1979   14.23  1933
    7.6  1995    8.3  1894   10.8  2015   13.5  1942   17.2  1925   20.2  1993   22.4  1925   22.0  1998   19.5  1955   14.9  1957   10.4  2004    8.1  1987    7.57  1930   13.51  1896   21.43  2005   14.74  1899   14.18  1948
    7.6  1906    8.2  1966   10.8  2020   13.4  1921   17.2  2006   20.1  2015   22.3  2017   22.0  1919   19.5  2024   14.8  2025   10.4  1947    8.1  2007    7.56  1994   13.49  1957   21.42  2002   14.74  1951   14.11  2012
    7.5  1937    8.2  1884   10.8  1905   13.4  1996   17.1  1997   20.1  2024   22.2  1971   22.0  2015   19.4  1884   14.8  2015   10.3  2024    8.1  1989    7.52  1912   13.47  1895   21.42  1999   14.70  1934   14.11  1992
    7.4  1902    8.1  1908   10.8  1902   13.4  1990   17.1  1944   20.1  1994   22.2  1952   22.0  1996   19.4  1907   14.8  2007   10.3  2000    8.0  1984    7.45  1914   13.44  1927   21.39  1984   14.69  2000   14.09  2001
    7.2  1962    8.1  1977   10.8  1973   13.3  1960   17.1  1982   20.1  2019   22.2  1884   21.9  1897   19.3  1958   14.8  1937   10.3  1954    8.0  1983    7.44  2003   13.43  1894   21.38  1906   14.68  1990   14.05  1947
    7.1  1943    8.1  1958   10.7  1992   13.3  2023   17.1  1892   20.1  2009   22.1  2008   21.9  1887   19.3  1914   14.8  1999   10.2  1983    8.0  2000    7.43  1932   13.36  1947   21.38  1896   14.67  1982   14.02  1983
    7.1  1927    8.1  1925   10.7  1978   13.3  1900   17.0  1884   20.1  1934   22.1  2009   21.9  1943   19.3  2002   14.8  1962   10.2  1955    7.9  1966    7.42  1973   13.31  1982   21.36  1952   14.65  1900   14.01  1884
    7.0  2003    8.1  1910   10.6  1968   13.2  1896   17.0  1890   20.0  1945   22.1  1951   21.7  1926   19.2  1939   14.7  1997   10.2  1897    7.9  2003    7.41  1992   13.20  1913   21.34  1992   14.65  1984   14.01  1935
    7.0  2026    8.1  1897   10.6  1897   13.2  1892   16.9  2000   20.0  1949   22.1  1955   21.7  1994   19.1  1942   14.7  2004   10.1  1888    7.9  1956    7.39  1993   13.20  1960   21.27  1955   14.65  2019   13.96  1982
    7.0  1981    8.1  1921   10.6  1993   13.2  1898   16.9  1959   20.0  1982   22.0  1906   21.7  1953   19.1  2007   14.7  1925   10.1  2017    7.9  1919    7.37  2001   13.19  1946   21.25  1973   14.62  1886   13.96  1928
    6.9  1939    8.1  1923   10.6  2023   13.2  1968   16.9  1934   20.0  2002   22.0  2024   21.7  2005   19.1  1901   14.7  1930   10.1  1914    7.9  1980    7.33  1976   13.18  2016   21.24  1943   14.61  1914   13.95  1957
    6.8  1934    8.1  2004   10.6  1884   13.1  2006   16.9  2004   20.0  1925   22.0  1943   21.7  1999   19.1  1886   14.6  1893   10.1  1935    7.8  2002    7.32  1960   13.13  1949   21.21  1940   14.61  1953   13.91  1975
    6.8  1913    8.0  2001   10.4  1936   13.1  1992   16.9  1924   20.0  1936   22.0  1997   21.6  1939   19.1  1998   14.6  1928   10.1  1959    7.8  1922    7.31  1980   13.10  1953   21.18  1970   14.58  1890   13.90  1920
    6.8  1896    8.0  1999   10.4  1935   13.0  1895   16.8  1971   19.9  1986   22.0  1897   21.6  1916   19.1  1928   14.6  1972   10.0  2012    7.8  2012    7.30  1961   13.03  1950   21.16  1941   14.58  1954   13.87  1906
    6.7  1971    8.0  1898   10.4  2005   12.9  1940   16.7  2007   19.9  2007   22.0  1929   21.6  1952   19.0  1979   14.6  1910   10.0  2005    7.8  1941    7.29  2018   12.99  1994   21.15  1914   14.58  1911   13.87  1900
    6.7  1936    7.9  1913   10.4  2010   12.9  2008   16.7  2023   19.8  1919   22.0  1885   21.6  2017   19.0  1917   14.6  1927   10.0  2008    7.8  1932    7.28  1939   12.94  1884   21.11  1932   14.52  1907   13.83  1913
    6.7  2011    7.9  2025   10.4  1977   12.8  1985   16.7  1937   19.8  1915   22.0  2023   21.6  1950   19.0  1941   14.5  1934   10.0  1940    7.7  1936    7.25  1946   12.94  1907   21.11  1905   14.52  1991   13.81  1973
    6.7  1926    7.8  1975   10.4  1918   12.8  1927   16.7  2019   19.8  1943   21.9  1946   21.6  1981   19.0  1951   14.5  1909   10.0  1900    7.6  1891    7.24  1911   12.92  1929   21.08  1942   14.48  1964   13.78  2013
    6.7  2019    7.8  1938   10.4  1926   12.8  1980   16.6  1933   19.8  1914   21.8  2020   21.5  1938   19.0  1940   14.5  1983   10.0  1989    7.6  1973    7.15  2021   12.91  1926   21.06  2008   14.46  1994   13.72  1953
    6.6  1973    7.7  1988   10.3  1913   12.8  1984   16.5  2005   19.8  1920   21.8  1984   21.5  1918   19.0  2012   14.5  1967    9.9  1907    7.6  1931    7.11  1926   12.91  1956   21.05  1991   14.44  1977   13.71  1926
    6.6  1903    7.7  1922   10.3  2004   12.8  1885   16.5  2012   19.8  1975   21.7  1964   21.5  2008   18.9  1938   14.5  1916    9.9  1920    7.6  1947    7.10  1938   12.89  2006   21.01  1945   14.41  1920   13.68  1971
    6.6  1984    7.7  1971   10.2  1966   12.8  1957   16.5  1993   19.8  1913   21.7  1992   21.4  1930   18.9  1975   14.5  1914    9.9  1929    7.5  1894    7.05  1894   12.88  1890   21.00  1917   14.38  1943   13.66  1991
    6.6  1951    7.7  1911   10.2  1890   12.8  1982   16.5  1988   19.7  1908   21.6  2002   21.4  1964   18.9  1978   14.4  2019    9.9  1930    7.5  1958    7.03  1983   12.86  1991   20.97  1925   14.37  1955   13.64  1967
    6.6  1935    7.6  1893   10.1  1910   12.7  2013   16.5  1958   19.7  1911   21.5  1914   21.4  1929   18.8  1948   14.4  1988    9.9  1945    7.5  2017    6.99  1958   12.84  1972   20.95  1937   14.34  1933   13.63  1939
    6.6  1900    7.6  1905   10.1  1983   12.6  1963   16.5  1942   19.7  1921   21.5  1985   21.4  1921   18.8  1953   14.4  2010    9.8  1948    7.5  2020    6.98  1972   12.82  1918   20.93  1967   14.34  1986   13.62  1944
    6.5  2006    7.6  1948   10.1  1953   12.6  1964   16.5  2002   19.7  1931   21.5  2004   21.4  1934   18.8  1937   14.4  1900    9.8  1979    7.5  1914    6.97  1928   12.79  1988   20.93  1982   14.31  1968   13.62  1970
    6.5  2017    7.4  1887   10.1  1982   12.5  1969   16.5  1901   19.7  1900   21.5  2005   21.3  1982   18.8  2013   14.4  1958    9.8  1924    7.4  1945    6.97  1971   12.78  1911   20.91  1938   14.30  1891   13.61  1988
    6.4  1967    7.4  1933   10.0  1940   12.5  1906   16.4  1948   19.7  1910   21.5  1893   21.3  1895   18.8  1966   14.3  1891    9.7  1916    7.4  1999    6.96  1981   12.77  1973   20.90  1904   14.29  1948   13.59  1930
    6.4  1968    7.4  2003    9.9  1914   12.5  1934   16.4  2015   19.7  1901   21.5  1986   21.3  1923   18.8  1987   14.3  1966    9.7  1990    7.4  1897    6.94  1915   12.75  1968   20.89  1944   14.28  1963   13.59  1950
    6.4  1950    7.4  1915    9.9  1995   12.5  2000   16.4  1909   19.6  2016   21.4  1979   21.3  1886   18.7  1935   14.3  1890    9.6  2016    7.3  1888    6.93  1984   12.75  1939   20.85  1928   14.27  1958   13.58  1984
    6.4  1924    7.4  1982    9.8  1899   12.4  1994   16.4  1896   19.5  1937   21.4  1917   21.3  1936   18.7  1913   14.3  1907    9.6  1977    7.3  1991    6.92  1944   12.75  1934   20.84  1930   14.27  1983   13.57  1918
    6.4  2025    7.3  1973    9.8  1923   12.4  1915   16.4  1927   19.5  1885   21.4  1982   21.2  1992   18.7  1936   14.3  1938    9.6  1991    7.3  2005    6.87  1910   12.73  2001   20.79  1957   14.25  1942   13.57  1937
    6.3  1992    7.3  2015    9.8  1956   12.4  1976   16.3  1929   19.5  2008   21.4  1886   21.2  1970   18.7  1956   14.3  1903    9.6  1903    7.3  1893    6.84  1927   12.71  1967   20.79  2000   14.24  1940   13.57  1993
    6.3  1991    7.3  1896    9.8  1895   12.4  1965   16.3  1986   19.4  1968   21.3  1924   21.2  1940   18.7  1915   14.2  1899    9.5  1926    7.2  1907    6.82  1896   12.69  1976   20.79  1895   14.23  1939   13.54  1960
    6.3  1960    7.2  1934    9.8  1928   12.4  1902   16.3  1931   19.4  1922   21.3  1950   21.2  1988   18.6  1943   14.2  1953    9.5  1886    7.2  1913    6.80  1906   12.69  1903   20.76  1969   14.21  1935   13.51  1946
    6.2  2001    7.1  1962    9.7  2016   12.3  1920   16.1  1969   19.4  1924   21.2  1932   21.1  2011   18.6  1893   14.2  2008    9.5  1974    7.1  1982    6.79  2006   12.67  1942   20.73  1961   14.21  1981   13.50  1929
    6.1  1986    7.1  1960    9.7  2008   12.3  1991   16.1  1974   19.4  2001   21.2  1957   21.1  1980   18.6  1919   14.2  1933    9.5  2019    7.1  1975    6.77  1908   12.66  1981   20.69  1929   14.18  1930   13.49  1912
    6.1  1956    7.1  1927    9.6  1930   12.3  1988   16.1  1973   19.4  1963   21.2  1912   21.1  1909   18.6  1969   14.2  1948    9.5  2013    7.1  1965    6.71  1962   12.66  1905   20.64  1998   14.15  1946   13.49  1897
    6.1  1918    7.0  1959    9.6  1952   12.3  2016   16.1  1965   19.3  1905   21.2  1926   21.1  1904   18.5  1899   14.2  1963    9.5  1971    7.0  1957    6.70  1933   12.64  1910   20.62  2012   14.14  2012   13.47  1974
    6.1  1910    7.0  2009    9.5  1988   12.2  1937   16.1  1966   19.3  1912   21.2  1944   21.1  2007   18.5  2010   14.2  1987    9.5  1902    7.0  2022    6.68  1905   12.59  1965   20.62  2007   14.13  1996   13.45  1896
    6.1  1922    7.0  1953    9.4  1963   12.2  1899   16.1  1914   19.3  1891   21.1  1894   21.0  1967   18.4  1945   14.2  1897    9.5  1949    6.9  1990    6.67  1901   12.53  1909   20.60  2011   14.10  2008   13.43  1932
    6.0  1912    7.0  2012    9.3  1954   12.2  1974   16.0  1903   19.2  1983   21.0  1908   20.9  2014   18.4  2017   14.2  1941    9.4  1889    6.8  1902    6.65  1885   12.52  1974   20.59  1964   14.09  1937   13.41  1901
    6.0  1904    7.0  1976    9.3  1965   12.2  1938   16.0  1905   19.2  1980   20.9  1918   20.9  1961   18.3  1946   14.2  1976    9.3  1892    6.8  1884    6.64  1890   12.51  1966   20.56  1923   14.08  1985   13.40  1964
    6.0  1915    6.9  1964    9.2  1974   12.2  1928   15.9  1954   19.2  1984   20.9  2007   20.9  1892   18.3  1990   14.1  2020    9.3  1944    6.7  1978    6.60  1952   12.47  1964   20.48  1939   14.07  1941   13.39  1951
    6.0  1958    6.8  2005    9.1  1944   12.2  1911   15.9  1936   19.2  1998   20.9  1937   20.9  2021   18.3  1932   14.1  1924    9.3  1972    6.7  1920    6.54  1966   12.47  1919   20.43  1918   14.00  1987   13.35  1894
    6.0  1905    6.8  1972    9.0  1946   12.1  1950   15.9  2010   19.1  1999   20.8  1895   20.9  2006   18.2  1968   14.1  1929    9.2  1961    6.6  1992    6.49  1918   12.46  1925   20.42  1936   13.99  1903   13.35  2010
    5.9  1931    6.7  1987    9.0  1986   12.1  1975   15.9  1888   19.0  1939   20.8  1938   20.8  1974   18.2  1992   14.1  1901    9.2  1932    6.6  2001    6.42  1954   12.45  2021   20.39  1951   13.96  1926   13.35  1955
    5.9  1982    6.7  1916    9.0  1939   12.0  1998   15.8  1910   19.0  1962   20.7  1939   20.8  1958   18.2  1923   14.1  2002    9.2  1996    6.6  1909    6.41  1997   12.45  1916   20.39  1926   13.96  1893   13.32  1925
    5.9  1961    6.6  1931    8.9  1885   12.0  1907   15.8  1939   18.9  1969   20.7  2012   20.8  1969   18.2  1903   14.0  2000    9.2  1943    6.6  1904    6.36  1919   12.45  1904   20.37  1993   13.93  1960   13.32  1895
    5.9  1901    6.5  2006    8.9  1960   12.0  1925   15.8  1981   18.9  1967   20.7  1958   20.7  2010   18.1  2008   14.0  1951    9.2  1976    6.5  1970    6.36  1978   12.44  1924   20.34  1898   13.90  1975   13.31  1966
    5.8  1965    6.5  1951    8.8  1941   12.0  1935   15.8  1915   18.9  1890   20.7  1942   20.7  1971   18.1  1967   14.0  1994    9.1  1975    6.5  1905    6.35  2013   12.40  1963   20.32  1886   13.89  1973   13.31  1940
    5.8  1970    6.4  1993    8.8  1934   12.0  1913   15.7  1904   18.9  1965   20.7  1998   20.6  1927   18.0  1983   13.9  1998    9.1  1958    6.5  1960    6.35  1931   12.39  1954   20.32  1960   13.88  1980   13.30  1903
    5.7  2021    6.3  1994    8.8  1906   12.0  1910   15.7  1886   18.9  1884   20.6  1993   20.6  1928   18.0  1976   13.9  1904    9.1  1911    6.5  1930    6.30  2009   12.38  1935   20.20  1979   13.86  1917   13.29  1980
    5.7  1946    6.3  1941    8.8  1915   11.9  1953   15.7  1949   18.8  1892   20.6  1981   20.5  1945   18.0  1995   13.8  1935    9.1  1987    6.4  1895    6.28  1959   12.37  1897   20.15  1908   13.84  1901   13.28  1958
    5.7  2013    6.3  1906    8.8  1932   11.9  2001   15.6  1980   18.8  1951   20.6  1977   20.5  1987   18.0  1920   13.8  1991    9.1  1941    6.4  1964    6.17  1945   12.36  1922   20.10  1986   13.82  1924   13.27  1908
    5.7  1894    6.2  1904    8.7  1889   11.9  1924   15.6  1979   18.8  1918   20.6  1973   20.5  1972   18.0  1902   13.8  1950    9.0  1973    6.4  2008    6.13  1892   12.34  1889   20.08  1915   13.80  1998   13.26  1952
    5.7  1972    6.2  1984    8.7  2001   11.9  1972   15.6  1961   18.8  1979   20.6  1931   20.5  1925   18.0  1930   13.8  1931    9.0  1890    6.3  1926    6.10  2011   12.34  1901   20.08  1885   13.79  1916   13.26  1924
    5.7  1911    6.1  1892    8.5  1924   11.9  1931   15.6  1906   18.8  1932   20.6  1940   20.5  1913   17.9  1988   13.8  1960    9.0  1936    6.3  1967    6.00  1902   12.33  1915   20.06  1981   13.79  1967   13.26  1936
    5.6  2009    6.0  1952    8.4  2018   11.9  2012   15.5  2013   18.8  1906   20.5  1961   20.5  1900   17.8  1977   13.8  1940    8.9  1927    6.3  1896    5.99  1987   12.32  1899   20.05  1924   13.78  1976   13.25  1977
    5.5  1907    6.0  1970    8.4  2006   11.9  1923   15.4  1930   18.7  1990   20.5  1953   20.4  1915   17.8  1996   13.7  1975    8.9  1918    6.2  1938    5.97  1889   12.30  1930   20.04  1889   13.76  1988   13.25  1904
    5.5  1909    6.0  1900    8.3  1985   11.9  1954   15.4  1907   18.7  1974   20.5  1903   20.4  1905   17.8  1908   13.7  1923    8.9  1988    6.2  1943    5.92  1955   12.28  1906   20.04  1946   13.76  2010   13.24  1969
    5.5  1888    5.9  1981    8.3  1891   11.9  1930   15.4  1972   18.7  1888   20.5  1970   20.4  1910   17.8  2015   13.6  2003    8.9  1968    6.1  1901    5.90  1991   12.27  1928   20.03  1953   13.75  1966   13.19  1915
    5.5  1978    5.9  1909    8.3  1898   11.9  1886   15.3  1938   18.6  1902   20.4  2011   20.3  1979   17.6  1954   13.5  1911    8.9  1957    6.1  1928    5.89  1965   12.27  1936   20.02  1966   13.75  1897   13.17  1923
    5.5  1996    5.9  1944    8.2  1911   11.8  1979   15.3  1978   18.6  1997   20.4  1902   20.3  1993   17.6  1924   13.5  1982    8.9  1934    6.1  2009    5.87  1897   12.26  1977   19.93  1971   13.67  1936   13.16  1942
    5.4  1952    5.9  1890    8.2  1980   11.7  1962   15.3  1967   18.6  1964   20.4  1987   20.2  1951   17.6  1963   13.5  1955    8.8  1980    6.1  1940    5.82  1977   12.21  1980   19.90  1958   13.61  1884   13.16  1916
    5.4  1914    5.8  1932    8.2  1979   11.6  1919   15.2  1950   18.6  1955   20.4  1898   20.1  1907   17.5  1960   13.5  1946    8.8  1969    5.9  1908    5.79  1968   12.20  1892   19.86  1974   13.51  1956   13.16  1905
    5.2  1954    5.8  2018    8.2  1949   11.6  1977   15.2  1963   18.6  1978   20.3  1972   20.1  1960   17.5  1984   13.4  2012    8.8  1891    5.9  1885    5.79  1904   12.17  1902   19.86  1919   13.50  1957   13.15  1996
    5.1  1980    5.6  2010    8.2  1971   11.5  1967   15.2  2021   18.6  1929   20.3  1930   20.1  1965   17.5  1892   13.4  1936    8.8  1967    5.8  1961    5.79  1909   12.14  1987   19.80  1980   13.49  1902   13.14  1910
    5.0  1977    5.6  1907    8.1  1925   11.5  1897   15.1  1900   18.6  2013   20.3  1956   20.1  1957   17.4  1950   13.3  1884    8.7  1950    5.6  1944    5.77  1900   12.09  1923   19.66  1931   13.46  1992   13.13  1972
    5.0  1908    5.6  1889    8.1  1976   11.5  1951   15.1  1946   18.5  1948   20.2  1948   20.1  1889   17.4  1904   13.3  1912    8.7  1912    5.6  1923    5.77  1936   12.07  1931   19.61  1948   13.46  1931   13.10  1907
    5.0  1919    5.5  1930    8.1  1942   11.5  1890   15.0  1897   18.5  1928   20.1  1963   20.0  1948   17.3  1944   13.2  1915    8.7  1937    5.4  1889    5.76  1934   12.05  1971   19.59  1988   13.46  1927   13.10  1981
    5.0  1953    5.5  2013    8.0  1931   11.4  1983   14.9  1994   18.3  1904   20.0  1974   19.9  1966   17.3  2001   13.2  1956    8.6  1904    5.4  1952    5.75  1953   12.02  1937   19.56  1894   13.42  1932   13.09  1927
    5.0  1933    5.4  1996    8.0  1904   11.4  1958   14.9  1932   18.3  1995   20.0  1936   19.8  1946   17.2  1905   13.2  1980    8.6  1956    5.4  1937    5.72  1956   11.99  1985   19.52  1913   13.40  1962   13.07  1954
    4.9  1889    5.4  1965    7.9  1922   11.4  1973   14.9  1957   18.3  2012   20.0  1915   19.8  1917   17.2  1889   13.1  1973    8.6  1893    5.4  1925    5.70  1924   11.95  1983   19.52  1892   13.37  1972   13.07  1978
    4.7  1964    5.2  1936    7.8  1951   11.3  2021   14.9  1899   18.3  1894   19.8  1960   19.8  1985   17.2  1962   13.0  1902    8.6  1922    5.3  1946    5.62  1970   11.94  1978   19.50  1985   13.37  1965   13.01  1931
    4.7  1892    5.1  1924    7.8  1908   11.3  1981   14.9  1928   18.3  1946   19.8  1889   19.8  1977   17.2  1888   12.9  1944    8.5  1942    5.3  1935    5.50  1964   11.94  1898   19.49  1902   13.33  1950   13.00  1890
    4.6  1955    5.0  1978    7.7  1984   11.2  1884   14.9  1985   18.3  1944   19.8  1916   19.8  1908   17.2  1916   12.9  1894    8.5  1998    5.2  1939    5.45  1986   11.89  1979   19.47  1963   13.31  1904   12.98  1941
    4.5  1966    4.9  1954    7.6  1886   11.2  1905   14.8  1977   18.2  1886   19.7  1927   19.7  1978   17.2  1885   12.9  1964    8.4  2010    5.2  1996    5.44  1907   11.82  1970   19.45  1987   13.28  1888   12.93  1968
    4.5  1997    4.7  1985    7.5  1887   11.2  1966   14.7  1935   18.2  1898   19.7  1909   19.6  1962   17.1  1896   12.8  1952    8.3  1901    5.2  1887    5.40  1887   11.79  1900   19.41  1912   13.16  1944   12.92  1986
    4.4  1885    4.6  1968    7.4  1975   11.1  1932   14.6  1926   18.2  1958   19.7  1988   19.5  1903   17.1  1910   12.8  1918    8.3  1933    5.2  1906    5.38  1982   11.77  1885   19.38  1910   13.16  1894   12.92  1979
    4.4  1959    4.5  1919    7.2  1987   11.1  1971   14.6  1923   18.2  1926   19.6  1891   19.5  1890   17.1  1965   12.8  1932    8.3  1885    5.2  1903    5.38  1893   11.76  1955   19.36  1968   13.08  1889   12.89  1987
    4.2  1887    4.4  1983    7.2  1919   11.1  1887   14.5  1991   18.1  1954   19.4  2000   19.4  1954   16.9  1897   12.7  1889    8.3  1909    5.1  1969    5.38  1951   11.74  1908   19.33  1927   13.08  1909   12.88  1902
    4.2  1886    4.4  1901    7.1  1937   11.0  1889   14.5  1987   17.9  1981   19.4  1890   19.4  1924   16.9  1994   12.6  1926    8.2  1966    5.0  1916    5.37  1985   11.73  1986   19.30  1972   12.95  1915   12.85  1985
    4.0  1947    4.4  1991    7.1  1947   10.7  1929   14.5  1968   17.9  1988   19.4  1966   19.4  1902   16.8  1927   12.5  1922    8.2  1962    5.0  1963    5.35  1969   11.71  1886   19.28  1890   12.89  1910   12.82  1965
    4.0  1893    4.3  1902    7.0  1900   10.7  1956   14.4  1955   17.8  1953   19.4  1920   19.4  1941   16.8  1974   12.5  1888    8.2  1884    4.8  1899    5.11  2010   11.64  1958   19.27  1891   12.80  1923   12.77  1891
    3.6  2010    4.1  1940    7.0  1901   10.6  1941   14.4  1898   17.6  1927   19.3  1968   19.3  1968   16.7  1986   12.3  1993    8.1  1905    4.8  1962    5.10  1996   11.63  1932   19.18  1962   12.79  1918   12.77  1922
    3.6  1891    3.9  1955    6.9  1958   10.6  1903   14.3  1983   17.4  1907   19.1  1978   19.3  1896   16.7  1957   12.3  1981    7.8  1993    4.7  1892    4.89  1941   11.61  1969   19.17  1916   12.68  1925   12.74  1889
    3.5  1897    3.8  1917    6.9  1970   10.5  1970   14.3  1951   17.4  1903   19.1  1980   19.3  1888   16.7  1993   12.1  1939    7.7  1965    4.7  1886    4.83  1888   11.55  1917   19.16  1903   12.60  1892   12.70  1886
    3.4  1929    3.7  1888    6.9  1955   10.4  1891   14.2  1962   17.4  1987   18.9  1962   19.2  1894   16.7  1918   12.1  1917    7.5  1896    4.7  1968    4.40  1886   11.29  2013   19.13  1978   12.59  1922   12.66  1909
    3.3  1985    3.3  1969    6.7  1996   10.4  1936   14.1  1891   17.2  1956   18.8  1954   18.9  1891   16.6  1922   12.0  1919    7.5  1887    4.7  1917    4.23  1942   11.27  1996   19.11  1920   12.39  1912   12.63  1919
    3.1  1917    3.3  1979    6.7  1909   10.3  1989   14.0  1894   17.1  1985   18.8  1892   18.9  1986   16.4  1909   11.8  1895    7.4  1925    4.5  1976    4.18  1895   11.27  1984   19.09  1965   12.25  1993   12.63  1956
    2.9  1895    2.9  1886    6.6  1916   10.1  1888   13.8  1996   17.0  1972   18.5  1922   18.9  1963   16.2  1972   11.6  1992    7.2  1921    4.5  1995    4.15  1891   11.17  1951   19.01  1977   12.25  1974   12.61  1917
    2.7  1945    2.3  1929    6.4  1917   10.0  1918   13.7  1941   16.9  1991   18.4  1907   18.8  1931   16.1  1887   11.5  1896    7.1  1985    3.8  1927    4.15  1979   11.07  1941   18.89  1909   12.22  1919   12.61  1885
    2.7  1942    2.0  1956    6.4  1962   10.0  1922   13.7  1975   16.8  1971   18.4  1913   18.7  1885   15.9  1925   11.0  1892    7.0  1915    3.4  1933    3.99  1917   11.05  1975   18.82  1922   12.09  1885   12.56  1887
    2.7  1987    2.0  1942    6.3  1892    9.9  1986   13.6  1885   16.8  1923   18.3  1965   18.6  1922   15.9  1931   11.0  1887    6.9  1952    3.2  1950    3.99  1929   10.95  1891   18.78  1954   12.04  1905   12.45  1962
    2.4  1941    1.9  1895    6.2  1969    9.8  1978   13.4  1902   16.6  1977   18.1  1910   18.4  1956   15.8  1894   10.8  1885    6.9  1910    3.0  1981    3.70  1940   10.75  1962   18.66  1907   12.03  1896   12.39  1892
    2.4  1979    1.3  1963    6.2  1888    9.8  1908   13.4  1984   16.0  1916   18.0  1888   18.2  1920   15.8  1952   10.8  1905    6.5  1923    2.8  2010    3.18  1947   10.73  1888   18.63  1888   11.86  1952   12.14  1963
    1.8  1940    0.9  1986    6.1  1964    9.5  1917   13.2  1887   15.8  1909   17.7  1919   17.8  1912   15.2  1912   10.5  1974    6.1  1919    0.9  1890    2.12  1963   10.63  1887   18.62  1956   11.52  1887   12.06  1888
    0.2  1963   -0.2  1947    5.7  2013    ---  2026    ---  2026    ---  2026    ---  2026    ---  2026    ---  2026    ---  2026    ---  2026    ---  2026     ---  1884     ---  2026     ---  2026     ---  2026     ---  2026
